256 8335
2 3 1
2 4 1
2 5 1
2 6 1
2 7 1
8 9 2
8 10 2
8 11 2
8 12 2
8 13 2
14 15 8
14 16 8
14 17 8
14 18 8
14 19 8
20 21 14
20 22 14
20 23 14
20 24 14
20 25 14
26 27 20
26 28 20
26 29 20
26 30 20
26 31 20
32 33 26
32 34 26
32 35 26
32 36 26
32 37 26
38 39 32
38 40 32
38 41 32
38 42 32
38 43 32
44 45 38
44 46 38
44 47 38
44 48 38
44 49 38
50 51 44
50 52 44
50 53 44
50 54 44
50 55 44
56 57 50
56 58 50
56 59 50
56 60 50
56 61 50
62 63 56
62 64 56
62 65 56
62 66 56
62 67 56
68 69 62
68 70 62
68 71 62
68 72 62
68 73 62
74 75 68
74 76 68
74 77 68
74 78 68
74 79 68
80 81 74
80 82 74
80 83 74
80 84 74
80 85 74
86 87 80
86 88 80
86 89 80
86 90 80
86 91 80
92 93 86
92 94 86
92 95 86
92 96 86
92 97 86
98 99 92
98 100 92
98 101 92
98 102 92
98 103 92
104 105 98
104 106 98
104 107 98
104 108 98
104 109 98
110 111 104
110 112 104
110 113 104
110 114 104
110 115 104
116 117 110
116 118 110
116 119 110
116 120 110
116 121 110
122 123 116
122 124 116
122 125 116
122 126 116
122 127 116
128 129 122
128 130 122
128 131 122
128 132 122
128 133 122
134 135 128
134 136 128
134 137 128
134 138 128
134 139 128
140 141 134
140 142 134
140 143 134
140 144 134
140 145 134
146 147 140
146 148 140
146 149 140
146 150 140
146 151 140
152 153 146
152 154 146
152 155 146
152 156 146
152 157 146
158 159 152
158 160 152
158 161 152
158 162 152
158 163 152
164 165 158
164 166 158
164 167 158
164 168 158
164 169 158
170 171 164
170 172 164
170 173 164
170 174 164
170 175 164
176 177 170
176 178 170
176 179 170
176 180 170
176 181 170
182 183 176
182 184 176
182 185 176
182 186 176
182 187 176
188 189 182
188 190 182
188 191 182
188 192 182
188 193 182
194 195 188
194 196 188
194 197 188
194 198 188
194 199 188
200 201 194
200 202 194
200 203 194
200 204 194
200 205 194
206 207 200
206 208 200
206 209 200
206 210 200
206 211 200
212 213 206
212 214 206
212 215 206
212 216 206
212 217 206
218 219 212
218 220 212
218 221 212
218 222 212
218 223 212
224 225 218
224 226 218
224 227 218
224 228 218
224 229 218
230 231 224
230 232 224
230 233 224
230 234 224
230 235 224
236 237 230
236 238 230
236 239 230
236 240 230
236 241 230
242 243 236
242 244 236
242 245 236
242 246 236
242 247 236
248 249 242
248 250 242
248 251 242
248 252 242
248 253 242
254 255 248
254 256 248
3 254 1
4 254 1
5 254 1
6 254 1
7 254 1
9 254 2
10 254 2
11 254 2
12 254 2
13 254 2
15 254 8
16 254 8
17 254 8
18 254 8
19 254 8
21 254 14
22 254 14
23 254 14
24 254 14
25 254 14
27 254 20
28 254 20
29 254 20
30 254 20
31 254 20
33 254 26
34 254 26
35 254 26
36 254 26
37 254 26
39 254 32
40 254 32
41 254 32
42 254 32
43 254 32
45 254 38
46 254 38
47 254 38
48 254 38
49 254 38
51 254 44
52 254 44
53 254 44
54 254 44
55 254 44
57 254 50
58 254 50
59 254 50
60 254 50
61 254 50
63 254 56
64 254 56
65 254 56
66 254 56
67 254 56
69 254 62
70 254 62
71 254 62
72 254 62
73 254 62
75 254 68
76 254 68
77 254 68
78 254 68
79 254 68
81 254 74
82 254 74
83 254 74
84 254 74
85 254 74
87 254 80
88 254 80
89 254 80
90 254 80
91 254 80
93 254 86
94 254 86
95 254 86
96 254 86
97 254 86
99 254 92
100 254 92
101 254 92
102 254 92
103 254 92
105 254 98
106 254 98
107 254 98
108 254 98
109 254 98
111 254 104
112 254 104
113 254 104
114 254 104
115 254 104
117 254 110
118 254 110
119 254 110
120 254 110
121 254 110
123 254 116
124 254 116
125 254 116
126 254 116
127 254 116
129 254 122
130 254 122
131 254 122
132 254 122
133 254 122
135 254 128
136 254 128
137 254 128
138 254 128
139 254 128
141 254 134
142 254 134
143 254 134
144 254 134
145 254 134
147 254 140
148 254 140
149 254 140
150 254 140
151 254 140
153 254 146
154 254 146
155 254 146
156 254 146
157 254 146
159 254 152
160 254 152
161 254 152
162 254 152
163 254 152
165 254 158
166 254 158
167 254 158
168 254 158
169 254 158
171 254 164
172 254 164
173 254 164
174 254 164
175 254 164
177 254 170
178 254 170
179 254 170
180 254 170
181 254 170
183 254 176
184 254 176
185 254 176
186 254 176
187 254 176
189 254 182
190 254 182
191 254 182
192 254 182
193 254 182
195 254 188
196 254 188
197 254 188
198 254 188
199 254 188
201 254 194
202 254 194
203 254 194
204 254 194
205 254 194
207 254 200
208 254 200
209 254 200
210 254 200
211 254 200
213 254 206
214 254 206
215 254 206
216 254 206
217 254 206
219 254 212
220 254 212
221 254 212
222 254 212
223 254 212
225 254 218
226 254 218
227 254 218
228 254 218
229 254 218
231 254 224
232 254 224
233 254 224
234 254 224
235 254 224
237 254 230
238 254 230
239 254 230
240 254 230
241 254 230
243 254 236
244 254 236
245 254 236
246 254 236
247 254 236
249 254 242
250 254 242
251 254 242
252 254 242
253 254 242
1 254 1
2 254 2
8 254 8
14 254 14
20 254 20
26 254 26
32 254 32
38 254 38
44 254 44
50 254 50
56 254 56
62 254 62
68 254 68
74 254 74
80 254 80
86 254 86
92 254 92
98 254 98
104 254 104
110 254 110
116 254 116
122 254 122
128 254 128
134 254 134
140 254 140
146 254 146
152 254 152
158 254 158
164 254 164
170 254 170
176 254 176
182 254 182
188 254 188
194 254 194
200 254 200
206 254 206
212 254 212
218 254 218
224 254 224
230 254 230
236 254 236
242 254 242
248 254 248
28 72 20
249 251 242
149 150 140
90 128 80
15 114 8
50 242 50
135 139 128
52 214 44
112 130 104
18 202 8
153 155 146
11 88 2
88 202 80
87 125 80
136 138 128
8 157 8
195 198 188
187 247 176
77 78 68
6 7 1
87 91 80
104 206 104
31 169 20
44 73 44
237 238 230
99 102 92
125 127 116
129 131 122
153 209 146
86 175 86
90 91 80
11 12 2
117 121 110
28 31 20
54 104 44
88 236 80
20 194 20
39 42 32
255 256 248
154 243 146
70 174 62
109 119 98
209 210 200
8 23 8
207 208 200
130 244 122
214 224 206
57 58 50
213 216 206
114 115 104
24 56 14
7 8 1
45 228 38
171 175 164
148 150 140
82 85 74
157 225 146
84 85 74
107 242 98
158 200 158
70 72 62
210 211 200
95 118 86
12 39 2
1 76 1
32 128 32
52 79 44
126 235 116
157 164 146
196 198 188
16 18 8
207 243 200
86 176 86
129 225 122
6 233 1
129 130 122
74 240 74
10 32 2
116 150 116
52 55 44
33 35 26
197 199 188
183 185 176
25 113 14
82 189 74
180 199 170
69 70 62
56 185 56
52 137 44
42 228 32
124 196 116
204 222 194
123 125 116
233 234 224
150 151 140
229 239 218
89 106 80
87 229 80
191 207 182
43 124 32
249 255 242
172 175 164
62 176 62
251 253 242
102 237 92
50 134 50
88 157 80
62 150 62
35 173 26
94 97 86
2 41 2
44 103 44
6 38 1
101 103 92
99 101 92
42 43 32
50 104 50
1 55 1
130 171 122
189 240 182
21 22 14
14 61 14
70 71 62
237 241 230
165 166 158
1 44 1
58 60 50
53 55 44
50 63 50
50 185 50
39 41 32
24 96 14
231 241 224
204 205 194
56 72 56
32 46 32
89 91 80
121 146 110
225 227 218
225 236 218
4 5 1
82 205 74
16 78 8
60 61 50
34 35 26
201 209 194
33 108 26
105 109 98
105 106 98
225 226 218
103 212 92
50 139 50
36 137 26
32 186 32
69 158 62
23 28 14
32 235 32
142 170 134
202 211 194
119 200 110
52 53 44
96 97 86
201 247 194
251 252 242
14 53 14
125 180 116
136 139 128
124 126 116
233 246 224
41 195 32
29 69 20
190 192 182
250 251 242
132 133 122
87 90 80
2 242 2
40 42 32
246 247 236
38 57 38
168 223 158
50 74 50
121 253 110
141 144 134
132 209 122
198 199 188
177 227 170
118 120 110
203 204 194
197 198 188
5 6 1
115 248 104
138 197 128
143 145 134
46 47 38
70 73 62
133 212 122
148 216 140
44 112 44
80 126 80
44 127 44
14 25 14
57 222 50
21 24 14
252 256 242
92 143 92
21 206 14
8 77 8
156 202 146
208 209 200
5 53 1
50 188 50
29 137 20
172 198 164
93 95 86
216 217 206
139 144 128
118 119 110
183 184 176
8 150 8
60 197 50
122 209 122
190 191 182
116 132 116
211 215 200
219 222 212
10 12 2
2 73 2
86 222 86
203 247 194
45 46 38
40 43 32
145 242 134
243 247 236
196 210 188
20 187 20
107 112 98
153 154 146
195 251 188
11 141 2
106 108 98
51 88 44
111 248 104
172 187 164
196 226 188
231 232 224
3 7 1
167 168 158
26 167 26
188 209 188
72 183 62
220 223 212
55 123 44
135 145 128
38 110 38
246 250 236
112 113 104
45 48 38
2 33 2
81 83 74
249 253 242
47 48 38
149 179 140
71 73 62
202 206 194
8 21 8
228 255 218
15 18 8
180 212 170
41 43 32
1 7 1
159 162 152
74 164 74
86 214 86
98 180 98
140 161 140
1 88 1
100 103 92
228 229 218
2 63 2
177 179 170
54 55 44
72 196 62
58 59 50
117 119 110
53 191 44
2 67 2
123 127 116
107 126 98
153 223 146
2 131 2
128 209 128
194 247 194
88 117 80
160 161 152
80 127 80
1 12 1
89 97 80
198 239 188
155 202 146
137 146 128
226 229 218
232 233 224
48 137 38
130 133 122
193 222 182
207 247 200
225 228 218
196 197 188
2 11 2
32 65 32
38 103 38
241 256 230
52 54 44
107 109 98
39 162 32
111 114 104
15 20 8
84 214 74
21 218 14
75 113 68
105 107 98
172 182 164
247 251 236
217 253 206
72 233 62
95 96 86
14 78 14
184 194 176
176 222 176
221 222 212
155 203 146
38 68 38
233 245 224
171 173 164
169 221 158
211 240 200
130 132 122
74 86 74
182 212 182
113 114 104
161 162 152
90 93 80
80 227 80
119 121 110
143 144 134
234 240 224
142 220 134
119 252 110
136 224 128
91 106 80
13 20 2
132 134 122
153 190 146
125 227 116
33 37 26
40 76 32
30 46 20
45 207 38
97 235 86
137 138 128
94 95 86
166 168 158
8 96 8
136 137 128
117 118 110
184 253 176
171 228 164
14 124 14
15 19 8
148 185 140
51 52 44
28 30 20
183 186 176
27 28 20
81 143 74
144 246 134
19 27 8
179 256 170
46 247 38
28 50 20
116 168 116
100 101 92
244 250 236
154 156 146
77 247 68
20 125 20
50 65 50
1 11 1
123 126 116
142 156 134
252 253 242
24 187 14
71 72 62
239 256 230
64 239 56
120 158 110
167 169 158
170 176 170
61 175 50
249 252 242
187 227 176
28 44 20
1 26 1
111 112 104
15 32 8
1 18 1
124 125 116
178 179 170
65 66 56
123 124 116
177 178 170
149 151 140
32 101 32
90 149 80
69 71 62
208 211 200
26 83 26
207 210 200
206 233 206
10 13 2
38 46 38
138 139 128
238 239 230
4 18 1
207 211 200
126 127 116
63 66 56
201 203 194
62 189 62
9 10 2
56 153 56
249 256 242
200 206 200
68 79 68
201 211 194
2 30 2
174 175 164
142 145 134
213 217 206
9 11 2
25 176 14
97 246 86
67 188 56
11 110 2
20 252 20
186 187 176
156 157 146
195 245 188
163 225 152
94 145 86
214 215 206
239 241 230
165 245 158
22 24 14
32 172 32
215 216 206
27 29 20
53 156 44
104 235 104
55 57 44
28 29 20
122 130 122
46 112 38
32 53 32
87 120 80
30 136 20
12 222 2
26 74 26
27 31 20
182 213 182
76 92 68
50 60 50
171 172 164
203 214 194
1 240 1
118 121 110
86 99 86
8 99 8
9 13 2
103 224 92
39 43 32
161 256 152
107 108 98
39 40 32
40 41 32
35 37 26
53 54 44
149 183 140
17 120 8
19 54 8
136 184 128
134 181 134
1 66 1
26 39 26
44 133 44
51 54 44
81 228 74
46 49 38
65 67 56
117 120 110
22 226 14
14 30 14
243 246 236
15 117 8
5 89 1
27 202 20
209 211 200
185 186 176
17 18 8
2 10 2
98 137 98
23 25 14
42 166 32
112 240 104
56 208 56
33 66 26
128 227 128
154 155 146
55 93 44
26 155 26
14 39 14
227 242 218
104 197 104
196 213 188
166 169 158
150 238 140
12 112 2
155 157 146
223 236 212
129 133 122
195 197 188
153 225 146
237 240 230
102 103 92
194 211 194
166 167 158
159 161 152
161 163 152
204 234 194
226 227 218
57 113 50
147 194 140
251 255 242
183 187 176
172 174 164
20 188 20
69 184 62
35 163 26
69 150 62
120 184 110
164 235 164
56 78 56
71 205 62
139 152 128
57 59 50
130 131 122
20 236 20
170 244 170
27 213 20
1 104 1
101 102 92
86 98 86
8 82 8
26 179 26
14 151 14
251 256 242
6 9 1
179 210 170
15 16 8
62 122 62
232 237 224
75 211 68
179 180 170
2 246 2
155 249 146
138 199 128
103 255 92
124 239 116
2 12 2
43 104 32
58 180 50
82 115 74
189 190 182
31 51 20
41 93 32
249 250 242
173 251 164
99 100 92
4 118 1
50 125 50
38 106 38
239 242 230
195 196 188
124 193 116
2 25 2
8 212 8
122 206 122
106 109 98
57 223 50
9 176 2
69 73 62
174 201 164
160 162 152
32 72 32
68 239 68
184 187 176
205 217 194
2 19 2
19 153 8
112 115 104
173 175 164
238 240 230
16 50 8
108 109 98
67 143 56
58 195 50
228 233 218
146 223 146
8 62 8
37 249 26
203 215 194
4 73 1
21 23 14
74 89 74
231 235 224
20 137 20
14 58 14
164 173 164
237 245 230
90 157 80
99 129 92
76 137 68
105 108 98
158 223 158
74 242 74
142 143 134
136 248 128
62 202 62
22 134 14
118 177 110
217 221 206
2 240 2
116 196 116
62 222 62
39 82 32
196 220 188
149 184 140
1 58 1
140 197 140
217 240 206
28 110 20
66 76 56
75 78 68
44 140 44
38 64 38
146 181 146
72 73 62
14 236 14
38 58 38
47 49 38
2 14 2
83 238 74
2 121 2
46 117 38
110 154 110
116 161 116
200 224 200
5 23 1
103 162 92
51 53 44
197 218 188
2 100 2
87 122 80
146 234 146
223 238 212
128 168 128
44 238 44
6 188 1
98 235 98
19 90 8
8 85 8
226 228 218
7 67 1
178 212 170
191 249 182
98 194 98
227 228 218
72 206 62
56 189 56
54 58 44
1 4 1
74 243 74
14 81 14
96 138 86
91 176 80
1 22 1
130 135 122
105 119 98
41 253 32
112 221 104
168 221 158
235 244 224
190 222 182
146 159 146
226 249 218
50 144 50
95 97 86
142 144 134
44 50 44
93 129 86
2 222 2
9 12 2
52 174 44
18 68 8
50 82 50
62 125 62
158 184 158
85 213 74
109 175 98
80 98 80
2 20 2
68 161 68
111 113 104
114 238 104
190 225 182
138 175 128
91 198 80
201 212 194
53 169 44
141 142 134
184 186 176
175 229 164
117 148 110
116 212 116
11 13 2
154 256 146
146 176 146
163 184 152
119 196 110
46 174 38
19 66 8
166 197 158
222 248 212
82 84 74
202 231 194
135 228 128
232 239 224
64 201 56
29 30 20
1 73 1
56 237 56
1 23 1
72 141 62
59 61 50
140 172 140
220 221 212
80 160 80
13 33 2
32 129 32
82 210 74
29 76 20
83 234 74
13 168 2
14 256 14
88 90 80
69 72 62
76 78 68
42 154 32
208 227 200
2 55 2
41 156 32
83 84 74
76 79 68
46 232 38
62 228 62
53 168 44
102 115 92
100 197 92
116 214 116
117 180 110
21 250 14
56 192 56
6 192 1
59 199 50
108 145 98
16 17 8
113 115 104
14 211 14
32 150 32
195 226 188
243 245 236
20 129 20
55 231 44
57 61 50
244 247 236
130 219 122
25 242 14
30 31 20
74 162 74
90 177 80
189 192 182
151 163 140
245 246 236
32 97 32
20 87 20
62 126 62
33 180 26
127 154 116
180 227 170
62 143 62
1 10 1
228 234 218
131 142 122
172 180 164
113 177 104
44 181 44
32 233 32
38 173 38
184 185 176
116 177 116
54 167 44
2 141 2
122 256 122
76 145 68
180 235 170
164 216 164
152 208 152
48 75 38
50 196 50
42 52 32
1 33 1
23 49 14
38 44 38
124 155 116
30 203 20
104 152 104
140 220 140
109 251 98
123 195 116
14 137 14
92 220 92
49 171 38
162 163 152
11 48 2
20 28 20
6 156 1
75 79 68
157 185 146
128 243 128
77 173 68
1 3 1
19 236 8
205 220 194
75 245 68
125 132 116
27 125 20
176 241 176
30 95 20
19 228 8
75 76 68
77 79 68
182 223 182
39 145 32
48 49 38
51 158 44
219 220 212
185 233 176
153 156 146
14 85 14
233 250 224
68 105 68
167 241 158
56 220 56
8 25 8
2 53 2
101 249 92
23 241 14
176 198 176
124 129 116
71 114 62
92 104 92
107 216 98
62 113 62
147 210 140
143 204 134
101 141 92
4 6 1
170 239 170
24 220 14
109 219 98
196 199 188
77 119 68
122 141 122
68 226 68
187 252 176
191 193 182
14 141 14
36 37 26
22 196 14
3 54 1
39 47 32
33 215 26
160 229 152
15 17 8
62 152 62
43 57 32
123 170 116
1 53 1
33 36 26
14 152 14
80 223 80
84 112 74
92 196 92
110 207 110
225 242 218
84 87 74
76 256 68
46 230 38
211 251 200
162 235 152
77 225 68
2 28 2
20 175 20
39 117 32
159 163 152
177 202 170
152 232 152
132 159 122
152 176 152
20 36 20
147 149 140
58 71 50
201 204 194
64 146 56
189 191 182
80 99 80
119 152 110
109 230 98
23 197 14
8 24 8
135 136 128
188 244 188
147 148 140
14 205 14
185 187 176
82 83 74
68 80 68
14 37 14
120 121 110
181 210 170
68 104 68
27 240 20
84 118 74
84 219 74
46 252 38
165 167 158
214 216 206
88 89 80
100 102 92
116 247 116
140 183 140
20 201 20
176 249 176
26 104 26
148 149 140
165 206 158
144 145 134
156 184 146
154 215 146
116 152 116
62 86 62
160 222 152
42 197 32
15 224 8
86 133 86
50 145 50
228 242 218
23 118 14
106 119 98
225 229 218
68 83 68
134 155 134
31 67 20
57 60 50
1 2 1
223 240 212
135 256 128
203 205 194
118 248 110
106 152 98
8 127 8
135 166 128
149 224 140
56 66 56
98 198 98
101 215 92
166 237 158
151 178 140
2 178 2
32 56 32
170 227 170
64 129 56
32 148 32
95 249 86
64 138 56
203 251 194
45 244 38
196 219 188
125 197 116
35 210 26
80 234 80
137 194 128
48 177 38
29 31 20
101 237 92
155 164 146
38 126 38
22 41 14
86 151 86
202 205 194
66 67 56
173 194 164
58 61 50
41 42 32
5 162 1
147 150 140
242 255 242
98 136 98
123 137 116
2 43 2
30 237 20
62 111 62
49 187 38
125 181 116
32 95 32
220 222 212
236 245 236
92 237 92
144 242 134
234 250 224
78 192 68
40 69 32
62 103 62
115 222 104
83 233 74
100 174 92
177 238 170
72 128 62
14 185 14
204 232 194
87 239 80
84 221 74
126 138 116
42 211 32
86 138 86
183 208 176
208 253 200
77 96 68
10 198 2
141 171 134
2 54 2
173 198 164
244 249 236
8 119 8
154 220 146
44 65 44
137 142 128
1 225 1
183 190 176
239 248 230
58 193 50
157 245 146
91 203 80
110 156 110
38 178 38
156 196 146
154 228 146
185 249 176
111 221 104
1 15 1
140 243 140
56 64 56
182 221 182
2 128 2
93 96 86
18 19 8
237 239 230
148 253 140
139 191 128
151 223 140
188 256 188
2 204 2
89 153 80
112 252 104
108 183 98
119 197 110
48 166 38
68 121 68
20 197 20
90 107 80
130 216 122
206 215 206
98 193 98
115 213 104
6 93 1
1 6 1
80 110 80
116 206 116
50 146 50
63 144 56
112 125 104
34 37 26
18 220 8
126 144 116
136 251 128
8 19 8
180 215 170
237 246 230
49 181 38
165 169 158
3 198 1
69 212 62
243 249 236
18 52 8
137 189 128
92 251 92
232 235 224
181 183 170
30 47 20
174 183 164
210 255 200
26 113 26
135 188 128
227 230 218
215 247 206
32 48 32
139 224 128
197 212 188
158 248 158
86 116 86
238 241 230
227 248 218
44 60 44
20 35 20
38 148 38
8 190 8
88 151 80
87 88 80
135 138 128
27 222 20
1 226 1
38 192 38
8 109 8
14 97 14
63 67 56
172 233 164
122 232 122
81 85 74
148 151 140
4 236 1
136 246 128
19 57 8
108 176 98
99 103 92
119 136 110
6 58 1
47 168 38
38 49 38
68 108 68
120 141 110
80 153 80
5 150 1
56 71 56
14 24 14
22 23 14
10 65 2
177 194 170
167 247 158
113 178 104
32 206 32
68 138 68
7 83 1
24 25 14
213 253 206
50 126 50
121 221 110
39 231 32
98 200 98
73 127 62
95 123 86
24 26 14
227 229 218
1 74 1
166 250 158
33 160 26
26 109 26
219 235 212
49 230 38
56 196 56
125 151 116
110 131 110
23 96 14
170 201 170
201 205 194
110 238 110
124 145 116
86 100 86
17 145 8
158 222 158
64 66 56
26 97 26
201 202 194
214 239 206
19 73 8
175 238 164
54 253 44
245 247 236
178 180 170
61 155 50
86 167 86
92 100 92
1 228 1
122 157 122
106 144 98
59 112 50
12 124 2
244 245 236
18 139 8
50 203 50
23 24 14
44 190 44
148 250 140
221 253 212
44 199 44
86 155 86
12 77 2
90 232 80
162 168 152
50 138 50
64 65 56
50 66 50
3 4 1
22 127 14
81 215 74
158 225 158
26 253 26
14 194 14
74 128 74
149 234 140
194 223 194
79 121 68
111 202 104
170 253 170
247 249 236
241 246 230
112 114 104
9 246 2
55 95 44
204 224 194
125 220 116
234 235 224
68 75 68
88 97 80
4 97 1
184 234 176
150 199 140
111 243 104
119 120 110
20 103 20
151 173 140
55 101 44
38 226 38
28 92 20
34 92 26
61 111 50
62 85 62
1 207 1
132 153 122
185 235 176
10 212 2
103 150 92
205 243 194
102 121 92
163 205 152
98 125 98
3 6 1
88 100 80
231 233 224
10 112 2
14 45 14
27 30 20
73 108 62
39 56 32
204 237 194
41 66 32
78 79 68
63 65 56
8 42 8
126 194 116
46 71 38
56 93 56
141 155 134
14 204 14
99 229 92
159 225 152
194 201 194
219 223 212
26 54 26
15 154 8
152 181 152
172 173 164
50 169 50
108 208 98
77 148 68
14 21 14
8 31 8
8 35 8
247 253 236
68 145 68
98 133 98
67 79 56
202 204 194
92 190 92
113 191 104
178 190 170
166 186 158
40 110 32
202 235 194
5 7 1
32 229 32
5 130 1
182 209 182
192 209 182
78 116 68
179 247 170
200 214 200
80 86 80
79 228 68
32 108 32
33 189 26
32 58 32
6 142 1
97 164 86
46 194 38
175 226 164
11 108 2
170 216 170
182 190 182
188 223 188
41 104 32
190 241 182
33 34 26
102 146 92
175 248 164
118 219 110
176 191 176
106 111 98
73 106 62
117 237 110
50 123 50
177 180 170
129 132 122
19 145 8
180 181 170
77 162 68
145 187 134
191 192 182
26 45 26
26 209 26
17 19 8
107 161 98
141 143 134
51 55 44
14 35 14
41 255 32
231 251 224
133 188 122
78 110 68
38 47 38
21 25 14
3 240 1
17 76 8
80 171 80
76 148 68
2 179 2
125 134 116
131 153 122
126 193 116
88 91 80
187 245 176
84 232 74
170 211 170
1 9 1
65 119 56
89 250 80
48 105 38
36 90 26
159 160 152
238 251 230
130 198 122
44 101 44
186 195 176
137 183 128
32 57 32
157 242 146
124 135 116
244 253 236
74 140 74
15 119 8
36 151 26
72 256 62
61 245 50
78 115 68
219 221 212
31 255 20
62 73 62
175 256 164
10 109 2
117 135 110
193 198 182
153 159 146
94 96 86
125 126 116
92 109 92
219 236 212
131 250 122
2 27 2
38 104 38
1 186 1
29 118 20
79 195 68
2 137 2
14 75 14
25 231 14
80 95 80
137 167 128
26 136 26
24 146 14
77 89 68
21 112 14
25 123 14
207 234 200
45 60 38
215 217 206
86 185 86
83 183 74
224 236 224
128 163 128
62 91 62
86 220 86
126 135 116
64 67 56
14 66 14
252 255 242
229 244 218
1 181 1
13 44 2
123 198 116
40 206 32
163 241 152
14 46 14
168 191 158
137 139 128
8 103 8
34 36 26
61 89 50
14 218 14
26 111 26
57 169 50
104 134 104
133 233 122
125 150 116
37 79 26
160 209 152
22 25 14
80 194 80
86 238 86
132 228 122
109 111 98
151 189 140
135 244 128
56 165 56
38 202 38
116 251 116
30 153 20
14 67 14
38 154 38
94 219 86
85 97 74
134 228 134
168 251 158
250 256 242
8 140 8
56 170 56
21 200 14
75 234 68
20 42 20
225 230 218
20 83 20
38 142 38
102 238 92
173 226 164
207 209 200
28 234 20
79 108 68
77 107 68
177 181 170
184 228 176
83 220 74
50 106 50
57 111 50
106 142 98
5 208 1
39 121 32
168 169 158
195 232 188
26 173 26
64 85 56
164 176 164
38 97 38
176 238 176
64 92 56
28 90 20
49 224 38
6 227 1
19 222 8
92 105 92
217 232 206
220 250 212
32 45 32
127 208 116
128 175 128
128 171 128
98 227 98
46 165 38
50 79 50
1 13 1
96 149 86
141 145 134
144 150 134
28 74 20
131 132 122
174 237 164
17 43 8
47 100 38
62 83 62
73 103 62
213 239 206
93 97 86
188 247 188
23 236 14
26 69 26
91 130 80
110 167 110
137 245 128
49 94 38
71 241 62
72 212 62
96 250 86
241 244 230
83 85 74
62 219 62
139 235 128
110 157 110
173 225 164
5 86 1
107 219 98
2 152 2
23 229 14
64 132 56
116 139 116
38 152 38
74 216 74
198 203 188
179 198 170
1 127 1
111 255 104
33 251 26
8 222 8
79 91 68
153 157 146
140 181 140
81 205 74
122 225 122
131 133 122
155 180 146
1 19 1
133 164 122
68 84 68
140 242 140
41 62 32
234 247 224
84 171 74
208 214 200
10 116 2
140 224 140
197 237 188
97 237 86
181 206 170
14 195 14
84 245 74
36 57 26
136 203 128
225 252 218
202 203 194
1 24 1
214 253 206
176 188 176
224 253 224
3 5 1
99 234 92
40 255 32
8 78 8
68 106 68
76 77 68
191 218 182
11 58 2
184 245 176
38 137 38
126 223 116
56 100 56
70 222 62
99 112 92
63 64 56
13 26 2
82 180 74
46 137 38
124 163 116
20 237 20
197 232 188
18 226 8
38 65 38
107 153 98
131 235 122
211 228 200
5 11 1
58 225 50
8 50 8
56 99 56
17 107 8
26 133 26
203 248 194
87 197 80
2 196 2
154 157 146
13 189 2
107 214 98
1 62 1
72 176 62
24 179 14
4 146 1
233 235 224
25 179 14
170 184 170
18 27 8
135 137 128
93 190 86
67 198 56
50 209 50
52 107 44
164 180 164
8 101 8
36 247 26
90 140 80
240 245 230
5 118 1
52 108 44
12 153 2
128 203 128
165 170 158
184 246 176
42 133 32
119 205 110
220 238 212
147 203 140
122 210 122
13 37 2
41 163 32
29 249 20
110 135 110
133 180 122
116 201 116
68 178 68
211 229 200
24 63 14
91 149 80
25 35 14
68 246 68
45 47 38
8 15 8
146 192 146
83 130 74
216 244 206
62 80 62
210 242 200
25 236 14
116 136 116
68 133 68
2 198 2
26 112 26
10 103 2
146 208 146
146 225 146
105 243 98
89 219 80
112 154 104
142 195 134
2 45 2
44 197 44
62 74 62
88 94 80
173 174 164
133 206 122
114 145 104
15 185 8
142 227 134
41 210 32
20 111 20
186 208 176
208 221 200
213 255 206
14 103 14
20 74 20
231 234 224
62 124 62
102 126 92
57 100 50
162 216 152
1 111 1
14 34 14
90 181 80
214 217 206
178 225 170
213 215 206
62 194 62
44 227 44
7 218 1
82 135 74
81 84 74
50 131 50
32 61 32
73 195 62
86 173 86
12 13 2
49 169 38
93 94 86
24 169 14
172 239 164
134 220 134
20 120 20
148 184 140
58 246 50
25 74 14
240 241 230
136 250 128
83 91 74
223 251 212
54 210 44
14 183 14
26 174 26
204 206 194
71 98 62
10 180 2
221 243 212
42 131 32
145 243 134
1 197 1
119 235 110
209 250 200
18 167 8
162 180 152
135 197 128
10 11 2
125 147 116
142 234 134
209 227 200
24 157 14
1 40 1
40 99 32
160 163 152
10 98 2
82 150 74
89 148 80
73 246 62
122 134 122
63 79 56
63 84 56
70 228 62
23 57 14
152 166 152
44 67 44
207 228 200
88 160 80
58 240 50
87 89 80
150 223 140
38 45 38
71 93 62
216 228 206
23 149 14
89 203 80
204 246 194
62 196 62
46 55 38
81 82 74
64 241 56
62 151 62
2 226 2
177 186 170
131 168 122
80 170 80
96 152 86
190 195 182
161 199 152
89 90 80
215 231 206
43 206 32
128 200 128
176 233 176
58 188 50
14 49 14
159 168 152
142 188 134
124 127 116
37 250 26
41 110 32
8 143 8
20 34 20
166 255 158
96 245 86
173 228 164
232 234 224
147 228 140
222 226 212
116 234 116
86 139 86
42 218 32
53 162 44
65 198 56
86 182 86
27 253 20
17 34 8
76 85 68
118 234 110
15 33 8
16 19 8
44 117 44
60 202 50
10 183 2
171 174 164
36 230 26
103 232 92
102 225 92
187 246 176
70 80 62
110 165 110
227 256 218
1 149 1
10 246 2
10 245 2
68 247 68
20 141 20
187 238 176
129 162 122
208 224 200
189 234 182
44 82 44
104 175 104
29 105 20
2 9 2
122 246 122
8 58 8
184 233 176
4 7 1
14 178 14
36 111 26
2 213 2
193 251 182
104 241 104
20 253 20
2 119 2
2 35 2
165 190 158
123 149 116
206 256 206
96 144 86
1 8 1
118 186 110
169 217 158
70 188 62
111 115 104
20 32 20
196 234 188
244 246 236
2 23 2
122 241 122
190 193 182
119 155 110
54 251 44
212 245 212
74 115 74
8 32 8
78 251 68
2 80 2
73 175 62
188 202 188
112 216 104
8 116 8
65 153 56
134 217 134
61 244 50
94 191 86
192 199 182
146 179 146
105 143 98
30 194 20
2 215 2
62 225 62
23 230 14
192 228 182
110 230 110
110 149 110
196 202 188
74 177 74
235 248 224
116 222 116
32 251 32
8 239 8
117 184 110
44 146 44
233 252 224
35 65 26
28 220 20
89 241 80
74 122 74
147 227 140
20 232 20
21 207 14
106 182 98
68 149 68
103 137 92
32 70 32
133 224 122
68 110 68
220 228 212
45 116 38
38 205 38
220 236 212
93 191 86
140 204 140
231 247 224
173 250 164
4 255 1
41 252 32
57 142 50
148 162 140
74 217 74
12 239 2
1 21 1
4 230 1
1 150 1
109 246 98
26 151 26
115 179 104
33 65 26
122 205 122
92 174 92
134 252 134
31 137 20
88 122 80
81 99 74
1 251 1
91 216 80
218 247 218
158 218 158
148 235 140
20 106 20
176 205 176
6 88 1
128 137 128
229 247 218
62 142 62
204 214 194
62 216 62
191 200 182
38 53 38
171 180 164
35 175 26
151 243 140
2 34 2
62 138 62
80 187 80
107 191 98
163 223 152
50 67 50
106 147 98
26 49 26
66 153 56
62 96 62
2 113 2
152 221 152
39 246 32
238 242 230
110 132 110
86 235 86
122 154 122
133 150 122
60 207 50
128 135 128
116 158 116
80 105 80
92 179 92
85 108 74
92 114 92
195 223 188
232 253 224
139 186 128
66 237 56
216 223 206
238 247 230
94 119 86
182 250 182
84 93 74
125 186 116
195 199 188
236 246 236
50 73 50
140 156 140
27 192 20
123 219 116
74 156 74
186 237 176
74 226 74
15 108 8
104 143 104
80 230 80
28 173 20
158 178 158
8 146 8
192 255 182
110 196 110
150 214 140
73 159 62
63 100 56
59 60 50
114 150 104
183 197 176
173 253 164
155 206 146
6 145 1
223 243 212
168 192 158
23 135 14
162 165 152
59 146 50
107 188 98
222 234 212
160 226 152
25 50 14
11 91 2
50 81 50
146 173 146
32 220 32
84 94 74
38 51 38
57 240 50
193 204 182
26 121 26
140 196 140
2 47 2
23 180 14
19 146 8
50 57 50
215 237 206
86 244 86
137 201 128
127 179 116
78 233 68
65 176 56
147 251 140
212 252 212
74 191 74
153 183 146
229 242 218
98 190 98
14 77 14
82 201 74
44 141 44
50 227 50
62 163 62
155 210 146
18 195 8
184 191 176
78 226 68
24 182 14
9 231 2
145 171 134
45 49 38
53 181 44
130 167 122
209 256 200
103 108 92
209 243 200
209 228 200
1 27 1
98 232 98
132 200 122
94 159 86
73 105 62
208 210 200
19 211 8
165 244 158
62 97 62
55 223 44
165 180 158
58 201 50
26 177 26
194 202 194
113 232 104
161 188 152
73 135 62
178 204 170
94 135 86
190 197 182
245 249 236
166 216 158
30 49 20
54 212 44
21 183 14
14 197 14
142 160 134
123 142 116
1 16 1
71 177 62
26 87 26
86 221 86
2 13 2
171 211 164
141 185 134
149 222 140
2 239 2
166 207 158
87 157 80
56 81 56
16 100 8
2 69 2
42 189 32
165 198 158
78 104 68
72 251 62
48 106 38
6 122 1
32 241 32
86 102 86
80 206 80
1 169 1
89 144 80
117 159 110
122 199 122
8 186 8
193 201 182
81 174 74
14 134 14
14 255 14
226 251 218
20 57 20
170 212 170
68 211 68
140 168 140
2 223 2
110 136 110
12 125 2
90 96 80
55 128 44
104 187 104
146 200 146
130 137 122
112 206 104
1 205 1
209 238 200
26 48 26
166 253 158
20 168 20
66 200 56
1 82 1
14 239 14
81 93 74
97 137 86
138 236 128
35 166 26
22 114 14
209 212 200
235 242 224
24 217 14
40 203 32
66 75 56
20 139 20
8 247 8
35 249 26
29 214 20
211 226 200
9 220 2
43 66 32
140 193 140
3 131 1
169 203 158
157 167 146
201 222 194
186 211 176
166 246 158
24 33 14
5 244 1
23 81 14
114 159 104
1 5 1
37 244 26
146 170 146
88 116 80
102 170 92
56 69 56
111 116 104
69 177 62
52 239 44
28 62 20
38 107 38
177 250 170
87 245 80
55 201 44
14 117 14
49 238 38
134 216 134
47 65 38
95 187 86
15 217 8
18 168 8
26 47 26
74 182 74
63 253 56
2 17 2
124 207 116
62 248 62
132 194 122
36 255 26
66 164 56
146 162 146
175 227 164
106 193 98
1 84 1
94 231 86
130 251 122
1 31 1
170 246 170
36 84 26
152 196 152
157 255 146
40 210 32
18 173 8
35 84 26
20 50 20
26 61 26
102 132 92
17 175 8
20 185 20
32 81 32
61 100 50
48 113 38
33 57 26
218 253 218
1 97 1
38 165 38
62 133 62
16 48 8
56 70 56
170 185 170
86 156 86
134 247 134
111 166 104
158 169 158
20 68 20
55 134 44
56 128 56
163 204 152
136 157 128
245 248 236
106 226 98
34 100 26
8 57 8
187 195 176
221 223 212
139 236 128
62 69 62
182 188 182
34 207 26
50 201 50
2 21 2
26 44 26
72 218 62
198 246 188
3 184 1
118 127 110
223 252 212
27 135 20
47 190 38
136 158 128
48 121 38
2 40 2
208 245 200
127 184 116
185 238 176
20 112 20
14 55 14
38 88 38
8 20 8
80 121 80
51 71 44
27 232 20
218 243 218
41 100 32
122 226 122
4 156 1
79 83 68
164 214 164
135 183 128
155 156 146
100 166 92
8 149 8
203 252 194
62 156 62
114 120 104
74 245 74
113 169 104
104 178 104
187 240 176
183 188 176
26 43 26
176 234 176
10 46 2
166 181 158
89 229 80
43 216 32
177 192 170
99 256 92
32 122 32
47 83 38
158 221 158
13 117 2
43 150 32
95 115 86
208 230 200
71 164 62
36 201 26
236 242 236
14 154 14
107 177 98
91 138 80
214 241 206
26 35 26
2 165 2
50 59 50
44 90 44
74 124 74
131 228 122
112 165 104
161 178 152
1 210 1
73 208 62
219 226 212
26 137 26
38 74 38
145 204 134
43 248 32
105 184 98
36 96 26
170 234 170
104 129 104
8 142 8
211 214 200
116 160 116
99 200 92
199 250 188
246 252 236
186 222 176
1 42 1
169 175 158
60 76 50
118 251 110
27 191 20
14 20 14
191 212 182
152 235 152
26 84 26
49 98 38
160 199 152
18 218 8
134 145 134
160 239 152
130 174 122
103 176 92
88 194 80
132 229 122
200 248 200
63 93 56
20 147 20
58 107 50
19 176 8
77 209 68
42 188 32
200 209 200
180 228 170
74 189 74
211 239 200
56 136 56
7 247 1
228 238 218
65 180 56
45 247 38
103 223 92
67 226 56
65 203 56
155 172 146
23 209 14
130 136 122
83 105 74
22 170 14
54 93 44
86 247 86
160 200 152
21 110 14
233 240 224
21 180 14
2 15 2
203 244 194
37 217 26
213 214 206
102 246 92
83 219 74
18 131 8
179 181 170
14 57 14
74 154 74
144 225 134
64 161 56
30 97 20
28 82 20
12 110 2
52 212 44
241 253 230
172 224 164
178 181 170
142 246 134
75 77 68
29 41 20
63 113 56
116 197 116
98 108 98
102 128 92
68 82 68
202 228 194
2 51 2
106 150 98
233 249 224
100 178 92
61 126 50
16 165 8
56 108 56
109 225 98
25 98 14
151 170 140
134 168 134
125 238 116
135 187 128
164 202 164
99 243 92
164 170 164
114 233 104
19 217 8
24 71 14
172 217 164
3 164 1
8 200 8
102 131 92
38 105 38
26 51 26
135 171 128
84 157 74
71 119 62
232 255 224
63 92 56
10 63 2
56 158 56
74 253 74
103 148 92
44 234 44
31 173 20
170 206 170
20 121 20
44 149 44
59 211 50
197 244 188
109 224 98
46 101 38
13 132 2
22 241 14
102 227 92
1 163 1
236 253 236
115 237 104
165 193 158
78 196 68
7 212 1
110 210 110
119 187 110
36 226 26
165 200 158
86 230 86
49 152 38
227 238 218
19 48 8
229 232 218
106 174 98
26 116 26
94 143 86
10 219 2
105 205 98
126 166 116
195 238 188
50 182 50
86 111 86
147 177 140
1 96 1
20 163 20
1 64 1
2 104 2
10 79 2
159 250 152
150 155 140
2 189 2
110 162 110
90 146 80
11 83 2
172 249 164
241 249 230
123 227 116
88 148 80
61 74 50
26 207 26
119 215 110
151 172 140
100 170 92
54 141 44
112 137 104
205 230 194
219 246 212
232 245 224
39 46 32
1 51 1
110 193 110
152 219 152
74 147 74
118 170 110
104 135 104
122 189 122
105 147 98
146 202 146
29 186 20
56 129 56
50 76 50
8 18 8
207 213 200
165 168 158
113 181 104
6 187 1
148 191 140
17 187 8
56 76 56
194 253 194
243 250 236
116 175 116
226 231 218
156 177 146
2 87 2
110 208 110
16 87 8
233 241 224
8 41 8
181 190 170
215 223 206
159 208 152
92 136 92
234 238 224
86 210 86
180 251 170
149 186 140
80 116 80
166 234 158
2 22 2
168 242 158
46 138 38
132 246 122
49 192 38
76 215 68
8 52 8
25 190 14
243 256 236
44 203 44
8 145 8
69 82 62
162 177 152
79 188 68
128 173 128
68 217 68
216 232 206
74 172 74
62 242 62
56 109 56
152 250 152
239 247 230
98 187 98
86 145 86
20 65 20
164 205 164
110 203 110
152 179 152
38 86 38
223 253 212
25 63 14
49 66 38
165 173 158
41 171 32
117 157 110
73 76 62
198 209 188
23 165 14
92 208 92
38 255 38
201 232 194
57 175 50
38 169 38
103 207 92
9 86 2
7 236 1
82 256 74
202 225 194
63 195 56
120 217 110
13 237 2
65 181 56
184 213 176
17 229 8
14 216 14
2 49 2
57 104 50
29 111 20
103 216 92
62 171 62
75 157 68
6 70 1
3 166 1
35 155 26
18 172 8
205 248 194
2 29 2
19 234 8
106 107 98
64 84 56
107 182 98
30 145 20
56 143 56
55 238 44
158 192 158
189 204 182
2 8 2
217 252 206
119 177 110
187 203 176
122 237 122
20 149 20
219 242 212
160 187 152
28 43 20
39 223 32
88 200 80
98 116 98
8 204 8
28 170 20
38 237 38
14 36 14
176 248 176
95 184 86
32 246 32
11 41 2
44 177 44
50 83 50
26 149 26
104 167 104
127 150 116
94 105 86
154 178 146
62 127 62
93 100 86
231 256 224
180 194 170
8 56 8
213 218 206
220 255 212
133 144 122
162 231 152
43 47 32
5 99 1
94 256 86
92 164 92
2 32 2
20 196 20
46 248 38
138 205 128
8 55 8
78 197 68
176 197 176
29 125 20
146 186 146
88 206 80
18 116 8
93 209 86
53 66 44
109 150 98
46 48 38
29 127 20
77 228 68
20 26 20
92 119 92
47 146 38
131 174 122
110 240 110
120 153 110
219 249 212
217 245 206
20 49 20
94 248 86
43 256 32
61 184 50
86 121 86
201 207 194
92 184 92
63 119 56
64 196 56
2 97 2
102 202 92
131 217 122
81 159 74
119 226 110
70 90 62
37 44 26
4 59 1
33 218 26
2 142 2
2 158 2
146 196 146
58 87 50
37 229 26
3 213 1
100 158 92
104 119 104
75 149 68
165 210 158
30 74 20
188 245 188
8 34 8
72 159 62
146 209 146
183 247 176
67 133 56
194 218 194
32 141 32
101 222 92
180 193 170
105 138 98
9 216 2
38 159 38
56 161 56
224 252 224
20 37 20
14 163 14
68 132 68
74 203 74
86 184 86
26 115 26
183 224 176
105 142 98
139 163 128
4 72 1
6 61 1
114 230 104
60 112 50
128 188 128
56 67 56
86 209 86
130 255 122
33 89 26
39 222 32
20 153 20
158 167 158
193 202 182
38 222 38
82 163 74
207 255 200
58 163 50
166 227 158
132 183 122
82 155 74
16 204 8
179 255 170
8 133 8
152 165 152
210 218 200
36 64 26
198 215 188
183 225 176
182 239 182
129 160 122
52 229 44
62 250 62
137 240 128
192 231 182
32 106 32
53 244 44
28 136 20
187 214 176
64 249 56
176 190 176
93 198 86
32 158 32
3 247 1
74 206 74
72 93 62
81 140 74
164 174 164
116 151 116
92 229 92
44 211 44
12 120 2
45 195 38
1 17 1
68 91 68
218 224 218
113 153 104
79 249 68
106 118 98
100 249 92
78 220 68
80 136 80
123 203 116
219 243 212
32 40 32
30 60 20
40 229 32
124 238 116
52 203 44
166 238 158
216 225 206
101 224 92
56 144 56
26 66 26
202 210 194
114 239 104
98 178 98
92 144 92
1 36 1
97 215 86
68 141 68
49 133 38
165 239 158
65 202 56
213 237 206
19 160 8
55 80 44
149 231 140
14 63 14
150 208 140
123 138 116
126 150 116
62 155 62
98 191 98
20 31 20
250 252 242
62 92 62
196 221 188
56 73 56
74 168 74
86 120 86
20 52 20
163 245 152
200 247 200
186 220 176
147 151 140
127 159 116
138 215 128
92 166 92
222 223 212
56 217 56
28 146 20
55 178 44
2 168 2
65 151 56
2 183 2
25 185 14
154 186 146
96 165 86
90 142 80
21 195 14
44 124 44
89 93 80
158 193 158
16 253 8
94 242 86
61 124 50
1 148 1
127 255 116
120 198 110
153 168 146
240 253 230
140 187 140
32 62 32
93 253 86
44 61 44
46 135 38
19 149 8
102 230 92
105 235 98
72 131 62
50 189 50
56 139 56
104 255 104
11 34 2
44 109 44
25 133 14
35 147 26
45 189 38
168 215 158
66 256 56
44 51 44
176 244 176
1 25 1
2 42 2
191 198 182
240 243 230
138 148 128
243 244 236
8 83 8
74 228 74
61 82 50
110 236 110
90 197 80
164 194 164
141 157 134
28 70 20
109 156 98
116 143 116
198 243 188
138 189 128
79 232 68
128 206 128
146 247 146
189 193 182
175 177 164
45 234 38
20 67 20
2 219 2
25 157 14
85 151 74
104 184 104
38 70 38
140 246 140
50 206 50
29 221 20
110 158 110
141 179 134
22 210 14
128 166 128
136 193 128
45 68 38
112 189 104
97 114 86
38 69 38
1 100 1
31 83 20
64 253 56
26 73 26
38 61 38
69 99 62
52 205 44
67 216 56
3 113 1
174 178 164
56 63 56
109 124 98
115 190 104
18 84 8
110 241 110
214 256 206
142 186 134
1 86 1
40 216 32
20 250 20
110 175 110
21 109 14
250 253 242
7 106 1
31 52 20
33 210 26
131 199 122
131 246 122
32 44 32
38 84 38
74 153 74
149 253 140
145 219 134
8 240 8
208 246 200
75 194 68
89 169 80
26 91 26
39 228 32
93 214 86
1 204 1
131 189 122
14 65 14
39 168 32
231 250 224
146 171 146
20 43 20
1 179 1
59 174 50
237 243 230
180 224 170
55 197 44
87 96 80
51 91 44
1 158 1
210 256 200
69 161 62
219 253 212
13 75 2
56 117 56
221 250 212
199 253 188
33 188 26
216 252 206
68 162 68
68 96 68
179 244 170
109 165 98
146 222 146
85 106 74
92 246 92
60 176 50
104 168 104
139 246 128
44 111 44
49 77 38
175 253 164
15 127 8
223 245 212
14 33 14
151 212 140
56 241 56
22 86 14
56 130 56
1 70 1
20 234 20
65 131 56
9 196 2
55 190 44
14 82 14
178 251 170
14 161 14
130 148 122
91 194 80
199 225 188
56 88 56
250 255 242
74 155 74
26 234 26
38 143 38
1 107 1
88 174 80
31 103 20
241 252 230
47 97 38
101 138 92
136 185 128
202 252 194
158 250 158
94 109 86
87 202 80
86 119 86
70 108 62
52 60 44
124 166 116
92 218 92
1 189 1
56 171 56
185 210 176
63 105 56
228 236 218
69 164 62
20 177 20
2 111 2
2 94 2
105 152 98
161 251 152
7 211 1
233 243 224
187 226 176
6 226 1
190 196 182
132 232 122
22 30 14
18 130 8
74 98 74
22 235 14
14 94 14
80 103 80
43 112 32
19 20 8
80 152 80
5 156 1
238 252 230
200 216 200
189 239 182
152 201 152
117 161 110
198 200 188
191 206 182
95 175 86
40 122 32
31 130 20
223 237 212
69 138 62
12 184 2
158 164 158
112 239 104
162 172 152
5 138 1
131 147 122
77 158 68
146 220 146
49 113 38
118 249 110
117 163 110
86 183 86
48 65 38
138 247 128
58 191 50
138 203 128
10 121 2
50 77 50
68 144 68
97 115 86
171 250 164
32 104 32
174 236 164
163 244 152
122 149 122
7 177 1
30 133 20
98 195 98
113 170 104
216 233 206
48 172 38
21 86 14
158 194 158
77 104 68
117 128 110
74 82 74
59 129 50
20 72 20
132 205 122
80 221 80
14 142 14
141 198 134
46 139 38
101 110 92
98 169 98
163 202 152
2 60 2
56 154 56
229 241 218
2 48 2
139 153 128
13 34 2
35 36 26
27 55 20
220 241 212
168 201 158
104 144 104
45 87 38
224 248 224
63 228 56
169 201 158
93 104 86
10 203 2
32 77 32
92 111 92
42 150 32
146 219 146
128 164 128
243 252 236
223 250 212
19 135 8
176 228 176
93 197 86
1 195 1
14 60 14
125 251 116
154 221 146
191 214 182
35 79 26
108 229 98
177 225 170
68 188 68
235 236 224
14 148 14
132 174 122
159 223 152
124 199 116
106 190 98
204 210 194
19 116 8
149 235 140
38 163 38
209 249 200
30 142 20
78 193 68
180 246 170
197 226 188
216 249 206
100 133 92
104 125 104
245 253 236
80 93 80
219 238 212
8 49 8
98 233 98
152 160 152
110 244 110
98 221 98
17 233 8
157 179 146
32 219 32
57 212 50
68 123 68
30 106 20
61 233 50
66 179 56
92 124 92
2 118 2
164 188 164
129 191 122
174 191 164
8 227 8
17 24 8
106 239 98
107 190 98
1 118 1
17 49 8
144 169 134
195 205 188
63 158 56
93 220 86
17 238 8
2 122 2
210 248 200
43 153 32
56 87 56
2 123 2
135 192 128
59 153 50
89 225 80
163 176 152
8 118 8
166 217 158
10 250 2
97 140 86
147 180 140
145 163 134
134 226 134
134 171 134
165 175 158
164 185 164
6 128 1
20 110 20
148 242 140
163 175 152
77 110 68
2 209 2
85 114 74
209 232 200
118 145 110
182 248 182
40 190 32
86 112 86
146 255 146
106 184 98
110 256 110
110 146 110
198 233 188
196 247 188
145 181 134
158 236 158
32 135 32
170 231 170
199 230 188
189 221 182
115 239 104
149 221 140
37 219 26
40 57 32
108 223 98
5 112 1
44 148 44
62 162 62
72 74 62
184 238 176
123 164 116
75 215 68
40 217 32
99 188 92
16 225 8
49 176 38
71 144 62
61 152 50
147 239 140
26 210 26
27 99 20
44 161 44
51 108 44
182 208 182
135 159 128
125 229 116
118 124 110
54 92 44
192 193 182
147 158 140
12 63 2
123 207 116
165 228 158
56 138 56
202 237 194
70 111 62
100 186 92
1 14 1
74 121 74
203 250 194
82 159 74
89 249 80
128 165 128
200 256 200
2 212 2
8 43 8
59 128 50
125 192 116
53 238 44
44 163 44
13 70 2
56 104 56
21 98 14
58 150 50
42 225 32
158 214 158
34 138 26
127 176 116
178 184 170
217 255 206
102 120 92
220 246 212
86 142 86
105 168 98
105 251 98
156 186 146
97 190 86
92 163 92
14 217 14
32 145 32
42 235 32
139 156 128
45 231 38
248 255 248
115 182 104
105 125 98
149 209 140
96 242 86
79 105 68
178 236 170
125 228 116
77 213 68
29 121 20
101 137 92
108 163 98
2 148 2
147 220 140
165 240 158
34 68 26
202 238 194
108 250 98
160 223 152
105 217 98
162 213 152
96 247 86
18 122 8
98 246 98
10 161 2
84 172 74
59 141 50
163 188 152
5 246 1
66 211 56
10 128 2
26 127 26
92 169 92
227 243 218
8 68 8
98 105 98
18 123 8
74 174 74
164 230 164
26 152 26
216 218 206
58 229 50
14 40 14
50 222 50
63 74 56
11 216 2
34 158 26
188 232 188
89 170 80
96 200 86
68 90 68
56 175 56
235 237 224
90 158 80
24 117 14
62 89 62
120 179 110
64 100 56
32 86 32
138 237 128
63 141 56
132 164 122
104 116 104
8 51 8
200 225 200
128 255 128
26 77 26
46 100 38
141 153 134
144 247 134
37 165 26
158 220 158
11 125 2
32 110 32
71 137 62
154 207 146
145 146 134
97 142 86
79 132 68
124 144 116
40 248 32
134 144 134
193 229 182
55 207 44
145 157 134
117 164 110
134 197 134
80 158 80
78 80 68
79 100 68
81 235 74
86 109 86
42 107 32
93 126 86
8 16 8
89 129 80
174 250 164
34 89 26
203 231 194
144 221 134
12 220 2
73 219 62
143 248 134
44 183 44
43 181 32
43 100 32
160 227 152
170 248 170
151 256 140
123 128 116
50 256 50
166 175 158
92 192 92
139 245 128
186 225 176
150 253 140
80 232 80
26 199 26
98 181 98
119 195 110
86 252 86
73 77 62
197 211 188
2 44 2
56 120 56
103 222 92
135 173 128
245 256 236
40 170 32
223 249 212
225 249 218
45 169 38
203 224 194
50 87 50
196 211 188
152 190 152
112 164 104
25 32 14
18 41 8
119 224 110
122 191 122
13 59 2
132 162 122
222 240 212
23 52 14
114 162 104
62 238 62
214 243 206
22 71 14
95 225 86
110 242 110
32 136 32
5 229 1
26 187 26
179 205 170
194 238 194
143 206 134
14 41 14
88 128 80
110 164 110
83 171 74
83 114 74
33 56 26
68 202 68
34 43 26
50 160 50
122 215 122
62 177 62
34 156 26
141 214 134
80 150 80
1 78 1
30 143 20
38 184 38
52 116 44
136 173 128
14 48 14
60 251 50
31 221 20
208 248 200
26 58 26
174 195 164
97 152 86
98 114 98
128 245 128
38 136 38
107 229 98
11 175 2
43 231 32
144 204 134
85 122 74
74 224 74
221 224 212
6 248 1
120 244 110
3 110 1
26 63 26
89 214 80
142 152 134
1 20 1
46 213 38
141 206 134
198 249 188
97 230 86
219 234 212
121 122 110
26 36 26
139 147 128
115 203 104
86 134 86
66 186 56
2 206 2
66 184 56
77 103 68
128 141 128
104 114 104
54 222 44
13 246 2
84 169 74
27 145 20
220 225 212
35 85 26
18 119 8
61 239 50
14 23 14
62 160 62
104 252 104
219 224 212
53 86 44
102 207 92
20 62 20
226 242 218
20 133 20
154 238 146
104 227 104
82 230 74
44 216 44
84 244 74
220 224 212
2 82 2
148 197 140
200 229 200
41 134 32
23 50 14
14 171 14
39 115 32
147 157 140
158 170 158
218 240 218
104 238 104
43 81 32
80 149 80
72 244 62
47 114 38
97 217 86
66 205 56
116 162 116
14 29 14
91 146 80
1 46 1
84 194 74
106 165 98
126 177 116
214 233 206
62 130 62
125 171 116
103 115 92
43 234 32
49 126 38
116 147 116
165 204 158
134 179 134
62 154 62
184 204 176
186 227 176
92 255 92
33 203 26
68 126 68
84 229 74
217 237 206
50 98 50
108 255 98
60 125 50
5 251 1
43 215 32
14 100 14
23 62 14
52 176 44
91 240 80
239 240 230
80 253 80
32 132 32
22 194 14
97 248 86
87 108 80
175 183 164
1 136 1
69 169 62
51 213 44
93 146 86
35 60 26
120 149 110
123 147 116
59 66 50
40 126 32
134 242 134
20 142 20
38 198 38
89 184 80
147 172 140
15 211 8
44 63 44
44 52 44
25 142 14
9 146 2
26 37 26
104 123 104
177 246 170
36 206 26
207 212 200
49 249 38
62 178 62
38 116 38
152 164 152
119 209 110
159 251 152
92 117 92
35 192 26
190 237 182
27 111 20
107 176 98
107 226 98
60 104 50
181 225 170
90 241 80
38 60 38
96 173 86
10 37 2
50 116 50
148 202 140
210 223 200
200 221 200
228 235 218
20 71 20
30 171 20
215 220 206
56 225 56
80 92 80
108 146 98
133 191 122
231 252 224
31 170 20
232 244 224
9 52 2
172 238 164
134 227 134
56 95 56
167 220 158
116 129 116
56 164 56
62 72 62
8 39 8
16 238 8
27 187 20
20 200 20
114 132 104
92 150 92
144 241 134
15 42 8
201 231 194
125 215 116
75 206 68
74 166 74
12 128 2
38 160 38
129 240 122
195 255 188
80 242 80
55 154 44
33 242 26
91 136 80
229 245 218
159 235 152
37 114 26
37 104 26
80 252 80
63 102 56
122 155 122
178 253 170
32 247 32
109 227 98
76 108 68
224 255 224
26 132 26
126 244 116
26 42 26
11 77 2
168 203 158
66 170 56
83 166 74
127 237 116
70 183 62
148 154 140
185 194 176
63 175 56
80 198 80
223 224 212
222 224 212
162 248 152
17 150 8
126 158 116
118 182 110
66 173 56
44 159 44
32 131 32
96 100 86
94 239 86
110 141 110
19 64 8
240 252 230
103 119 92
115 214 104
2 177 2
66 86 56
164 207 164
108 171 98
26 185 26
145 227 134
65 178 56
101 252 92
103 208 92
179 194 170
25 136 14
20 102 20
39 87 32
26 200 26
68 122 68
50 90 50
124 248 116
226 248 218
48 50 38
9 250 2
216 256 206
53 195 44
136 210 128
219 229 212
8 95 8
38 234 38
179 253 170
38 62 38
170 226 170
226 245 218
20 40 20
170 224 170
112 173 104
29 238 20
107 129 98
56 243 56
142 196 134
189 226 182
198 225 188
83 138 74
187 221 176
54 79 44
181 213 170
64 194 56
155 214 146
56 146 56
76 247 68
237 250 230
194 204 194
140 208 140
105 170 98
65 86 56
19 230 8
20 107 20
171 206 164
15 163 8
2 52 2
32 142 32
75 184 68
88 228 80
179 189 170
8 123 8
113 215 104
73 221 62
66 225 56
121 161 110
46 179 38
7 143 1
152 243 152
8 154 8
44 219 44
63 118 56
15 96 8
41 153 32
85 230 74
202 242 194
32 111 32
19 43 8
118 216 110
95 255 86
38 113 38
177 232 170
8 199 8
36 41 26
43 65 32
97 169 86
25 178 14
63 131 56
107 145 98
179 182 170
74 184 74
15 128 8
15 207 8
101 157 92
2 16 2
195 217 188
50 230 50
10 39 2
141 196 134
53 111 44
71 147 62
44 221 44
11 78 2
82 182 74
65 194 56
143 222 134
169 251 158
44 72 44
45 50 38
22 192 14
1 200 1
14 229 14
209 251 200
13 208 2
14 130 14
166 240 158
118 255 110
45 251 38
98 138 98
188 229 188
18 137 8
14 245 14
33 193 26
14 62 14
146 245 146
56 207 56
98 224 98
14 51 14
22 83 14
59 188 50
47 138 38
14 213 14
131 227 122
95 222 86
177 198 170
134 157 134
25 85 14
63 244 56
58 147 50
195 220 188
45 88 38
65 121 56
50 221 50
235 252 224
141 147 134
85 96 74
201 213 194
121 218 110
104 198 104
57 81 50
56 159 56
201 234 194
80 130 80
121 137 110
165 253 158
167 231 158
168 173 158
110 226 110
82 158 74
20 96 20
146 178 146
15 82 8
175 215 164
110 180 110
186 252 176
4 9 1
3 116 1
153 256 146
2 105 2
88 237 80
17 224 8
110 183 110
72 234 62
116 155 116
162 251 152
51 74 44
74 180 74
52 83 44
56 84 56
69 228 62
87 130 80
159 230 152
38 90 38
56 106 56
20 212 20
76 161 68
91 237 80
16 63 8
69 111 62
51 245 44
173 220 164
98 150 98
26 79 26
8 33 8
81 118 74
170 238 170
2 18 2
204 230 194
6 256 1
165 179 158
42 169 32
113 195 104
24 133 14
183 209 176
97 222 86
80 211 80
244 248 236
80 250 80
167 223 158
201 220 194
76 246 68
122 188 122
164 209 164
34 143 26
62 106 62
89 111 80
142 256 134
110 151 110
120 235 110
233 248 224
74 94 74
12 242 2
52 151 44
80 244 80
134 166 134
110 125 110
89 142 80
6 166 1
8 191 8
169 210 158
56 77 56
27 230 20
40 246 32
100 154 92
8 242 8
23 142 14
187 197 176
171 190 164
44 205 44
131 166 122
71 227 62
130 217 122
144 160 134
70 179 62
227 235 218
28 66 20
44 79 44
48 85 38
120 182 110
20 89 20
111 182 104
253 255 242
147 215 140
52 69 44
12 182 2
8 64 8
141 205 134
119 165 110
75 198 68
87 210 80
176 240 176
78 247 68
122 153 122
104 127 104
75 86 68
53 69 44
20 27 20
6 113 1
219 239 212
23 252 14
7 31 1
31 38 20
80 207 80
174 200 164
21 105 14
92 227 92
47 188 38
90 193 80
65 144 56
123 185 116
188 225 188
73 96 62
51 97 44
47 186 38
184 250 176
181 246 170
119 141 110
158 179 158
26 50 26
247 255 236
74 178 74
1 110 1
20 140 20
171 204 164
82 168 74
63 186 56
80 145 80
184 206 176
194 215 194
80 137 80
235 256 224
66 192 56
90 155 80
93 147 86
41 133 32
147 190 140
20 70 20
50 184 50
232 251 224
188 230 188
188 242 188
50 243 50
105 149 98
33 68 26
39 66 32
4 233 1
221 249 212
62 205 62
201 233 194
131 234 122
39 129 32
46 133 38
1 140 1
177 217 170
79 215 68
169 242 158
173 206 164
186 221 176
68 189 68
183 205 176
92 171 92
115 198 104
172 197 164
231 244 224
22 228 14
1 137 1
210 246 200
50 99 50
134 141 134
189 207 182
56 173 56
173 177 164
26 78 26
88 209 80
116 204 116
86 213 86
84 217 74
50 68 50
32 99 32
50 91 50
64 151 56
75 145 68
120 206 110
72 122 62
14 129 14
85 178 74
50 175 50
64 107 56
179 218 170
44 86 44
69 175 62
80 119 80
175 222 164
103 195 92
120 202 110
32 63 32
124 211 116
156 213 146
142 238 134
205 239 194
68 219 68
167 240 158
6 147 1
68 107 68
55 67 44
120 233 110
32 140 32
64 123 56
80 114 80
20 75 20
37 236 26
111 204 104
42 61 32
50 94 50
107 233 98
86 107 86
13 97 2
17 236 8
32 115 32
220 242 212
217 247 206
170 233 170
49 155 38
18 55 8
5 238 1
209 217 200
77 190 68
19 173 8
79 222 68
1 91 1
8 26 8
210 249 200
171 220 164
148 176 140
59 118 50
51 208 44
144 223 134
227 237 218
85 190 74
27 244 20
86 143 86
200 235 200
123 153 116
44 144 44
123 240 116
21 175 14
37 60 26
42 123 32
184 229 176
74 165 74
152 168 152
44 68 44
125 166 116
80 231 80
190 228 182
137 250 128
176 237 176
23 245 14
1 29 1
127 189 116
17 182 8
129 169 122
141 159 134
109 185 98
127 213 116
135 162 128
114 134 104
96 228 86
165 202 158
129 177 122
62 109 62
74 142 74
148 222 140
8 65 8
131 183 122
155 232 146
78 111 68
189 201 182
206 241 206
95 101 86
74 108 74
36 248 26
81 213 74
9 61 2
80 125 80
110 122 110
109 170 98
56 132 56
154 192 146
122 219 122
116 145 116
167 187 158
47 152 38
64 252 56
180 218 170
110 138 110
62 105 62
45 144 38
185 240 176
57 85 50
74 169 74
56 110 56
248 256 248
43 109 32
78 118 68
152 178 152
158 230 158
146 167 146
61 160 50
32 134 32
225 247 218
26 32 26
239 245 230
187 201 176
208 243 200
2 236 2
92 142 92
60 159 50
11 210 2
73 256 62
36 125 26
101 220 92
122 223 122
32 213 32
52 160 44
15 25 8
14 235 14
42 99 32
97 182 86
62 110 62
167 237 158
128 248 128
76 158 68
23 143 14
2 59 2
26 95 26
21 53 14
69 107 62
189 199 182
184 236 176
4 154 1
20 203 20
39 58 32
53 153 44
4 174 1
56 147 56
182 226 182
38 217 38
109 252 98
143 187 134
18 82 8
26 162 26
128 157 128
22 249 14
132 189 122
204 242 194
2 24 2
184 205 176
26 184 26
66 245 56
16 129 8
44 168 44
62 139 62
80 165 80
119 129 110
44 145 44
79 168 68
39 240 32
29 142 20
23 83 14
5 84 1
56 98 56
63 120 56
68 93 68
116 171 116
245 251 236
143 235 134
12 37 2
34 125 26
77 212 68
133 190 122
70 252 62
207 252 200
209 213 200
1 28 1
189 203 182
153 215 146
45 168 38
167 178 158
129 183 122
69 216 62
210 231 200
26 100 26
38 55 38
68 142 68
7 171 1
92 183 92
62 132 62
51 67 44
2 214 2
52 102 44
124 134 116
86 123 86
2 182 2
137 241 128
40 152 32
216 239 206
47 208 38
168 229 158
77 128 68
181 245 170
23 179 14
115 249 104
92 230 92
14 26 14
210 226 200
100 208 92
208 240 200
171 187 164
1 41 1
99 122 92
1 61 1
11 161 2
243 253 236
160 183 152
2 38 2
8 92 8
186 201 176
14 105 14
43 224 32
116 146 116
55 195 44
5 120 1
44 113 44
152 207 152
27 190 20
78 173 68
112 175 104
25 121 14
194 244 194
191 240 182
68 173 68
188 236 188
66 194 56
104 118 104
31 195 20
137 248 128
91 242 80
131 245 122
201 237 194
134 219 134
186 253 176
104 142 104
239 255 230
38 209 38
146 210 146
5 255 1
14 22 14
160 253 152
180 214 170
4 74 1
209 219 200
225 245 218
8 72 8
235 251 224
64 224 56
94 243 86
42 237 32
86 205 86
50 75 50
128 151 128
55 244 44
26 110 26
120 200 110
164 191 164
22 239 14
190 217 182
137 256 128
112 147 104
2 220 2
117 171 110
76 147 68
241 243 230
96 159 86
115 181 104
208 216 200
46 102 38
177 203 170
67 185 56
44 129 44
20 115 20
134 173 134
97 201 86
235 245 224
51 224 44
130 183 122
182 200 182
117 197 110
80 133 80
5 206 1
223 226 212
74 81 74
114 119 104
94 168 86
110 191 110
101 159 92
91 236 80
47 68 38
181 202 170
21 97 14
142 168 134
17 25 8
31 72 20
42 98 32
20 171 20
11 23 2
205 238 194
62 115 62
114 157 104
102 244 92
4 86 1
62 203 62
40 243 32
5 73 1
128 208 128
74 135 74
24 144 14
49 214 38
70 155 62
124 250 116
112 226 104
70 129 62
54 209 44
178 191 170
129 207 122
66 137 56
76 220 68
179 183 170
26 172 26
171 201 164
26 99 26
79 191 68
51 77 44
32 73 32
99 221 92
45 164 38
205 212 194
6 71 1
16 203 8
177 199 170
223 225 212
51 72 44
50 244 50
192 225 182
69 208 62
207 256 200
66 94 56
8 108 8
116 138 116
122 164 122
213 231 206
38 135 38
20 98 20
193 194 182
79 129 68
162 182 152
8 225 8
38 79 38
48 98 38
110 190 110
127 207 116
68 231 68
96 213 86
122 222 122
103 121 92
85 196 74
112 224 104
125 173 116
54 166 44
52 255 44
120 131 110
121 206 110
18 85 8
180 213 170
56 101 56
38 56 38
56 141 56
150 233 140
41 145 32
98 159 98
19 172 8
237 248 230
20 157 20
22 138 14
152 214 152
93 101 86
140 205 140
120 220 110
152 205 152
154 185 146
38 89 38
147 230 140
44 59 44
139 145 128
150 216 140
121 234 110
40 233 32
179 248 170
229 236 218
49 233 38
4 132 1
1 103 1
62 71 62
122 131 122
153 239 146
73 128 62
167 199 158
184 227 176
199 237 188
159 241 152
68 241 68
101 149 92
98 147 98
171 215 164
99 249 92
65 83 56
44 188 44
208 222 200
134 224 134
193 227 182
150 177 140
153 236 146
95 200 86
80 168 80
150 193 140
156 240 146
1 174 1
19 114 8
56 82 56
2 163 2
62 120 62
104 148 104
92 228 92
107 168 98
62 215 62
153 229 146
1 191 1
20 195 20
26 120 26
230 241 230
129 173 122
1 38 1
111 152 104
25 111 14
189 210 182
237 242 230
17 221 8
206 218 206
9 24 2
20 53 20
1 141 1
162 178 152
1 128 1
80 247 80
100 183 92
241 251 230
26 56 26
44 62 44
128 221 128
112 135 104
132 184 122
56 190 56
16 159 8
98 120 98
26 59 26
7 210 1
12 86 2
85 105 74
96 186 86
163 210 152
149 246 140
120 256 110
143 169 134
74 100 74
27 89 20
198 212 188
67 179 56
30 110 20
120 242 110
159 192 152
130 203 122
4 108 1
111 206 104
85 166 74
36 45 26
179 241 170
240 249 230
50 152 50
156 232 146
198 214 188
19 241 8
154 165 146
11 226 2
110 225 110
149 227 140
82 209 74
67 74 56
143 220 134
69 120 62
11 247 2
247 256 236
20 47 20
56 188 56
61 106 50
180 189 170
15 232 8
8 93 8
131 248 122
11 121 2
170 207 170
207 244 200
2 127 2
116 226 116
2 143 2
109 118 98
105 113 98
205 255 194
32 124 32
122 233 122
32 117 32
104 137 104
155 238 146
182 245 182
38 253 38
23 178 14
65 71 56
230 244 230
134 185 134
15 51 8
32 39 32
38 189 38
96 135 86
62 148 62
208 237 200
44 92 44
92 149 92
26 107 26
152 229 152
73 231 62
72 169 62
41 97 32
102 177 92
194 213 194
50 159 50
12 85 2
211 253 200
32 174 32
144 226 134
165 227 158
32 80 32
181 185 170
161 238 152
17 218 8
19 156 8
160 166 152
31 179 20
28 128 20
46 239 38
53 222 44
20 85 20
92 156 92
1 57 1
26 146 26
202 240 194
188 206 188
159 218 152
86 106 86
57 237 50
98 213 98
80 91 80
30 225 20
59 230 50
193 230 182
185 237 176
156 188 146
118 141 110
145 237 134
175 182 164
236 248 236
26 189 26
190 223 182
154 188 146
8 126 8
115 226 104
86 103 86
237 255 230
149 206 140
8 196 8
8 98 8
170 189 170
239 250 230
160 231 152
96 162 86
110 159 110
4 21 1
20 246 20
158 228 158
118 156 110
32 121 32
185 241 176
211 225 200
4 153 1
21 104 14
1 177 1
146 218 146
38 108 38
64 191 56
73 166 62
145 236 134
53 234 44
1 117 1
78 191 68
193 226 182
214 252 206
2 75 2
74 132 74
116 191 116
7 148 1
43 128 32
33 244 26
236 243 236
53 79 44
16 90 8
10 151 2
88 252 80
143 167 134
138 243 128
60 173 50
49 65 38
134 215 134
27 146 20
104 154 104
74 160 74
142 174 134
164 240 164
66 158 56
81 153 74
145 212 134
75 96 68
174 182 164
16 255 8
18 51 8
32 43 32
99 169 92
88 253 80
97 168 86
96 224 86
71 157 62
105 223 98
15 58 8
98 207 98
49 173 38
234 249 224
171 241 164
20 46 20
145 231 134
86 159 86
155 182 146
14 76 14
108 140 98
129 142 122
76 231 68
4 78 1
34 245 26
119 256 110
60 224 50
140 170 140
96 169 86
122 173 122
26 186 26
26 202 26
8 148 8
192 248 182
20 54 20
129 187 122
78 161 68
74 144 74
71 190 62
187 220 176
124 173 116
95 252 86
68 157 68
18 147 8
228 247 218
158 240 158
7 189 1
50 236 50
3 253 1
98 197 98
105 191 98
215 219 206
117 249 110
112 159 104
8 29 8
210 213 200
2 102 2
34 230 26
186 191 176
99 244 92
97 123 86
91 126 80
61 163 50
74 96 74
95 178 86
98 124 98
120 209 110
185 211 176
185 203 176
14 224 14
193 249 182
123 134 116
124 198 116
193 207 182
25 186 14
83 98 74
243 251 236
21 223 14
213 246 206
134 142 134
125 143 116
118 162 110
98 177 98
56 230 56
46 143 38
123 220 116
10 24 2
157 203 146
40 121 32
189 251 182
32 173 32
83 128 74
141 177 134
2 164 2
49 148 38
232 246 224
35 200 26
1 129 1
50 110 50
124 167 116
161 241 152
121 124 110
168 195 158
70 180 62
2 62 2
12 227 2
104 239 104
163 192 152
76 198 68
53 129 44
20 135 20
82 151 74
24 91 14
183 200 176
60 66 50
80 115 80
82 86 74
12 212 2
72 153 62
86 246 86
163 249 152
26 70 26
2 90 2
58 82 50
65 250 56
201 223 194
134 190 134
181 191 170
20 38 20
140 153 140
201 225 194
129 244 122
160 196 152
57 109 50
112 190 104
14 120 14
159 174 152
20 108 20
47 214 38
53 64 44
82 176 74
51 120 44
9 93 2
98 225 98
80 200 80
37 184 26
45 172 38
170 181 170
88 232 80
62 76 62
80 131 80
32 116 32
37 228 26
183 228 176
2 130 2
115 188 104
63 218 56
75 256 68
76 113 68
33 184 26
13 167 2
28 171 20
97 195 86
132 238 122
168 256 158
53 132 44
162 245 152
31 136 20
234 255 224
86 136 86
47 74 38
125 208 116
119 137 110
96 243 86
138 210 128
104 126 104
65 148 56
180 221 170
1 43 1
2 150 2
158 175 158
219 244 212
28 61 20
1 48 1
206 235 206
116 179 116
1 235 1
196 216 188
40 80 32
93 221 86
74 238 74
67 191 56
91 188 80
39 243 32
127 231 116
172 210 164
74 80 74
180 255 170
177 244 170
57 164 50
116 173 116
61 202 50
27 57 20
52 128 44
188 218 188
58 100 50
77 172 68
132 137 122
77 152 68
131 239 122
147 153 140
20 88 20
170 229 170
14 31 14
1 243 1
13 116 2
181 184 170
56 244 56
105 215 98
183 255 176
213 252 206
87 179 80
182 246 182
98 122 98
148 246 140
1 176 1
8 60 8
14 112 14
208 249 200
80 142 80
76 203 68
87 138 80
10 192 2
15 151 8
43 159 32
199 209 188
56 65 56
199 246 188
56 74 56
123 152 116
121 237 110
8 121 8
147 195 140
66 99 56
125 178 116
65 207 56
7 46 1
20 39 20
61 227 50
50 150 50
169 213 158
109 172 98
173 205 164
183 189 176
2 210 2
126 142 116
50 62 50
146 154 146
225 239 218
47 149 38
157 234 146
52 221 44
67 225 56
123 223 116
49 242 38
122 133 122
190 218 182
9 57 2
105 134 98
246 249 236
127 140 116
26 38 26
88 189 80
202 223 194
134 182 134
141 161 134
9 127 2
121 194 110
7 70 1
64 214 56
183 248 176
170 215 170
71 133 62
103 170 92
52 115 44
3 90 1
82 149 74
110 201 110
76 245 68
3 96 1
57 228 50
20 99 20
168 255 158
57 172 50
191 246 182
32 42 32
136 153 128
1 234 1
152 203 152
10 194 2
130 228 122
61 105 50
23 104 14
209 234 200
176 232 176
15 140 8
156 216 146
31 209 20
10 196 2
114 183 104
38 59 38
104 132 104
57 89 50
3 13 1
138 177 128
89 114 80
41 144 32
159 184 152
233 256 224
175 209 164
13 229 2
160 211 152
42 162 32
14 234 14
65 116 56
107 244 98
13 36 2
76 181 68
229 256 218
110 173 110
143 149 134
182 229 182
76 155 68
46 58 38
129 171 122
122 186 122
85 167 74
177 233 170
148 205 140
117 144 110
128 142 128
118 158 110
20 248 20
17 86 8
190 236 182
85 161 74
220 227 212
23 132 14
93 204 86
126 232 116
18 120 8
3 190 1
85 148 74
49 80 38
104 205 104
76 81 68
56 68 56
143 210 134
198 207 188
228 231 218
157 175 146
200 232 200
76 162 68
114 240 104
30 108 20
121 186 110
185 227 176
93 235 86
79 158 68
181 236 170
30 195 20
26 103 26
77 101 68
14 74 14
98 241 98
94 172 86
191 242 182
233 237 224
131 160 122
194 203 194
187 212 176
51 193 44
26 236 26
20 143 20
125 128 116
25 243 14
5 95 1
134 237 134
39 204 32
44 107 44
134 152 134
164 236 164
143 198 134
183 214 176
26 76 26
93 180 86
74 129 74
83 127 74
113 131 104
115 189 104
206 242 206
62 118 62
20 104 20
200 231 200
32 92 32
164 226 164
180 248 170
2 139 2
56 176 56
211 219 200
61 88 50
92 107 92
80 169 80
37 82 26
94 198 86
62 246 62
199 219 188
156 180 146
74 218 74
110 134 110
84 177 74
151 252 140
222 255 212
134 191 134
19 124 8
99 206 92
34 161 26
50 141 50
156 179 146
128 177 128
68 233 68
116 182 116
68 119 68
224 237 224
2 85 2
145 251 134
110 170 110
1 208 1
128 214 128
46 251 38
53 87 44
163 228 152
20 223 20
190 226 182
15 99 8
77 111 68
63 99 56
81 192 74
44 94 44
13 183 2
67 82 56
167 180 158
169 256 158
53 82 44
151 251 140
137 227 128
80 124 80
211 217 200
143 180 134
215 235 206
1 238 1
228 256 218
37 158 26
150 172 140
148 215 140
112 126 104
44 233 44
72 195 62
74 185 74
128 217 128
3 26 1
76 225 68
78 160 68
92 115 92
140 189 140
12 143 2
93 158 86
58 125 50
115 192 104
61 84 50
119 207 110
59 91 50
131 176 122
87 156 80
77 220 68
4 48 1
117 250 110
121 227 110
75 136 68
50 190 50
36 159 26
119 250 110
148 166 140
20 69 20
82 108 74
159 187 152
26 156 26
69 221 62
50 207 50
231 236 224
95 129 86
98 189 98
23 43 14
96 120 86
69 116 62
20 132 20
22 69 14
128 207 128
90 240 80
7 132 1
44 88 44
57 82 50
68 81 68
240 255 230
38 156 38
201 252 194
1 47 1
4 166 1
37 69 26
78 145 68
87 225 80
57 103 50
20 164 20
227 247 218
26 96 26
94 155 86
176 187 176
170 197 170
142 185 134
164 212 164
25 118 14
119 156 110
117 134 110
164 247 164
30 125 20
105 253 98
2 136 2
37 186 26
5 31 1
139 230 128
39 64 32
92 210 92
32 49 32
8 53 8
201 206 194
50 220 50
45 126 38
232 250 224
7 233 1
63 71 56
217 241 206
121 140 110
160 194 152
115 153 104
2 68 2
123 183 116
165 246 158
156 220 146
35 167 26
56 102 56
37 168 26
55 247 44
85 201 74
78 158 68
90 97 80
7 204 1
121 164 110
33 135 26
68 120 68
177 191 170
143 240 134
49 191 38
199 247 188
78 185 68
2 70 2
27 119 20
63 205 56
225 238 218
110 147 110
146 211 146
57 148 50
14 38 14
189 206 182
134 209 134
81 247 74
156 205 146
60 133 50
146 174 146
131 210 122
160 202 152
206 250 206
68 165 68
137 199 128
164 233 164
39 183 32
32 51 32
68 155 68
34 103 26
81 200 74
80 144 80
78 167 68
22 167 14
104 170 104
99 218 92
118 168 110
56 80 56
68 216 68
31 110 20
32 74 32
167 200 158
183 199 176
34 112 26
166 224 158
112 143 104
57 119 50
50 102 50
9 95 2
39 176 32
92 180 92
2 37 2
50 111 50
169 187 158
148 221 140
169 246 158
63 126 56
20 243 20
20 60 20
42 111 32
194 207 194
176 207 176
24 111 14
38 141 38
15 118 8
198 240 188
3 180 1
143 175 134
20 90 20
175 217 164
200 211 200
34 217 26
32 216 32
51 163 44
35 131 26
38 93 38
15 157 8
181 243 170
89 122 80
111 191 104
234 243 224
162 229 152
138 188 128
164 237 164
154 183 146
166 252 158
138 248 128
89 156 80
98 128 98
8 232 8
214 222 206
131 211 122
81 224 74
74 117 74
92 101 92
149 182 140
56 86 56
115 215 104
165 222 158
194 225 194
1 30 1
9 84 2
113 231 104
2 76 2
88 111 80
90 122 80
104 165 104
111 228 104
168 249 158
168 214 158
44 81 44
30 232 20
134 255 134
8 28 8
29 110 20
177 222 170
12 202 2
44 255 44
208 213 200
64 245 56
113 140 104
98 168 98
24 65 14
92 162 92
86 201 86
23 211 14
42 65 32
226 255 218
34 72 26
147 199 140
37 135 26
1 39 1
135 208 128
161 201 152
32 209 32
132 199 122
186 218 176
194 208 194
70 173 62
163 167 152
46 122 38
117 241 110
20 66 20
37 87 26
86 227 86
35 144 26
61 232 50
12 66 2
2 126 2
161 252 152
98 115 98
234 244 224
119 171 110
87 256 80
92 158 92
49 118 38
40 253 32
140 154 140
56 213 56
134 207 134
196 256 188
215 224 206
22 126 14
32 167 32
108 213 98
62 90 62
110 124 110
4 165 1
20 198 20
118 159 110
74 137 74
152 211 152
32 215 32
229 240 218
122 143 122
47 210 38
119 220 110
158 253 158
39 127 32
218 252 218
145 161 134
22 231 14
117 218 110
142 218 134
23 202 14
92 207 92
132 181 122
207 240 200
20 239 20
52 230 44
25 207 14
14 98 14
228 250 218
74 133 74
60 255 50
25 33 14
217 248 206
217 220 206
195 200 188
193 221 182
14 175 14
56 94 56
38 102 38
52 237 44
220 235 212
182 231 182
27 117 20
40 144 32
153 207 146
1 89 1
157 161 146
2 134 2
68 196 68
63 236 56
131 255 122
221 240 212
130 149 122
14 113 14
73 171 62
234 253 224
150 252 140
19 158 8
88 132 80
31 94 20
44 128 44
37 251 26
49 114 38
53 134 44
213 227 206
112 198 104
196 243 188
36 73 26
9 226 2
2 194 2
29 239 20
62 77 62
32 203 32
88 208 80
69 143 62
32 163 32
201 229 194
129 250 122
60 113 50
99 131 92
180 192 170
17 154 8
100 114 92
32 253 32
94 200 86
228 230 218
32 54 32
239 244 230
88 250 80
26 55 26
27 66 20
54 206 44
85 160 74
44 156 44
183 212 176
154 169 146
144 202 134
51 240 44
53 117 44
14 92 14
92 132 92
54 65 44
22 172 14
62 99 62
157 187 146
128 170 128
20 100 20
91 131 80
8 134 8
6 59 1
128 162 128
8 81 8
91 94 80
213 238 206
134 246 134
71 122 62
140 167 140
85 249 74
155 211 146
82 95 74
32 71 32
180 184 170
124 210 116
196 200 188
168 202 158
110 214 110
10 115 2
98 173 98
216 251 206
164 186 164
105 236 98
28 131 20
136 214 128
144 244 134
20 109 20
25 168 14
122 212 122
14 181 14
139 249 128
19 121 8
125 187 116
181 187 170
176 253 176
132 247 122
83 250 74
32 197 32
32 67 32
26 219 26
112 222 104
4 90 1
76 235 68
84 152 74
53 151 44
231 246 224
137 171 128
207 238 200
83 253 74
82 218 74
16 34 8
44 166 44
80 186 80
37 216 26
60 80 50
7 53 1
163 216 152
167 235 158
151 192 140
129 150 122
48 190 38
61 149 50
120 227 110
1 112 1
79 234 68
188 205 188
68 170 68
72 187 62
12 155 2
25 130 14
26 98 26
50 199 50
8 17 8
48 77 38
212 221 212
94 163 86
77 178 68
148 153 140
66 220 56
37 226 26
37 91 26
137 202 128
184 211 176
50 142 50
22 179 14
93 107 86
66 210 56
14 44 14
150 200 140
47 147 38
73 242 62
3 154 1
223 255 212
26 246 26
143 221 134
85 172 74
126 227 116
68 192 68
49 186 38
94 161 86
134 218 134
143 186 134
2 160 2
70 130 62
190 194 182
183 233 176
35 204 26
15 36 8
88 143 80
64 72 56
194 217 194
40 157 32
4 37 1
1 188 1
197 245 188
115 191 104
59 157 50
78 123 68
102 105 92
51 256 44
74 102 74
93 200 86
218 244 218
26 65 26
2 188 2
84 154 74
2 200 2
42 81 32
8 22 8
241 250 230
18 61 8
59 181 50
29 179 20
34 106 26
12 176 2
108 190 98
86 113 86
9 173 2
94 196 86
173 255 164
20 182 20
92 224 92
136 228 128
67 215 56
20 41 20
22 68 14
108 215 98
168 217 158
152 194 152
76 219 68
4 256 1
148 236 140
17 212 8
150 202 140
217 251 206
73 153 62
134 251 134
35 42 26
98 249 98
70 150 62
128 139 128
165 219 158
95 219 86
121 179 110
116 127 116
71 160 62
130 233 122
130 224 122
109 189 98
38 87 38
69 140 62
5 75 1
5 136 1
32 79 32
14 132 14
18 174 8
39 253 32
16 52 8
87 233 80
132 219 122
192 194 182
136 145 128
8 206 8
87 166 80
181 189 170
1 223 1
23 41 14
20 127 20
136 221 128
25 77 14
61 164 50
176 204 176
194 206 194
98 175 98
73 89 62
48 209 38
122 150 122
101 205 92
138 213 128
73 160 62
61 172 50
105 234 98
233 244 224
188 219 188
153 189 146
87 230 80
146 243 146
52 56 44
50 120 50
10 96 2
220 226 212
130 196 122
72 175 62
134 189 134
4 161 1
102 183 92
151 177 140
138 169 128
4 49 1
146 229 146
86 97 86
186 210 176
117 126 110
158 242 158
62 173 62
150 167 140
61 200 50
49 159 38
44 100 44
38 138 38
62 107 62
147 253 140
193 216 182
22 55 14
21 29 14
129 165 122
123 193 116
172 201 164
90 255 80
86 114 86
128 159 128
44 84 44
24 45 14
104 120 104
61 70 50
33 111 26
230 248 230
49 147 38
149 192 140
155 229 146
204 251 194
65 134 56
9 44 2
214 232 206
74 141 74
51 165 44
207 248 200
107 238 98
177 193 170
212 253 212
75 220 68
38 155 38
4 61 1
9 110 2
6 100 1
4 17 1
1 142 1
102 135 92
99 160 92
46 161 38
53 104 44
79 146 68
22 118 14
14 56 14
78 168 68
109 223 98
152 182 152
152 218 152
129 229 122
93 165 86
68 136 68
31 199 20
50 118 50
74 88 74
213 222 206
237 251 230
21 59 14
5 196 1
62 93 62
2 31 2
45 78 38
10 91 2
62 184 62
227 250 218
62 170 62
18 124 8
116 225 116
92 121 92
31 32 20
141 151 134
170 210 170
188 200 188
65 251 56
233 253 224
212 234 212
158 251 158
32 149 32
24 206 14
122 235 122
57 64 50
27 170 20
173 211 164
20 190 20
32 68 32
74 105 74
149 154 140
167 233 158
30 141 20
110 148 110
100 163 92
2 166 2
117 143 110
191 247 182
194 220 194
62 100 62
76 88 68
139 169 128
45 128 38
26 53 26
196 232 188
74 170 74
208 217 200
51 172 44
9 166 2
209 252 200
49 79 38
40 74 32
53 233 44
50 127 50
28 250 20
55 126 44
201 246 194
145 174 134
161 183 152
97 220 86
224 239 224
94 255 86
116 174 116
100 139 92
124 133 116
242 249 242
95 190 86
75 165 68
127 163 116
121 243 110
160 168 152
168 183 158
74 231 74
14 101 14
99 178 92
9 30 2
60 230 50
15 219 8
62 237 62
109 126 98
38 50 38
97 186 86
35 140 26
92 212 92
41 157 32
20 126 20
157 166 146
65 230 56
193 206 182
207 216 200
165 181 158
75 218 68
80 237 80
132 169 122
135 201 128
116 126 116
80 118 80
69 98 62
72 215 62
59 177 50
44 110 44
123 161 116
39 113 32
4 243 1
24 223 14
134 156 134
110 139 110
14 110 14
40 82 32
85 165 74
40 156 32
44 78 44
53 110 44
188 253 188
52 244 44
110 163 110
38 109 38
67 108 56
125 217 116
22 191 14
81 105 74
222 246 212
165 225 158
205 235 194
95 205 86
119 149 110
116 159 116
121 166 110
96 160 86
162 249 152
79 95 68
128 232 128
149 197 140
93 159 86
73 199 62
126 222 116
73 244 62
89 100 80
91 184 80
68 167 68
200 238 200
50 198 50
142 175 134
4 225 1
44 193 44
93 216 86
178 228 170
8 192 8
1 81 1
30 223 20
184 249 176
16 157 8
116 217 116
13 228 2
211 230 200
19 34 8
114 250 104
68 176 68
213 234 206
5 194 1
26 169 26
56 135 56
69 90 62
146 221 146
14 242 14
65 177 56
2 56 2
62 229 62
138 183 128
3 251 1
20 123 20
8 87 8
94 205 86
99 216 92
96 193 86
9 181 2
4 193 1
68 87 68
90 99 80
83 137 74
33 44 26
59 237 50
86 243 86
68 118 68
1 37 1
158 232 158
97 212 86
67 218 56
162 215 152
3 88 1
56 215 56
98 107 98
67 101 56
78 182 68
26 40 26
53 197 44
1 34 1
109 153 98
67 186 56
110 224 110
205 247 194
133 172 122
160 192 152
6 72 1
31 196 20
16 110 8
128 147 128
152 234 152
28 141 20
5 233 1
196 203 188
62 200 62
63 143 56
110 186 110
69 241 62
128 194 128
74 173 74
32 60 32
68 114 68
86 189 86
61 142 50
14 196 14
27 118 20
109 218 98
140 166 140
50 135 50
34 218 26
36 120 26
120 165 110
2 195 2
141 197 134
22 243 14
8 161 8
170 217 170
154 252 146
70 237 62
123 244 116
226 252 218
123 217 116
49 194 38
171 216 164
19 147 8
45 52 38
44 195 44
98 219 98
31 165 20
89 149 80
145 172 134
9 32 2
13 28 2
158 176 158
32 210 32
130 177 122
95 216 86
161 177 152
82 187 74
48 59 38
20 118 20
172 230 164
78 243 68
172 212 164
27 183 20
146 157 146
110 251 110
191 219 182
32 175 32
117 193 110
52 243 44
18 229 8
150 163 140
169 176 158
94 122 86
34 152 26
225 253 218
118 152 110
10 223 2
175 243 164
107 172 98
165 196 158
56 248 56
23 92 14
30 157 20
1 114 1
41 220 32
87 185 80
225 250 218
92 206 92
32 59 32
26 135 26
127 249 116
68 89 68
80 218 80
166 225 158
59 94 50
126 197 116
176 229 176
144 195 134
106 250 98
157 181 146
15 155 8
34 121 26
51 61 44
175 189 164
10 88 2
253 256 242
1 72 1
2 115 2
15 248 8
23 208 14
89 163 80
26 128 26
62 190 62
78 222 68
67 113 56
8 38 8
4 240 1
145 189 134
152 212 152
101 236 92
99 223 92
28 181 20
41 239 32
210 238 200
71 85 62
80 101 80
91 171 80
65 173 56
3 68 1
2 26 2
96 225 86
1 80 1
92 155 92
92 241 92
91 100 80
29 91 20
48 161 38
32 112 32
209 233 200
182 193 182
104 147 104
22 46 14
54 242 44
14 109 14
4 212 1
209 247 200
46 228 38
1 102 1
21 75 14
92 126 92
80 192 80
129 211 122
91 116 80
74 221 74
13 80 2
46 238 38
80 151 80
26 243 26
133 168 122
32 146 32
74 103 74
163 169 152
121 128 110
2 234 2
105 229 98
95 231 86
44 69 44
146 177 146
92 122 92
1 231 1
116 218 116
182 233 182
60 214 50
32 64 32
120 146 110
189 216 182
192 223 182
155 168 146
189 225 182
71 226 62
115 194 104
208 219 200
53 144 44
1 99 1
124 149 116
8 135 8
163 242 152
83 235 74
141 251 134
11 46 2
137 242 128
84 123 74
49 137 38
29 247 20
11 44 2
19 88 8
50 58 50
4 137 1
162 205 152
196 214 188
54 133 44
172 184 164
66 197 56
31 238 20
14 59 14
188 251 188
73 122 62
168 219 158
93 186 86
26 94 26
98 212 98
30 127 20
129 195 122
99 104 92
99 159 92
56 140 56
25 226 14
54 91 44
94 238 86
173 232 164
93 122 86
92 120 92
55 65 44
184 244 176
143 168 134
95 171 86
100 192 92
171 208 164
85 244 74
136 141 128
139 210 128
162 207 152
61 91 50
19 202 8
123 162 116
159 198 152
51 217 44
26 105 26
19 180 8
8 193 8
215 249 206
127 211 116
104 111 104
20 113 20
110 237 110
43 123 32
238 253 230
74 101 74
103 152 92
150 169 140
142 216 134
77 239 68
190 256 182
28 65 20
45 119 38
45 214 38
32 100 32
65 228 56
219 250 212
26 131 26
92 236 92
177 226 170
131 155 122
23 200 14
151 234 140
98 156 98
26 170 26
104 246 104
49 84 38
75 213 68
86 125 86
1 222 1
28 73 20
33 92 26
83 211 74
92 167 92
233 247 224
105 233 98
132 221 122
140 165 140
142 239 134
20 63 20
178 226 170
109 216 98
34 65 26
33 172 26
14 80 14
88 224 80
232 256 224
71 96 62
11 104 2
141 255 134
105 179 98
75 147 68
96 140 86
74 192 74
16 56 8
225 234 218
140 209 140
214 227 206
44 240 44
110 216 110
43 68 32
183 193 176
203 249 194
49 83 38
15 125 8
34 91 26
2 50 2
122 230 122
100 107 92
51 162 44
46 87 38
38 218 38
119 123 110
14 160 14
14 144 14
92 153 92
156 169 146
20 158 20
20 80 20
139 157 128
5 145 1
40 149 32
92 141 92
27 239 20
84 241 74
172 194 164
26 34 26
162 214 152
44 172 44
59 152 50
28 38 20
104 203 104
47 164 38
115 196 104
16 132 8
146 185 146
59 110 50
150 227 140
44 180 44
166 179 158
68 86 68
50 64 50
172 216 164
80 256 80
50 156 50
49 235 38
25 143 14
113 126 104
211 222 200
122 182 122
3 14 1
192 236 182
144 159 134
43 213 32
11 187 2
65 241 56
181 209 170
74 151 74
194 209 194
156 242 146
36 127 26
56 250 56
83 143 74
68 95 68
75 207 68
8 226 8
19 199 8
100 206 92
9 194 2
18 181 8
74 90 74
56 200 56
10 168 2
65 159 56
142 228 134
30 79 20
125 142 116
41 236 32
82 130 74
55 68 44
150 157 140
175 207 164
172 199 164
88 188 80
91 182 80
171 225 164
68 78 68
11 102 2
61 224 50
18 34 8
21 114 14
216 227 206
216 255 206
31 204 20
75 230 68
177 248 170
123 199 116
99 252 92
31 105 20
200 251 200
7 147 1
92 234 92
116 183 116
66 154 56
78 200 68
1 229 1
152 215 152
90 205 80
130 179 122
180 256 170
6 21 1
11 127 2
14 70 14
80 163 80
20 58 20
67 182 56
79 205 68
65 220 56
40 105 32
8 79 8
54 233 44
123 135 116
27 227 20
72 111 62
97 144 86
199 245 188
125 200 116
23 69 14
41 155 32
75 238 68
92 123 92
109 180 98
26 134 26
68 220 68
59 224 50
36 55 26
168 212 158
110 211 110
50 177 50
148 157 140
61 204 50
41 122 32
13 91 2
19 246 8
152 231 152
142 187 134
63 252 56
38 125 38
181 233 170
30 129 20
23 228 14
47 133 38
1 135 1
133 136 122
24 184 14
2 114 2
110 142 110
32 47 32
103 129 92
72 99 62
48 110 38
14 89 14
17 146 8
213 243 206
61 208 50
54 125 44
8 166 8
38 117 38
21 151 14
73 148 62
18 144 8
78 228 68
160 242 152
24 43 14
44 123 44
18 142 8
48 102 38
160 201 152
20 59 20
20 51 20
120 213 110
50 108 50
32 66 32
22 174 14
67 153 56
67 140 56
145 153 134
166 171 158
55 218 44
90 208 80
44 136 44
16 151 8
101 213 92
164 182 164
54 110 44
206 232 206
158 241 158
14 227 14
100 148 92
14 108 14
129 235 122
93 184 86
96 197 86
209 222 200
71 179 62
162 188 152
60 94 50
75 105 68
13 22 2
131 219 122
101 212 92
72 90 62
3 156 1
38 112 38
188 210 188
16 109 8
31 71 20
35 128 26
67 132 56
124 164 116
83 90 74
8 248 8
155 208 146
1 69 1
88 221 80
124 130 116
8 253 8
20 180 20
122 229 122
8 184 8
124 201 116
37 197 26
128 222 128
126 169 116
144 181 134
111 162 104
73 210 62
132 146 122
40 109 32
77 146 68
75 178 68
209 253 200
146 155 146
218 239 218
192 242 182
85 208 74
61 125 50
63 103 56
61 134 50
62 78 62
96 104 86
59 142 50
40 228 32
15 202 8
26 235 26
75 175 68
96 131 86
67 114 56
158 215 158
187 249 176
134 147 134
150 251 140
133 158 122
170 222 170
1 166 1
27 54 20
38 77 38
10 147 2
221 247 212
99 135 92
89 243 80
96 209 86
151 237 140
134 232 134
168 226 158
152 177 152
104 231 104
134 239 134
100 121 92
14 79 14
14 140 14
201 230 194
6 151 1
197 253 188
74 127 74
59 88 50
204 255 194
73 109 62
12 47 2
62 137 62
45 76 38
64 154 56
131 237 122
62 147 62
98 106 98
112 174 104
80 138 80
50 217 50
241 242 230
2 174 2
50 240 50
179 213 170
180 216 170
104 166 104
90 169 80
128 182 128
54 194 44
134 163 134
181 255 170
183 223 176
204 212 194
44 142 44
40 56 32
135 227 128
54 211 44
39 96 32
88 245 80
177 240 170
75 244 68
129 193 122
74 157 74
21 34 14
2 203 2
120 210 110
50 179 50
185 207 176
115 217 104
58 119 50
148 212 140
62 108 62
126 229 116
81 179 74
112 192 104
36 187 26
2 153 2
116 140 116
54 112 44
57 207 50
186 198 176
116 172 116
100 232 92
37 211 26
34 229 26
85 222 74
143 195 134
228 232 218
39 180 32
80 245 80
145 149 134
28 60 20
129 189 122
177 241 170
20 209 20
106 155 98
227 233 218
212 228 212
111 247 104
112 153 104
1 94 1
14 251 14
225 240 218
116 169 116
12 134 2
50 101 50
128 156 128
2 78 2
118 190 110
20 45 20
38 63 38
62 220 62
174 224 164
98 126 98
109 235 98
141 213 134
8 180 8
93 168 86
28 68 20
216 236 206
141 247 134
51 235 44
207 217 200
128 251 128
118 230 110
139 141 128
195 249 188
71 253 62
208 242 200
67 234 56
2 83 2
89 231 80
32 120 32
26 92 26
182 214 182
2 175 2
140 201 140
55 64 44
95 191 86
127 191 116
213 232 206
88 185 80
83 131 74
8 61 8
66 253 56
38 220 38
146 198 146
71 135 62
130 215 122
148 160 140
16 195 8
70 96 62
1 92 1
68 253 68
164 231 164
2 91 2
26 166 26
131 240 122
26 60 26
237 252 230
94 167 86
20 165 20
237 256 230
139 194 128
244 256 236
192 212 182
83 247 74
176 182 176
116 128 116
143 151 134
54 131 44
85 210 74
43 44 32
92 200 92
14 73 14
87 101 80
178 237 170
56 206 56
8 100 8
26 256 26
135 216 128
87 237 80
192 200 182
111 249 104
176 201 176
194 236 194
23 128 14
23 29 14
104 220 104
89 183 80
51 92 44
38 195 38
23 26 14
56 151 56
1 119 1
226 230 218
69 142 62
195 246 188
140 186 140
108 175 98
3 43 1
183 235 176
231 240 224
126 178 116
66 73 56
34 53 26
119 172 110
223 247 212
148 252 140
107 205 98
107 123 98
196 253 188
69 243 62
18 59 8
70 206 62
152 224 152
60 215 50
42 118 32
85 156 74
84 240 74
56 89 56
42 195 32
20 178 20
26 165 26
86 115 86
207 239 200
22 198 14
14 233 14
214 236 206
147 171 140
40 177 32
161 250 152
223 230 212
12 91 2
191 210 182
178 215 170
198 222 188
90 204 80
49 175 38
124 178 116
122 168 122
209 220 200
67 211 56
100 115 92
44 231 44
13 105 2
26 81 26
74 235 74
104 183 104
30 200 20
5 42 1
89 202 80
205 229 194
118 221 110
168 175 158
34 139 26
99 166 92
95 174 86
144 211 134
114 255 104
211 216 200
56 204 56
101 128 92
205 228 194
20 84 20
145 232 134
60 226 50
3 35 1
103 106 92
110 189 110
18 98 8
66 207 56
208 229 200
152 222 152
117 125 110
105 137 98
4 252 1
39 226 32
73 118 62
61 95 50
8 230 8
138 202 128
205 208 194
70 225 62
146 194 146
73 243 62
65 195 56
3 127 1
53 139 44
156 223 146
86 197 86
45 140 38
70 146 62
165 231 158
80 139 80
98 214 98
38 96 38
44 91 44
87 186 80
15 153 8
16 239 8
121 191 110
2 151 2
23 204 14
182 230 182
16 199 8
38 170 38
136 165 128
77 135 68
97 218 86
1 90 1
21 35 14
205 206 194
100 159 92
63 163 56
62 210 62
120 185 110
6 211 1
221 227 212
198 235 188
13 87 2
173 193 164
98 201 98
46 208 38
18 113 8
70 232 62
80 88 80
5 137 1
128 134 128
87 112 80
163 232 152
58 178 50
49 92 38
22 39 14
186 229 176
92 256 92
31 158 20
74 204 74
8 231 8
110 123 110
129 157 122
239 243 230
130 155 122
155 188 146
73 218 62
15 177 8
82 122 74
151 187 140
32 191 32
128 185 128
128 219 128
220 244 212
32 85 32
9 145 2
100 233 92
60 210 50
66 241 56
196 229 188
68 195 68
118 136 110
130 205 122
67 223 56
14 104 14
202 250 194
149 225 140
188 220 188
149 152 140
27 67 20
181 212 170
62 88 62
167 255 158
86 164 86
86 96 86
97 146 86
55 115 44
239 246 230
140 199 140
18 145 8
42 85 32
207 224 200
133 192 122
2 192 2
38 153 38
70 75 62
128 189 128
80 167 80
101 226 92
92 245 92
164 199 164
73 163 62
35 72 26
64 240 56
33 208 26
30 177 20
6 54 1
127 132 116
31 79 20
54 231 44
151 249 140
69 218 62
154 239 146
228 249 218
18 83 8
156 175 146
167 249 158
132 211 122
1 49 1
116 205 116
53 98 44
195 222 188
182 222 182
154 173 146
181 240 170
44 213 44
153 222 146
3 197 1
32 96 32
99 116 92
7 69 1
94 107 86
79 198 68
3 31 1
128 179 128
67 252 56
1 209 1
224 250 224
140 245 140
135 245 128
61 80 50
217 229 206
51 110 44
133 170 122
245 255 236
153 208 146
128 193 128
78 209 68
219 233 212
58 171 50
84 235 74
7 241 1
127 225 116
30 42 20
93 206 86
62 119 62
28 41 20
83 204 74
108 245 98
59 234 50
38 239 38
31 153 20
141 163 134
194 231 194
138 141 128
171 245 164
50 234 50
227 239 218
174 202 164
181 241 170
141 183 134
179 250 170
145 229 134
92 191 92
153 180 146
67 237 56
25 86 14
35 180 26
57 106 50
98 160 98
38 147 38
125 170 116
4 56 1
90 164 80
150 161 140
31 99 20
101 189 92
80 113 80
157 239 146
223 235 212
98 127 98
164 177 164
24 189 14
174 211 164
38 171 38
41 68 32
134 146 134
63 255 56
169 226 158
95 204 86
107 122 98
217 225 206
148 165 140
68 229 68
137 187 128
144 170 134
96 172 86
80 100 80
89 220 80
221 252 212
125 160 116
148 227 140
94 218 86
63 156 56
44 57 44
167 205 158
38 92 38
50 61 50
89 177 80
245 250 236
52 168 44
22 110 14
155 245 146
91 166 80
167 219 158
38 196 38
41 233 32
1 65 1
89 195 80
176 219 176
20 114 20
8 189 8
189 228 182
134 183 134
95 235 86
103 193 92
37 84 26
170 232 170
134 212 134
38 210 38
191 222 182
22 105 14
72 243 62
108 123 98
33 98 26
57 91 50
5 239 1
55 232 44
60 175 50
82 236 74
137 172 128
20 117 20
95 161 86
54 181 44
108 121 98
7 154 1
5 70 1
146 205 146
119 127 110
1 212 1
84 168 74
20 64 20
2 99 2
64 74 56
137 251 128
50 148 50
1 54 1
51 169 44
103 157 92
31 184 20
80 166 80
69 139 62
241 255 230
13 100 2
169 200 158
104 113 104
44 150 44
69 231 62
121 209 110
14 173 14
122 185 122
54 151 44
13 45 2
13 172 2
114 189 104
14 102 14
29 74 20
160 205 152
41 56 32
32 208 32
42 48 32
54 165 44
2 230 2
99 128 92
47 117 38
184 203 176
228 252 218
42 113 32
80 159 80
52 100 44
146 232 146
126 167 116
22 152 14
162 186 152
2 253 2
9 31 2
222 241 212
38 199 38
88 114 80
55 164 44
98 131 98
47 118 38
32 214 32
52 225 44
45 194 38
180 243 170
70 169 62
108 132 98
19 159 8
32 126 32
100 104 92
27 246 20
38 187 38
57 93 50
62 117 62
196 204 188
197 228 188
129 145 122
54 216 44
223 233 212
246 255 236
11 241 2
5 227 1
26 72 26
75 255 68
171 223 164
195 243 188
1 85 1
47 102 38
45 69 38
97 234 86
39 65 32
177 249 170
29 223 20
76 134 68
93 152 86
6 141 1
2 66 2
194 234 194
92 253 92
28 238 20
5 185 1
137 253 128
55 89 44
178 229 170
181 244 170
188 224 188
143 172 134
93 140 86
103 202 92
89 92 80
31 100 20
61 225 50
55 121 44
50 103 50
26 217 26
1 256 1
140 160 140
73 216 62
101 160 92
1 211 1
28 79 20
3 117 1
2 46 2
7 152 1
8 220 8
129 221 122
159 220 152
12 205 2
168 200 158
14 203 14
45 137 38
67 100 56
86 237 86
232 242 224
65 201 56
196 225 188
71 109 62
53 106 44
71 103 62
5 192 1
192 226 182
166 210 158
148 171 140
154 255 146
1 132 1
231 238 224
93 246 86
104 115 104
68 127 68
196 212 188
103 197 92
104 130 104
11 30 2
43 106 32
189 233 182
124 180 116
26 67 26
45 186 38
62 68 62
42 170 32
78 218 68
47 107 38
136 216 128
206 216 206
29 241 20
107 119 98
92 157 92
129 155 122
68 147 68
12 148 2
87 216 80
131 135 122
31 232 20
120 151 110
78 227 68
141 173 134
32 50 32
18 126 8
129 245 122
55 70 44
102 212 92
14 50 14
64 171 56
190 234 182
148 239 140
8 151 8
208 212 200
176 184 176
59 86 50
143 173 134
32 194 32
124 146 116
223 227 212
31 186 20
2 58 2
16 167 8
176 210 176
39 77 32
39 193 32
20 145 20
26 223 26
36 158 26
112 201 104
14 138 14
222 238 212
86 152 86
80 146 80
11 116 2
88 173 80
218 248 218
174 220 164
91 143 80
206 220 206
86 245 86
18 154 8
130 184 122
193 232 182
7 16 1
32 160 32
25 225 14
42 193 32
137 218 128
76 253 68
67 162 56
57 116 50
134 230 134
176 235 176
183 236 176
44 134 44
108 205 98
77 165 68
10 229 2
93 252 86
26 52 26
123 145 116
140 228 140
85 103 74
130 159 122
190 240 182
56 160 56
131 161 122
146 216 146
34 66 26
27 140 20
145 170 134
53 114 44
75 93 68
82 144 74
15 70 8
84 230 74
72 91 62
56 186 56
43 156 32
234 248 224
61 107 50
174 230 164
50 193 50
68 186 68
42 76 32
118 243 110
128 158 128
47 151 38
38 52 38
176 218 176
81 211 74
142 243 134
8 112 8
25 139 14
68 194 68
217 228 206
62 75 62
2 224 2
10 234 2
60 177 50
166 249 158
159 165 152
145 168 134
68 140 68
122 144 122
156 251 146
126 238 116
181 224 170
189 242 182
156 190 146
3 134 1
10 240 2
119 185 110
61 64 50
82 146 74
212 250 212
44 151 44
199 238 188
175 202 164
243 255 236
71 231 62
73 187 62
126 163 116
35 105 26
123 136 116
127 206 116
100 188 92
7 151 1
128 201 128
152 192 152
17 74 8
16 202 8
55 204 44
155 185 146
8 175 8
14 252 14
84 106 74
191 250 182
156 228 146
17 251 8
103 123 92
73 88 62
45 58 38
8 129 8
10 34 2
162 220 152
170 196 170
123 156 116
58 234 50
13 90 2
109 169 98
65 193 56
122 244 122
152 171 152
67 84 56
120 177 110
88 142 80
94 117 86
115 224 104
4 47 1
9 71 2
33 214 26
69 194 62
33 168 26
104 171 104
159 176 152
22 207 14
92 226 92
54 144 44
119 176 110
143 216 134
180 217 170
140 202 140
141 212 134
4 52 1
14 86 14
95 143 86
92 247 92
138 173 128
94 214 86
136 241 128
66 171 56
74 91 74
134 158 134
74 114 74
37 124 26
149 189 140
47 136 38
113 242 104
85 193 74
44 80 44
88 135 80
50 92 50
101 217 92
191 251 182
59 101 50
55 60 44
133 176 122
118 247 110
116 163 116
10 134 2
20 210 20
44 252 44
29 243 20
65 80 56
26 142 26
152 237 152
17 69 8
186 230 176
18 171 8
146 161 146
138 195 128
140 251 140
196 230 188
140 218 140
198 221 188
70 142 62
226 237 218
110 144 110
80 87 80
33 104 26
111 117 104
67 202 56
110 133 110
104 145 104
77 86 68
83 212 74
36 51 26
56 247 56
186 228 176
16 117 8
195 228 188
188 194 188
69 224 62
92 112 92
3 143 1
98 229 98
101 146 92
134 238 134
183 245 176
199 243 188
2 162 2
82 185 74
10 140 2
48 146 38
154 197 146
112 155 104
20 79 20
36 188 26
102 108 92
19 252 8
158 197 158
162 204 152
190 251 182
23 32 14
149 213 140
10 241 2
25 159 14
151 167 140
10 30 2
202 212 194
92 181 92
80 111 80
26 75 26
74 241 74
104 176 104
28 176 20
177 242 170
60 208 50
192 246 182
174 249 164
106 122 98
146 224 146
133 196 122
41 55 32
44 116 44
7 187 1
80 108 80
173 241 164
47 256 38
98 251 98
44 102 44
136 174 128
32 55 32
1 164 1
224 251 224
113 173 104
194 237 194
8 181 8
211 224 200
176 199 176
201 251 194
8 90 8
57 127 50
192 216 182
183 230 176
35 231 26
23 161 14
104 177 104
56 232 56
68 214 68
117 225 110
132 192 122
134 149 134
142 146 134
138 167 128
34 219 26
38 146 38
172 178 164
100 221 92
157 171 146
104 244 104
68 111 68
126 161 116
150 162 140
35 143 26
143 191 134
65 88 56
1 52 1
18 117 8
136 144 128
8 176 8
164 256 164
12 18 2
51 128 44
204 208 194
117 220 110
45 94 38
40 161 32
156 160 146
80 143 80
128 167 128
24 129 14
104 158 104
23 77 14
2 154 2
99 161 92
31 214 20
2 109 2
112 242 104
155 175 146
4 123 1
36 208 26
72 229 62
47 123 38
44 237 44
8 14 8
121 226 110
7 49 1
40 187 32
64 208 56
143 162 134
17 21 8
139 203 128
38 213 38
33 174 26
71 106 62
56 249 56
68 168 68
71 166 62
143 205 134
57 219 50
20 220 20
3 24 1
161 243 152
141 228 134
117 227 110
37 242 26
75 122 68
9 97 2
44 132 44
83 228 74
154 202 146
98 215 98
9 129 2
110 205 110
247 250 236
3 202 1
20 256 20
200 230 200
186 247 176
139 182 128
64 203 56
160 175 152
10 154 2
43 46 32
97 120 86
65 185 56
195 227 188
175 240 164
103 180 92
11 197 2
88 108 80
129 223 122
206 255 206
86 158 86
59 196 50
39 234 32
48 149 38
86 202 86
128 149 128
174 190 164
80 184 80
78 103 68
40 146 32
198 241 188
140 175 140
18 237 8
73 99 62
180 230 170
54 156 44
118 201 110
227 236 218
69 166 62
192 239 182
39 111 32
32 119 32
137 243 128
8 106 8
62 230 62
78 157 68
84 155 74
79 85 68
173 180 164
6 241 1
64 182 56
30 164 20
125 168 116
75 106 68
132 243 122
104 222 104
21 224 14
45 121 38
80 204 80
62 84 62
62 174 62
26 82 26
1 143 1
29 108 20
183 211 176
87 241 80
1 237 1
32 94 32
50 124 50
52 99 44
6 132 1
