128 4102
76 111 76
21 99 1
62 125 106
46 56 69
39 96 118
84 96 118
108 126 126
9 102 103
31 98 69
56 60 29
16 19 118
29 51 29
13 67 58
92 108 105
12 22 2
59 79 76
123 126 126
71 104 107
86 94 28
12 78 107
30 57 30
82 116 29
29 86 29
30 50 107
97 100 82
18 115 66
1 107 1
48 77 81
2 73 2
32 46 1
23 63 20
9 69 69
82 117 82
116 125 29
53 57 53
48 84 106
34 94 58
30 88 1
99 117 1
4 84 103
17 58 58
79 109 53
15 60 29
103 114 76
63 81 81
29 53 29
92 105 105
9 82 103
28 79 28
27 100 82
6 20 126
27 119 65
23 110 2
1 24 1
28 126 28
25 49 76
40 112 66
8 96 118
113 126 126
9 20 103
14 46 69
17 19 118
53 85 53
33 80 75
26 61 30
4 34 103
54 64 64
8 44 8
96 98 69
97 106 106
61 92 30
2 30 30
60 86 29
118 124 28
61 91 30
68 94 58
43 118 118
112 116 29
14 113 74
28 115 28
9 68 103
59 103 76
13 26 58
72 73 64
77 112 81
27 51 28
85 90 53
19 80 118
13 75 75
40 84 65
108 125 106
58 94 58
6 30 30
13 43 105
48 50 107
98 123 69
102 121 121
22 26 2
69 107 107
75 84 75
85 121 121
89 96 64
37 118 118
88 107 1
35 105 49
18 112 66
5 18 103
57 113 126
36 87 74
26 31 58
40 95 31
96 123 118
34 68 82
76 94 76
1 52 1
20 111 8
19 120 30
43 71 121
57 96 126
42 67 121
6 73 126
91 123 82
4 103 103
40 123 31
24 83 69
70 120 30
7 66 66
1 103 1
61 66 30
11 28 28
36 114 76
95 110 2
25 28 28
3 61 30
48 81 81
26 57 126
96 106 106
61 121 121
23 50 107
90 112 66
35 62 49
24 40 64
46 96 69
21 106 106
5 102 44
21 121 121
11 77 81
59 92 76
26 105 58
2 77 81
15 89 66
65 105 105
9 118 103
113 121 121
1 70 1
96 101 118
11 40 81
87 98 69
56 117 14
4 74 74
62 91 82
53 113 53
22 121 121
42 93 121
32 87 1
11 43 81
37 49 49
92 117 14
39 78 107
10 24 64
1 87 1
40 125 106
12 58 58
66 126 66
52 81 81
62 114 76
92 93 14
52 86 28
37 47 30
62 65 65
22 111 2
86 109 28
8 57 126
47 57 30
42 66 121
26 71 121
4 63 103
18 29 29
17 26 58
42 98 121
15 113 66
64 88 1
80 121 121
101 121 121
11 35 81
20 60 29
53 54 53
81 128 121
15 123 66
29 76 29
54 58 58
88 95 1
20 62 20
15 116 29
2 96 2
35 86 28
70 126 126
31 119 65
36 99 1
13 74 74
15 102 66
9 18 103
100 118 118
28 58 28
28 31 28
13 117 105
24 91 64
46 89 69
37 40 8
29 112 29
74 126 126
43 105 105
119 128 121
75 118 75
21 86 28
29 88 1
66 107 107
8 78 107
48 72 64
1 38 1
71 85 121
20 69 69
75 94 75
59 81 81
28 49 28
10 62 10
16 49 49
51 125 28
12 87 74
28 72 28
20 82 20
14 30 30
82 119 82
114 123 76
29 41 29
4 123 103
63 102 65
59 77 81
27 68 56
48 104 107
49 65 49
116 118 29
15 105 66
27 84 65
29 60 29
19 28 28
63 110 2
23 115 66
40 71 121
81 126 81
23 86 28
10 67 58
78 112 107
67 100 58
19 76 76
46 48 69
6 22 2
25 120 30
14 105 105
110 119 2
12 34 20
80 125 106
92 114 76
96 128 121
85 126 126
37 66 66
33 106 106
14 111 8
27 40 31
31 46 69
28 67 28
87 113 74
76 77 81
60 123 29
29 127 29
79 120 30
2 118 2
43 102 14
47 99 1
28 40 28
21 77 81
61 88 1
9 128 121
9 91 103
66 112 66
60 99 1
12 61 30
15 87 66
28 66 28
57 70 126
20 44 20
6 7 126
24 125 64
91 95 82
64 78 107
68 102 56
50 124 107
61 75 30
38 52 81
16 66 66
36 97 56
79 107 107
56 67 58
28 90 28
92 118 118
54 88 1
23 40 20
3 15 66
40 117 14
71 107 107
28 44 28
40 58 58
94 111 58
60 107 29
72 83 69
4 13 103
1 31 1
84 112 66
59 68 76
69 79 69
64 106 64
43 51 28
11 76 81
31 117 14
17 44 8
14 54 14
22 67 2
3 127 29
41 123 75
48 120 30
81 113 81
76 112 76
9 30 30
114 117 76
40 90 53
76 79 76
8 117 8
19 41 75
11 75 81
33 47 30
85 110 2
56 108 105
44 100 82
24 69 69
101 103 103
28 89 28
14 125 106
97 116 29
22 87 2
61 70 30
110 121 121
44 80 118
55 88 1
68 83 69
10 90 53
39 40 31
5 127 29
6 21 126
54 62 10
34 61 30
68 107 107
70 86 28
39 92 31
83 124 28
33 37 75
13 114 76
62 107 107
62 92 31
10 82 82
1 61 1
2 74 2
22 72 2
80 103 103
81 122 81
1 79 1
1 68 1
40 49 49
17 55 2
11 52 81
30 62 30
13 49 49
64 79 53
87 128 121
6 47 30
39 81 81
21 32 1
31 43 14
83 115 69
6 15 66
5 100 82
30 77 30
58 73 126
45 118 118
107 112 107
39 126 126
4 49 103
54 120 30
2 81 81
50 70 107
7 88 1
30 114 30
57 121 121
29 50 29
28 63 28
26 111 58
54 104 107
47 123 30
46 69 69
35 117 49
100 106 106
36 72 64
59 71 121
34 90 53
30 89 30
3 70 49
121 125 121
21 54 20
5 71 121
19 27 118
7 113 74
2 46 2
45 80 118
30 90 30
3 47 30
15 29 29
20 26 58
29 77 29
106 113 106
9 55 2
14 37 8
67 94 58
2 69 2
62 69 69
3 62 10
80 91 118
71 108 121
7 26 75
1 67 1
121 126 121
10 44 10
83 101 69
28 29 29
68 105 105
13 93 105
31 73 126
45 113 74
4 40 103
56 127 29
68 77 81
39 93 14
52 102 81
6 84 126
60 120 29
11 23 81
13 28 28
1 12 1
40 85 74
7 78 107
110 125 2
24 55 2
30 125 30
2 107 107
55 99 1
21 50 107
49 76 76
38 103 103
64 87 64
27 113 74
94 122 106
2 99 1
93 100 82
11 58 81
86 124 28
15 127 29
104 108 107
39 123 123
86 106 28
49 107 107
17 20 8
27 36 56
17 25 76
31 91 82
15 32 1
90 116 29
35 66 66
80 108 118
19 99 1
29 69 29
39 75 75
6 64 64
41 70 75
4 99 1
6 83 69
23 99 1
11 34 81
26 123 58
81 125 81
43 74 74
83 121 121
7 76 76
7 28 28
51 67 28
10 113 74
52 85 81
48 58 106
13 48 106
42 79 121
46 95 69
30 86 28
94 96 58
3 93 14
81 114 81
28 61 28
84 102 65
80 101 118
1 99 1
1 25 1
30 36 30
65 106 106
64 86 28
87 89 64
30 110 30
51 107 107
9 81 81
35 53 53
67 120 30
34 35 49
8 38 8
37 53 53
47 61 30
11 114 81
30 75 30
60 113 29
23 106 106
34 105 105
56 101 105
4 53 53
21 48 106
4 56 103
32 70 1
46 81 81
41 43 75
81 86 28
4 48 106
65 92 65
83 107 107
33 40 75
2 126 2
36 62 56
46 104 107
34 39 82
40 61 30
12 111 8
83 120 30
74 85 74
57 119 126
62 86 28
86 98 28
18 111 103
7 60 29
64 111 64
96 119 118
23 62 20
107 122 107
94 118 58
17 29 29
50 51 107
107 116 29
24 99 1
2 92 2
27 45 49
15 16 66
80 123 118
93 114 76
26 87 74
69 81 81
17 111 8
22 81 81
52 76 81
40 64 64
8 28 28
101 117 105
9 59 76
38 74 74
4 61 30
81 94 81
44 98 69
66 67 66
30 52 30
17 43 8
74 119 74
21 42 121
17 96 118
57 67 126
3 46 69
47 88 1
66 127 29
13 23 20
48 70 106
7 15 66
24 74 64
88 119 1
62 93 14
26 33 75
34 110 2
58 108 58
70 119 49
18 77 81
61 107 107
19 22 2
70 113 74
64 117 64
55 76 2
55 65 2
5 27 31
57 88 1
80 85 74
80 93 118
53 72 53
101 115 66
29 91 29
44 114 76
15 81 81
45 74 74
44 126 126
66 105 66
22 58 2
84 123 65
20 80 118
54 90 53
5 97 56
80 104 107
44 95 44
27 79 53
44 52 81
41 103 75
29 110 29
93 111 8
27 116 29
9 110 2
55 116 29
26 55 2
58 79 53
29 61 29
6 10 126
5 113 74
36 105 105
45 73 126
108 121 121
73 106 106
5 121 121
33 76 76
33 74 74
27 43 14
41 100 75
82 100 82
56 68 56
106 123 106
61 120 30
10 105 105
48 86 28
1 89 1
44 59 76
105 116 29
18 49 103
27 70 49
15 26 66
72 76 76
8 63 8
38 121 121
77 108 81
64 118 64
88 108 1
21 23 20
40 77 81
9 114 76
21 46 69
17 116 29
74 122 106
40 65 65
40 97 56
69 83 69
72 94 64
19 117 118
4 51 28
30 34 30
42 89 121
74 104 107
75 81 81
65 116 29
62 73 126
34 121 121
3 100 82
60 92 29
5 37 8
78 87 107
31 96 118
40 63 65
2 32 1
28 106 28
35 39 49
46 60 29
69 118 69
57 76 76
32 74 1
67 123 58
59 87 76
86 110 28
93 103 103
22 73 2
11 30 30
80 106 106
30 102 30
20 117 20
26 121 121
72 74 64
17 47 30
6 74 126
21 111 8
90 109 53
19 75 75
27 80 118
18 67 58
36 125 106
8 58 58
3 48 106
70 103 103
124 127 29
23 107 107
51 88 1
54 96 118
38 56 56
50 113 107
9 58 58
96 112 66
23 27 20
53 97 53
13 14 105
9 98 69
74 94 74
22 42 121
42 59 121
101 105 105
45 107 107
29 49 29
54 81 81
31 33 75
47 73 30
102 118 118
81 83 81
17 108 8
57 100 126
17 93 8
2 110 2
17 68 8
3 128 121
48 76 76
18 38 103
66 122 66
92 122 106
37 103 103
17 60 29
75 107 107
13 21 20
74 127 29
10 84 65
5 106 106
57 64 64
54 119 65
44 97 56
1 27 1
9 76 76
103 116 29
78 84 107
27 114 76
40 121 121
28 107 107
12 81 81
30 39 30
60 87 29
19 49 118
56 70 49
68 124 28
69 93 69
17 73 126
76 126 76
33 39 75
53 112 66
12 119 20
37 51 28
3 109 53
106 127 29
13 68 105
26 66 66
29 92 29
32 111 1
92 109 53
41 105 75
46 53 69
42 86 121
56 84 65
101 106 106
82 84 82
54 94 58
32 57 1
45 92 49
93 112 66
22 24 2
51 58 28
52 80 81
67 69 69
58 82 58
104 107 107
6 93 126
101 110 2
19 68 118
65 89 64
56 115 66
9 66 66
111 113 74
35 36 49
47 121 121
4 52 81
17 38 8
5 67 58
34 100 82
33 122 106
29 78 29
1 20 1
53 64 53
107 113 107
23 102 20
78 121 107
57 73 126
7 58 75
72 107 107
71 121 121
1 69 1
76 95 76
25 119 76
6 24 64
32 36 1
51 123 28
66 120 30
12 82 20
29 89 29
26 69 69
67 116 29
14 44 14
93 123 14
36 82 82
80 105 118
81 88 1
44 124 28
25 58 76
53 78 107
89 126 64
59 95 76
27 107 107
54 57 126
42 62 121
39 101 105
26 104 107
19 73 126
42 90 121
3 36 56
54 121 121
30 42 121
46 57 69
4 97 103
2 59 2
33 123 75
45 77 81
58 86 28
23 118 118
40 102 31
28 73 28
27 29 29
24 36 64
48 113 106
82 99 1
50 59 107
10 111 8
9 36 103
44 47 30
62 81 81
10 78 107
75 103 75
31 95 31
50 121 107
125 128 121
93 113 74
17 110 2
30 67 30
6 26 126
108 119 105
44 125 106
75 93 75
93 109 53
116 127 29
7 79 53
94 102 58
53 87 53
14 120 30
85 99 1
46 90 69
32 95 1
23 53 53
22 62 2
23 65 20
14 69 69
36 117 14
40 72 64
5 118 118
29 114 29
48 122 106
47 116 29
108 115 66
30 92 30
1 72 1
35 106 106
115 117 66
40 108 105
22 28 28
1 42 1
31 52 81
28 113 28
11 121 121
68 104 107
1 41 1
1 128 1
2 109 2
51 85 28
25 81 81
81 111 81
98 113 69
87 120 30
59 100 76
105 123 105
37 48 106
9 119 103
20 66 66
64 96 64
47 76 30
38 39 44
12 36 20
5 16 10
34 118 118
13 87 74
3 84 65
61 118 30
18 40 103
93 96 118
4 9 103
2 29 29
43 75 75
85 87 74
31 108 105
16 64 64
15 106 66
7 110 2
74 78 107
12 31 20
18 125 106
28 76 28
16 26 58
98 102 69
30 64 30
77 121 121
86 121 121
16 54 10
78 97 107
36 69 69
33 43 75
11 108 81
3 116 29
81 106 81
62 87 74
1 90 1
23 37 8
72 89 64
7 108 75
33 42 121
114 116 29
64 122 64
55 86 28
35 58 58
6 54 126
12 28 28
33 44 75
51 92 28
16 39 10
50 103 107
52 98 81
27 121 121
65 96 118
79 91 53
89 125 64
80 128 121
39 108 105
70 81 81
40 120 30
97 121 121
62 89 64
52 126 81
19 61 30
32 80 1
19 20 118
65 126 126
18 94 58
50 118 107
96 97 118
15 128 121
66 128 121
24 73 64
2 121 121
45 49 49
23 125 106
14 21 20
88 89 1
67 114 76
41 56 75
3 34 82
70 114 76
40 62 31
75 126 126
22 110 2
114 122 76
1 30 1
20 122 106
103 115 66
8 31 8
22 83 2
34 51 28
16 75 75
18 120 30
45 94 58
102 111 8
51 71 121
7 33 75
6 9 126
68 109 53
76 128 121
30 91 30
25 126 76
55 56 2
53 81 81
71 109 121
28 123 28
71 125 121
22 47 30
25 59 76
29 31 29
9 35 103
5 79 53
23 44 20
2 116 29
64 100 64
62 98 69
63 105 105
41 121 121
1 96 1
13 81 81
30 72 30
19 85 74
47 62 30
101 119 105
2 20 2
107 126 107
6 121 121
1 78 1
19 57 126
24 53 53
53 82 53
27 61 30
44 112 66
24 88 1
33 126 126
89 113 64
1 121 1
15 66 66
36 121 121
33 66 66
92 102 31
33 125 106
28 93 28
32 99 1
85 105 74
16 51 28
10 43 14
41 71 121
40 80 118
22 41 2
66 113 66
34 117 82
99 126 1
47 79 30
49 70 49
64 72 64
92 97 56
1 60 1
10 27 10
23 57 126
117 123 14
4 39 103
42 128 121
59 72 76
45 93 49
87 116 29
91 102 82
79 116 29
105 120 30
107 114 107
60 127 29
63 118 118
41 90 53
56 64 64
107 117 107
66 110 2
13 17 8
14 77 81
4 83 69
84 119 65
30 41 30
49 87 74
58 91 58
25 55 2
15 72 66
26 68 58
21 89 64
35 56 49
13 111 8
68 92 56
55 110 2
24 56 64
32 102 1
61 123 30
90 114 76
63 91 82
39 43 14
22 27 2
84 92 65
36 107 107
10 91 82
40 111 8
57 81 81
30 81 30
49 97 49
10 107 107
58 93 58
84 117 14
20 118 118
38 91 82
73 114 76
76 90 76
45 104 107
36 76 76
30 76 30
39 107 107
2 3 2
45 82 49
9 33 75
67 84 58
2 4 2
63 89 64
14 19 118
28 86 28
113 116 29
14 16 14
75 106 106
35 79 53
3 40 10
5 62 44
69 80 69
10 73 126
58 89 64
50 78 107
16 33 75
16 119 65
49 68 49
41 108 75
47 49 30
2 63 2
44 82 82
17 67 58
93 122 106
22 25 2
41 106 106
29 109 29
69 113 69
83 106 69
35 95 49
12 13 20
3 19 118
77 117 81
106 115 66
98 121 121
16 93 14
2 28 28
20 49 49
66 75 66
1 15 1
36 68 56
21 52 81
17 98 69
6 115 66
66 69 69
19 34 118
20 78 107
23 100 20
19 105 118
3 68 56
28 46 28
6 13 126
41 81 81
33 91 75
7 32 1
82 85 74
29 118 29
5 38 44
69 75 69
48 64 64
58 125 106
44 128 121
55 96 2
53 70 53
78 80 107
6 98 69
28 42 121
38 78 107
21 41 75
14 114 76
35 93 49
3 50 107
7 53 53
63 128 121
73 108 126
1 125 1
42 88 1
111 118 118
9 57 126
28 75 28
1 88 1
59 62 76
44 116 29
48 123 106
7 94 75
81 107 107
14 38 14
8 46 69
78 128 107
17 90 53
27 123 31
81 93 81
11 127 29
15 21 66
70 107 107
75 76 76
98 101 69
77 83 81
68 73 126
103 122 106
19 84 118
19 128 121
52 100 81
45 46 69
55 60 29
79 87 53
8 43 8
34 74 74
40 79 53
112 119 66
55 128 121
8 124 28
75 123 75
27 34 82
53 76 76
43 62 14
12 62 20
66 80 66
49 80 118
45 68 49
28 103 28
59 106 76
1 22 1
34 48 106
30 59 30
89 95 64
47 101 30
78 103 107
6 104 107
16 44 10
3 88 1
28 47 28
87 96 74
3 69 69
14 122 106
14 108 105
11 106 81
120 123 30
87 114 76
53 93 53
41 51 28
21 53 53
104 120 107
30 103 30
28 57 28
27 55 2
28 120 28
81 85 81
4 73 126
4 20 103
55 62 2
24 34 64
19 112 66
5 30 30
3 67 58
54 101 105
34 80 118
18 26 58
48 106 106
1 56 1
48 87 106
78 105 107
60 91 29
9 75 75
47 102 30
21 123 20
16 109 53
18 43 103
27 124 28
126 128 121
42 80 121
6 23 126
14 51 28
94 109 53
1 26 1
22 79 2
74 83 69
4 55 2
69 105 69
89 104 107
51 57 28
3 20 20
58 71 121
6 120 30
19 63 118
103 108 103
35 74 74
6 110 2
13 70 49
5 51 28
18 106 106
2 48 2
31 104 107
62 83 69
63 101 105
80 111 118
93 127 29
19 106 106
44 65 65
33 93 75
14 100 82
34 111 8
122 123 106
50 106 107
69 110 2
2 89 2
1 18 1
39 89 64
3 18 103
2 65 2
53 126 53
12 64 64
54 68 56
17 21 8
22 37 2
64 125 64
71 123 121
100 117 82
102 117 14
22 127 29
1 122 1
22 63 2
102 119 65
95 114 76
79 113 53
8 82 8
75 100 75
30 107 107
59 67 76
5 99 1
60 65 29
67 90 53
58 118 58
54 102 10
10 38 10
26 116 29
54 100 82
11 51 28
12 74 74
32 69 1
103 105 103
76 100 76
40 104 107
34 46 69
94 114 76
16 72 64
76 99 1
43 125 106
58 99 1
30 83 30
38 98 69
1 117 1
44 61 30
105 112 66
7 105 75
25 97 76
68 118 118
27 65 65
11 62 81
56 82 82
9 41 75
17 42 121
17 69 69
20 65 20
3 56 56
27 95 31
2 53 2
105 108 105
57 80 126
109 124 28
10 85 74
10 30 30
114 126 76
30 51 28
9 73 126
21 34 20
17 123 8
12 97 20
30 79 30
10 34 82
64 65 64
62 117 14
18 75 75
44 90 53
57 82 126
16 25 76
34 62 82
26 128 121
10 100 82
16 34 82
40 53 53
9 122 106
53 125 53
35 122 106
55 127 29
2 11 81
38 65 65
72 106 64
20 74 74
1 115 1
77 110 81
54 80 118
1 16 1
66 90 66
77 84 81
39 114 76
12 117 20
79 89 53
74 113 74
62 109 53
72 114 76
36 116 29
18 62 103
8 35 49
84 125 106
13 96 118
23 35 49
4 112 66
36 98 69
25 110 2
5 21 20
43 64 64
6 25 76
107 125 107
46 62 69
43 106 106
11 79 81
79 97 53
13 110 2
29 57 29
15 71 121
1 48 1
96 126 126
107 127 29
43 47 30
55 81 81
45 72 64
23 75 75
23 103 103
38 64 64
38 76 76
5 15 66
83 88 1
41 116 29
48 102 106
29 124 29
29 96 29
31 59 76
1 123 1
1 74 1
29 106 29
75 80 75
29 107 29
31 62 31
29 117 29
49 122 106
30 117 30
29 79 29
96 118 118
31 68 56
23 76 76
53 69 69
38 62 44
10 92 10
20 55 2
14 36 14
7 49 75
1 75 1
28 111 28
47 70 30
58 78 107
6 82 126
42 116 29
21 37 8
118 121 121
14 39 14
5 54 10
40 76 76
32 108 1
36 120 30
92 96 118
4 28 28
2 16 2
20 90 53
23 55 2
41 107 107
32 113 1
2 72 2
25 31 76
56 87 74
68 93 14
87 125 106
28 101 28
60 74 29
19 108 118
13 82 105
90 119 53
4 70 103
47 85 30
14 20 20
5 75 75
69 73 69
100 104 107
7 51 28
30 94 30
29 44 29
19 82 118
18 102 103
29 87 29
30 68 30
37 81 81
38 123 44
20 91 20
101 104 107
14 43 14
53 73 53
91 119 82
56 75 75
8 19 118
79 96 53
112 125 66
13 101 105
55 98 2
57 59 76
33 100 75
107 128 107
30 84 30
38 77 81
28 97 28
22 128 121
51 78 107
46 83 69
28 36 28
74 97 74
65 107 107
40 96 118
32 54 1
78 95 107
28 41 28
19 91 118
8 106 106
59 70 76
55 107 107
33 103 75
42 107 107
34 47 30
9 27 103
13 63 105
52 58 81
33 50 107
31 105 105
18 116 29
66 99 1
21 117 20
4 77 81
56 96 118
14 87 74
27 117 14
2 100 2
28 100 28
55 77 81
50 60 29
20 27 20
15 96 66
91 94 58
37 70 49
13 128 121
18 68 103
34 107 107
54 72 64
44 74 74
32 34 1
37 73 126
72 77 81
26 126 126
3 25 76
2 61 30
46 58 69
64 94 64
68 91 82
25 68 76
97 127 29
46 125 69
42 74 121
35 111 49
40 41 75
81 103 81
21 105 20
74 88 1
7 55 2
48 90 53
77 87 81
12 122 106
112 117 66
10 116 29
36 92 56
90 108 53
61 64 30
95 111 8
8 32 1
15 58 66
106 121 121
14 97 14
33 94 75
10 14 14
87 100 74
24 118 64
31 75 75
117 119 14
62 76 76
22 64 2
7 10 75
18 39 103
21 27 20
47 117 30
68 112 66
41 119 75
42 111 121
57 65 126
56 86 28
30 111 30
29 83 29
4 79 53
34 49 49
39 85 74
34 36 82
1 36 1
26 118 58
10 19 118
37 39 8
18 98 69
92 110 2
37 58 58
70 125 106
94 106 106
18 66 66
68 111 8
99 113 1
14 82 82
16 111 8
33 69 69
4 92 103
93 119 14
6 106 106
45 85 74
15 76 76
38 102 44
109 113 53
45 123 49
2 111 2
70 102 49
20 102 20
88 113 1
45 66 66
1 116 1
21 64 64
46 66 69
16 110 2
12 42 121
55 126 2
69 94 69
58 116 29
55 78 107
95 108 105
94 128 121
44 117 14
13 79 53
62 63 65
21 36 20
75 91 75
69 85 69
29 105 29
26 28 28
16 31 10
125 127 29
19 96 118
61 104 107
7 92 75
23 39 20
16 112 66
11 57 81
82 97 82
41 97 75
48 97 106
23 79 53
53 79 53
22 107 107
102 104 107
29 39 29
16 40 10
19 103 103
25 51 28
52 78 107
81 102 81
66 71 121
95 96 118
54 118 118
35 103 103
42 102 121
10 70 49
48 51 28
81 127 29
38 68 56
110 116 29
35 87 74
11 110 81
66 89 66
78 108 107
20 126 126
38 92 31
26 49 58
29 80 29
49 128 121
96 124 28
19 77 81
74 102 74
11 99 1
125 126 106
60 125 29
7 67 75
76 103 76
35 81 81
24 106 64
77 85 81
1 113 1
64 83 69
82 93 82
67 107 107
62 113 74
13 33 75
22 115 2
119 120 30
80 122 106
66 115 66
49 84 49
10 61 30
107 123 107
2 78 107
37 104 107
9 49 103
43 127 29
93 107 107
31 39 31
58 105 58
113 127 29
29 95 29
49 56 49
42 69 121
8 40 8
74 77 81
51 81 28
49 69 69
54 128 121
52 118 81
82 87 74
35 75 75
75 120 30
12 60 29
26 98 69
14 23 20
115 118 66
101 113 74
57 69 69
105 125 106
81 100 81
62 79 53
35 71 121
1 4 1
8 113 74
9 120 30
76 85 76
1 58 1
48 105 106
2 52 81
27 38 31
40 122 106
15 43 66
23 49 49
40 52 81
25 60 29
1 28 1
30 69 30
107 124 107
9 71 121
58 110 2
12 24 64
39 80 118
44 121 121
37 74 74
14 91 82
62 100 82
19 43 118
38 127 29
13 52 81
69 102 69
54 82 82
69 115 69
46 98 69
10 64 64
47 104 107
49 79 53
80 102 118
28 83 28
62 96 118
5 42 121
16 105 105
44 118 118
47 126 30
50 68 107
64 121 121
14 67 58
24 115 66
64 127 29
1 33 1
62 119 65
117 120 30
75 78 107
63 65 65
64 105 64
1 8 1
54 70 49
85 95 74
18 28 28
4 86 28
48 96 106
2 117 2
39 76 76
11 14 81
23 28 28
19 37 118
65 90 53
30 73 30
58 83 69
1 51 1
29 94 29
32 58 1
74 109 53
60 105 29
38 118 118
10 40 10
29 47 29
10 25 76
2 38 2
35 92 49
5 91 82
89 115 66
28 51 28
29 43 29
4 29 29
54 103 103
19 93 118
53 103 53
14 96 118
15 121 121
45 71 121
73 80 126
2 43 2
19 81 81
4 85 74
9 34 103
66 72 66
3 30 30
1 59 1
21 107 107
123 127 29
35 70 49
67 115 66
2 36 2
6 53 53
6 107 107
23 81 81
38 126 126
14 78 107
5 73 126
5 39 44
44 113 74
30 126 30
8 64 64
34 38 82
64 124 28
82 120 30
93 118 118
13 98 69
33 36 75
54 93 14
67 81 81
3 27 10
76 101 76
22 100 2
33 92 75
52 121 121
69 108 69
88 101 1
5 115 66
65 121 121
2 49 2
69 72 69
57 86 28
67 101 58
10 71 121
3 101 105
76 108 76
7 46 69
2 115 2
55 103 2
42 76 121
40 45 49
1 43 1
34 40 82
13 38 105
6 44 126
10 103 103
57 118 126
44 54 10
22 122 2
15 34 66
1 112 1
87 119 74
37 83 69
3 66 66
39 74 74
39 102 44
1 39 1
43 68 14
12 19 118
66 84 66
57 120 30
11 101 81
20 38 20
26 59 76
24 60 29
75 111 75
85 91 74
70 78 107
48 111 106
49 64 64
54 113 74
62 78 107
2 47 30
5 122 106
62 70 49
15 23 66
27 103 103
13 118 118
35 112 66
58 101 58
95 105 105
69 112 69
80 117 118
16 62 10
107 109 107
21 88 1
1 95 1
50 120 107
95 112 66
57 66 66
67 121 121
63 84 65
21 62 20
27 97 56
1 84 1
34 93 82
59 104 107
117 118 118
81 104 107
41 104 107
54 122 106
58 66 66
58 59 76
74 91 74
10 36 56
8 87 74
11 102 81
74 117 74
2 55 2
41 62 75
84 120 30
8 27 8
32 49 1
38 95 44
52 62 81
50 63 107
88 122 1
80 115 66
13 66 66
18 61 30
28 98 28
62 94 58
31 103 103
50 111 107
10 106 106
76 96 76
90 117 53
20 21 20
53 108 53
54 65 65
80 87 74
28 119 28
67 111 58
23 96 118
28 52 28
83 99 1
2 7 2
30 112 30
8 42 121
32 101 1
6 16 126
61 117 30
24 76 76
31 63 65
66 102 66
2 104 107
3 35 49
115 121 121
44 102 44
10 47 30
3 10 10
58 112 66
46 122 69
55 63 2
85 113 74
44 107 107
49 51 28
56 76 76
76 110 2
7 19 75
23 124 28
27 28 28
41 58 75
54 63 65
36 60 29
21 128 121
53 128 121
107 111 107
10 16 10
65 122 106
32 83 1
1 47 1
16 17 8
91 98 69
10 28 28
74 106 106
79 111 53
126 127 29
72 117 64
18 118 103
5 46 69
35 78 107
53 89 53
89 121 121
51 63 28
53 86 28
32 61 1
28 33 28
19 121 121
14 33 75
62 68 56
57 71 121
31 109 53
63 112 66
1 3 1
8 29 29
70 79 53
10 97 56
62 71 121
25 54 76
76 115 76
10 121 121
44 79 53
88 124 1
24 38 64
2 34 2
39 61 30
76 107 107
79 121 121
49 75 75
77 120 30
4 44 103
62 85 74
18 30 30
100 102 82
39 63 65
23 112 66
54 97 56
2 44 2
48 53 53
16 88 1
61 109 30
44 89 64
13 35 49
61 71 121
82 126 126
26 100 58
47 82 30
1 73 1
54 84 65
56 74 74
35 102 49
2 94 2
11 33 81
37 62 8
73 74 126
40 91 82
92 123 31
101 114 76
14 123 14
67 70 58
100 123 82
59 78 107
54 66 66
108 118 118
4 45 103
83 98 69
5 57 126
66 117 66
27 89 64
1 111 1
50 104 107
30 61 30
114 121 121
120 124 28
15 50 107
68 98 69
71 78 107
101 128 121
27 83 69
37 90 53
60 96 29
3 58 58
39 82 82
42 45 121
73 100 126
52 90 81
10 68 56
44 86 28
109 125 53
54 99 1
4 115 66
13 89 64
6 43 126
12 53 53
2 10 2
28 121 121
22 117 2
63 85 74
12 96 118
75 108 75
59 98 76
62 122 106
69 77 81
68 86 28
15 69 69
47 95 30
7 42 121
29 71 29
32 93 1
8 95 8
115 127 29
1 45 1
52 107 107
53 123 53
30 109 30
50 105 107
68 81 81
18 64 64
15 94 66
74 107 107
95 97 56
65 117 14
68 121 121
26 74 74
15 115 66
16 46 69
2 25 2
57 103 126
1 114 1
87 95 74
3 21 20
65 127 29
50 53 107
43 103 103
36 55 2
28 62 28
17 84 8
63 93 14
21 38 20
31 48 106
26 84 58
54 77 81
38 63 65
91 92 82
65 101 105
36 108 105
32 55 1
6 89 64
111 125 106
7 97 75
76 109 76
68 97 56
3 43 14
37 45 49
74 89 64
1 126 1
11 112 81
81 89 81
20 120 30
34 119 82
1 9 1
24 89 64
63 107 107
43 70 49
3 41 75
51 86 28
18 51 28
36 118 118
68 122 106
66 79 66
85 108 74
59 111 76
31 120 30
30 53 30
97 124 28
50 107 107
18 121 121
41 53 53
116 121 29
32 128 1
14 34 82
31 93 14
28 122 28
28 37 28
56 102 56
1 11 1
40 92 31
67 82 58
12 101 20
95 106 106
93 102 14
6 35 126
28 55 28
1 81 1
32 121 1
90 121 121
1 124 1
103 106 106
91 109 53
37 116 29
70 93 49
90 93 53
38 55 2
58 117 58
55 108 2
90 122 53
70 87 74
97 117 14
43 45 49
54 91 82
47 107 107
50 83 107
42 65 121
25 121 121
26 44 58
80 94 58
63 98 69
94 113 74
5 109 53
33 102 75
46 59 76
71 111 121
21 114 76
48 80 106
23 43 20
61 62 30
56 100 82
106 122 106
16 52 81
1 32 1
81 116 29
60 109 29
85 107 107
15 73 66
43 90 53
36 65 65
18 25 76
70 91 49
14 56 14
19 125 106
18 63 103
84 111 8
23 101 20
6 58 126
81 97 81
95 117 14
4 58 58
33 113 74
15 107 107
5 40 31
91 106 106
68 113 74
77 86 28
2 57 2
1 91 1
15 92 66
15 52 81
56 62 56
10 58 58
5 47 30
53 121 121
4 118 103
89 128 121
50 122 107
3 89 64
26 38 58
1 85 1
43 113 74
34 96 118
51 52 28
24 126 64
3 118 118
53 65 53
12 41 75
38 73 126
42 109 121
1 110 1
65 102 65
22 76 2
2 75 2
17 75 75
69 87 69
76 121 121
3 76 76
79 90 53
13 58 58
7 98 69
50 89 107
81 118 81
14 117 14
97 105 105
62 105 105
85 125 106
62 111 8
103 109 53
3 65 65
12 118 118
62 124 28
12 32 1
67 125 106
39 46 69
75 124 28
19 94 58
27 39 31
49 50 107
75 85 74
19 74 74
66 118 66
77 94 81
2 23 2
13 29 29
17 46 69
39 122 106
15 18 66
24 30 30
104 121 107
1 93 1
19 100 118
41 91 75
33 128 121
7 56 75
46 121 121
5 43 14
101 118 118
96 113 74
69 109 69
87 112 66
40 81 81
24 47 30
8 75 75
109 112 66
101 108 105
30 49 30
16 108 105
33 45 75
2 112 2
10 32 1
9 60 29
21 95 20
49 59 76
72 122 64
13 53 53
61 106 30
37 43 8
3 63 65
53 58 53
64 113 64
103 119 103
41 54 75
10 33 75
20 107 107
38 54 10
14 75 75
28 91 28
7 62 75
19 87 74
45 65 49
12 98 69
66 106 66
1 101 1
3 5 10
1 2 1
6 8 126
62 120 30
10 108 105
63 108 105
35 48 106
2 88 1
57 84 126
3 64 64
78 113 107
20 23 20
2 26 2
44 62 44
34 66 66
41 102 75
49 117 49
43 56 14
75 101 75
45 119 49
18 124 28
68 82 82
91 105 105
45 97 49
9 62 103
32 118 1
66 125 66
45 121 121
91 110 2
61 96 30
4 26 58
82 104 107
11 71 121
63 126 126
41 83 69
84 88 1
14 64 64
29 64 29
9 40 103
28 45 28
53 90 53
45 105 49
54 95 10
12 73 126
78 86 107
39 100 82
2 125 2
74 112 66
18 24 64
3 54 10
17 23 8
7 41 75
79 122 53
58 76 76
53 99 1
32 110 1
3 9 103
10 76 76
116 128 29
12 18 103
78 120 107
5 8 8
23 34 20
81 92 81
17 79 53
45 115 66
62 104 107
65 124 28
25 30 30
16 84 65
101 123 105
13 71 121
83 119 69
3 103 103
6 61 30
16 92 10
12 16 20
64 109 53
30 120 30
38 75 75
29 52 29
68 100 82
72 124 28
35 49 49
26 53 53
29 62 29
35 127 29
62 90 53
32 105 1
89 98 69
29 55 29
26 91 58
45 95 49
4 69 69
111 126 126
29 34 29
22 30 30
27 73 126
4 102 103
74 76 76
46 65 69
35 121 121
87 93 74
45 108 49
62 66 66
14 66 66
28 71 121
76 117 76
98 126 69
24 113 64
34 43 82
13 107 107
21 120 30
50 114 107
45 79 53
20 83 69
86 125 28
41 64 64
16 27 10
36 63 65
27 62 31
54 67 58
38 84 65
16 95 10
5 64 64
51 60 29
29 66 29
56 72 64
41 101 75
33 114 76
96 116 29
42 113 121
12 93 20
58 90 53
93 98 69
7 9 75
106 119 106
6 105 126
88 91 1
33 62 75
6 79 53
50 95 107
15 93 66
49 90 53
84 95 65
43 79 53
37 111 8
75 97 75
67 73 126
8 36 8
39 91 82
12 46 69
46 87 69
70 106 106
68 116 29
19 31 118
55 85 2
29 120 29
25 32 1
59 61 30
19 118 118
27 63 65
77 124 28
6 11 81
77 128 121
122 126 106
36 95 56
16 38 10
75 104 107
10 69 69
100 112 66
45 52 81
74 80 74
12 102 20
7 99 1
14 76 76
48 107 107
60 108 29
98 112 69
41 76 76
77 100 81
65 71 121
14 35 49
23 83 69
51 103 28
1 98 1
72 121 121
29 93 29
71 116 29
5 17 8
115 122 66
47 75 30
109 115 66
81 84 81
46 61 30
13 95 105
28 43 28
21 113 74
8 85 74
62 75 75
53 95 53
7 57 126
52 92 81
27 30 30
9 94 58
109 118 53
28 128 121
3 38 10
53 88 1
75 95 75
4 81 81
55 61 30
51 117 28
66 97 66
82 103 103
50 72 107
50 117 107
24 31 64
12 26 58
1 54 1
13 123 105
39 68 56
34 44 82
15 62 66
23 121 121
31 54 10
15 25 76
7 104 107
10 66 66
11 45 81
88 99 1
71 81 121
5 20 20
64 108 64
13 54 105
16 69 69
19 62 118
32 68 1
37 95 8
34 91 82
104 114 107
22 94 2
84 108 105
49 95 49
1 77 1
35 100 49
32 67 1
19 33 75
91 101 105
113 117 74
45 81 81
60 76 29
99 119 1
39 127 29
42 63 121
16 36 56
55 90 2
49 112 66
35 107 107
11 53 81
75 114 76
21 70 49
32 73 1
30 66 30
8 90 53
3 13 105
40 124 28
7 38 75
9 52 81
5 123 44
6 27 126
16 68 56
49 121 121
4 124 28
34 123 82
7 27 75
7 93 75
33 75 75
1 106 1
11 47 30
36 110 2
26 75 75
51 99 1
10 50 107
27 102 31
6 75 126
16 98 69
15 38 66
73 99 1
59 80 76
2 21 2
64 67 64
1 119 1
39 51 28
28 81 28
2 79 2
28 112 28
93 99 1
12 44 20
26 67 58
8 77 81
11 21 81
40 94 58
94 112 66
33 121 121
85 106 106
96 103 103
5 10 10
89 117 64
8 30 30
77 123 81
15 103 66
60 106 29
62 95 123
30 98 30
65 93 14
54 126 126
93 97 14
19 101 118
56 66 66
15 99 1
50 115 107
62 99 1
3 45 49
26 94 58
102 106 106
16 104 107
5 98 69
45 84 49
12 125 106
67 118 58
53 111 53
26 106 106
49 55 2
39 113 74
54 79 53
55 123 2
35 84 49
121 128 121
56 109 53
56 107 107
48 69 69
83 104 107
34 76 76
4 96 103
99 109 1
55 114 2
55 113 2
55 121 121
115 128 121
54 117 14
70 95 49
40 66 66
37 107 107
16 123 10
5 126 126
45 62 49
13 80 118
70 110 2
19 107 107
4 107 107
79 126 53
33 55 2
61 80 30
107 110 107
3 99 1
43 63 14
19 70 118
31 118 118
23 120 30
28 94 28
1 83 1
4 72 64
22 99 1
26 109 53
11 56 81
18 52 81
41 118 75
46 107 107
22 97 2
11 66 81
6 122 106
8 114 76
49 96 118
19 54 118
5 29 29
76 88 1
44 92 31
11 125 81
21 49 49
4 80 103
39 94 58
24 94 64
49 82 49
10 39 10
81 90 81
31 58 58
8 91 8
16 41 75
51 98 28
74 108 74
61 128 121
122 125 106
80 90 53
30 119 30
29 68 29
19 32 1
7 125 106
36 54 56
34 82 82
85 94 74
52 77 81
39 106 106
38 59 76
7 20 75
69 111 69
59 122 76
25 56 76
101 116 29
7 64 64
71 95 121
12 103 103
28 117 28
64 69 69
28 82 28
4 23 103
66 78 107
16 65 65
53 55 2
13 97 105
10 53 53
49 72 64
13 25 76
33 60 29
61 114 30
7 118 75
80 96 118
14 95 14
56 119 65
26 125 106
9 86 28
62 88 1
94 126 126
35 76 76
58 107 107
86 119 28
116 120 29
109 126 53
93 117 14
9 44 103
2 39 2
51 120 28
45 109 53
77 81 81
70 74 74
65 110 2
95 125 106
17 121 121
56 69 69
89 92 64
93 105 105
76 123 76
21 115 66
10 65 65
33 58 75
27 122 106
43 110 2
13 56 105
45 63 49
6 63 126
21 31 20
53 105 53
13 85 74
12 65 20
54 123 10
30 93 30
53 63 53
89 106 64
48 126 106
53 115 66
15 75 66
23 32 1
26 124 28
12 128 121
44 57 126
3 92 10
26 41 75
81 121 121
13 62 105
9 100 103
8 120 30
42 121 121
105 126 126
66 98 69
9 115 66
40 101 105
49 126 126
24 72 64
46 99 1
47 54 30
48 128 121
38 58 58
64 82 64
47 77 30
67 97 58
72 84 64
23 69 69
31 79 53
44 81 81
29 32 1
33 82 75
98 107 107
30 118 30
84 85 74
35 67 58
7 36 75
13 36 105
8 18 103
23 95 20
10 41 75
4 8 103
98 104 107
18 72 64
51 116 29
65 87 74
20 79 53
28 64 28
35 69 69
21 80 118
39 47 30
39 54 10
105 128 121
62 128 121
27 93 14
30 87 30
47 105 30
30 105 30
31 113 74
56 63 65
41 114 76
63 109 53
13 27 105
51 65 28
61 82 30
56 59 76
86 107 107
5 84 65
47 60 29
54 56 56
7 16 75
55 64 2
79 82 53
29 115 29
65 81 81
42 71 121
36 93 14
21 91 20
9 127 29
11 25 81
88 109 1
18 80 103
36 102 56
33 63 75
43 77 81
9 14 103
65 68 65
69 76 76
12 29 29
16 103 103
61 108 30
74 84 74
31 111 8
2 80 2
44 48 106
26 96 58
102 103 103
5 114 76
26 82 58
5 26 58
17 88 1
10 31 10
23 36 20
12 35 49
7 17 75
26 52 81
45 60 29
82 101 105
73 109 53
48 125 106
62 112 66
43 100 82
58 67 58
76 89 76
9 51 28
100 113 74
40 98 69
27 104 107
66 119 66
30 54 30
114 115 76
78 96 107
69 91 69
57 63 126
8 51 28
44 105 105
30 124 28
66 108 66
15 79 66
31 84 65
95 123 123
14 71 121
29 30 29
1 82 1
56 113 74
37 123 8
36 127 29
94 121 121
18 93 103
8 12 8
71 79 121
64 107 107
14 52 81
7 84 75
82 91 82
64 95 64
5 119 65
47 68 30
4 109 53
72 103 64
88 98 1
10 104 107
73 124 28
7 81 81
21 74 74
25 53 76
20 28 28
59 114 76
1 19 1
2 24 2
14 25 76
10 89 64
110 126 2
60 84 29
78 119 107
42 108 121
8 60 29
33 119 75
19 102 118
18 42 121
4 18 103
72 78 107
82 95 82
22 102 2
12 121 121
66 76 76
25 70 76
78 116 29
107 120 107
56 128 121
63 70 49
26 72 64
37 114 76
2 42 121
12 91 20
70 88 1
26 58 58
57 74 126
95 119 65
74 123 74
23 105 20
53 102 53
75 113 74
72 109 53
15 119 66
71 88 1
88 94 1
39 45 49
117 121 121
24 43 64
29 121 29
88 117 1
12 71 121
17 36 8
62 101 105
95 102 44
16 80 118
86 93 28
66 123 66
26 92 58
12 85 74
10 48 106
16 121 121
11 109 81
70 96 118
28 48 28
38 89 64
86 103 28
58 96 58
2 6 2
28 35 28
25 44 76
61 81 30
27 77 81
5 101 105
63 66 66
66 68 66
13 50 107
52 113 81
22 46 2
87 122 106
48 62 106
36 47 30
50 62 107
70 105 49
8 65 8
76 122 76
12 68 20
14 50 107
38 83 69
24 117 64
86 87 28
92 98 69
62 64 64
59 66 76
102 116 29
2 85 2
97 120 30
106 125 106
52 108 81
6 29 29
48 65 106
116 124 29
51 53 28
1 127 1
87 90 53
94 99 1
40 57 126
7 48 106
17 118 118
71 98 121
73 82 126
9 108 103
6 78 107
98 116 29
67 122 106
51 89 28
3 123 10
17 94 58
62 127 29
8 70 49
88 103 1
38 117 14
7 75 75
4 30 30
87 121 121
44 46 69
37 44 8
54 83 69
33 57 126
19 52 81
38 97 56
43 123 14
41 45 75
19 36 118
3 107 107
37 64 64
4 25 76
51 121 121
46 84 69
43 119 14
63 94 58
10 54 10
104 124 107
10 93 14
17 112 66
30 106 30
18 107 107
64 76 76
38 44 44
101 112 66
6 41 126
98 110 2
45 100 49
45 127 29
76 97 76
7 31 75
20 64 64
90 104 107
32 96 1
43 84 14
18 48 106
66 96 66
64 98 69
90 97 53
57 68 126
57 108 126
46 74 69
3 29 29
67 106 106
44 69 69
13 77 81
47 120 30
24 33 64
13 46 69
48 112 66
52 91 81
55 75 2
32 75 1
53 96 53
46 92 69
23 68 20
49 118 118
40 127 29
19 30 30
9 48 106
5 34 82
73 120 30
5 63 65
16 106 106
25 85 76
73 119 126
77 78 107
10 18 103
12 23 20
115 116 29
81 112 81
66 100 66
3 53 53
11 91 81
43 76 76
81 101 81
56 121 121
102 115 66
41 89 64
97 111 8
92 94 58
13 59 76
55 58 2
91 113 74
70 100 49
13 47 30
65 120 30
29 48 29
49 62 49
17 62 8
46 80 69
39 117 14
54 108 105
57 117 126
20 59 76
7 40 75
10 79 53
26 62 58
46 88 1
118 126 126
20 76 76
84 99 1
64 74 64
6 103 126
103 121 121
12 109 53
118 128 121
12 21 20
43 117 14
12 37 8
78 104 107
69 122 69
44 106 106
92 121 121
6 87 126
70 82 49
27 108 105
1 109 1
15 109 66
31 85 74
4 24 64
22 55 2
7 44 75
58 102 58
65 80 118
49 53 53
6 39 126
8 80 118
29 65 29
64 126 64
5 117 14
62 115 66
66 104 107
7 112 66
45 122 106
31 112 66
4 90 53
62 77 81
6 62 126
36 38 56
85 122 106
43 89 64
41 59 76
61 110 30
68 88 1
33 96 75
11 90 81
53 84 53
6 124 28
13 106 106
57 92 126
89 107 107
31 38 31
6 12 126
46 118 69
68 106 106
91 100 82
44 51 28
9 125 106
22 29 29
79 115 66
14 93 14
19 45 118
88 92 1
71 103 121
73 85 126
72 96 64
31 121 121
45 86 28
4 106 106
17 119 8
21 94 58
58 115 66
5 33 75
27 33 75
6 112 66
35 118 118
79 127 29
61 69 30
72 75 64
80 107 107
58 68 58
42 105 121
1 104 1
66 111 66
63 80 118
61 111 30
69 97 69
35 113 74
51 110 28
8 111 8
2 58 2
11 83 81
14 55 2
30 101 30
22 38 2
10 88 1
11 48 81
1 50 1
6 72 64
20 112 66
56 98 69
15 44 66
62 103 103
26 107 107
17 100 8
64 92 64
27 69 69
2 66 2
29 74 29
6 108 126
25 125 76
105 118 118
10 13 105
36 91 82
19 83 69
1 64 1
64 89 64
30 35 30
6 32 1
1 53 1
13 102 105
32 62 1
26 93 58
23 93 20
48 118 106
9 126 126
36 84 65
8 109 53
9 32 1
4 68 103
51 108 28
58 87 74
4 57 126
16 128 121
14 119 14
5 60 29
71 84 121
14 15 66
119 124 28
62 116 29
34 106 106
1 6 1
29 104 29
19 40 118
53 107 107
24 64 64
10 72 64
19 109 53
31 36 56
54 92 10
38 66 66
32 119 1
83 114 76
24 59 76
25 50 107
9 21 103
36 56 56
20 39 20
31 44 31
13 84 105
20 101 20
49 89 64
59 65 76
7 11 81
22 118 2
11 84 81
65 128 121
17 35 49
20 63 20
3 77 81
66 82 66
8 66 66
15 84 66
12 120 30
78 107 107
21 26 58
43 61 30
68 85 74
26 103 58
11 81 81
72 92 64
16 101 105
14 65 14
39 103 103
28 88 1
31 67 58
62 72 64
6 57 126
27 52 81
39 95 123
13 103 103
15 120 30
23 84 20
42 75 121
14 17 8
18 33 75
25 107 107
110 127 29
107 115 107
65 118 118
10 109 53
5 61 30
5 69 69
90 107 107
3 95 10
50 112 107
27 82 82
69 82 69
4 50 107
42 87 121
43 58 58
51 70 28
13 120 30
42 82 121
52 96 81
2 83 2
44 119 65
54 125 106
71 127 29
18 92 103
60 104 29
30 121 121
21 61 30
40 74 74
61 83 30
1 120 1
32 98 1
56 91 82
8 105 8
18 59 76
68 120 30
2 18 2
26 108 58
21 35 49
73 113 126
22 56 2
28 109 28
59 69 76
119 121 121
6 28 28
43 115 66
89 114 76
26 102 58
21 78 107
20 57 126
46 126 69
109 121 121
1 102 1
50 98 107
74 116 29
73 76 76
25 114 76
31 82 82
55 95 2
70 94 58
70 115 66
92 95 31
111 114 76
53 67 53
63 123 65
60 116 29
15 112 66
1 80 1
43 116 29
92 111 8
1 55 1
17 70 49
53 66 66
91 118 118
21 84 20
83 91 69
81 109 81
68 87 74
41 46 69
66 74 66
80 92 118
25 29 29
55 72 2
17 82 8
78 83 107
62 97 56
116 123 29
59 107 107
27 85 74
31 100 82
64 101 64
16 91 82
87 88 1
75 88 1
65 125 106
39 62 123
25 62 76
37 65 8
5 110 2
91 125 106
3 91 82
31 40 31
34 89 64
2 98 2
39 41 75
1 49 1
20 30 30
81 110 81
111 121 121
35 90 53
36 49 49
41 80 75
63 68 65
103 124 28
38 53 53
6 19 126
2 37 2
44 101 105
96 120 30
59 89 76
76 91 76
33 90 53
13 76 76
16 43 14
9 43 103
3 117 14
4 66 66
24 67 64
7 95 75
34 88 1
12 75 75
78 91 107
45 70 49
12 54 20
2 33 2
13 39 105
18 89 64
30 96 30
70 108 49
10 49 49
82 108 105
29 99 1
20 75 75
36 51 28
53 74 53
9 65 103
44 96 118
60 126 29
6 90 53
23 77 81
25 67 76
2 13 2
28 70 28
37 117 8
28 69 28
15 95 66
56 80 118
69 100 69
43 92 14
5 12 20
33 41 75
12 106 106
38 41 75
6 123 126
13 122 106
60 85 29
41 57 126
53 56 53
73 94 126
44 91 82
51 90 28
26 81 81
80 97 118
97 119 65
15 49 66
6 49 126
64 114 76
110 122 2
18 44 103
50 99 1
6 118 126
84 93 14
19 64 64
60 62 29
33 48 106
55 69 2
81 95 81
33 85 74
49 103 103
23 64 64
51 55 28
53 80 53
58 60 29
10 75 75
5 95 44
40 44 31
38 47 30
32 65 1
93 101 105
92 101 105
69 98 69
77 109 81
73 101 126
103 118 103
29 81 29
96 122 106
37 38 8
85 86 28
26 34 58
99 120 1
28 59 28
5 14 14
44 85 74
5 78 107
48 92 106
21 83 69
51 77 28
10 35 49
58 98 69
76 113 76
77 122 81
28 68 28
82 105 105
51 62 28
23 30 30
29 72 29
65 100 82
73 117 126
120 121 121
5 58 58
70 85 74
1 29 1
34 58 58
10 99 1
31 107 107
37 127 29
2 106 2
30 115 30
43 101 105
102 110 2
92 100 82
4 100 103
38 57 126
12 80 118
11 105 81
33 77 81
78 94 107
20 35 49
37 121 121
4 62 103
25 69 76
37 56 8
16 63 65
12 116 29
87 106 106
35 98 69
45 89 64
10 51 28
74 101 74
47 119 30
52 110 81
29 90 29
23 119 20
30 47 30
11 126 81
69 99 1
34 67 58
33 35 75
96 121 121
112 121 121
15 63 66
9 26 58
22 44 2
27 59 76
8 26 58
1 14 1
16 23 20
86 97 28
73 126 126
30 33 30
2 91 2
36 39 56
72 82 64
3 16 10
28 92 28
47 91 30
67 126 126
20 123 20
67 103 58
84 100 82
27 88 1
81 105 81
11 97 81
94 95 58
36 40 56
66 101 66
68 84 65
91 126 126
17 71 121
97 104 107
107 121 107
29 46 29
101 109 53
66 121 121
68 126 126
82 102 82
36 48 106
11 104 107
16 73 126
71 128 121
49 93 49
96 102 118
28 87 28
16 18 103
63 119 65
8 45 49
49 104 107
30 108 30
70 122 106
21 79 53
23 117 20
16 83 69
42 117 121
34 64 64
25 76 76
2 62 2
16 30 30
20 119 20
54 110 2
69 114 76
14 115 66
31 97 56
8 59 76
42 103 121
7 71 121
37 76 76
75 109 53
89 91 64
28 30 28
52 67 81
31 126 126
30 46 30
92 115 66
35 45 49
25 65 76
71 114 121
121 122 121
1 46 1
18 74 74
58 64 64
24 62 64
75 82 75
97 103 103
17 91 8
1 62 1
97 123 56
93 126 126
3 4 103
20 113 74
116 117 29
101 107 107
25 124 28
18 34 103
12 108 20
76 106 76
114 124 28
7 54 75
46 51 28
57 106 106
82 112 66
58 81 81
8 53 53
62 80 118
25 103 76
14 102 14
15 28 28
28 125 28
47 64 30
26 64 64
59 85 76
3 87 74
43 44 14
29 128 29
36 123 56
31 99 1
20 37 8
4 43 103
64 90 53
21 119 20
6 36 126
57 89 64
30 58 30
40 103 103
94 107 107
76 83 76
81 120 30
10 23 20
20 115 66
30 122 30
92 112 66
112 115 66
46 86 28
30 45 30
22 57 2
53 117 53
29 42 29
16 77 81
62 126 126
52 72 81
62 84 65
49 113 74
49 100 49
4 17 103
102 123 44
43 93 14
23 31 20
93 108 105
4 95 103
5 23 20
3 111 8
44 63 65
12 83 69
99 116 1
80 126 126
29 116 29
62 123 123
77 104 107
6 77 81
111 122 106
34 54 82
3 79 53
69 101 69
24 26 64
82 96 118
39 44 44
4 122 106
9 111 103
18 97 103
39 111 8
15 53 66
69 119 69
12 66 66
2 67 2
18 82 103
4 38 103
10 20 20
13 108 105
68 123 56
34 37 8
32 88 1
58 126 126
44 68 56
27 92 31
16 58 58
16 94 58
33 110 2
31 49 49
24 80 64
47 81 30
82 113 74
14 112 66
72 97 64
72 118 64
4 33 75
8 68 8
6 67 126
1 71 1
51 124 28
75 87 74
95 120 30
85 128 121
43 104 107
51 126 28
2 22 2
38 108 105
8 100 8
62 110 2
14 22 2
85 123 74
36 126 126
17 102 8
38 85 74
22 96 2
68 95 56
116 126 29
43 65 14
12 105 20
17 87 74
3 31 10
86 102 28
22 98 2
46 117 69
46 76 76
62 82 82
47 122 30
26 80 58
17 37 8
103 128 121
29 98 29
35 91 49
39 110 2
80 113 74
24 101 64
76 125 76
33 86 28
18 69 69
45 58 58
18 36 103
57 62 126
81 98 81
109 128 121
77 107 107
56 89 64
1 76 1
11 107 107
72 115 66
94 103 58
68 119 65
58 74 74
74 93 74
102 128 121
4 88 1
16 125 106
84 97 65
7 13 75
62 108 105
25 80 76
63 64 64
121 124 121
79 83 69
13 60 29
20 24 64
33 49 75
2 64 2
19 66 66
27 90 53
73 112 66
91 103 103
16 89 64
6 91 126
29 126 29
108 111 8
62 67 58
66 83 69
57 127 29
27 44 31
43 50 107
2 122 2
33 64 64
25 63 76
89 90 53
68 110 2
13 100 105
14 63 14
87 126 126
7 85 74
9 54 103
30 70 30
23 67 58
60 61 29
24 66 66
56 103 103
17 106 106
25 90 76
91 104 107
36 50 107
94 108 58
62 102 44
64 73 64
33 61 30
61 76 30
47 71 121
