256 6806
37 125 1
21 43 21
37 175 2
47 200 1
71 139 17
76 105 1
104 212 26
227 245 7
113 114 28
88 180 22
113 130 1
53 122 3
59 152 1
55 185 1
12 200 12
65 114 1
19 36 9
28 33 1
11 88 11
140 141 70
108 220 27
197 253 3
124 145 1
112 209 3
211 230 3
2 133 2
104 238 3
42 99 1
96 200 12
87 174 87
196 219 6
19 145 9
2 187 2
47 174 5
141 143 35
106 120 3
201 246 3
114 207 3
107 228 3
86 139 2
235 239 29
15 177 1
2 87 2
14 235 14
9 238 1
89 178 89
179 199 1
1 242 1
1 214 1
34 91 2
79 100 1
54 210 13
153 156 19
44 183 22
48 144 1
98 194 24
2 128 2
162 169 10
148 153 9
12 88 1
11 177 11
28 115 28
131 169 2
1 205 1
76 159 19
113 232 14
49 98 49
29 101 3
144 247 1
25 85 1
218 223 27
38 181 2
99 231 3
28 92 1
68 71 17
149 195 1
5 188 5
122 232 7
3 229 3
170 206 1
12 222 6
4 76 4
81 166 20
41 141 2
20 194 1
180 182 45
21 161 10
3 52 3
137 166 2
71 73 4
20 54 1
62 221 3
95 165 5
20 84 10
31 126 31
98 111 6
175 243 1
51 208 6
7 127 7
1 245 1
39 77 19
147 179 2
117 237 29
22 88 22
90 181 90
154 165 2
7 56 7
53 181 1
8 59 1
47 82 5
8 38 4
98 252 3
203 207 25
6 201 6
237 250 7
29 241 7
140 189 2
21 31 1
133 233 1
45 241 1
36 72 36
26 213 26
109 223 27
114 230 57
14 28 14
136 202 1
129 160 2
108 167 1
211 222 13
181 256 2
43 230 1
1 93 1
117 234 117
110 220 110
7 83 1
41 104 1
77 113 1
29 119 29
47 245 1
7 62 7
225 245 7
2 189 2
214 236 3
28 146 1
36 152 9
5 92 5
201 213 6
201 241 3
9 99 1
196 201 12
47 223 1
212 253 3
41 143 2
153 230 1
71 137 17
89 140 2
3 216 3
185 216 1
161 252 1
101 103 25
48 147 1
2 179 2
112 126 7
46 95 23
11 179 11
187 191 23
140 153 4
139 164 2
121 234 7
7 245 7
1 108 1
1 133 1
80 162 40
1 101 1
161 167 20
29 57 14
28 225 28
116 150 1
185 213 1
41 146 2
102 204 102
51 171 1
62 250 62
19 67 4
129 189 2
20 82 20
7 57 7
168 173 21
41 229 1
232 248 7
223 239 3
42 167 10
91 94 11
85 87 21
132 151 4
7 235 7
1 136 1
1 179 1
90 151 2
6 101 6
2 228 1
78 154 19
55 66 1
55 216 27
181 188 11
88 171 5
227 254 7
5 194 1
208 224 3
199 240 3
111 215 13
2 178 2
73 220 1
1 118 1
1 2 1
12 13 6
109 216 54
139 190 2
1 125 1
145 243 1
7 228 7
185 191 23
126 135 1
90 229 1
77 233 1
243 244 30
7 231 7
122 222 3
84 245 1
42 169 42
2 134 2
204 239 3
1 27 1
155 217 1
49 96 24
136 153 4
9 25 1
25 192 12
102 205 102
129 159 4
16 226 1
25 215 6
106 209 26
161 254 1
80 88 5
152 187 2
79 180 2
45 181 45
101 252 3
27 195 6
72 150 18
16 201 1
103 104 6
31 136 1
73 146 73
62 143 1
20 148 2
79 163 2
1 210 1
184 196 1
91 134 2
250 251 125
69 132 8
1 60 1
61 164 1
90 170 5
168 205 1
104 189 1
15 246 15
1 190 1
97 195 97
41 111 1
65 151 4
45 208 1
64 161 2
68 135 8
226 240 7
4 69 4
43 176 5
72 131 4
3 28 3
135 166 2
117 224 14
34 154 4
47 238 1
73 102 1
88 178 44
224 230 28
48 204 12
74 134 4
33 148 4
10 147 2
47 118 1
3 62 3
4 134 4
30 232 7
142 227 1
79 222 1
22 114 1
16 70 8
57 113 28
52 147 1
15 249 15
146 150 18
77 79 19
149 190 2
27 223 27
214 230 3
62 119 7
69 136 34
91 184 11
42 168 42
189 240 1
195 255 3
7 115 7
21 42 21
22 90 22
168 253 1
3 211 3
178 186 11
169 222 1
70 137 17
77 150 9
52 213 26
19 55 1
1 82 1
99 138 1
226 244 7
1 234 1
176 240 1
1 217 1
112 211 3
26 105 26
48 235 3
224 240 7
106 218 13
22 207 1
176 178 44
69 150 4
32 85 2
33 64 16
96 100 12
124 128 1
211 240 3
1 99 1
38 157 19
61 251 15
126 156 1
77 147 9
97 216 6
22 177 22
18 74 18
30 60 30
11 129 2
46 63 1
126 224 7
68 169 2
28 148 1
153 212 1
110 138 1
45 251 1
2 19 2
14 63 7
62 234 7
113 174 1
128 157 4
60 246 30
27 141 1
101 105 6
63 253 63
137 175 2
131 228 1
180 204 1
50 175 1
124 252 31
25 237 3
155 180 2
140 256 8
114 153 1
162 183 5
94 165 5
119 203 3
1 254 1
27 207 6
51 204 51
42 160 10
14 70 1
17 224 1
216 256 1
134 168 2
1 146 1
85 102 1
227 256 1
80 192 1
41 101 1
135 140 8
141 256 8
25 103 25
122 253 15
127 253 63
52 215 26
55 219 27
2 156 2
10 24 1
27 210 13
107 140 1
13 236 3
2 166 2
109 203 6
242 249 15
122 138 1
178 190 11
1 31 1
33 129 16
98 218 6
11 181 11
65 68 8
182 204 1
81 205 1
103 121 3
123 161 1
148 182 2
81 199 1
7 254 7
132 178 2
3 12 3
84 171 42
164 216 1
14 57 14
106 221 13
224 225 112
226 236 14
107 151 1
70 150 4
3 198 3
110 211 13
52 203 6
73 135 4
1 139 1
160 176 5
67 84 2
11 41 5
83 136 2
239 245 7
112 234 14
6 104 6
48 206 12
130 233 1
115 153 1
1 166 1
53 247 3
45 143 2
11 210 1
149 158 9
21 52 1
4 130 4
118 168 1
101 106 6
65 129 32
144 156 9
2 239 1
119 253 7
20 41 20
125 129 1
2 171 2
75 132 4
159 194 1
4 159 4
96 220 6
10 86 10
134 228 1
44 95 11
165 182 5
4 152 4
2 34 2
96 172 1
108 216 108
8 136 8
221 222 55
15 178 1
38 156 19
81 236 1
116 235 58
98 153 1
99 244 3
97 197 24
47 197 1
64 144 4
141 205 1
15 247 15
13 184 1
41 82 41
149 150 37
1 212 1
1 158 1
114 234 14
219 226 3
12 63 3
21 174 21
113 229 28
61 120 30
95 219 1
5 164 5
25 40 1
1 239 1
52 115 3
131 181 2
77 254 1
84 175 21
43 93 5
64 67 16
73 132 4
2 69 2
90 125 1
160 161 80
110 134 1
155 226 1
24 196 24
16 128 16
159 222 1
12 211 6
226 239 14
9 15 1
7 29 7
163 165 20
8 68 8
152 252 1
23 176 11
36 128 4
36 159 9
123 149 1
23 106 1
59 225 14
50 66 1
136 146 4
59 230 14
19 142 4
15 240 15
126 244 15
25 202 25
135 256 16
38 78 19
72 79 9
105 215 26
10 203 1
40 177 5
73 88 2
45 94 11
116 225 14
21 33 2
127 184 1
75 149 37
81 165 20
81 130 2
10 175 10
162 223 1
137 149 4
36 73 36
3 202 3
227 234 14
39 72 9
157 223 1
79 91 2
11 180 11
169 224 1
72 74 18
85 156 2
103 193 12
56 223 3
39 159 39
225 247 7
7 237 7
90 213 1
82 97 1
9 82 2
96 254 3
143 191 2
170 219 1
49 197 49
164 240 1
104 114 3
123 205 3
98 137 1
122 210 3
109 116 3
174 246 1
38 170 2
74 237 1
10 20 10
25 100 25
74 75 37
218 222 27
2 44 2
100 102 25
61 198 3
40 127 1
209 210 52
83 253 1
74 78 9
219 221 27
27 108 27
19 141 4
135 159 4
18 228 1
74 150 37
74 146 18
20 167 20
4 144 4
104 217 13
151 248 1
94 95 47
129 138 8
200 230 3
106 202 6
16 135 16
160 168 10
32 64 32
2 121 1
162 190 5
113 208 3
97 250 3
83 184 5
11 243 1
30 157 1
54 133 1
2 65 2
69 177 2
128 130 32
112 155 1
78 168 2
1 110 1
102 200 25
11 185 11
39 70 4
63 249 31
185 226 1
53 193 6
166 167 83
26 134 1
58 224 14
17 86 2
17 129 8
171 208 1
75 234 1
7 225 7
72 89 2
114 245 7
171 224 1
104 239 3
173 228 1
3 6 3
86 194 1
154 158 19
49 201 12
177 186 11
93 180 11
57 142 1
68 161 2
71 205 1
68 195 1
170 222 1
97 213 6
63 91 1
50 192 12
188 256 2
157 237 1
31 127 31
29 100 3
76 155 38
13 27 13
61 182 1
70 183 2
120 256 1
60 242 60
228 243 7
92 176 11
6 8 1
101 240 3
165 200 1
174 218 1
16 131 16
48 134 1
50 163 1
64 217 1
5 186 5
108 213 13
19 124 1
17 158 4
1 57 1
99 117 3
38 130 4
6 251 3
3 232 3
126 229 7
4 38 4
141 234 1
68 208 1
189 246 1
10 116 1
253 255 63
141 177 2
113 119 14
147 151 18
34 72 4
24 133 1
159 192 1
63 252 63
5 168 5
31 179 1
37 151 37
237 246 7
79 99 1
7 150 1
39 117 1
5 190 5
93 255 1
91 241 1
138 206 1
76 215 1
131 205 1
132 148 4
11 22 11
120 184 1
10 18 2
194 203 12
135 146 4
122 244 122
13 97 6
114 199 3
84 170 42
10 193 1
139 229 1
31 253 31
3 162 1
135 142 8
136 256 8
154 242 1
28 131 1
105 163 1
194 214 6
216 219 54
10 42 10
32 247 1
50 160 1
19 38 19
89 185 11
75 165 2
127 168 1
93 95 23
69 239 1
136 228 1
129 132 16
101 203 101
9 165 2
92 230 1
151 213 1
119 145 1
156 187 2
245 247 61
159 223 1
121 253 15
75 148 37
20 42 10
49 200 12
115 233 14
40 167 20
142 239 1
186 244 1
110 192 6
109 139 1
36 76 9
107 215 107
184 250 1
13 218 13
7 122 7
100 216 6
192 202 12
52 107 26
115 214 3
32 185 2
105 244 3
31 122 15
1 157 1
148 168 2
13 168 1
140 142 35
17 177 2
82 198 1
1 44 1
94 233 1
16 156 4
109 115 3
50 63 3
162 171 10
118 249 7
102 209 6
20 43 10
82 203 1
14 73 1
69 79 4
244 253 15
64 133 16
4 49 1
15 116 7
39 102 1
58 117 58
58 236 29
28 227 28
124 249 124
222 240 3
148 151 37
36 168 2
45 177 22
151 190 2
43 85 21
157 158 39
24 142 1
21 194 1
15 248 15
6 210 6
214 245 3
130 139 8
4 43 2
35 136 17
28 228 28
183 247 1
2 20 2
56 253 7
74 147 18
47 189 47
78 214 1
1 105 1
45 140 2
87 125 1
6 196 6
76 208 1
23 188 23
33 220 1
14 49 3
212 223 13
62 115 7
46 112 1
228 233 14
12 213 6
91 164 5
47 94 47
227 230 28
77 243 1
41 169 10
26 27 13
117 238 29
110 128 1
8 71 8
98 219 6
242 247 30
229 236 14
79 127 1
38 158 19
92 189 23
92 185 92
4 129 4
126 255 63
233 244 7
98 105 6
85 181 5
3 246 3
87 164 10
74 154 9
137 138 34
6 200 6
119 188 1
181 212 1
3 242 3
30 73 1
39 158 39
62 233 7
22 91 22
5 183 5
102 103 51
60 149 1
151 157 9
230 231 115
49 187 1
8 44 2
155 157 19
221 254 3
195 199 24
106 111 13
87 96 1
70 173 2
69 72 4
97 198 24
71 93 2
10 84 10
98 207 12
82 113 1
141 153 4
64 242 1
3 236 3
104 211 52
1 130 1
143 160 2
66 256 16
32 108 1
100 202 50
72 75 18
17 57 1
75 153 9
186 188 23
27 66 1
3 126 3
48 251 3
2 143 2
137 156 4
28 130 1
150 180 2
20 40 20
118 121 7
65 119 1
103 150 1
7 244 7
33 78 4
88 187 11
14 115 14
72 170 2
105 208 52
211 245 3
119 237 59
13 213 13
1 131 1
90 132 2
49 198 49
109 218 109
2 91 2
94 159 2
1 24 1
21 172 21
76 102 1
152 195 1
60 160 1
140 167 2
35 143 35
117 163 1
183 205 1
157 186 2
60 224 7
194 252 3
117 228 14
144 155 9
12 103 12
167 227 1
35 256 8
1 122 1
174 250 1
47 57 1
140 242 1
108 144 1
209 216 13
64 129 64
22 145 2
113 226 113
73 149 18
108 219 54
5 161 5
136 172 2
28 116 14
126 169 1
4 156 4
77 173 2
98 143 1
195 234 3
1 107 1
184 216 1
35 140 35
30 230 7
42 254 1
155 156 19
101 204 25
4 256 4
196 216 6
222 245 3
45 186 11
57 205 3
48 98 24
225 234 14
181 191 11
23 83 5
101 206 25
172 199 1
201 205 25
70 140 70
90 178 22
1 221 1
27 136 1
235 236 29
86 196 1
152 155 38
78 173 2
160 192 1
212 215 53
105 149 1
78 159 39
104 219 13
117 148 1
234 235 117
184 185 92
169 227 1
63 125 31
92 142 2
1 165 1
93 126 1
193 236 3
149 182 2
117 216 3
16 95 2
146 213 1
135 179 2
18 156 9
27 77 1
37 148 37
82 181 5
140 184 2
73 84 2
110 245 3
101 238 3
62 249 62
56 90 1
187 188 23
83 191 5
28 217 3
44 100 1
15 128 1
28 57 28
105 231 3
9 145 9
46 228 1
29 248 7
46 238 1
44 48 1
184 231 1
10 180 5
158 254 1
12 72 1
100 194 12
90 180 90
14 227 14
57 194 3
135 224 1
149 224 1
114 232 14
158 222 1
112 238 14
62 67 1
56 227 56
185 194 1
15 253 15
92 147 2
22 183 22
121 190 1
113 116 14
1 174 1
5 90 5
9 77 9
120 209 3
32 135 16
8 134 8
30 84 1
45 141 2
122 242 30
56 125 7
123 141 1
65 67 16
20 83 20
29 191 1
77 219 1
128 138 8
45 119 1
2 151 2
115 222 3
49 105 6
23 43 5
1 36 1
240 248 15
83 111 1
46 92 46
52 211 52
195 197 24
1 176 1
24 189 1
210 231 3
8 67 8
35 233 1
43 150 2
2 85 2
64 65 32
101 102 25
141 183 2
54 166 1
167 226 1
196 234 3
46 188 23
46 193 1
1 228 1
113 115 28
136 247 1
196 229 3
44 87 5
105 159 1
137 154 4
55 215 13
37 72 18
96 138 1
66 76 4
78 130 4
1 16 1
4 138 4
17 102 1
117 230 14
51 245 3
109 217 54
6 129 1
208 216 13
8 133 8
40 150 2
13 239 3
43 171 21
134 141 8
3 233 3
20 111 1
190 251 1
224 248 7
181 252 1
12 192 12
4 154 4
203 238 3
6 111 6
66 197 1
2 68 2
83 163 20
137 143 17
131 255 1
110 203 6
16 64 16
64 96 1
55 154 1
8 18 4
2 18 2
83 233 1
195 208 6
104 210 52
177 181 22
96 201 12
103 110 6
4 61 1
196 225 3
12 220 6
124 244 15
14 118 14
56 181 1
165 194 1
68 140 17
99 113 3
117 172 1
4 140 4
194 195 97
193 209 6
1 159 1
73 77 9
3 239 3
95 205 1
67 172 2
238 247 7
106 256 1
82 201 1
125 248 62
88 210 1
117 242 7
104 208 104
77 244 1
95 183 11
87 235 1
100 166 1
93 236 1
69 255 1
61 79 1
60 142 1
1 21 1
189 191 47
95 188 47
77 152 38
109 236 3
104 201 6
26 144 1
161 217 1
33 251 1
128 141 8
122 151 1
25 207 25
59 118 59
46 211 1
171 172 21
177 182 22
41 87 10
12 101 12
74 133 4
4 206 1
83 244 1
6 116 3
66 149 4
48 83 1
46 143 2
84 168 84
230 237 14
246 252 15
75 175 2
61 105 3
126 185 1
119 177 1
6 98 6
169 200 1
40 151 2
44 172 5
79 145 9
1 61 1
152 223 1
93 254 1
138 140 17
159 204 1
244 245 122
64 256 64
239 254 7
91 178 22
24 190 1
29 91 1
31 129 1
1 253 1
119 213 3
72 233 1
85 91 5
88 253 1
1 46 1
184 187 46
1 207 1
13 183 1
131 132 16
12 134 1
7 116 7
193 226 3
12 136 1
56 81 1
61 121 30
182 192 1
66 136 8
13 229 3
29 234 29
9 159 9
117 171 1
114 227 28
202 235 3
146 148 18
49 181 1
172 174 43
62 217 3
9 89 2
9 152 9
59 189 1
50 195 12
33 174 2
204 212 6
65 250 1
87 195 1
25 142 1
177 247 1
15 60 15
23 181 11
57 170 1
87 171 21
204 255 3
27 76 1
9 147 9
78 155 19
213 216 13
91 191 11
10 164 10
70 238 1
7 119 7
115 225 28
96 99 24
22 69 2
1 11 1
94 173 5
42 76 2
132 256 16
180 188 11
41 200 1
176 182 22
72 187 2
141 179 2
174 193 1
140 143 35
73 151 18
71 78 4
67 129 16
42 170 42
118 158 1
17 69 17
57 253 7
214 241 3
5 21 5
167 175 10
90 121 1
56 141 1
115 163 1
11 76 2
23 44 11
108 109 54
127 154 1
22 60 1
76 203 1
45 88 22
66 123 1
165 167 41
86 165 10
1 80 1
2 191 2
58 226 14
131 184 2
103 157 1
57 231 57
48 153 1
27 221 27
164 174 10
80 81 40
84 161 10
44 179 44
103 222 6
36 39 9
177 187 11
13 209 13
71 169 2
53 235 3
135 162 2
88 177 88
21 135 2
106 217 13
89 176 44
41 195 1
6 199 6
56 113 56
210 211 105
3 171 1
126 227 7
28 188 1
38 72 9
50 246 3
34 71 17
51 124 3
237 242 7
165 171 10
137 179 2
90 182 45
30 244 30
40 206 1
31 62 31
45 180 45
45 203 1
10 170 10
28 219 3
39 78 39
122 186 1
1 177 1
142 225 1
93 225 1
93 140 2
9 126 1
10 128 2
112 137 1
3 107 3
149 155 9
20 158 2
42 189 5
2 206 1
2 159 2
54 206 6
41 222 1
14 161 1
228 256 1
35 141 35
78 117 1
6 193 6
213 223 13
144 162 2
30 245 30
15 245 15
85 143 2
1 84 1
30 123 30
191 212 1
39 147 9
44 191 11
15 114 7
55 110 55
1 189 1
26 204 6
66 146 4
63 124 31
72 82 2
6 96 6
156 158 39
17 151 4
36 75 18
35 42 2
78 145 9
14 138 1
128 233 1
23 52 1
71 128 8
70 130 8
47 96 1
122 243 30
3 143 1
72 157 9
62 218 3
89 134 2
99 252 3
210 215 26
126 127 63
22 49 1
242 243 121
101 166 1
61 243 30
48 114 3
16 225 1
110 226 3
106 110 13
126 243 15
235 251 7
92 95 23
222 244 3
29 51 3
15 70 1
9 132 4
70 145 4
79 183 2
75 102 1
34 156 4
104 111 13
88 133 2
134 158 4
26 167 1
181 241 1
197 231 3
41 155 2
20 85 10
28 229 28
87 170 21
184 254 1
97 209 6
225 227 56
118 145 1
84 97 1
23 92 23
118 204 3
180 210 1
163 172 10
53 108 13
7 31 7
123 246 123
77 171 2
190 210 1
109 126 3
29 69 1
123 245 61
232 238 29
67 240 1
88 191 11
107 191 1
4 8 4
111 219 27
138 256 8
45 126 1
94 202 1
39 243 1
18 72 18
82 166 41
6 80 1
75 193 1
211 226 3
194 220 6
181 230 1
95 108 1
42 72 2
6 12 6
87 217 1
73 256 4
22 216 1
5 192 1
140 150 4
1 50 1
42 128 2
1 223 1
165 168 10
33 134 33
34 136 34
86 172 86
57 159 1
235 242 7
27 109 27
55 109 27
131 234 1
117 239 29
191 241 1
90 219 1
5 160 5
2 165 2
30 97 3
37 121 1
17 38 4
67 207 1
22 143 2
114 157 1
65 74 4
85 244 1
126 194 3
126 252 126
170 231 1
14 238 14
3 200 3
16 142 8
27 67 1
222 232 3
23 47 23
161 164 20
15 147 1
54 221 27
83 112 1
1 71 1
1 56 1
12 205 12
1 35 1
4 248 1
28 233 14
81 226 1
15 220 3
7 250 7
1 187 1
46 187 46
184 188 23
46 186 46
163 169 10
70 180 2
89 251 1
20 187 5
119 234 29
3 35 1
19 37 9
66 173 2
133 173 2
53 153 1
22 210 1
39 255 1
44 224 1
31 97 3
128 189 2
147 250 1
15 120 15
15 30 15
129 256 64
1 194 1
75 91 2
128 237 1
144 211 1
152 201 1
166 179 5
203 225 3
56 157 1
167 190 5
48 102 12
2 74 2
71 253 1
165 219 1
15 127 15
52 230 3
12 193 12
152 159 19
17 43 2
55 166 1
89 100 1
58 114 14
41 157 2
1 198 1
160 187 5
31 255 31
52 210 52
42 87 21
48 194 48
6 49 6
1 53 1
99 121 3
14 226 14
3 249 3
103 167 1
227 229 28
5 124 1
69 196 1
121 179 1
213 218 13
165 166 41
2 168 2
31 105 3
78 131 4
17 183 2
9 79 9
195 198 24
25 178 1
32 254 1
90 234 1
4 33 4
142 164 2
1 111 1
74 140 4
113 181 1
4 97 1
19 147 9
163 166 20
108 224 3
32 107 1
181 182 45
34 92 2
23 50 1
150 235 1
125 143 1
73 129 4
17 256 8
14 164 1
137 192 1
6 109 6
3 8 1
80 189 5
107 238 3
46 244 1
56 230 28
150 204 1
146 209 1
151 182 2
7 243 7
42 86 21
65 155 4
161 248 1
137 167 2
49 83 1
26 150 1
1 235 1
67 68 8
162 210 1
1 3 1
55 214 13
85 213 1
80 85 10
38 93 2
114 115 57
1 219 1
154 186 2
151 218 1
3 225 3
12 43 1
149 246 1
16 239 1
192 200 12
69 178 2
110 207 6
197 256 1
87 175 87
144 165 2
6 50 6
73 103 1
95 189 47
41 86 10
75 154 9
46 47 23
33 252 1
125 191 1
55 245 3
38 239 1
175 181 5
136 141 17
1 91 1
15 199 3
19 156 19
177 188 11
97 140 1
148 197 1
130 190 2
157 213 1
1 18 1
18 219 1
3 26 3
68 91 2
120 206 3
70 159 4
1 142 1
117 128 1
4 135 4
96 240 3
224 237 14
104 150 1
5 14 1
141 247 1
125 220 3
11 145 2
64 233 1
159 250 1
6 133 1
21 37 2
48 92 1
62 248 62
53 211 26
62 105 3
1 8 1
165 196 1
1 224 1
79 188 2
55 218 27
14 233 14
63 247 15
82 225 1
164 224 1
7 118 7
50 210 6
6 194 6
7 60 7
28 235 14
179 227 1
96 209 6
250 254 31
115 242 7
111 151 1
58 118 29
6 225 3
115 235 14
30 53 3
3 227 3
68 179 2
137 140 17
85 138 2
2 182 2
93 94 23
8 190 2
23 163 5
138 193 1
91 116 1
168 195 1
1 114 1
58 235 58
92 181 11
123 138 1
37 97 1
2 43 2
54 151 1
230 244 7
16 30 1
68 141 17
5 83 5
2 77 2
16 71 8
11 65 2
64 86 2
28 190 1
214 215 107
132 194 1
14 170 1
51 102 51
1 225 1
10 83 10
50 117 3
71 85 2
147 175 2
81 160 40
3 117 3
113 225 56
128 162 2
18 152 9
115 191 1
68 118 1
132 138 8
146 158 9
15 123 15
67 70 8
14 107 3
98 115 3
49 103 12
95 191 95
13 237 3
5 175 5
104 107 26
90 92 11
31 51 3
50 67 1
177 196 1
75 147 18
86 168 21
58 135 1
2 157 2
27 95 1
105 107 26
38 39 19
70 199 1
68 138 34
52 106 26
104 109 13
69 175 2
28 239 14
55 177 1
41 84 10
17 117 1
97 118 3
1 153 1
170 174 21
16 72 4
4 66 4
177 191 11
120 151 1
15 124 15
115 227 28
9 213 1
144 178 2
72 73 36
241 243 60
13 212 13
199 250 3
86 175 43
34 175 2
78 202 1
38 255 1
64 202 1
2 175 2
46 184 46
144 222 1
134 248 1
127 199 3
17 217 1
68 202 1
109 230 3
74 193 1
86 96 1
193 250 3
25 176 1
224 228 28
86 235 1
111 145 1
220 221 110
36 37 18
179 252 1
3 30 3
59 126 7
103 209 6
28 68 1
53 64 1
45 179 22
45 131 2
132 135 33
125 254 31
209 214 26
11 95 11
157 203 1
81 250 1
10 91 5
215 223 13
28 230 28
7 63 7
91 222 1
65 139 8
4 151 4
104 167 1
107 190 1
15 58 7
115 128 1
17 238 1
32 45 2
42 204 1
105 212 26
138 195 1
7 152 1
31 184 1
203 250 3
78 212 1
28 29 14
14 234 14
8 246 1
101 175 1
40 170 10
12 254 3
52 222 13
1 51 1
95 184 23
34 161 2
19 176 2
13 211 13
40 133 2
31 160 1
42 172 21
118 156 1
115 244 7
18 161 2
51 57 3
27 175 1
31 60 15
244 247 61
35 242 1
131 134 16
224 226 56
112 250 7
122 169 1
154 208 1
117 181 1
230 250 7
27 190 1
14 116 14
61 215 3
27 80 1
152 154 38
31 143 1
87 189 5
2 169 2
41 163 20
23 141 2
67 82 2
137 236 1
82 221 1
24 101 12
232 236 29
97 205 12
92 126 1
108 230 3
128 137 8
146 205 1
50 201 50
49 211 6
44 195 1
202 211 6
85 86 21
41 209 1
55 131 1
97 164 1
65 133 16
35 133 8
29 59 29
107 244 3
40 41 20
87 159 2
2 106 1
25 93 1
55 70 1
111 156 1
87 109 1
8 64 8
192 195 48
22 45 22
15 251 15
50 100 50
205 233 3
98 199 49
3 158 1
171 233 1
116 227 14
5 41 5
4 158 4
99 192 24
107 216 13
37 38 9
181 183 45
225 226 56
57 162 1
127 230 7
207 209 6
2 158 2
160 213 1
62 154 1
70 142 35
22 71 2
176 179 44
125 192 3
145 152 9
240 252 15
8 92 2
192 242 3
176 220 1
5 130 2
144 152 9
108 208 13
71 213 1
56 202 3
124 207 3
34 69 34
12 202 12
115 239 14
20 98 1
3 205 3
20 46 5
101 254 3
176 227 1
67 227 1
40 44 5
108 221 27
126 189 1
165 230 1
19 149 9
5 23 5
5 22 5
195 196 24
84 107 1
7 149 1
4 72 4
176 183 22
71 114 1
107 212 53
211 212 26
122 203 3
25 179 1
105 180 1
119 254 7
90 128 2
51 119 3
8 141 8
177 184 11
14 59 14
18 37 18
84 236 1
93 249 1
30 185 1
163 229 1
177 180 22
234 239 29
187 190 23
38 77 38
96 250 3
79 242 1
233 236 29
50 198 12
63 169 1
45 247 1
26 208 26
46 191 23
94 147 2
200 225 3
68 144 4
78 161 2
12 125 3
13 107 13
249 250 62
151 155 9
50 200 50
21 111 1
62 117 7
102 256 1
10 171 10
44 178 44
116 239 29
229 230 57
52 209 52
165 245 1
16 224 1
1 103 1
224 247 7
161 213 1
5 182 5
3 122 3
3 7 3
40 67 2
111 178 1
102 197 12
47 91 11
189 250 1
245 256 1
56 204 3
153 166 2
5 81 5
64 72 4
3 29 3
89 243 1
83 218 1
42 52 1
54 101 6
45 99 1
78 185 2
176 191 11
13 251 3
82 122 1
45 184 11
22 68 2
94 166 5
90 216 1
100 103 25
47 124 1
25 203 25
90 196 1
114 149 1
121 230 7
27 55 27
118 119 59
35 175 2
138 154 4
65 91 2
69 206 1
83 100 1
3 206 3
62 123 15
66 220 1
9 39 9
76 107 1
8 129 8
5 138 2
1 216 1
67 151 4
42 174 21
119 238 119
45 236 1
167 241 1
154 161 2
23 38 2
1 249 1
121 240 60
132 247 1
94 184 23
31 128 1
27 216 27
99 200 12
56 224 56
61 224 7
48 196 24
100 211 6
148 158 9
81 192 1
108 166 1
141 217 1
54 108 54
36 157 9
43 170 21
139 202 1
42 188 5
74 235 1
9 17 4
73 150 18
166 226 1
12 148 1
2 138 2
80 82 20
44 177 44
57 229 57
52 97 6
209 238 3
165 208 1
83 161 20
35 240 1
159 187 2
126 245 15
63 254 63
37 79 9
81 142 2
17 67 8
146 147 73
74 165 2
202 215 6
48 103 12
153 159 19
10 184 5
89 180 22
107 208 26
122 247 61
52 96 6
80 165 20
48 50 12
68 112 1
90 138 2
83 162 20
125 243 15
184 237 1
86 143 2
5 94 5
3 121 3
203 241 3
97 202 12
173 188 5
55 106 13
82 184 5
245 248 15
66 121 1
128 213 1
196 200 12
67 191 2
1 58 1
78 153 19
6 208 6
100 101 50
28 107 3
34 125 1
30 145 1
114 209 3
52 255 3
21 148 2
40 165 20
233 238 29
127 213 3
27 217 27
176 177 88
12 64 1
51 225 3
8 128 8
66 190 2
119 130 1
96 97 48
39 182 2
83 250 1
79 207 1
32 168 2
64 71 8
58 181 1
110 221 110
49 140 1
175 251 1
82 200 1
40 190 5
86 241 1
216 241 3
99 122 3
59 91 1
6 137 1
45 178 22
62 177 1
1 32 1
11 89 11
121 152 1
78 176 2
163 196 1
156 157 78
209 221 13
28 129 1
17 138 17
40 233 1
43 174 43
54 223 27
25 248 3
4 67 4
43 205 1
14 239 14
21 175 21
28 67 1
161 205 1
40 164 20
8 222 1
138 215 1
3 51 3
1 102 1
118 184 1
72 109 1
12 206 12
109 185 1
218 252 3
95 172 5
95 213 1
26 197 6
141 186 2
146 203 1
91 161 5
14 80 1
162 165 20
120 246 30
78 234 1
45 75 2
1 124 1
7 230 7
4 131 4
100 193 12
21 207 1
188 251 1
3 220 3
147 150 18
21 240 1
41 89 5
117 244 7
36 57 1
198 207 12
123 241 30
120 197 3
20 239 1
71 133 8
125 215 3
8 131 8
1 229 1
7 155 1
35 165 2
63 121 15
183 188 11
181 189 11
8 138 8
170 171 85
9 93 2
193 223 6
74 156 9
15 252 15
17 107 1
50 203 50
208 221 13
38 53 1
64 135 16
128 149 4
164 241 1
57 164 1
3 248 3
15 242 15
20 81 20
2 81 2
243 247 30
8 77 4
18 159 9
57 147 1
174 185 5
41 60 1
49 95 1
24 97 24
5 173 5
171 183 5
112 113 56
67 139 8
86 169 21
123 250 15
19 162 2
192 197 24
1 236 1
68 132 8
207 253 3
6 214 6
22 23 11
2 172 2
48 243 3
31 83 1
54 131 1
36 146 36
28 114 28
82 121 1
60 115 7
66 168 2
1 42 1
35 180 2
48 199 24
57 181 1
115 205 3
151 205 1
109 110 27
59 232 29
16 89 2
1 97 1
38 143 4
198 215 6
224 236 14
37 193 1
96 134 1
91 93 11
96 162 1
235 245 7
31 125 31
53 208 26
34 138 34
103 202 25
77 157 19
140 236 1
209 235 3
24 50 12
13 53 13
36 255 1
65 127 1
55 121 3
153 154 38
251 254 31
193 199 24
87 166 10
84 152 2
65 132 16
52 119 3
148 149 74
29 114 14
236 245 7
130 241 1
78 158 39
83 127 1
65 112 1
48 170 1
129 255 1
6 159 1
100 190 1
84 172 21
24 251 3
99 135 1
118 122 7
55 223 55
30 174 1
52 109 13
142 143 71
138 177 2
117 253 7
48 64 1
15 96 3
3 13 3
71 142 71
27 71 1
55 186 1
4 9 4
13 217 13
13 72 1
4 143 4
13 105 13
1 29 1
240 251 15
203 204 25
211 219 13
191 247 1
72 183 2
25 218 6
69 86 2
79 152 19
3 99 3
103 203 25
67 149 4
1 4 1
34 173 2
59 235 29
45 172 5
5 129 2
63 141 1
15 154 1
94 191 47
96 173 1
22 240 1
105 146 1
22 179 22
71 227 1
127 187 1
207 216 6
231 236 14
103 114 3
220 254 3
3 125 3
185 186 46
94 183 11
18 139 4
208 210 52
240 249 15
24 123 3
224 253 7
202 203 101
12 198 12
116 188 1
68 128 8
61 122 61
97 194 97
7 221 3
41 134 2
2 240 1
13 167 1
145 232 1
16 102 1
188 190 47
110 223 55
13 125 3
112 229 28
136 239 1
100 197 12
19 157 19
193 216 6
100 187 1
43 243 1
82 233 1
28 189 1
2 184 2
58 210 3
12 61 3
22 67 2
46 126 1
52 221 13
111 218 27
70 146 4
23 94 23
1 246 1
90 103 1
18 158 9
144 147 36
64 77 4
233 243 7
162 235 1
118 191 1
100 234 3
7 15 7
152 232 1
93 243 1
1 208 1
80 119 1
19 79 19
120 227 7
82 218 1
67 71 8
6 115 3
59 127 7
2 137 2
18 27 1
248 253 31
132 209 1
86 112 1
65 66 16
16 253 1
86 170 21
50 101 50
2 10 2
8 24 1
85 184 5
194 235 3
30 240 30
11 45 11
47 152 2
176 180 22
6 25 6
32 111 1
149 252 1
24 111 6
120 243 60
1 218 1
231 256 1
118 232 29
48 195 48
48 209 6
7 47 1
28 90 1
70 148 4
91 179 22
103 232 3
25 50 25
79 132 4
67 74 4
201 240 3
40 238 1
100 200 100
28 110 3
27 213 13
209 222 13
30 121 30
106 208 26
5 71 2
49 169 1
50 115 3
3 110 3
233 234 58
1 126 1
163 176 5
61 246 61
158 179 2
98 198 49
68 95 2
21 232 1
134 189 2
160 196 1
29 233 29
242 244 30
61 125 15
34 35 17
28 234 14
40 83 20
69 152 4
168 182 5
144 254 1
5 11 5
198 209 6
113 217 3
67 198 1
53 203 6
2 155 2
63 79 1
146 153 9
21 97 1
3 112 3
42 113 1
10 219 1
46 234 1
83 91 5
28 178 1
38 59 1
124 126 31
129 142 8
183 255 1
1 155 1
12 239 3
1 12 1
34 141 17
53 200 6
24 217 6
1 188 1
24 182 1
3 244 3
63 210 3
1 83 1
12 99 12
105 213 26
49 254 3
16 55 1
63 133 1
56 120 7
73 89 2
141 152 4
226 231 28
21 91 5
1 38 1
50 123 3
120 141 1
21 82 10
154 159 19
144 148 18
71 138 17
46 201 1
40 161 40
145 163 2
164 183 5
234 247 7
3 230 3
29 117 29
75 159 9
82 164 82
85 249 1
113 164 1
176 237 1
29 31 7
128 221 1
40 118 1
98 196 98
121 211 3
29 75 1
1 19 1
103 106 6
96 102 12
195 229 3
72 87 2
75 133 4
19 77 19
98 110 6
24 71 1
150 225 1
104 115 3
85 93 5
65 148 4
19 114 1
93 122 1
183 223 1
66 128 16
133 137 8
29 178 1
95 178 11
166 186 5
89 148 2
99 199 99
183 243 1
49 50 12
164 205 1
117 152 1
48 193 48
3 141 1
87 168 21
240 243 60
19 155 19
10 28 1
65 136 8
110 229 3
88 101 1
12 195 12
58 232 58
56 63 7
58 208 3
17 194 1
235 237 29
13 153 1
91 180 45
160 229 1
2 11 2
113 239 14
150 208 1
44 88 44
137 189 2
67 85 2
48 198 24
252 255 63
125 163 1
64 201 1
97 201 12
81 161 40
107 230 3
89 142 2
89 179 89
56 57 28
136 233 1
20 166 20
124 250 62
65 184 2
94 103 1
32 154 4
11 47 11
170 178 5
9 75 9
214 226 3
162 167 20
170 186 5
22 189 11
43 216 1
3 108 3
78 157 78
13 201 6
51 193 12
89 90 22
133 141 8
30 42 1
51 217 6
23 180 11
16 157 4
1 230 1
34 83 2
78 104 1
167 172 10
59 196 3
37 39 9
173 186 5
4 153 4
126 201 3
71 109 1
123 136 1
29 226 14
95 186 23
191 250 1
5 66 2
16 85 2
172 223 1
1 170 1
206 207 103
2 131 2
53 213 53
65 130 65
100 168 1
27 226 3
31 148 1
52 199 6
9 181 2
127 248 31
1 247 1
2 82 2
60 255 15
25 205 25
168 169 84
75 241 1
33 66 33
182 223 1
189 190 47
63 85 1
35 71 35
217 221 27
82 159 2
123 244 61
81 141 2
131 239 1
150 156 9
7 249 7
213 232 3
115 208 3
100 169 1
170 220 1
3 209 3
209 212 26
4 39 4
48 100 12
101 194 12
120 136 1
27 230 3
73 139 4
18 186 2
151 232 1
87 107 1
156 181 2
128 135 16
33 73 4
232 237 29
155 159 19
47 185 23
208 253 3
84 206 1
163 182 5
106 210 26
13 108 13
21 199 1
2 75 2
105 119 3
31 252 31
5 30 1
48 220 6
32 232 1
33 142 8
31 188 1
1 186 1
6 202 6
1 55 1
89 97 1
64 190 2
105 218 13
6 100 6
120 121 60
127 153 1
26 29 3
30 249 15
16 151 4
101 137 1
181 224 1
191 206 1
67 237 1
96 192 96
146 161 2
43 86 43
13 55 13
165 213 1
129 195 1
108 112 3
92 94 23
47 52 1
13 111 13
180 220 1
14 157 1
32 38 4
41 74 2
108 119 3
23 89 11
64 249 1
88 89 44
142 206 1
75 245 1
184 217 1
221 235 3
185 189 23
20 80 20
32 131 32
177 237 1
222 249 3
172 239 1
9 197 1
68 83 2
44 160 5
158 164 2
115 131 1
144 149 18
125 255 31
79 185 2
91 256 2
170 183 5
4 132 4
65 228 1
142 232 1
51 235 3
53 212 53
54 216 54
47 256 2
193 227 3
138 139 69
245 249 15
1 26 1
75 163 2
4 23 2
2 86 2
37 145 18
51 60 3
99 198 99
73 75 18
150 176 2
161 253 1
76 249 1
21 84 21
84 105 1
63 175 1
55 94 1
97 133 1
68 182 2
217 245 3
167 240 1
26 178 1
173 227 1
13 220 13
19 121 1
170 175 21
80 95 5
32 142 8
56 159 1
119 187 1
6 95 1
6 24 6
120 137 1
219 220 27
8 231 1
29 172 1
20 136 2
83 86 10
20 79 2
2 129 2
53 238 3
2 97 1
170 181 5
156 191 2
214 256 1
10 96 1
115 224 28
1 87 1
91 182 91
1 37 1
88 250 1
121 123 30
19 214 1
210 254 3
113 131 1
51 205 51
1 66 1
79 162 2
46 94 23
207 246 3
65 194 1
123 247 123
18 148 18
118 236 118
120 153 1
42 43 21
42 116 1
10 46 5
31 63 31
34 128 8
65 201 1
128 144 4
39 40 2
2 145 2
100 203 50
10 248 1
171 175 21
23 221 1
12 24 12
1 160 1
40 158 2
163 175 10
178 213 1
11 141 2
84 144 2
1 62 1
51 100 25
132 186 2
183 197 1
70 143 35
7 242 7
64 107 1
51 165 1
70 225 1
78 192 1
54 121 3
28 75 1
16 163 2
84 218 1
220 256 1
167 184 5
16 114 1
16 98 1
4 37 4
91 171 5
7 59 7
56 171 1
184 214 1
101 148 1
75 116 1
100 131 1
134 201 1
66 129 16
54 237 3
125 250 125
96 197 24
13 132 1
128 131 32
96 184 1
43 168 21
96 239 3
145 210 1
25 159 1
36 179 2
22 185 11
64 128 64
46 135 2
99 101 12
49 79 1
92 191 23
30 69 1
9 146 9
111 222 111
38 224 1
40 82 20
7 226 7
144 179 2
16 100 1
4 168 2
62 135 1
10 122 1
161 175 10
58 217 3
43 160 10
127 239 7
45 187 11
55 170 1
114 118 14
81 83 20
215 227 3
4 35 4
72 147 36
85 172 21
8 140 8
45 164 5
86 173 86
149 194 1
75 86 2
145 146 36
119 255 7
24 199 24
3 192 3
67 223 1
92 136 2
128 201 1
38 178 2
7 246 7
253 254 63
130 151 4
37 165 2
41 85 10
6 192 6
1 14 1
136 139 34
97 245 3
178 232 1
144 256 4
133 135 33
78 79 39
45 169 5
111 221 55
54 196 6
1 64 1
47 150 2
79 217 1
59 207 3
210 223 13
91 175 5
47 160 5
224 232 14
8 142 8
110 199 6
177 178 44
92 183 11
101 201 50
209 211 52
13 80 1
125 253 31
2 139 2
47 114 1
19 39 19
179 248 1
59 227 14
92 139 2
196 197 98
97 206 12
2 36 2
5 172 5
123 183 1
116 233 116
143 168 2
19 199 1
61 126 15
198 214 6
1 104 1
115 247 7
2 23 2
108 143 1
32 169 2
119 235 29
179 222 1
39 89 2
42 120 1
179 188 11
62 203 3
18 65 4
66 205 1
16 33 16
5 179 5
203 206 25
167 191 5
116 173 1
36 226 1
132 233 1
101 146 1
30 206 3
65 207 1
57 94 1
69 253 1
143 192 1
67 229 1
166 240 1
40 122 1
144 151 18
7 96 3
31 124 31
122 123 61
49 243 3
49 64 1
96 193 96
127 240 15
13 106 13
3 23 1
31 156 1
3 235 3
16 160 2
60 66 1
26 68 1
77 154 77
20 109 1
138 141 17
26 234 3
66 134 33
95 250 1
32 186 2
154 221 1
87 200 1
112 115 28
133 134 33
66 68 8
24 147 1
116 247 7
112 210 3
139 248 1
93 113 1
129 229 1
18 222 1
3 115 3
164 208 1
2 83 2
2 17 2
64 132 16
137 248 1
86 133 2
47 249 1
130 157 4
93 216 1
64 130 32
11 91 11
114 202 3
104 118 3
96 206 12
22 176 22
186 189 23
7 14 7
30 78 1
126 253 126
160 191 5
43 50 1
63 74 1
97 217 6
8 74 4
23 39 2
138 237 1
150 161 2
139 142 17
1 89 1
4 185 2
28 56 28
74 203 1
98 193 24
203 212 6
60 241 60
130 136 8
12 51 12
69 118 1
46 254 1
93 162 5
113 256 1
7 48 3
69 193 1
240 244 30
22 242 1
79 105 1
104 105 52
2 186 2
41 91 5
109 150 1
4 255 1
91 242 1
170 249 1
6 206 6
111 212 13
200 205 25
192 224 3
22 101 1
220 222 55
150 163 2
209 217 13
211 239 3
39 240 1
62 125 62
85 151 2
33 219 1
79 150 9
18 75 18
1 49 1
25 182 1
159 249 1
60 247 30
39 152 19
1 250 1
1 251 1
177 179 44
213 249 3
29 142 1
107 202 6
168 175 21
136 137 68
31 117 7
235 240 7
104 197 6
41 237 1
7 121 7
131 246 1
26 212 26
36 48 1
120 242 60
106 214 53
220 223 55
133 144 4
6 48 6
48 121 3
96 194 48
95 187 23
78 156 78
137 150 4
19 159 19
194 196 24
216 236 3
2 89 2
200 232 3
121 233 7
107 211 26
53 214 53
155 179 2
122 225 7
181 245 1
4 137 4
4 212 1
1 39 1
67 76 4
16 65 16
81 235 1
50 189 1
27 189 1
142 198 1
47 187 23
147 158 9
6 23 1
217 218 54
124 242 15
101 177 1
3 238 3
37 236 1
205 230 3
92 121 1
1 78 1
79 128 4
154 235 1
73 93 2
41 242 1
215 220 13
38 79 19
61 88 1
145 222 1
73 155 9
221 234 3
20 242 1
186 191 23
91 210 1
103 131 1
23 187 23
33 35 8
20 102 1
94 237 1
133 172 2
69 128 8
2 222 1
2 54 1
6 105 6
85 216 1
12 50 12
62 75 1
43 161 10
29 72 1
93 151 2
83 166 83
14 224 14
155 163 2
65 178 2
14 218 3
118 234 29
197 206 12
211 249 3
30 247 30
52 247 3
64 140 8
50 207 25
16 43 2
78 249 1
58 116 58
23 202 1
119 135 1
186 211 1
194 200 12
59 110 3
249 255 31
76 79 19
37 157 9
69 138 69
132 220 1
28 199 3
1 33 1
247 248 15
51 61 3
140 248 1
69 81 2
112 231 28
121 122 30
97 98 24
232 233 116
43 169 21
21 212 1
9 144 9
45 216 1
69 202 1
41 234 1
44 90 22
67 209 1
21 124 1
200 206 25
79 214 1
1 98 1
43 234 1
73 192 1
37 69 4
66 67 33
70 169 2
90 237 1
80 166 20
17 137 17
124 254 31
1 144 1
67 114 1
12 94 1
54 126 3
96 164 1
97 152 1
39 145 9
65 123 1
38 132 4
1 69 1
142 247 1
97 103 12
79 206 1
92 234 1
62 142 1
174 181 5
182 208 1
81 181 5
47 180 11
17 37 4
97 187 1
4 12 1
41 210 1
59 170 1
162 244 1
81 164 20
75 79 9
48 191 1
171 252 1
2 177 2
105 147 1
228 245 7
129 186 2
31 61 15
170 173 21
7 16 1
65 256 32
69 140 17
86 89 5
18 126 1
196 198 49
55 108 27
16 132 16
14 113 14
61 69 1
36 247 1
153 210 1
111 116 3
183 245 1
9 157 9
34 143 17
54 149 1
46 175 5
32 136 8
41 83 41
43 164 10
3 127 3
2 142 2
59 206 3
8 33 8
98 235 3
87 230 1
51 103 51
156 171 2
10 45 5
243 246 30
80 168 10
116 158 1
131 135 16
47 162 5
11 187 11
30 153 1
57 61 7
72 144 72
42 154 2
100 206 25
114 158 1
65 142 8
40 128 2
170 212 1
39 94 2
12 243 3
242 250 15
68 131 8
83 228 1
37 251 1
65 131 65
82 83 41
10 43 10
22 27 1
62 124 62
120 128 1
35 92 2
70 192 1
50 167 1
167 185 5
32 215 1
120 158 1
179 224 1
100 116 3
224 250 7
114 151 1
2 21 2
246 247 123
133 163 2
32 68 8
28 207 3
197 208 6
22 236 1
54 73 1
12 210 6
213 214 53
135 139 8
22 41 5
98 99 49
200 204 25
116 121 7
198 232 3
124 234 7
14 229 14
110 219 27
77 128 4
40 184 5
62 78 1
56 59 14
136 244 1
30 82 1
12 97 12
44 233 1
197 198 49
31 110 3
139 170 2
13 204 6
168 172 21
92 235 1
178 179 89
7 157 1
124 209 3
240 246 30
114 196 3
67 128 16
39 123 1
209 247 3
134 256 16
36 151 18
61 134 1
4 133 4
4 79 4
3 56 3
63 250 31
61 232 7
4 142 4
195 242 3
3 54 3
162 229 1
117 164 1
59 117 29
127 132 1
57 114 57
101 250 3
83 222 1
35 193 1
1 148 1
9 74 9
23 197 1
132 189 2
128 252 1
143 167 2
75 201 1
80 250 1
65 249 1
113 187 1
82 135 2
81 167 20
188 242 1
3 101 3
188 244 1
13 109 13
207 243 3
42 84 42
67 134 67
177 195 1
105 181 1
159 168 2
161 173 10
38 154 38
24 180 1
61 249 15
10 218 1
61 136 1
24 98 24
68 126 1
37 87 2
75 139 4
31 251 31
1 23 1
203 235 3
131 182 2
29 110 3
220 250 3
29 118 29
228 234 14
174 175 87
82 136 2
161 236 1
1 161 1
176 228 1
89 181 22
145 148 18
94 200 1
33 184 2
52 55 13
17 141 17
151 204 1
86 162 10
163 171 10
37 91 2
110 136 1
76 124 1
25 163 1
9 150 9
60 220 3
5 47 5
251 252 31
13 22 1
133 221 1
3 203 3
57 202 3
10 167 10
70 139 17
91 142 2
85 99 1
226 227 113
63 251 31
50 197 12
116 120 7
27 96 6
50 51 25
6 222 6
138 169 2
52 207 6
178 183 22
112 171 1
208 212 26
112 199 3
29 163 1
76 247 1
164 167 41
91 146 2
75 92 2
59 123 7
100 249 3
183 221 1
183 208 1
52 237 3
101 249 3
94 167 5
131 153 4
64 252 1
210 218 13
125 252 31
103 115 3
161 250 1
37 74 37
105 251 3
233 241 7
17 65 8
160 180 5
2 88 2
136 235 1
40 110 1
69 139 69
139 156 4
148 162 2
145 194 1
53 185 1
129 131 32
90 157 2
166 197 1
158 223 1
47 135 2
42 236 1
114 233 14
82 161 20
164 166 41
167 216 1
41 161 20
7 114 7
8 254 1
20 107 1
23 235 1
3 123 3
82 162 20
1 140 1
169 181 5
137 159 4
125 241 15
8 17 8
100 204 25
136 166 2
42 44 5
193 197 24
190 204 1
118 239 59
141 242 1
92 184 92
35 142 35
2 66 2
15 155 1
50 204 25
132 193 1
51 197 12
128 129 64
1 70 1
13 230 3
9 155 9
33 105 1
83 90 5
11 178 11
1 112 1
47 145 2
163 233 1
170 190 5
71 250 1
92 113 1
110 216 27
161 178 5
22 178 22
143 243 1
5 114 1
8 16 8
221 229 3
14 254 7
44 47 11
230 245 7
68 147 4
135 165 2
134 155 4
35 99 1
49 199 49
47 165 5
80 83 20
137 172 2
108 223 27
2 9 2
196 240 3
179 203 1
219 225 3
126 254 63
23 45 11
6 219 6
44 53 1
4 17 4
112 240 7
18 167 2
201 231 3
40 105 1
58 238 29
200 245 3
47 51 1
1 73 1
47 188 47
21 133 2
177 236 1
135 161 2
1 233 1
77 144 9
160 162 40
6 212 6
9 156 9
19 42 2
202 221 6
92 206 1
7 252 7
1 92 1
25 67 1
7 154 1
1 65 1
4 181 2
29 236 29
131 202 1
33 93 2
122 208 3
130 207 1
98 163 1
17 145 4
53 79 1
144 253 1
97 113 3
15 32 1
171 193 1
80 140 2
204 207 51
28 102 3
139 242 1
127 140 1
7 112 7
18 253 1
42 133 2
58 122 7
102 193 12
7 253 7
114 226 28
11 216 1
1 30 1
21 106 1
57 116 14
140 217 1
6 106 6
130 235 1
75 150 75
85 174 21
206 209 6
40 246 1
49 130 1
44 51 1
60 121 60
123 193 3
44 181 22
55 222 55
19 185 2
161 171 10
40 141 2
53 105 26
58 99 3
146 239 1
34 89 2
15 61 15
7 248 7
156 213 1
26 166 1
147 149 18
130 141 8
243 245 30
11 136 2
6 103 6
9 149 9
5 42 5
44 253 1
85 112 1
74 221 1
38 133 4
152 164 2
110 152 1
254 255 127
117 159 1
85 171 85
63 123 15
120 241 120
170 172 21
21 171 21
9 130 4
187 189 23
71 82 2
1 52 1
219 228 3
78 147 9
24 192 24
229 231 57
1 22 1
98 179 1
202 206 25
18 252 1
90 107 1
157 181 2
12 37 1
9 193 1
11 98 1
7 67 1
195 209 6
215 231 3
178 204 1
114 124 7
81 244 1
45 89 22
14 237 14
63 75 1
63 248 31
6 248 3
185 188 23
88 97 1
3 170 1
124 251 62
89 155 2
86 190 5
160 165 20
21 128 2
81 131 2
55 250 3
123 196 3
21 109 1
1 183 1
148 150 37
192 198 24
28 66 1
80 131 2
23 146 2
206 251 3
63 144 1
130 256 32
23 49 1
79 255 1
46 72 2
57 161 1
14 66 1
60 175 1
132 225 1
76 152 76
108 222 27
35 129 8
113 224 56
173 209 1
143 153 4
168 252 1
32 129 32
15 87 1
117 233 58
25 113 3
129 235 1
213 239 3
39 47 2
119 232 29
1 164 1
43 123 1
93 189 23
161 195 1
32 230 1
7 126 7
62 254 31
92 208 1
179 221 1
42 56 1
85 183 5
73 183 2
4 141 4
89 92 11
59 165 1
129 134 16
24 96 24
51 203 25
76 253 1
108 110 27
61 214 3
66 169 2
163 223 1
163 241 1
6 220 6
164 243 1
112 195 3
68 178 2
136 185 2
242 245 30
2 153 2
3 68 1
33 132 33
36 137 4
96 152 1
96 104 6
168 183 5
123 152 1
80 255 1
57 148 1
134 191 2
122 246 61
130 133 16
4 162 2
20 75 2
184 191 23
104 170 1
55 210 13
3 98 3
112 185 1
156 255 1
74 172 2
149 168 2
67 251 1
93 188 23
93 235 1
46 86 5
53 96 6
114 134 1
1 180 1
5 93 5
137 178 2
119 129 1
3 250 3
39 203 1
55 224 3
228 229 114
80 230 1
52 208 52
97 138 1
3 253 3
1 163 1
139 140 17
10 129 2
185 251 1
19 102 1
4 16 4
208 241 3
76 157 19
86 232 1
11 44 11
67 256 16
25 175 1
100 172 1
51 179 1
117 227 14
5 162 5
92 190 23
1 182 1
30 111 3
31 237 7
123 243 30
1 168 1
21 85 21
88 183 22
2 8 2
31 197 3
113 230 28
91 190 11
37 147 18
1 68 1
2 123 1
46 209 1
110 234 3
110 111 55
115 123 7
171 184 5
101 205 25
77 193 1
59 239 59
16 17 8
108 205 6
11 46 11
21 130 2
237 251 7
71 141 35
29 125 7
46 169 5
109 242 3
113 215 3
73 109 1
180 195 1
121 220 3
7 147 1
26 104 26
37 250 1
109 221 27
33 221 1
6 83 1
211 251 3
53 104 26
49 250 3
8 69 8
57 236 14
125 246 15
102 203 25
1 95 1
36 145 36
62 130 1
195 214 6
4 128 4
60 126 15
34 166 2
212 216 13
14 79 1
44 69 2
39 119 1
109 247 3
57 75 1
15 148 1
181 197 1
9 239 1
110 255 3
74 77 9
3 183 1
96 101 12
179 189 11
7 189 1
11 169 5
210 237 3
10 168 10
4 174 2
26 56 3
59 210 3
160 231 1
88 185 11
117 118 29
92 162 5
61 65 1
36 149 18
13 117 3
12 53 6
110 205 6
24 194 24
11 38 2
93 130 2
12 87 1
70 138 17
5 137 2
21 180 5
127 131 1
90 204 1
151 227 1
19 48 1
17 150 4
96 222 6
5 158 2
119 185 1
18 108 1
27 169 1
184 190 23
167 177 5
167 206 1
147 241 1
94 254 1
29 41 1
1 72 1
70 166 2
1 85 1
41 162 20
88 176 88
60 84 1
1 86 1
7 238 7
197 235 3
88 189 11
1 59 1
24 149 1
188 210 1
231 251 7
25 131 1
159 176 2
82 149 2
162 204 1
77 213 1
25 123 3
201 203 50
100 143 1
1 81 1
63 143 1
36 155 9
88 167 5
4 78 4
28 31 7
202 238 3
102 179 1
11 212 1
36 78 9
71 144 4
148 171 2
33 208 1
4 148 4
50 90 1
5 181 5
106 250 3
9 151 9
60 123 30
181 204 1
9 81 2
3 59 3
175 231 1
142 186 2
3 214 3
108 214 13
7 213 3
46 121 1
1 256 1
98 147 1
44 226 1
3 58 3
144 244 1
82 185 5
54 79 1
2 5 2
9 173 2
109 111 27
144 181 2
39 225 1
91 176 22
67 132 33
46 93 46
203 220 6
12 203 12
156 210 1
69 124 1
1 137 1
54 141 1
146 227 1
80 215 1
93 209 1
198 236 3
90 197 1
32 128 32
130 135 16
60 253 15
91 181 45
87 190 5
141 148 4
47 178 11
1 191 1
63 102 3
174 255 1
7 30 7
162 166 20
59 237 59
38 152 38
46 217 1
202 210 6
193 206 12
6 204 6
71 143 71
33 155 4
32 148 4
153 170 2
110 237 3
63 148 1
50 161 1
198 248 3
171 242 1
37 75 37
4 36 4
186 228 1
94 187 23
142 181 2
1 240 1
239 246 7
51 188 1
73 178 2
1 6 1
21 87 21
173 198 1
140 219 1
116 234 58
17 156 4
1 25 1
222 236 3
161 243 1
219 223 27
150 202 1
2 95 2
152 231 1
114 225 28
162 222 1
55 207 6
105 129 1
40 69 2
7 233 7
75 145 18
1 145 1
4 68 4
236 239 59
31 150 1
211 223 13
123 249 15
66 131 16
3 193 3
4 73 4
193 194 48
118 231 14
213 234 3
109 199 6
44 46 11
171 174 21
88 122 1
6 26 6
8 137 8
93 231 1
62 255 31
3 237 3
115 200 3
178 182 22
18 73 18
7 232 7
120 223 3
18 208 1
2 47 2
1 195 1
8 248 1
65 163 2
5 84 5
12 160 1
116 236 29
216 218 54
76 91 2
28 215 3
9 233 1
36 41 2
38 137 4
66 71 8
154 252 1
63 127 63
123 137 1
1 109 1
115 231 115
6 221 6
248 255 31
49 101 12
1 200 1
3 93 1
33 88 2
92 186 46
89 183 22
225 239 14
117 252 7
114 144 1
4 147 4
21 181 5
38 129 4
17 87 2
20 165 20
47 190 47
191 230 1
168 170 42
92 166 5
30 74 1
54 194 6
82 236 1
102 115 3
39 141 4
40 49 1
87 183 5
24 52 6
58 234 58
32 115 1
47 106 1
89 177 44
178 229 1
26 162 1
47 184 23
50 206 25
126 193 3
176 246 1
179 256 2
48 256 1
88 148 2
113 231 28
215 256 1
47 89 11
73 111 1
166 181 5
119 233 29
151 243 1
50 98 12
111 209 13
124 154 1
63 206 3
176 184 11
18 182 2
180 186 11
14 230 14
1 13 1
12 201 12
164 246 1
33 57 1
29 214 3
18 142 4
26 120 3
2 7 1
174 176 5
11 94 11
231 232 14
128 229 1
218 220 27
1 171 1
27 54 27
71 132 8
7 195 3
122 238 7
68 237 1
126 249 31
11 139 2
109 175 1
87 119 1
17 34 17
19 152 19
38 159 19
128 178 2
124 211 3
14 119 14
119 125 7
77 184 2
114 236 14
102 201 25
106 219 13
102 225 3
32 241 1
25 198 12
62 251 62
4 230 1
203 231 3
7 113 7
77 237 1
3 254 3
10 229 1
24 95 1
40 123 1
24 83 1
39 176 2
104 134 1
19 151 9
6 195 6
33 172 2
126 233 7
47 95 47
157 199 1
1 120 1
164 227 1
74 151 37
104 209 104
118 229 14
1 90 1
10 40 10
117 255 7
87 227 1
5 7 1
122 241 30
86 178 5
21 105 1
6 108 6
79 167 2
154 203 1
29 137 1
177 193 1
12 197 12
157 191 2
200 201 100
129 183 2
103 119 3
149 231 1
84 160 10
26 77 1
131 241 1
250 252 31
1 67 1
208 219 13
103 207 103
22 191 11
16 99 1
183 248 1
9 84 2
3 212 3
3 219 3
112 160 1
47 203 1
13 52 13
1 94 1
164 184 5
7 44 1
34 137 34
58 253 7
161 221 1
79 156 39
8 135 8
7 28 7
90 91 45
81 100 1
51 91 1
3 100 3
89 186 11
106 142 1
187 207 1
143 221 1
2 70 2
80 233 1
160 163 40
124 164 1
6 203 6
23 165 5
117 229 14
76 220 1
86 214 1
30 223 3
10 174 10
21 215 1
191 198 1
44 151 2
10 172 10
110 208 13
170 185 5
134 219 1
1 149 1
157 182 2
73 216 1
75 156 9
10 21 10
81 184 5
167 168 10
27 222 27
90 183 45
53 87 1
10 165 10
39 199 1
154 155 77
56 100 3
122 150 1
30 120 30
14 151 1
42 117 1
12 141 1
108 229 3
185 203 1
31 178 1
102 125 3
11 92 11
94 205 1
202 252 3
1 255 1
23 28 1
64 70 8
155 188 2
131 147 4
57 65 1
8 188 2
65 254 1
218 221 27
9 148 9
2 190 2
225 233 14
6 157 1
31 116 7
9 71 4
152 156 19
157 170 2
141 142 35
117 235 117
41 55 1
37 114 1
22 93 11
15 185 1
37 60 1
194 197 24
36 219 1
18 242 1
12 194 12
52 60 3
8 139 8
109 176 1
51 201 25
161 165 20
193 195 48
129 144 4
58 111 3
56 108 3
146 149 18
112 230 28
24 103 12
49 156 1
232 251 7
119 241 7
129 254 1
43 166 10
87 90 5
67 133 33
183 225 1
57 85 1
26 211 26
82 167 41
117 197 3
14 127 7
92 93 46
7 241 7
117 119 29
138 176 2
83 143 2
118 176 1
80 127 1
4 199 1
50 225 3
144 252 1
188 191 47
84 150 2
18 90 2
10 80 10
7 227 7
140 205 1
45 91 45
120 235 7
28 163 1
112 189 1
118 247 7
3 81 1
28 144 1
229 235 14
163 170 10
241 253 15
40 217 1
66 237 1
106 162 1
16 66 16
75 151 75
145 230 1
76 221 1
33 67 33
21 162 10
92 188 23
15 33 1
5 187 5
4 249 1
113 161 1
88 224 1
22 180 22
138 142 17
2 176 2
151 174 2
59 236 59
76 150 9
84 251 1
24 132 1
58 192 3
21 152 2
154 231 1
94 185 23
156 203 1
3 43 1
89 241 1
38 76 38
24 48 24
112 227 56
225 231 28
251 253 31
77 212 1
1 185 1
66 163 2
83 174 10
4 75 4
4 157 4
97 199 24
20 196 1
105 214 26
201 207 25
54 99 6
19 158 19
239 256 1
23 158 2
53 78 1
44 176 44
90 137 2
1 127 1
3 113 3
44 89 44
44 84 5
53 209 26
175 212 1
176 188 11
36 244 1
120 132 1
23 185 23
50 134 1
130 134 16
83 170 10
127 186 1
161 233 1
71 231 1
201 227 3
186 187 93
205 206 51
46 185 46
48 197 24
8 132 8
126 150 1
95 160 5
15 254 15
88 202 1
216 222 27
1 15 1
87 197 1
56 114 28
3 24 3
18 200 1
137 240 1
70 236 1
150 189 2
11 73 2
50 103 25
11 127 1
36 138 4
14 249 7
12 196 12
6 99 6
125 171 1
110 222 55
70 96 1
92 103 1
162 177 5
73 190 2
1 128 1
3 243 3
204 213 6
8 42 2
14 39 1
108 171 1
103 123 3
79 158 79
48 99 24
14 158 1
1 248 1
161 231 1
68 69 34
127 246 15
53 144 1
100 192 12
142 185 2
2 80 2
153 158 19
140 251 1
58 237 29
123 144 1
115 228 57
3 213 3
165 228 1
61 80 1
57 117 14
6 21 1
137 232 1
197 207 12
1 178 1
54 193 6
23 204 1
7 236 7
96 211 6
114 231 57
103 231 3
37 217 1
176 242 1
98 154 1
72 134 4
70 87 2
68 185 2
114 229 114
109 200 6
10 173 10
120 245 30
236 237 118
72 146 36
25 101 25
189 231 1
115 236 14
3 164 1
152 153 76
15 63 15
39 170 2
65 137 8
3 106 3
50 202 50
35 67 8
224 255 7
52 212 26
83 238 1
39 129 4
5 152 2
42 173 21
145 248 1
61 152 1
9 153 9
171 178 5
132 207 1
11 133 2
216 223 27
32 66 16
40 95 5
5 166 5
225 230 28
41 166 41
72 206 1
36 194 1
17 35 17
99 195 24
6 27 6
52 134 1
45 58 1
14 236 14
15 129 1
25 221 6
109 220 27
14 142 1
32 145 4
147 236 1
1 201 1
73 164 2
99 201 12
73 145 36
164 231 1
112 224 112
20 183 5
51 221 6
113 228 28
19 174 2
74 204 1
211 214 26
2 256 2
43 156 2
19 78 19
176 217 1
1 167 1
226 230 28
129 135 16
78 197 1
2 174 2
57 96 3
175 248 1
24 197 24
52 53 26
252 254 63
67 77 4
128 245 1
100 159 1
129 200 1
71 255 1
143 172 2
41 151 2
93 184 46
20 155 2
44 91 22
61 247 61
143 195 1
196 220 6
61 93 1
94 222 1
42 171 42
183 203 1
147 164 2
85 211 1
125 137 1
136 248 1
16 19 4
2 90 2
32 69 8
6 55 6
189 245 1
2 67 2
69 76 4
61 241 30
121 245 30
96 204 12
16 195 1
39 156 39
4 65 4
54 111 27
56 93 1
125 126 31
127 233 7
32 48 1
52 101 6
155 240 1
208 213 26
1 106 1
150 220 1
87 156 2
190 254 1
177 210 1
55 228 3
241 247 30
5 112 1
2 40 2
54 199 6
88 237 1
1 175 1
142 160 2
136 240 1
23 46 23
142 208 1
79 159 79
26 214 26
188 225 1
20 160 20
2 119 1
237 238 59
113 157 1
57 240 7
28 232 14
27 103 6
65 173 2
93 146 2
83 89 5
54 230 3
4 18 4
28 52 3
1 41 1
61 205 3
106 115 3
47 241 1
87 186 5
6 207 6
1 96 1
119 250 7
168 254 1
34 193 1
104 185 1
161 166 20
157 187 2
89 250 1
69 75 4
53 83 1
43 131 2
101 159 1
52 193 6
95 240 1
39 168 2
44 249 1
5 87 5
91 246 1
121 254 15
39 146 9
28 53 3
44 96 1
24 193 24
20 162 20
90 96 1
35 70 35
40 185 5
35 128 8
192 194 48
76 161 2
197 234 3
129 130 32
198 199 99
3 53 3
9 109 1
79 228 1
123 139 1
95 182 11
185 190 23
45 90 45
70 102 1
1 193 1
13 26 13
86 201 1
37 150 37
16 52 1
14 168 1
74 79 9
9 34 4
128 207 1
218 219 109
120 254 15
100 180 1
1 203 1
1 169 1
11 16 2
9 72 9
35 79 4
110 217 27
30 251 15
39 58 1
241 242 60
136 211 1
194 247 3
2 111 1
13 145 1
69 142 17
21 221 1
24 141 1
83 212 1
32 177 2
73 144 36
15 250 15
114 169 1
231 235 14
35 139 17
5 20 5
56 72 1
75 198 1
9 43 2
177 250 1
77 159 19
169 240 1
54 157 1
213 220 13
95 181 11
85 200 1
25 110 6
73 130 4
8 130 8
131 245 1
6 102 6
92 143 2
84 173 21
113 129 1
3 201 3
73 119 1
164 197 1
81 227 1
97 193 48
58 163 1
106 226 3
55 105 13
73 74 18
111 185 1
110 215 13
10 41 10
31 249 31
87 144 2
1 156 1
2 37 2
128 256 128
180 181 90
115 182 1
159 179 2
11 188 11
19 76 19
18 123 1
43 255 1
2 170 2
109 153 1
173 235 1
163 213 1
196 254 3
6 34 1
3 55 3
76 229 1
87 131 2
20 209 1
164 207 1
4 34 4
40 180 5
151 153 9
45 244 1
131 235 1
53 86 1
133 177 2
153 254 1
84 169 84
76 153 76
20 93 5
102 164 1
183 187 11
177 224 1
28 248 7
68 253 1
5 171 5
106 107 53
74 194 1
238 239 119
87 210 1
85 97 1
13 210 13
69 182 2
84 177 5
75 228 1
1 40 1
23 95 23
187 245 1
8 215 1
247 252 15
111 179 1
1 241 1
69 252 1
2 32 2
173 199 1
30 96 3
27 50 6
103 218 6
116 169 1
5 40 5
176 251 1
125 218 3
3 234 3
51 214 6
16 234 1
5 170 5
47 92 23
162 163 81
82 109 1
233 239 29
50 140 1
139 240 1
121 248 15
79 237 1
20 70 2
121 249 15
18 99 1
124 255 31
98 102 12
40 172 10
124 125 62
133 237 1
17 135 8
29 246 7
11 93 11
73 244 1
33 140 8
227 233 14
32 67 16
84 86 21
99 235 3
65 87 2
92 232 1
105 232 3
169 173 21
33 110 1
106 215 53
202 204 25
71 226 1
41 122 1
107 117 3
3 195 3
77 155 77
61 253 15
111 217 27
78 217 1
2 39 2
45 182 45
137 151 4
75 157 9
17 115 1
185 256 2
15 48 3
6 128 1
8 232 1
97 162 1
101 150 1
249 252 31
216 249 3
122 245 122
127 242 15
99 191 1
14 228 14
128 220 1
89 91 22
2 185 2
26 209 26
43 48 1
28 134 1
248 256 1
98 124 3
1 117 1
21 230 1
55 233 3
220 230 3
72 132 4
54 109 54
1 181 1
101 200 50
82 86 10
106 197 6
34 140 17
1 47 1
68 136 68
3 27 3
32 87 2
79 121 1
159 218 1
59 204 3
94 135 2
1 7 1
96 202 12
60 206 3
39 193 1
154 239 1
71 135 8
39 153 19
8 172 2
12 48 12
74 135 4
151 152 9
89 149 2
232 234 58
49 215 6
120 219 3
14 210 3
86 100 1
226 228 28
123 218 3
111 254 3
65 193 1
180 252 1
239 240 7
88 116 1
116 118 29
34 100 1
58 92 1
1 197 1
29 58 29
32 233 1
118 159 1
61 197 3
26 256 1
136 158 4
137 202 1
129 169 2
63 233 7
203 215 6
40 80 40
19 246 1
84 240 1
3 97 3
113 211 3
44 133 2
88 186 11
70 186 2
42 149 2
126 250 31
143 236 1
201 217 6
49 209 6
153 155 38
150 227 1
61 96 3
80 124 1
73 78 9
1 213 1
154 166 2
224 239 14
44 240 1
130 177 2
57 172 1
189 219 1
17 121 1
120 249 15
28 109 3
3 109 3
179 181 22
157 232 1
111 220 55
106 147 1
78 195 1
85 96 1
130 251 1
5 165 5
11 204 1
130 132 16
222 223 111
2 141 2
71 136 17
16 130 16
101 220 6
13 110 13
41 80 20
17 225 1
137 242 1
110 154 1
61 74 1
134 185 2
11 84 5
3 111 3
39 228 1
121 158 1
36 230 1
61 123 61
184 186 46
2 16 2
85 166 10
22 133 2
3 197 3
57 71 1
2 35 2
30 125 15
5 198 1
130 248 1
31 221 3
9 19 9
217 240 3
3 102 3
164 245 1
3 226 3
130 178 2
20 87 10
53 139 1
114 116 14
86 174 43
2 72 2
88 119 1
64 74 4
165 173 10
232 235 58
12 199 12
10 87 10
30 243 30
182 183 91
2 41 2
228 239 14
15 126 15
208 215 26
176 223 1
71 203 1
84 123 1
1 119 1
36 63 1
83 187 5
136 140 17
67 83 2
46 133 2
1 76 1
240 253 15
1 192 1
14 25 3
1 54 1
13 41 1
77 119 1
83 165 41
17 21 2
155 183 2
79 154 19
35 118 1
77 204 1
3 204 3
129 240 1
154 192 1
21 253 1
14 58 14
20 168 10
36 108 1
25 116 3
6 54 6
20 241 1
12 215 6
149 152 9
137 139 34
9 218 1
6 107 6
101 123 3
154 226 1
195 213 6
27 110 27
2 148 2
4 64 4
32 251 1
152 235 1
108 199 6
26 107 26
169 170 42
244 251 15
13 104 13
115 229 57
71 103 1
160 239 1
48 192 48
89 162 5
3 210 3
68 70 17
193 198 24
114 228 114
57 239 14
49 248 3
66 203 1
193 229 3
25 214 6
1 173 1
55 221 55
38 153 38
88 179 44
2 188 2
1 63 1
77 153 38
17 153 4
6 218 6
135 145 4
70 211 1
54 233 3
118 237 118
58 162 1
163 191 5
172 175 43
44 130 2
105 205 6
105 211 105
9 54 1
81 179 5
32 104 1
69 137 34
192 193 96
46 189 23
116 238 29
60 176 1
18 137 4
215 221 13
85 168 42
84 234 1
19 110 1
49 192 24
62 237 7
96 176 1
175 203 1
95 125 1
69 198 1
45 189 11
110 145 1
1 162 1
1 151 1
12 128 1
117 232 58
72 145 72
18 209 1
129 191 2
30 203 3
11 186 11
24 223 6
4 150 4
99 220 6
39 148 9
28 38 1
78 80 2
173 175 43
1 43 1
46 245 1
149 229 1
88 157 2
102 196 12
167 180 5
73 128 4
156 184 2
68 104 1
58 225 14
152 162 2
50 178 1
130 216 1
88 182 22
144 145 72
90 185 11
5 70 2
13 54 13
3 196 3
90 93 11
41 68 2
14 244 7
12 55 6
151 159 9
45 162 5
14 117 14
87 163 10
4 71 4
118 136 1
94 196 1
53 175 1
45 176 22
145 147 36
48 77 1
72 135 4
12 204 12
45 183 45
23 191 23
37 153 9
20 164 20
43 65 2
59 194 3
13 253 3
26 66 1
217 219 54
123 255 15
160 164 20
121 239 7
3 118 3
77 146 9
122 240 30
131 166 2
53 220 13
2 183 2
94 190 47
109 165 1
82 163 20
51 207 51
130 164 2
11 183 11
155 202 1
100 205 25
76 154 38
146 188 2
1 123 1
55 190 1
8 199 1
108 115 3
83 98 1
33 123 1
245 246 61
56 160 1
70 141 70
38 166 2
18 243 1
35 37 4
66 133 66
108 193 6
118 243 7
1 48 1
165 179 5
1 226 1
6 120 3
50 216 6
40 175 10
160 249 1
161 163 40
120 253 15
23 189 23
34 68 34
116 216 3
26 191 1
80 130 2
42 101 1
27 106 13
7 212 3
73 154 9
4 32 4
194 209 6
78 133 4
119 127 7
61 132 1
75 223 1
11 158 2
58 233 58
30 212 3
164 165 82
143 159 4
125 185 1
30 253 15
21 79 2
73 148 18
21 146 2
131 158 4
116 175 1
235 238 29
5 95 5
200 212 6
6 179 1
12 214 6
118 216 3
181 198 1
96 195 48
3 188 1
74 96 1
26 238 3
246 250 15
179 183 22
173 220 1
104 214 26
113 177 1
64 166 2
75 238 1
3 63 3
174 183 5
173 190 5
11 102 1
91 169 5
111 169 1
130 138 8
30 61 30
61 244 61
73 153 9
119 236 59
2 135 2
121 175 1
60 122 30
192 196 24
62 137 1
184 239 1
77 89 2
6 110 6
1 209 1
128 161 2
138 243 1
4 145 4
147 191 2
125 167 1
41 249 1
4 146 4
81 221 1
35 155 4
6 215 6
84 157 2
185 187 46
14 120 7
208 211 52
35 110 1
138 252 1
64 147 4
62 63 31
53 222 13
90 179 22
168 192 1
157 238 1
178 212 1
125 164 1
69 155 4
191 194 1
56 115 28
187 247 1
22 92 11
160 256 2
33 189 2
25 200 25
76 156 19
17 143 17
154 157 19
54 74 1
77 156 19
15 55 3
58 153 1
157 226 1
65 135 16
141 251 1
122 191 1
65 85 2
13 222 13
131 189 2
122 212 3
29 216 3
26 61 3
55 247 3
110 225 3
25 57 3
43 183 5
237 239 59
68 189 2
122 224 7
1 237 1
113 141 1
6 223 6
81 121 1
55 201 6
127 229 7
3 31 3
119 227 14
109 222 27
66 164 2
24 99 24
33 107 1
84 227 1
40 166 20
58 228 14
142 256 8
125 251 125
65 160 2
112 226 56
72 149 18
91 135 2
97 200 12
22 226 1
104 187 1
57 115 57
60 202 3
70 95 2
32 132 16
1 77 1
91 127 1
169 204 1
141 252 1
135 186 2
77 158 19
165 220 1
17 49 1
87 173 43
38 165 2
206 220 6
9 134 4
158 208 1
70 111 1
186 255 1
30 246 30
16 173 2
157 159 39
11 161 5
56 231 28
17 132 8
137 142 17
64 238 1
53 168 1
66 225 1
43 68 2
168 171 42
233 256 1
234 238 29
102 135 1
112 116 14
38 69 4
49 97 24
145 172 2
17 249 1
102 105 6
32 97 1
99 230 3
19 197 1
209 237 3
63 71 1
195 205 12
12 184 1
2 140 2
154 247 1
36 98 1
28 113 28
1 231 1
132 221 1
121 241 60
10 47 5
209 223 13
233 235 58
128 179 2
179 187 11
18 151 18
124 229 7
41 165 41
58 87 1
225 236 14
121 243 121
17 142 17
133 241 1
19 230 1
51 202 25
39 76 19
20 147 2
5 43 5
91 245 1
148 242 1
139 143 17
34 236 1
10 240 1
24 49 24
82 87 10
2 76 2
208 222 13
16 204 1
18 144 18
3 194 3
74 224 1
48 59 3
128 132 16
132 134 33
28 226 28
243 256 1
231 246 7
240 241 120
159 237 1
49 184 1
1 147 1
38 206 1
52 214 26
11 191 11
70 194 1
18 147 18
105 144 1
1 88 1
44 169 5
164 180 5
13 50 6
65 128 32
23 26 1
99 205 12
27 233 3
58 119 29
156 166 2
81 95 5
109 219 109
56 207 3
3 15 3
26 110 13
101 207 25
26 46 1
3 50 3
160 175 10
11 100 1
83 99 1
42 225 1
128 133 16
198 205 12
123 185 1
70 99 1
56 58 14
240 245 30
2 180 2
117 175 1
52 76 1
149 221 1
31 254 31
165 172 10
42 111 1
179 216 1
198 216 6
23 131 2
180 213 1
59 234 29
204 221 6
35 144 4
49 195 24
59 224 14
70 251 1
39 155 19
60 226 7
197 201 12
14 60 7
1 10 1
104 215 26
39 121 1
101 108 6
69 141 17
5 45 5
248 250 62
6 118 3
65 71 8
62 120 15
23 111 1
176 189 11
149 227 1
160 222 1
109 224 3
154 197 1
64 131 32
48 97 48
66 184 2
196 199 49
204 245 3
204 205 102
43 165 10
54 214 13
8 61 1
36 111 1
173 174 43
29 230 14
219 222 27
26 79 1
130 185 2
204 254 3
8 35 8
11 184 11
150 151 75
158 159 79
244 246 61
89 217 1
179 246 1
109 235 3
136 143 17
29 206 3
102 206 51
173 232 1
56 239 14
33 133 33
96 248 3
2 42 2
123 227 7
6 211 6
228 230 57
61 99 3
5 189 5
1 28 1
66 130 16
51 120 3
23 254 1
3 114 3
2 150 2
2 45 2
51 78 1
77 123 1
5 180 5
15 31 15
192 256 1
153 199 1
103 113 3
56 116 14
69 70 17
48 163 1
88 163 5
157 176 2
91 183 91
8 40 2
13 214 13
92 217 1
23 87 5
183 186 11
102 251 3
59 233 29
111 194 6
40 162 40
54 145 1
110 256 1
1 75 1
7 224 7
156 211 1
73 76 9
110 218 27
65 138 8
101 223 6
11 190 11
122 254 15
44 111 1
111 216 27
183 190 11
211 215 26
62 196 3
36 147 36
72 229 1
22 181 22
120 217 3
209 213 26
40 106 1
110 244 3
99 163 1
93 185 46
173 185 5
202 249 3
26 210 26
57 106 3
128 163 2
129 146 4
46 237 1
133 211 1
5 80 5
91 145 2
14 176 1
79 155 19
93 251 1
116 232 116
3 255 3
81 256 2
14 222 3
77 220 1
7 229 7
15 36 1
75 80 2
143 225 1
3 247 3
3 14 3
92 226 1
29 134 1
20 61 1
32 256 32
21 223 1
181 200 1
4 107 1
28 100 3
17 131 8
8 143 8
93 191 23
5 82 5
15 125 15
114 252 7
184 211 1
104 152 1
49 196 49
27 99 6
114 138 1
21 34 2
131 256 32
12 85 1
9 13 1
37 135 4
52 74 1
209 254 3
50 205 25
216 220 27
1 143 1
78 253 1
153 248 1
108 190 1
45 63 1
198 213 6
68 146 4
15 224 7
103 169 1
126 152 1
146 152 9
221 223 55
87 154 2
25 206 25
7 125 7
158 250 1
31 67 1
83 164 41
128 251 1
131 141 8
43 172 43
103 205 51
1 215 1
120 131 1
180 228 1
69 80 2
132 146 4
93 234 1
53 228 3
90 184 11
68 110 1
69 101 1
32 155 4
125 249 62
226 229 28
6 227 3
182 189 11
5 44 5
5 203 1
109 213 13
47 121 1
81 145 2
83 85 10
121 186 1
106 213 106
14 250 7
1 150 1
3 25 3
138 184 2
3 245 3
2 149 2
1 206 1
166 178 5
40 121 1
18 83 2
50 217 6
31 210 3
172 173 86
17 74 4
6 52 6
1 45 1
10 163 10
188 189 94
234 249 7
61 63 15
44 83 5
137 188 2
135 180 2
5 139 2
164 170 10
136 142 17
100 214 6
111 166 1
118 255 7
41 160 20
171 209 1
60 131 1
154 209 1
46 96 1
37 95 2
73 124 1
192 209 6
82 108 1
211 216 13
57 112 28
180 256 2
122 139 1
90 95 11
5 177 5
172 193 1
98 174 1
84 154 2
136 138 34
70 121 1
54 71 1
151 184 2
56 112 56
12 96 12
33 213 1
97 151 1
8 122 1
228 231 57
80 164 20
1 5 1
107 213 53
53 215 53
27 225 3
234 252 7
15 101 3
113 153 1
94 189 94
231 242 7
228 238 14
8 34 8
81 146 2
92 187 46
128 146 4
54 219 54
5 85 5
81 99 1
144 221 1
116 117 58
47 177 11
134 238 1
192 233 3
80 84 10
69 96 1
56 236 14
95 223 1
52 112 3
160 167 20
35 200 1
81 163 81
76 158 19
87 229 1
252 253 126
66 113 1
99 243 3
141 214 1
9 18 9
40 74 2
69 71 17
2 22 2
3 119 3
127 254 127
6 178 1
214 220 13
1 222 1
105 209 52
88 151 2
106 122 3
234 244 7
96 155 1
68 137 68
8 76 4
149 154 9
136 188 2
2 130 2
1 211 1
163 194 1
84 180 5
34 80 2
10 142 2
84 141 2
119 209 3
15 241 15
72 175 2
51 108 6
152 203 1
233 237 29
28 224 28
2 132 2
94 177 11
151 241 1
61 240 30
64 214 1
16 77 4
92 247 1
43 87 43
224 242 7
15 244 15
185 250 1
68 139 34
103 197 12
90 163 5
15 51 3
3 60 3
32 134 16
105 210 105
56 225 56
147 160 2
28 197 3
77 145 9
28 120 7
54 176 1
84 87 21
15 232 7
54 167 1
23 93 23
24 59 3
6 197 6
180 183 45
38 57 1
213 215 53
175 198 1
97 196 24
48 177 1
10 85 10
86 87 43
44 232 1
150 177 2
32 74 4
50 236 3
32 203 1
33 234 1
7 61 7
156 159 39
6 217 6
74 183 2
102 207 51
123 126 15
3 103 3
125 203 3
68 105 1
39 154 19
29 251 7
15 243 15
83 104 1
50 196 12
177 202 1
167 201 1
141 151 4
14 114 14
22 159 2
208 243 3
111 203 6
114 145 1
13 208 13
201 202 50
249 254 31
226 232 14
12 102 12
144 159 9
21 168 21
208 238 3
138 250 1
70 135 8
8 55 1
2 64 2
3 57 3
214 242 3
19 153 19
79 122 1
29 62 7
7 234 7
6 51 6
142 216 1
26 53 26
119 123 7
54 247 3
51 194 12
6 234 3
123 186 1
8 85 2
5 86 5
249 251 62
51 250 3
42 162 10
83 176 5
41 90 5
33 94 2
1 220 1
211 213 26
52 104 52
200 203 50
73 189 2
15 122 15
48 84 1
2 78 2
85 169 42
96 198 24
195 223 6
28 231 28
27 218 27
28 65 1
198 252 3
2 4 2
121 174 1
227 255 7
88 252 1
14 46 1
8 256 8
1 17 1
153 157 19
167 183 5
165 201 1
20 219 1
15 62 15
80 175 10
164 200 1
51 161 1
113 195 3
145 184 2
147 153 9
186 241 1
224 231 28
35 68 17
121 153 1
36 74 18
3 199 3
7 185 1
110 165 1
112 132 1
10 160 10
130 194 1
19 86 2
88 91 22
50 102 25
53 107 53
56 226 56
248 251 62
21 125 1
72 252 1
149 151 37
32 118 1
94 188 94
44 141 2
25 204 25
78 149 9
16 36 4
61 124 15
169 172 21
40 203 1
50 190 1
1 9 1
15 151 1
124 253 31
2 92 2
137 141 17
85 132 2
240 242 60
34 133 8
19 240 1
91 194 1
237 248 7
1 116 1
123 125 15
21 86 21
210 212 26
179 180 22
99 204 12
25 51 25
44 149 2
58 120 7
201 211 6
106 108 13
118 233 29
74 126 1
18 150 18
82 165 82
109 130 1
13 61 3
123 242 30
34 118 1
46 247 1
41 138 2
51 231 3
163 227 1
121 247 30
46 90 11
77 136 4
108 201 6
82 85 10
97 219 6
243 249 15
164 238 1
146 200 1
88 90 22
147 165 2
1 20 1
17 71 17
47 231 1
140 155 4
63 126 63
167 245 1
44 182 22
71 160 2
224 252 7
221 240 3
66 69 8
34 60 1
12 66 1
107 127 3
168 174 21
77 78 19
208 209 104
82 168 10
17 140 17
33 85 2
57 230 57
210 214 26
183 234 1
1 132 1
51 62 3
1 34 1
127 252 63
209 215 26
11 86 5
3 218 3
40 224 1
8 32 8
29 220 3
56 238 14
46 168 5
102 211 6
57 110 3
56 190 1
198 219 6
21 47 5
73 108 1
1 100 1
218 245 3
170 245 1
3 48 3
1 238 1
83 182 5
93 186 93
172 202 1
2 146 2
119 147 1
17 105 1
62 127 31
15 255 15
12 60 3
48 62 3
145 151 18
142 145 4
46 138 2
47 248 1
83 109 1
157 215 1
42 163 10
152 207 1
4 175 2
42 224 1
37 73 18
14 29 14
212 214 53
164 229 1
101 107 6
1 154 1
22 194 1
57 227 28
4 28 1
120 240 120
36 51 1
14 62 7
4 70 4
116 126 7
63 244 15
95 190 95
67 233 1
33 193 1
16 134 16
18 61 1
103 204 51
108 176 1
106 211 26
76 77 38
87 172 43
8 65 8
175 194 1
95 232 1
88 166 5
54 218 54
112 225 112
63 177 1
94 244 1
24 195 24
39 113 1
88 254 1
18 145 18
17 211 1
4 224 1
40 237 1
105 161 1
4 139 4
68 142 17
27 53 13
36 100 1
57 127 7
9 86 2
160 171 10
99 197 49
54 106 13
4 77 4
77 172 2
105 160 1
70 71 35
84 235 1
14 98 3
45 52 1
9 36 9
1 232 1
55 134 1
25 213 6
40 176 5
17 182 2
22 44 22
77 104 1
33 135 33
14 112 14
55 101 6
69 133 8
22 167 5
144 238 1
201 223 6
30 248 15
15 108 3
187 201 1
85 130 2
51 86 1
9 158 9
250 255 31
55 192 6
172 192 1
32 33 16
150 229 1
80 167 20
2 152 2
16 168 2
47 147 2
80 160 80
47 83 5
5 89 5
91 188 11
37 43 2
192 208 6
87 187 5
160 209 1
6 241 3
27 244 3
25 74 1
57 225 28
200 256 1
97 184 1
25 48 12
161 216 1
20 161 20
109 212 13
59 119 59
88 219 1
221 236 3
197 199 49
1 113 1
3 120 3
107 153 1
7 209 3
152 196 1
29 225 14
8 127 1
133 197 1
126 248 31
57 129 1
112 119 14
35 246 1
120 247 30
218 225 3
90 129 2
108 217 108
144 237 1
3 251 3
97 146 1
169 175 21
77 166 2
5 176 5
53 106 53
196 235 3
204 222 6
194 201 12
29 136 1
157 202 1
115 118 14
75 146 18
121 188 1
232 244 7
148 177 2
118 238 59
58 129 1
6 216 6
54 222 27
5 184 5
30 208 3
224 238 14
102 194 12
174 244 1
94 180 11
218 229 3
98 210 6
4 74 4
27 89 1
9 78 9
13 223 13
6 146 1
72 164 2
75 78 9
85 139 2
110 200 6
114 126 7
57 175 1
2 46 2
35 137 17
168 198 1
99 196 49
47 186 23
56 78 1
22 171 5
97 192 48
2 33 2
107 209 26
96 131 1
5 131 2
219 227 3
56 119 14
41 124 1
85 170 85
132 133 66
250 253 31
142 212 1
14 231 14
109 156 1
60 120 60
72 91 2
124 191 1
204 206 51
9 37 9
95 175 5
98 126 3
20 39 2
37 149 37
6 209 6
25 162 1
19 90 2
81 229 1
200 216 6
62 182 1
12 81 1
34 252 1
101 144 1
23 41 5
90 141 2
121 138 1
18 86 2
32 63 1
142 187 2
113 227 113
127 249 31
7 58 7
167 224 1
2 181 2
128 202 1
31 226 7
158 200 1
94 218 1
83 167 83
31 238 7
116 206 3
149 220 1
100 106 6
129 233 1
216 217 108
177 241 1
31 52 3
7 117 7
4 19 4
2 144 2
45 158 2
66 135 33
12 49 12
28 238 14
90 99 1
103 185 1
140 181 2
180 215 1
89 182 22
255 256 1
112 235 14
94 211 1
138 247 1
13 182 1
10 82 10
248 249 124
20 169 10
34 139 34
99 194 24
174 247 1
189 192 1
226 238 14
8 66 8
30 241 30
38 211 1
200 202 50
163 195 1
154 185 2
237 245 7
230 247 7
5 174 5
161 162 40
101 202 101
127 234 7
2 84 2
8 90 2
86 216 1
153 184 2
86 150 2
92 148 2
180 244 1
79 236 1
235 252 7
224 227 56
165 175 10
190 202 1
137 212 1
131 223 1
107 130 1
83 175 10
118 235 29
99 159 1
82 210 1
30 122 30
128 139 8
210 213 26
6 13 6
33 256 16
195 211 6
66 143 8
11 174 5
45 67 2
71 140 35
26 102 6
133 206 1
100 117 3
73 231 1
120 122 30
13 193 6
7 204 3
220 232 3
98 123 3
101 178 1
3 231 3
131 244 1
134 135 67
26 108 13
206 255 3
83 235 1
25 63 3
112 203 3
132 137 8
144 146 36
30 224 7
23 190 23
39 51 1
45 215 1
217 223 27
69 238 1
25 102 25
9 196 1
2 161 2
72 148 18
119 228 14
139 141 17
75 220 1
9 38 9
31 232 7
3 61 3
125 181 1
147 210 1
207 215 6
109 211 13
8 153 4
55 217 27
3 208 3
108 218 54
171 204 1
91 216 1
63 156 1
3 130 1
127 191 1
129 133 16
46 230 1
58 82 1
112 130 1
100 201 100
29 235 29
130 131 65
55 111 55
225 232 14
54 205 6
95 243 1
38 134 4
25 189 1
17 136 17
104 106 26
59 147 1
98 103 12
125 221 3
49 99 49
39 42 2
169 171 42
21 170 21
248 252 31
14 56 14
154 173 2
172 217 1
18 221 1
79 157 39
201 235 3
27 126 3
3 240 3
190 191 95
59 116 29
8 87 2
109 251 3
128 188 2
59 199 3
24 202 12
102 202 25
1 244 1
16 112 1
12 71 1
48 222 6
85 255 1
64 80 2
86 249 1
123 162 1
106 216 13
98 217 6
100 170 1
194 223 6
26 219 13
187 221 1
3 215 3
62 215 3
176 181 22
150 154 9
56 233 14
2 163 2
90 154 2
179 244 1
74 83 2
69 159 4
4 155 4
108 241 3
16 69 8
9 73 9
26 118 3
24 112 3
12 25 12
6 213 6
145 149 18
64 126 1
70 147 4
107 176 1
212 213 106
118 124 7
143 171 2
83 215 1
141 227 1
80 163 40
5 167 5
4 80 2
93 107 1
82 92 5
153 208 1
13 174 1
36 114 1
63 120 15
139 224 1
18 146 18
33 236 1
35 69 17
12 207 12
146 190 2
205 207 51
72 212 1
96 136 1
5 120 1
117 236 29
236 238 59
1 135 1
98 192 24
72 90 2
150 172 2
6 97 6
124 127 31
102 127 3
42 80 10
17 212 1
214 218 13
6 20 1
11 182 11
5 10 5
88 218 1
72 253 1
11 232 1
189 228 1
32 65 32
1 243 1
43 83 10
155 158 19
43 175 43
55 189 1
148 185 2
84 85 42
2 173 2
