128 3044
96 128 1
80 128 2
96 112 3
72 128 4
80 88 5
96 104 6
112 120 7
68 128 8
72 76 9
80 84 10
88 92 11
96 100 12
104 108 13
112 116 14
120 124 15
66 128 16
68 70 17
72 74 18
76 78 19
80 82 20
84 86 21
88 90 22
92 94 23
96 98 24
100 102 25
104 106 26
108 110 27
112 114 28
116 118 29
120 122 30
124 126 31
65 128 32
66 67 33
68 69 34
70 71 35
72 73 36
74 75 37
76 77 38
78 79 39
80 81 40
82 83 41
84 85 42
86 87 43
88 89 44
90 91 45
92 93 46
94 95 47
96 97 48
98 99 49
100 101 50
102 103 51
104 105 52
106 107 53
108 109 54
110 111 55
112 113 56
114 115 57
116 117 58
118 119 59
120 121 60
122 123 61
124 125 62
126 127 63
67 106 1
71 88 2
52 61 3
39 69 4
23 81 5
49 107 6
119 122 7
34 128 8
38 72 9
41 86 10
91 93 11
99 100 12
105 111 13
112 117 14
121 126 15
65 67 16
69 70 17
77 78 19
81 82 20
43 85 21
44 91 22
47 93 23
49 96 24
100 103 25
55 109 27
56 57 28
61 121 30
63 125 31
64 65 32
2 44 2
7 27 3
31 62 31
8 65 8
124 127 31
47 89 11
45 91 45
38 107 1
10 23 5
77 79 19
85 113 1
125 126 31
3 54 3
29 113 14
52 71 1
2 77 2
50 51 25
60 123 30
53 114 3
79 128 4
1 63 1
20 40 20
84 87 21
1 52 1
24 54 6
60 61 30
45 88 22
76 79 19
56 70 1
63 112 7
12 49 12
19 75 9
52 98 6
27 90 1
23 41 5
54 107 13
55 106 13
111 114 3
34 83 2
101 122 3
44 117 1
31 33 1
20 45 5
97 102 12
87 120 1
32 41 2
86 98 1
18 77 9
34 38 4
52 109 13
53 105 26
36 74 18
37 39 9
50 55 6
107 115 3
1 62 1
7 15 7
17 71 17
24 119 3
31 125 31
1 6 1
34 70 17
6 102 6
89 99 1
35 68 17
80 87 10
97 99 24
28 115 28
10 41 10
85 86 21
88 113 1
125 127 31
21 82 10
7 59 7
4 65 4
39 61 1
67 128 16
62 63 31
13 53 13
31 59 7
10 89 5
49 58 3
64 76 4
52 101 6
25 93 1
7 39 1
113 115 28
1 112 1
12 42 1
11 64 2
59 116 29
19 72 9
31 127 31
1 74 1
1 5 1
1 100 1
1 48 1
81 85 10
104 107 26
1 53 1
60 122 30
103 123 3
2 32 2
5 89 5
10 43 10
115 116 14
64 67 16
21 85 21
1 95 1
1 25 1
1 103 1
29 57 14
2 4 2
33 35 8
34 64 8
17 117 1
20 54 1
38 73 9
87 118 1
40 59 1
79 90 2
28 49 3
51 80 1
67 91 2
7 63 7
40 91 5
23 34 2
24 48 24
1 28 1
2 80 2
8 17 8
65 66 16
30 125 15
35 128 8
60 62 15
44 101 1
14 123 7
74 108 1
72 75 18
45 108 1
34 71 17
72 121 1
56 118 14
33 111 1
49 100 12
19 42 2
121 122 30
15 30 15
97 114 3
25 103 25
52 59 3
34 35 17
7 124 7
67 77 4
122 126 15
56 115 28
14 108 3
17 40 2
96 99 24
27 85 1
20 53 1
9 40 2
47 88 11
12 24 12
65 68 8
1 114 1
72 77 9
7 28 7
29 41 1
36 91 2
7 31 7
12 52 6
62 126 31
44 45 22
62 127 31
113 119 14
53 58 3
20 90 5
1 117 1
118 120 7
41 42 10
51 126 3
121 123 30
15 104 3
116 119 29
43 63 1
8 71 8
39 74 9
22 111 1
27 42 1
33 128 16
56 124 7
116 126 7
5 10 5
55 110 55
9 88 2
6 52 6
18 34 4
21 83 10
13 49 6
18 57 1
1 78 1
42 86 21
65 88 2
61 120 30
46 91 11
50 103 25
85 87 21
108 111 27
6 124 3
12 101 12
40 123 1
46 72 2
52 55 13
30 116 7
3 55 3
57 118 14
3 61 3
37 72 18
6 107 6
8 97 1
35 69 17
13 107 13
51 58 3
20 27 1
8 67 8
21 81 10
47 103 1
60 83 1
1 89 1
2 22 2
2 89 2
56 111 3
114 119 14
48 100 12
43 47 5
18 35 4
25 52 6
1 26 1
33 64 16
21 94 5
50 56 3
63 124 31
23 71 2
63 105 3
9 38 9
43 86 43
54 111 27
38 49 1
70 74 4
50 102 25
42 83 10
50 98 12
12 15 3
1 99 1
40 58 1
34 76 4
37 89 2
11 46 11
99 108 6
16 62 1
69 71 17
103 111 6
19 77 19
66 82 2
40 41 20
36 123 1
9 113 1
3 52 3
1 69 1
39 77 19
20 39 2
32 67 16
67 88 2
9 66 4
3 109 3
19 35 4
44 74 2
20 89 5
3 104 3
69 77 4
53 107 53
86 104 1
4 73 4
3 108 3
20 81 20
105 106 26
7 96 3
76 100 1
6 99 6
6 96 6
17 67 8
51 97 12
14 122 7
72 78 9
22 96 1
53 60 3
37 73 18
1 125 1
48 49 24
11 94 11
15 85 1
80 83 20
70 90 2
1 17 1
10 73 2
1 18 1
6 13 6
109 110 27
102 127 3
45 102 1
57 100 3
25 64 1
7 46 1
115 119 14
29 39 1
46 100 1
39 91 2
52 107 26
10 83 10
74 110 1
39 105 1
19 96 1
7 120 7
62 87 1
63 128 1
89 125 1
4 71 4
59 114 14
3 96 3
6 98 6
1 44 1
87 93 5
52 106 26
47 95 47
26 34 1
10 40 10
2 118 1
52 66 1
61 124 15
1 30 1
60 69 1
28 29 14
46 94 23
40 117 1
57 113 28
59 76 1
33 65 16
83 95 5
53 104 26
40 82 20
111 123 3
58 65 1
42 87 21
1 2 1
58 63 7
27 89 1
21 72 2
4 34 4
64 113 1
50 121 3
55 108 27
6 77 1
34 86 2
56 91 1
3 65 1
85 90 5
5 112 1
19 63 1
1 75 1
3 50 3
2 16 2
58 89 1
4 16 4
10 81 10
1 7 1
38 39 19
54 110 27
11 29 1
38 121 1
75 101 1
15 57 7
5 46 5
1 120 1
63 115 7
1 65 1
14 116 14
9 36 9
16 66 16
10 85 10
102 120 3
3 34 1
25 98 12
2 18 2
4 70 4
101 102 25
24 34 1
53 110 13
71 106 1
1 9 1
40 43 10
55 116 3
81 92 5
5 41 5
9 19 9
67 68 8
64 68 8
56 114 28
113 128 1
31 126 31
1 128 1
1 3 1
72 79 9
1 105 1
41 120 1
9 18 9
8 70 8
90 94 11
3 59 3
3 15 3
21 80 10
2 67 2
87 105 1
34 80 2
91 120 1
42 44 5
24 68 1
75 77 9
1 32 1
24 99 24
41 44 5
62 107 3
14 32 1
45 90 45
45 47 11
95 114 1
38 75 9
64 90 2
36 37 18
1 97 1
45 66 2
24 69 1
28 118 14
57 122 7
1 13 1
79 127 1
51 104 6
54 108 54
22 79 2
106 118 3
1 8 1
22 91 22
2 76 2
3 119 3
30 53 3
29 71 1
1 72 1
68 71 17
38 71 4
27 53 13
16 51 1
4 119 1
9 74 9
46 47 23
109 111 27
34 45 2
30 77 1
27 111 27
120 123 30
90 95 11
87 95 5
8 16 8
54 106 13
23 93 23
3 105 3
82 121 1
6 53 6
16 20 2
8 63 1
17 66 8
16 95 2
67 103 1
23 44 11
117 118 29
23 87 5
61 69 1
2 9 2
32 125 1
45 118 1
45 80 5
77 128 4
2 41 2
4 30 1
1 38 1
88 91 22
58 59 29
8 105 1
117 121 7
3 90 1
30 73 1
50 59 3
9 37 9
32 70 8
39 55 1
25 66 1
54 125 3
25 100 25
73 112 1
42 43 21
49 99 49
4 39 4
89 91 22
59 127 7
54 55 27
105 107 26
9 24 1
37 38 9
103 107 6
5 126 1
16 79 4
20 71 2
30 107 3
36 69 4
18 65 4
86 106 1
95 103 1
36 75 18
3 98 3
37 81 2
89 95 11
1 121 1
44 90 22
19 128 4
38 45 2
59 83 1
24 50 12
48 98 24
26 127 3
66 74 4
107 124 3
49 127 3
60 126 15
73 74 18
31 115 7
48 116 3
8 128 8
6 76 1
12 97 12
75 76 9
47 92 23
92 95 23
65 96 1
20 66 2
39 76 19
33 72 4
13 27 13
51 60 3
9 73 9
35 99 1
106 128 1
22 38 2
28 127 7
4 66 4
5 78 2
20 22 5
18 117 1
63 120 15
67 95 2
17 65 8
59 118 59
43 80 10
35 64 8
2 86 2
9 70 4
32 103 1
33 75 4
9 39 9
41 85 10
13 55 13
79 99 1
94 108 1
4 19 4
8 51 1
46 73 2
113 117 14
51 74 1
8 77 4
1 76 1
6 111 6
107 121 3
10 87 10
40 75 2
13 19 1
74 97 1
36 76 9
97 98 24
103 110 6
63 98 3
26 37 1
20 87 10
44 88 44
12 26 6
79 112 1
26 46 1
80 90 5
1 43 1
41 53 1
20 79 2
57 112 28
25 80 1
15 90 1
45 89 22
1 107 1
33 38 4
21 23 5
98 118 3
48 70 1
98 123 3
7 56 7
49 119 3
79 86 2
4 68 4
98 102 12
47 49 1
12 120 3
70 92 2
78 84 2
64 96 1
66 94 2
1 113 1
1 80 1
44 83 5
5 85 5
53 57 3
78 104 1
3 127 3
25 51 25
48 51 12
7 29 7
22 56 1
1 29 1
3 114 3
12 77 1
87 111 1
53 98 6
42 102 1
51 101 25
51 77 1
1 51 1
30 61 30
22 75 2
61 71 1
2 38 2
3 47 1
54 109 54
49 50 12
13 78 1
38 119 1
27 75 1
27 104 13
13 105 13
55 96 6
74 77 9
1 55 1
84 126 1
54 121 3
93 95 23
68 102 1
72 110 1
7 119 7
15 103 3
64 66 16
26 103 6
63 122 15
46 95 23
18 46 2
49 122 3
11 87 5
3 106 3
29 49 3
1 42 1
76 128 4
78 118 1
104 109 13
37 77 9
8 92 2
8 72 4
66 93 2
12 25 12
1 90 1
32 79 4
43 53 1
1 59 1
30 120 30
8 33 8
3 7 3
32 33 16
25 112 3
52 54 13
7 58 7
62 80 1
44 53 1
47 115 1
98 100 12
14 74 1
82 93 5
1 66 1
69 73 4
33 70 8
67 80 2
10 21 10
43 102 1
32 128 32
5 82 5
102 108 6
1 46 1
92 122 1
20 42 10
54 80 1
41 61 1
73 102 1
14 112 14
73 90 2
58 128 1
56 58 14
37 105 1
36 77 9
7 81 1
61 117 7
5 12 1
63 70 1
69 98 1
21 86 21
31 117 7
1 110 1
81 83 20
1 34 1
2 40 2
21 43 21
97 120 3
36 80 2
121 127 15
15 120 15
22 44 22
45 81 5
13 97 6
18 79 9
84 95 5
8 99 1
92 112 1
65 121 1
23 52 1
10 37 2
17 32 8
1 20 1
3 122 3
84 120 1
23 110 1
69 100 1
6 48 6
25 111 6
2 21 2
88 106 1
49 98 49
25 127 3
44 105 1
9 11 2
90 117 1
71 128 8
24 111 6
25 26 6
82 113 1
62 73 1
99 113 3
12 66 1
53 65 1
9 102 1
16 70 8
14 58 14
7 57 7
64 72 4
6 94 1
82 89 5
1 54 1
18 75 18
34 126 1
55 104 13
19 97 1
10 82 10
3 63 3
32 95 2
36 127 1
94 114 1
37 79 9
52 97 6
34 66 8
58 118 29
5 114 1
25 85 1
63 118 7
53 63 3
49 97 24
19 69 4
8 90 2
8 64 8
49 56 3
6 54 6
64 71 8
51 83 1
18 78 9
11 16 2
2 72 2
30 43 1
3 9 1
28 91 1
94 98 1
48 52 6
100 108 6
6 50 6
60 127 15
26 54 13
3 32 1
106 109 13
48 53 6
70 82 2
43 84 21
41 73 2
18 19 9
53 106 53
22 81 5
29 112 14
41 80 20
26 74 1
7 14 7
22 88 22
34 127 1
9 76 9
14 54 3
16 54 1
81 101 1
41 46 5
33 117 1
36 86 2
4 112 1
26 76 1
92 121 1
58 61 7
85 106 1
120 126 15
16 35 8
10 102 1
15 63 15
28 37 1
112 128 1
16 87 2
26 52 26
73 75 18
1 115 1
93 94 23
4 36 4
6 25 6
20 65 2
41 43 10
10 128 2
68 87 2
42 103 1
26 66 1
88 122 1
30 51 3
4 17 4
16 17 8
25 53 6
4 88 2
57 114 57
16 67 16
16 32 16
43 70 2
9 31 1
48 71 1
115 117 14
76 81 2
34 123 1
96 120 3
41 105 1
18 50 1
5 95 5
64 79 4
11 128 2
60 81 1
1 58 1
14 57 14
3 53 3
5 43 5
65 106 1
33 46 2
20 43 10
83 84 10
31 84 1
50 125 3
73 78 9
48 103 12
79 116 1
104 125 3
52 65 1
15 50 3
5 71 2
100 123 3
80 86 10
20 73 2
2 69 2
107 123 3
15 72 1
68 88 2
4 57 1
5 42 5
1 82 1
1 88 1
44 127 1
13 110 13
1 19 1
29 116 29
14 15 7
22 87 5
68 123 1
23 111 1
42 112 1
4 72 4
62 123 15
17 37 4
31 108 3
14 37 1
5 33 2
66 118 1
15 62 15
91 124 1
40 54 1
9 44 2
51 100 25
11 47 11
17 85 2
15 125 15
52 53 26
1 126 1
1 21 1
2 107 1
19 99 1
5 40 5
47 82 5
6 84 1
19 70 4
58 117 58
43 114 1
12 14 3
110 128 1
11 92 11
84 93 5
1 24 1
107 108 13
18 111 1
32 48 1
89 96 1
4 45 2
74 83 2
50 111 6
1 91 1
18 30 1
62 125 62
57 84 1
54 104 13
59 115 14
30 63 15
96 101 12
6 55 6
88 94 11
57 58 14
5 84 5
100 109 6
24 35 1
4 31 1
24 60 3
7 118 7
18 112 1
40 83 20
66 68 8
38 106 1
113 114 28
56 113 56
58 100 3
26 72 1
42 80 10
86 91 5
2 11 2
75 84 2
38 96 1
5 80 5
31 105 3
2 60 1
89 90 22
14 115 14
101 128 1
54 103 6
33 73 4
4 67 4
19 110 1
49 83 1
119 124 7
24 98 24
7 112 7
27 121 3
41 83 41
41 67 2
8 101 1
17 69 17
5 93 5
85 93 5
94 101 1
21 75 2
25 77 1
19 59 1
6 26 6
34 104 1
25 70 1
26 106 26
18 73 18
11 80 5
1 70 1
59 117 29
2 42 2
104 114 3
88 97 1
32 51 1
8 66 8
44 46 11
26 94 1
28 122 7
99 101 12
20 34 2
106 111 13
70 86 2
63 123 15
62 81 1
72 108 1
21 99 1
111 127 3
94 109 1
57 123 7
4 41 2
38 109 1
66 83 2
61 119 7
48 102 12
21 22 5
23 78 2
68 122 1
11 120 1
79 103 1
7 114 7
21 54 1
7 126 7
73 111 1
61 62 15
64 112 1
44 85 5
2 73 2
78 128 4
85 105 1
51 122 3
104 111 13
3 120 3
72 115 1
5 119 1
44 94 11
1 73 1
28 114 28
46 77 2
31 123 15
22 94 11
24 102 12
69 109 1
46 89 11
38 84 2
73 109 1
37 40 2
1 11 1
23 45 11
17 104 1
19 87 2
12 121 3
10 31 1
80 97 1
49 101 12
30 124 15
3 49 3
47 84 5
57 119 14
9 16 4
25 108 6
71 126 1
41 52 1
4 94 2
16 90 2
65 79 4
50 101 50
57 63 7
97 126 3
3 110 3
36 104 1
2 102 1
52 84 1
106 125 3
82 91 5
53 55 13
91 125 1
2 23 2
106 110 13
53 78 1
65 70 8
36 63 1
30 75 1
21 44 5
53 71 1
27 102 6
76 90 2
38 78 19
24 83 1
9 78 9
3 26 3
55 92 1
15 87 1
60 77 1
12 111 6
7 127 7
41 81 20
85 125 1
2 20 2
41 92 5
12 91 1
40 118 1
59 84 1
15 106 3
81 89 5
45 104 1
5 92 5
102 106 6
9 22 2
107 109 13
75 90 2
38 77 38
36 88 2
4 55 1
58 119 29
49 51 12
5 65 2
23 54 1
9 46 2
66 95 2
5 44 5
24 116 3
45 59 1
42 85 42
29 115 14
53 103 6
74 120 1
9 28 1
20 21 10
12 36 1
43 46 5
49 109 6
16 77 4
32 105 1
36 106 1
75 119 1
83 91 5
113 123 7
33 79 4
11 117 1
63 104 3
27 110 27
4 8 4
61 125 15
64 94 2
20 99 1
48 75 1
16 74 4
26 105 26
21 87 21
41 82 41
91 116 1
2 82 2
34 65 8
89 93 11
103 116 3
11 116 1
5 45 5
35 46 2
65 73 4
7 79 1
13 109 13
40 44 5
1 77 1
73 76 9
32 97 1
6 35 1
69 117 1
79 102 1
13 70 1
12 71 1
26 55 13
104 112 3
32 77 4
65 97 1
16 106 1
24 25 12
17 78 4
10 20 10
3 14 3
19 108 1
82 100 1
74 79 9
30 46 1
9 100 1
16 100 1
15 122 15
78 98 1
26 49 6
38 76 38
8 35 8
5 21 5
30 123 30
16 128 16
4 89 2
7 76 1
32 52 1
7 115 7
123 127 15
61 111 3
28 111 3
123 125 15
52 110 13
83 124 1
53 109 13
1 64 1
33 89 2
70 118 1
24 76 1
11 119 1
13 58 3
78 90 2
2 33 2
1 22 1
15 39 1
6 101 6
82 105 1
28 126 7
19 79 19
97 122 3
3 29 3
51 110 6
86 119 1
14 29 14
61 63 15
20 84 10
106 126 3
20 121 1
64 83 2
7 69 1
4 9 4
32 66 16
67 107 1
73 105 1
23 56 1
4 33 4
58 73 1
1 102 1
66 106 1
54 68 1
122 125 15
98 103 12
24 52 6
112 115 28
50 108 6
47 112 1
53 81 1
33 71 8
117 119 29
48 62 3
82 99 1
68 111 1
33 126 1
1 60 1
35 101 1
6 27 6
19 76 19
24 97 24
14 39 1
4 53 1
45 65 2
10 80 10
66 90 2
65 100 1
33 57 1
17 128 8
61 126 15
7 121 7
27 32 1
41 79 2
22 122 1
20 80 20
59 98 3
16 33 16
18 74 18
42 124 1
71 73 4
26 108 13
41 65 2
28 44 1
34 73 4
71 120 1
35 71 35
81 94 5
107 116 3
69 79 4
8 20 2
3 48 3
19 105 1
37 85 2
95 121 1
38 43 2
33 113 1
72 81 2
103 118 3
37 91 2
82 102 1
36 100 1
17 41 2
40 107 1
95 96 1
12 92 1
30 127 15
39 60 1
10 86 10
20 86 10
22 59 1
71 83 2
11 88 11
3 6 3
1 35 1
6 75 1
107 127 3
99 126 3
53 66 1
41 112 1
23 72 2
3 101 3
19 51 1
52 104 52
50 99 12
83 127 1
4 32 4
35 59 1
2 17 2
63 89 1
21 24 1
3 103 3
1 84 1
94 99 1
10 18 2
38 68 4
66 73 4
83 87 10
36 108 1
5 94 5
13 46 1
39 79 39
14 114 14
34 68 34
7 62 7
38 89 2
73 86 2
17 54 1
106 121 3
8 94 2
57 60 7
22 104 1
68 83 2
34 78 4
48 88 1
10 121 1
38 92 2
14 119 14
85 107 1
41 118 1
39 56 1
86 95 5
30 122 30
71 110 1
27 50 6
13 125 3
72 113 1
22 61 1
21 124 1
1 23 1
28 59 14
83 112 1
7 123 7
11 85 5
23 39 2
43 65 2
55 105 13
3 57 3
22 45 22
73 98 1
1 49 1
5 87 5
9 106 1
13 106 13
44 92 11
15 31 15
30 60 30
57 59 14
20 41 20
70 91 2
1 27 1
86 123 1
21 106 1
12 56 3
6 51 6
18 28 1
61 77 1
21 116 1
18 55 1
1 10 1
48 96 48
83 119 1
3 111 3
79 95 2
32 86 2
5 11 5
43 91 5
7 34 1
29 46 1
80 122 1
119 125 7
17 82 2
7 106 3
1 85 1
39 106 1
86 105 1
10 120 1
18 126 1
33 37 4
2 88 2
65 111 1
100 110 6
12 99 12
44 81 5
69 111 1
6 14 3
120 125 15
89 119 1
1 96 1
25 30 3
18 64 4
92 111 1
35 123 1
12 50 12
123 126 15
14 113 14
71 77 4
42 108 1
8 109 1
104 123 3
38 59 1
48 109 6
1 123 1
17 39 4
33 119 1
65 87 2
95 111 1
11 89 11
5 61 1
2 110 1
67 78 4
34 107 1
5 83 5
86 92 5
49 114 3
11 21 5
42 93 5
68 105 1
42 76 2
73 91 2
5 63 1
72 88 2
14 28 14
24 105 6
38 79 19
25 106 6
63 127 63
8 69 8
33 66 33
2 19 2
13 31 3
13 102 6
70 83 2
2 5 2
2 59 1
60 118 7
86 125 1
10 100 1
6 83 1
37 62 1
89 103 1
27 55 27
43 107 1
4 69 4
1 93 1
48 104 6
105 109 13
3 121 3
29 50 3
46 85 5
65 112 1
103 120 3
11 45 11
30 35 1
14 56 14
4 12 1
74 106 1
31 122 15
5 18 2
24 124 3
82 87 10
21 120 1
17 34 17
15 126 15
2 47 2
23 40 5
23 92 23
43 81 10
7 30 7
58 68 1
26 75 1
13 47 1
66 119 1
6 123 3
89 114 1
114 124 7
22 82 5
9 60 1
9 79 9
98 104 6
114 117 14
4 46 2
1 56 1
24 94 1
73 118 1
54 93 1
63 117 7
64 78 4
83 120 1
53 111 13
55 127 3
95 107 1
66 71 8
83 89 5
53 54 13
29 58 29
57 109 3
24 103 12
5 86 5
31 110 3
46 88 11
6 106 6
3 125 3
40 71 2
48 99 24
41 121 1
83 100 1
47 127 1
44 89 44
48 91 1
66 116 1
81 84 10
11 34 2
69 80 2
17 98 1
82 84 10
27 105 13
62 121 15
35 75 4
16 69 8
37 75 37
40 110 1
2 8 2
50 67 1
106 108 13
52 124 3
57 116 14
28 52 3
49 108 6
11 38 2
77 98 1
4 127 1
6 82 1
59 113 14
67 90 2
1 15 1
1 41 1
100 124 3
108 115 3
21 70 2
48 55 6
1 4 1
48 57 3
97 100 12
114 120 7
12 105 6
73 89 2
14 90 1
24 101 12
107 118 3
43 44 5
8 31 1
59 108 3
18 23 2
51 102 51
40 81 40
55 97 6
21 123 1
29 56 14
28 123 7
25 39 1
98 101 12
35 105 1
8 84 2
47 79 2
69 92 2
33 61 1
88 121 1
40 87 10
51 98 12
19 33 4
3 25 3
20 117 1
67 87 2
59 119 59
1 111 1
60 79 1
6 105 6
23 125 1
32 71 8
8 44 2
64 118 1
46 69 2
22 95 11
11 102 1
34 106 1
13 38 1
2 90 2
46 56 1
26 81 1
1 109 1
55 82 1
41 74 2
55 83 1
63 100 3
32 104 1
100 125 3
46 90 11
2 113 1
13 128 1
97 113 3
17 70 17
1 39 1
49 80 1
32 47 2
81 120 1
38 125 1
99 102 12
63 80 1
67 99 1
15 114 7
2 10 2
25 116 3
113 122 7
2 37 2
45 99 1
67 114 1
18 70 4
23 95 23
76 118 1
1 40 1
22 35 2
7 61 7
30 118 7
54 64 1
77 82 2
3 24 3
45 53 1
2 85 2
34 72 4
42 52 1
56 127 7
67 125 1
27 86 1
9 72 9
85 98 1
25 124 3
10 32 2
42 110 1
63 83 1
53 80 1
13 54 13
15 83 1
17 68 17
32 87 2
39 59 1
24 71 1
60 125 15
42 82 10
38 95 2
60 89 1
16 21 2
64 100 1
83 97 1
99 103 12
58 112 14
44 84 5
40 53 1
32 64 32
103 121 3
40 84 10
118 125 7
4 18 4
16 40 2
22 80 5
46 101 1
13 59 3
91 106 1
14 104 3
2 74 2
3 117 3
57 124 7
43 55 1
32 56 1
47 94 47
17 22 2
37 56 1
41 103 1
12 51 12
43 108 1
14 120 7
20 94 5
27 107 13
32 88 2
65 76 4
10 42 10
34 51 1
41 76 2
57 115 57
86 96 1
35 112 1
2 93 2
88 111 1
32 72 4
97 103 12
31 48 3
38 123 1
45 93 11
17 64 8
4 77 4
63 67 1
67 102 1
64 117 1
24 96 24
73 79 9
16 38 4
77 125 1
5 23 5
29 89 1
29 125 7
17 100 1
85 109 1
2 12 1
29 119 29
79 113 1
17 25 1
48 90 1
52 103 6
63 87 1
63 121 15
48 56 3
41 97 1
54 88 1
68 90 2
49 104 6
63 99 3
29 59 29
44 62 1
69 91 2
88 95 11
13 57 3
29 45 1
92 119 1
65 69 8
11 115 1
8 29 1
74 102 1
40 85 10
26 64 1
30 37 1
3 118 3
60 112 7
55 93 1
50 127 3
21 46 5
6 109 6
16 39 4
24 109 6
30 74 1
67 69 8
77 115 1
14 60 7
67 118 1
26 109 13
59 120 7
2 65 2
81 87 10
108 123 3
9 125 1
16 81 2
104 113 3
100 107 6
3 43 1
64 104 1
65 85 2
88 118 1
117 124 7
76 126 1
9 84 2
4 102 1
4 99 1
15 102 3
48 50 12
39 89 2
55 64 1
45 70 2
22 117 1
33 52 1
6 97 6
25 50 25
82 106 1
13 71 1
83 121 1
113 118 14
60 98 3
64 88 2
8 102 1
83 128 2
36 42 2
64 77 4
5 111 1
57 73 1
34 122 1
51 65 1
59 68 1
82 115 1
66 110 1
67 89 2
53 118 3
74 119 1
15 36 1
30 84 1
15 112 7
11 67 2
12 95 1
25 48 12
28 120 7
48 92 1
111 120 3
28 58 14
32 50 1
67 113 1
4 76 4
49 55 6
21 73 2
2 100 1
101 103 25
1 31 1
16 78 4
11 83 5
54 61 3
46 71 2
42 78 2
92 123 1
43 56 1
32 98 1
39 41 2
38 86 2
47 104 1
13 67 1
47 72 2
33 120 1
55 58 3
3 4 1
26 97 6
36 66 4
19 39 19
53 120 3
102 117 3
18 80 2
8 68 8
69 128 8
25 71 1
27 43 1
69 86 2
91 127 1
75 128 4
28 57 28
33 45 2
11 44 11
30 91 1
27 101 6
2 14 1
57 61 7
72 119 1
23 63 1
105 117 3
85 92 5
21 98 1
53 108 13
11 42 5
68 101 1
32 83 2
53 73 1
63 114 7
34 109 1
36 61 1
59 75 1
66 69 8
1 92 1
39 72 9
29 121 7
20 100 1
62 117 7
39 64 4
18 36 18
10 22 5
42 120 1
33 39 4
28 33 1
112 126 7
21 109 1
80 96 1
79 94 2
29 101 3
13 99 6
93 112 1
43 45 5
48 111 6
63 126 63
101 126 3
70 96 1
61 127 15
114 116 14
26 99 6
2 117 1
45 106 1
35 125 1
1 94 1
13 79 1
87 114 1
3 45 1
34 79 4
26 111 13
44 79 2
7 122 7
24 62 3
84 94 5
32 35 8
112 122 7
62 120 15
2 94 2
21 126 1
94 124 1
19 37 9
88 108 1
19 71 4
37 125 1
71 74 4
66 86 2
15 34 1
51 106 6
41 75 2
70 84 2
36 72 36
76 104 1
41 78 2
13 56 3
11 122 1
3 30 3
2 68 2
16 80 2
23 25 1
9 112 1
86 97 1
39 88 2
27 109 27
56 59 14
25 102 25
101 107 6
16 91 2
62 89 1
5 104 1
28 50 3
78 91 2
93 108 1
78 81 2
47 74 2
58 98 3
14 47 1
56 119 14
90 107 1
35 36 4
25 40 1
65 90 2
47 91 11
29 60 7
48 86 1
5 81 5
7 125 7
22 105 1
20 114 1
64 95 2
48 124 3
11 66 2
87 128 2
36 99 1
3 10 1
113 116 14
3 102 3
81 86 10
9 75 9
84 88 5
7 48 3
51 66 1
21 57 1
33 115 1
70 97 1
1 87 1
63 106 3
47 52 1
31 116 7
15 61 15
15 115 7
51 96 12
1 104 1
10 125 1
95 102 1
2 24 1
70 117 1
42 45 5
40 49 1
122 128 1
82 124 1
19 100 1
31 121 15
58 82 1
42 88 5
77 123 1
1 12 1
104 119 3
10 72 2
3 83 1
25 45 1
32 45 2
22 92 11
4 79 4
58 106 3
21 61 1
35 90 2
45 115 1
89 94 11
84 89 5
70 73 4
28 65 1
69 81 2
13 103 6
59 79 1
107 110 13
74 126 1
1 50 1
107 117 3
1 61 1
19 31 1
26 107 26
61 122 61
93 116 1
31 63 31
9 53 1
89 128 2
28 69 1
13 90 1
46 127 1
38 41 2
7 113 7
11 108 1
27 112 3
110 124 3
42 84 42
25 69 1
16 65 16
1 45 1
84 128 2
45 113 1
29 86 1
67 96 1
34 69 34
104 110 13
97 109 6
14 33 1
88 117 1
69 96 1
53 86 1
81 115 1
18 124 1
14 25 3
11 33 2
37 74 37
51 79 1
11 14 1
1 33 1
15 77 1
102 116 3
78 121 1
20 82 20
31 61 15
28 31 7
6 12 6
22 36 2
32 65 32
43 82 10
110 123 3
41 84 10
56 93 1
76 82 2
13 119 3
32 42 2
46 83 5
6 100 6
60 108 3
31 41 1
35 91 2
58 101 3
3 40 1
89 92 11
37 80 2
89 123 1
43 121 1
110 112 3
57 75 1
99 116 3
25 94 1
46 70 2
56 106 3
35 72 4
70 76 4
25 82 1
67 117 1
8 38 4
40 126 1
61 101 3
3 107 3
51 125 3
6 36 1
17 91 2
60 75 1
107 111 13
18 37 18
38 115 1
23 94 23
60 120 60
81 123 1
25 34 1
75 111 1
1 47 1
71 90 2
67 76 4
76 101 1
40 86 10
3 27 3
110 116 3
70 81 2
52 96 6
54 100 6
28 116 14
16 105 1
8 81 2
110 121 3
90 100 1
35 100 1
11 71 2
5 32 2
40 116 1
57 99 3
73 119 1
60 68 1
42 81 10
33 34 8
7 117 7
80 93 5
42 64 2
29 117 29
22 127 1
38 69 4
46 87 5
11 93 11
31 114 7
10 124 1
15 95 1
83 107 1
21 113 1
25 68 1
15 74 1
5 67 2
96 106 6
26 45 1
21 76 2
18 92 2
93 100 1
41 77 2
57 121 7
25 32 1
66 124 1
6 89 1
6 103 6
89 120 1
20 111 1
8 110 1
88 112 1
28 81 1
25 126 3
10 56 1
30 70 1
7 116 7
2 103 1
60 117 7
55 111 55
41 111 1
75 118 1
16 102 1
64 103 1
34 63 1
73 107 1
28 46 1
17 33 8
29 88 1
26 44 1
57 64 1
52 77 1
26 126 3
26 42 1
96 102 12
9 34 4
73 124 1
20 107 1
49 102 12
9 77 9
24 113 3
75 120 1
36 65 4
18 99 1
2 125 1
5 75 2
75 97 1
12 16 1
35 47 2
35 37 4
103 115 3
41 89 5
73 116 1
86 107 1
14 118 14
33 98 1
90 121 1
7 60 7
77 113 1
84 91 5
10 25 1
24 125 3
47 86 5
17 27 1
82 109 1
78 102 1
102 107 6
17 88 2
62 86 1
48 113 3
56 66 1
70 107 1
54 114 3
12 23 1
45 85 5
48 97 48
7 16 1
16 53 1
72 84 2
55 78 1
1 101 1
15 60 15
69 113 1
3 99 3
29 99 3
10 59 1
1 124 1
10 101 1
2 87 2
2 56 1
35 78 4
92 103 1
24 82 1
9 122 1
1 118 1
40 73 2
96 115 3
15 56 7
51 55 6
44 113 1
50 71 1
52 115 3
8 37 4
43 62 1
52 100 6
88 99 1
61 81 1
80 111 1
57 78 1
81 119 1
31 60 15
28 100 3
55 125 3
4 109 1
35 67 8
56 64 1
18 71 4
10 90 5
82 101 1
17 23 2
5 47 5
12 107 6
27 115 3
68 117 1
38 100 1
43 94 5
43 51 1
43 59 1
43 93 5
62 69 1
114 126 7
66 123 1
48 106 6
3 56 3
21 79 2
2 43 2
26 28 3
65 81 2
59 94 1
67 83 2
57 111 3
13 61 3
24 108 6
64 70 8
43 54 1
59 71 1
22 78 2
66 105 1
66 102 1
12 22 1
56 99 3
73 127 1
66 112 1
112 119 14
55 63 3
43 89 5
8 14 1
12 103 12
5 123 1
110 127 3
12 127 3
56 107 3
114 127 7
73 95 2
96 103 12
96 118 3
18 104 1
65 78 4
92 109 1
57 72 1
32 73 4
49 74 1
52 118 3
39 98 1
19 34 4
94 127 1
23 46 23
12 53 6
2 39 2
32 75 4
100 121 3
109 119 3
19 89 2
38 67 4
1 16 1
75 85 2
116 122 7
77 117 1
22 64 2
49 103 12
5 103 1
80 99 1
58 70 1
8 34 8
4 74 4
24 75 1
33 43 2
26 27 13
29 114 14
7 102 3
17 80 2
16 34 8
39 87 2
38 70 4
80 112 1
35 121 1
40 94 5
91 123 1
23 55 1
62 113 7
70 72 4
6 18 1
99 105 6
61 87 1
55 85 1
105 108 13
1 83 1
82 86 10
42 94 5
88 119 1
7 109 3
51 103 51
9 103 1
10 95 5
45 77 2
39 127 1
5 8 2
5 22 5
2 78 2
35 87 2
21 88 5
13 96 6
16 68 8
32 78 4
41 68 2
8 113 1
3 12 3
56 68 1
87 103 1
1 116 1
45 50 1
11 124 1
18 108 1
39 90 2
44 86 5
2 58 1
32 81 2
74 87 2
43 115 1
9 62 1
109 115 3
13 115 3
33 74 4
71 75 4
46 80 5
18 72 18
30 31 15
25 42 1
55 101 6
90 105 1
5 91 5
67 120 1
8 126 1
111 116 3
65 93 2
45 92 11
40 70 2
1 37 1
4 108 1
45 117 1
40 42 10
3 13 3
37 95 2
75 113 1
6 110 6
36 41 2
70 126 1
64 102 1
52 121 3
15 58 7
6 115 3
71 118 1
4 78 4
83 117 1
18 39 9
3 78 1
7 49 3
1 79 1
24 30 3
78 126 1
34 120 1
2 91 2
56 95 1
14 81 1
38 54 1
57 76 1
47 87 5
29 73 1
10 36 2
26 53 26
22 93 11
46 103 1
32 91 2
90 92 11
1 36 1
18 44 2
59 72 1
43 48 1
94 96 1
33 109 1
29 85 1
62 122 15
41 115 1
30 110 3
12 98 12
61 94 1
2 92 2
52 122 3
63 85 1
58 103 3
36 54 1
12 96 12
58 66 1
14 18 1
11 126 1
48 121 3
13 108 13
36 94 2
41 70 2
105 110 13
17 49 1
8 21 2
38 85 2
45 94 11
35 86 2
60 124 15
41 58 1
38 82 2
12 44 1
6 24 6
43 119 1
90 126 1
58 120 7
78 94 2
46 79 2
22 34 2
20 60 1
26 90 1
19 61 1
20 77 2
84 106 1
69 74 4
12 78 1
111 126 3
35 92 2
38 114 1
3 123 3
15 113 7
5 19 2
40 109 1
1 14 1
12 100 12
14 126 7
43 127 1
6 112 3
55 126 3
93 105 1
3 97 3
105 121 3
15 49 3
43 105 1
9 43 2
52 117 3
57 82 1
21 78 2
40 119 1
14 65 1
20 25 1
28 90 1
75 99 1
10 34 2
5 117 1
43 99 1
51 67 1
4 90 2
59 69 1
64 121 1
43 88 5
12 84 1
15 121 15
15 35 1
22 74 2
45 84 5
48 122 3
82 85 10
32 107 1
35 65 8
34 67 8
1 81 1
30 42 1
15 23 1
59 109 3
27 95 1
50 96 12
73 77 9
57 126 7
32 76 4
46 82 5
74 122 1
92 107 1
63 113 7
4 11 2
7 108 3
10 111 1
35 39 4
45 72 2
54 97 6
41 51 1
30 89 1
36 89 2
17 19 4
111 113 3
20 119 1
75 95 2
2 119 1
44 128 2
62 124 62
98 126 3
43 123 1
19 66 4
27 34 1
2 45 2
53 116 3
68 81 2
53 82 1
45 54 1
50 66 1
6 46 1
91 108 1
8 75 4
23 88 11
5 13 1
52 82 1
8 116 1
60 65 1
26 39 1
77 102 1
22 48 1
48 101 12
35 85 2
3 91 1
108 114 3
13 68 1
26 79 1
36 45 2
101 111 6
80 89 5
30 44 1
15 65 1
59 87 1
112 121 7
39 78 39
8 9 4
70 87 2
36 47 2
32 69 8
81 116 1
3 115 3
12 33 1
45 122 1
4 37 4
101 115 3
28 56 28
105 116 3
29 43 1
44 93 11
13 104 13
47 62 1
98 110 6
22 51 1
23 127 1
23 116 1
85 101 1
36 53 1
4 101 1
70 102 1
36 101 1
26 110 13
92 124 1
36 78 9
46 92 46
37 107 1
71 122 1
40 103 1
106 124 3
35 89 2
71 105 1
15 68 1
10 12 1
67 124 1
44 120 1
5 49 1
18 48 1
55 107 13
48 118 3
44 67 2
11 79 2
10 64 2
26 101 6
51 107 6
4 75 4
33 85 2
43 112 1
19 38 19
18 105 1
4 118 1
26 43 1
117 120 7
64 123 1
45 98 1
17 36 4
35 40 2
21 39 2
7 65 1
60 95 1
62 104 3
37 101 1
70 106 1
60 114 7
24 66 1
43 68 2
46 93 46
19 93 2
87 102 1
72 125 1
32 60 1
111 117 3
35 108 1
33 122 1
63 84 1
18 102 1
115 124 7
10 67 2
39 120 1
43 87 43
23 42 5
58 72 1
29 93 1
4 42 2
48 60 3
76 84 2
54 122 3
25 62 3
59 107 3
11 104 1
4 23 2
47 58 1
34 105 1
15 84 1
43 98 1
4 35 4
55 90 1
31 53 3
24 93 1
101 104 6
52 111 13
17 18 4
18 110 1
28 61 7
24 44 1
103 109 6
30 121 30
3 76 1
16 64 16
42 115 1
68 91 2
25 101 25
61 95 1
80 92 5
86 93 5
42 105 1
22 106 1
91 94 11
111 119 3
11 20 5
39 93 2
3 126 3
52 126 3
46 111 1
2 128 2
66 113 1
38 74 9
37 71 4
86 110 1
50 86 1
25 54 6
40 63 1
26 48 6
28 103 3
48 89 1
26 78 1
66 108 1
6 42 1
58 114 14
61 123 61
114 128 1
52 105 52
54 75 1
67 70 8
56 87 1
8 32 8
12 28 3
19 111 1
33 55 1
33 67 33
40 106 1
9 108 1
74 78 9
58 105 3
29 111 3
43 103 1
34 119 1
104 128 1
72 104 1
73 81 2
12 83 1
31 88 1
6 8 1
23 89 11
69 75 4
48 87 1
59 60 7
55 59 3
14 62 7
41 126 1
56 103 3
91 92 11
55 61 3
75 81 2
35 93 2
17 60 1
3 41 1
20 106 1
36 73 36
24 51 12
78 106 1
2 64 2
22 71 2
11 22 11
96 126 3
33 81 2
89 115 1
102 124 3
23 80 5
72 83 2
10 94 5
34 124 1
88 120 1
72 127 1
11 57 1
30 86 1
60 115 7
44 104 1
116 121 7
59 96 3
11 98 1
55 113 3
90 97 1
46 58 1
102 123 3
10 11 5
74 76 9
29 44 1
12 72 1
12 39 1
30 97 3
32 124 1
7 44 1
17 79 4
7 13 3
98 125 3
68 73 4
74 80 2
95 105 1
23 77 2
121 125 15
17 89 2
85 121 1
13 14 3
22 121 1
5 66 2
54 65 1
32 58 1
20 125 1
77 89 2
41 56 1
30 87 1
45 95 11
30 56 7
44 78 2
93 109 1
6 64 1
117 126 7
40 80 40
35 102 1
4 97 1
79 111 1
62 77 1
95 110 1
121 124 15
63 76 1
58 115 14
43 76 2
14 34 1
14 44 1
36 49 1
89 111 1
14 49 3
91 109 1
31 56 7
100 111 6
75 86 2
47 90 11
