256 223
46 248 128
93 171 104
82 104 155
23 40 135
5 153 171
16 37 133
155 200 165
117 185 119
118 122 71
134 216 245
85 238 212
34 231 67
36 189 244
171 229 104
17 113 63
8 85 212
35 133 234
61 107 192
172 204 28
12 81 256
161 207 224
21 119 34
26 66 180
28 149 157
131 207 224
17 243 63
87 183 61
117 196 119
51 234 12
26 181 180
62 108 80
123 188 75
148 217 207
87 123 87
119 162 34
25 180 23
105 205 49
123 207 207
59 152 17
123 256 256
174 224 209
85 123 85
63 123 63
57 153 171
122 240 71
192 228 216
79 216 245
49 214 73
56 209 230
11 132 217
135 241 138
1 123 1
33 256 172
98 155 165
67 250 152
34 141 67
150 165 255
230 242 122
16 159 133
212 223 117
130 233 105
17 101 63
80 169 153
158 212 117
122 123 122
103 132 217
129 198 26
138 179 219
123 245 245
55 123 55
72 135 138
48 237 46
26 123 26
143 152 17
123 152 152
46 140 128
153 254 171
126 171 104
86 133 234
94 128 189
29 237 46
137 207 224
52 87 61
60 71 85
139 256 172
31 61 192
78 87 61
157 176 55
100 230 122
62 170 80
117 123 117
136 255 195
58 209 230
151 247 156
39 138 219
123 156 156
42 71 85
123 189 189
84 198 26
10 34 67
13 73 132
244 251 233
14 28 157
65 80 153
112 173 151
63 221 62
92 119 34
38 155 165
123 171 171
95 182 112
132 167 217
2 49 73
4 61 192
6 133 234
16 123 16
230 239 122
112 123 112
43 233 105
222 244 233
16 96 133
123 155 155
184 198 26
178 182 112
24 189 244
18 216 245
116 224 209
73 99 132
28 123 28
104 194 155
203 234 12
123 209 209
74 75 87
123 255 255
63 190 62
53 71 85
208 227 1
172 220 28
28 225 157
124 245 198
67 109 152
32 138 219
186 212 117
70 192 216
27 227 1
73 102 132
23 163 135
12 175 256
54 151 156
192 236 216
123 233 233
69 219 16
156 213 227
22 122 71
80 123 80
19 172 28
46 123 46
15 219 16
114 182 112
50 255 195
115 256 172
89 195 91
166 245 198
23 45 135
41 224 209
106 135 138
120 165 255
47 233 105
110 195 91
83 151 156
97 104 155
111 245 198
91 193 182
191 217 207
164 244 233
147 156 227
123 192 192
34 123 34
3 91 182
91 253 182
91 123 91
177 234 12
125 180 23
112 246 151
121 128 189
20 105 49
90 157 55
117 232 119
105 160 49
76 123 75
142 195 91
9 75 87
152 199 17
49 123 49
7 237 46
144 157 55
112 215 151
127 227 1
62 68 80
123 234 234
75 202 87
88 219 16
165 235 255
23 123 23
55 211 237
180 210 23
123 132 132
30 217 207
67 77 152
44 63 62
209 218 230
189 249 244
46 154 128
128 226 189
252 255 195
80 168 153
156 197 227
85 145 212
55 187 237
55 206 237
26 201 180
123 138 138
49 146 73
12 64 256
