128 8128
2 70 2
35 68 35
71 122 71
103 106 103
17 19 17
19 32 19
5 6 5
28 39 28
39 68 39
48 113 48
27 62 27
52 100 52
11 64 11
15 20 15
87 94 87
13 116 13
58 121 58
4 48 4
33 55 33
25 113 25
72 99 72
12 98 12
70 81 70
65 85 65
3 46 3
87 116 87
65 97 65
2 106 2
39 52 39
31 79 31
62 100 62
57 124 57
40 82 40
38 68 38
36 115 36
25 31 25
14 58 14
47 64 47
1 74 1
45 71 45
46 103 46
68 111 68
16 102 16
1 68 1
62 110 62
95 119 95
20 56 20
58 93 58
9 43 9
31 123 31
15 116 15
53 66 53
9 98 9
53 64 53
22 105 22
61 106 61
21 127 21
63 70 63
26 67 26
26 59 26
59 63 59
40 103 40
93 108 93
12 111 12
20 28 20
77 89 77
16 55 16
29 113 29
1 20 1
19 77 19
68 125 68
75 109 75
45 121 45
34 55 34
59 114 59
38 75 38
63 83 63
32 101 32
41 69 41
9 102 9
28 75 28
14 93 14
9 20 9
12 50 12
16 63 16
26 49 26
8 41 8
61 82 61
19 96 19
23 76 23
25 94 25
55 122 55
9 78 9
26 77 26
51 114 51
74 117 74
60 76 60
19 118 19
61 104 61
56 86 56
2 15 2
42 119 42
47 104 47
8 86 8
57 70 57
15 22 15
32 76 32
5 59 5
51 64 51
71 81 71
24 77 24
49 69 49
13 47 13
50 69 50
42 108 42
45 119 45
14 106 14
12 83 12
5 107 5
28 49 28
2 117 2
12 116 12
4 15 4
18 84 18
84 99 84
64 110 64
24 108 24
9 59 9
7 54 7
19 43 19
19 65 19
101 125 101
51 88 51
2 118 2
38 113 38
50 126 50
66 109 66
82 115 82
26 36 26
5 55 5
25 108 25
85 100 85
106 114 106
90 118 90
11 23 11
90 113 90
63 102 63
43 76 43
55 125 55
43 56 43
18 121 18
102 126 102
13 32 13
39 128 39
22 116 22
67 117 67
31 33 31
53 104 53
12 99 12
3 121 3
46 53 46
122 124 122
66 96 66
28 106 28
39 99 39
7 49 7
50 110 50
40 95 40
12 40 12
42 87 42
9 99 9
5 73 5
34 43 34
26 33 26
89 100 89
83 101 83
42 94 42
39 120 39
41 61 41
1 101 1
37 74 37
80 83 80
81 122 81
69 115 69
82 95 82
25 124 25
89 106 89
84 110 84
43 52 43
22 86 22
10 48 10
22 40 22
28 61 28
26 78 26
81 107 81
92 116 92
15 19 15
46 75 46
55 76 55
9 19 9
26 27 26
19 95 19
88 111 88
39 83 39
70 92 70
23 111 23
59 67 59
23 49 23
55 93 55
92 109 92
71 107 71
3 12 3
81 110 81
22 95 22
20 127 20
22 92 22
11 35 11
47 84 47
14 52 14
57 68 57
16 93 16
39 88 39
4 41 4
39 108 39
111 127 111
52 123 52
26 103 26
76 96 76
21 79 21
39 48 39
25 81 25
23 116 23
20 29 20
102 123 102
27 127 27
19 35 19
43 54 43
6 102 6
17 104 17
29 87 29
56 80 56
1 128 1
5 45 5
26 92 26
53 113 53
34 78 34
95 104 95
59 75 59
11 61 11
4 69 4
34 110 34
3 67 3
113 118 113
39 124 39
54 63 54
60 125 60
59 125 59
59 123 59
102 125 102
6 60 6
60 123 60
14 15 14
103 114 103
20 49 20
34 65 34
52 81 52
52 113 52
8 124 8
86 121 86
48 125 48
30 32 30
38 74 38
53 73 53
10 49 10
32 61 32
95 113 95
80 109 80
103 121 103
56 98 56
96 120 96
6 81 6
4 10 4
46 72 46
16 122 16
61 125 61
58 104 58
14 54 14
105 106 105
5 80 5
50 120 50
55 67 55
8 91 8
16 77 16
46 111 46
80 81 80
49 115 49
44 78 44
13 93 13
13 65 13
5 121 5
56 69 56
27 63 27
37 87 37
117 118 117
27 124 27
71 116 71
30 92 30
31 126 31
18 120 18
2 99 2
56 62 56
14 69 14
123 127 123
76 105 76
19 112 19
85 121 85
24 106 24
45 108 45
36 125 36
1 51 1
54 114 54
49 107 49
3 24 3
40 44 40
6 52 6
58 73 58
1 75 1
8 16 8
64 115 64
9 91 9
10 106 10
113 121 113
33 57 33
52 106 52
1 71 1
50 98 50
24 68 24
17 33 17
37 71 37
10 37 10
77 115 77
3 120 3
19 26 19
3 123 3
34 117 34
52 102 52
93 117 93
61 90 61
72 80 72
50 97 50
52 72 52
63 73 63
47 63 47
46 65 46
18 83 18
45 59 45
22 117 22
51 105 51
10 64 10
34 123 34
5 102 5
68 117 68
9 37 9
22 125 22
89 109 89
62 106 62
54 103 54
12 18 12
41 105 41
28 71 28
31 61 31
62 104 62
21 80 21
47 90 47
28 101 28
97 126 97
30 109 30
102 120 102
38 56 38
89 90 89
65 124 65
87 93 87
11 114 11
10 78 10
18 67 18
96 126 96
74 113 74
18 115 18
122 123 122
31 87 31
79 124 79
48 122 48
9 108 9
84 87 84
62 116 62
70 109 70
24 70 24
93 128 93
42 95 42
61 97 61
74 128 74
80 124 80
69 122 69
5 18 5
89 94 89
92 98 92
29 53 29
4 114 4
8 83 8
61 108 61
50 67 50
2 62 2
72 100 72
32 107 32
16 53 16
20 93 20
55 99 55
89 92 89
45 85 45
95 110 95
92 106 92
25 34 25
12 65 12
58 109 58
7 57 7
93 104 93
55 74 55
10 105 10
7 37 7
51 121 51
25 97 25
33 109 33
14 19 14
57 75 57
13 56 13
4 102 4
58 118 58
34 83 34
31 89 31
115 116 115
45 86 45
75 112 75
51 96 51
87 115 87
9 12 9
74 120 74
72 89 72
82 86 82
33 86 33
5 105 5
16 65 16
69 102 69
34 98 34
4 51 4
83 114 83
26 125 26
15 95 15
86 102 86
28 58 28
7 99 7
34 58 34
58 125 58
82 121 82
65 113 65
75 98 75
79 93 79
10 23 10
5 26 5
24 80 24
15 62 15
47 101 47
50 117 50
26 93 26
3 88 3
27 90 27
47 69 47
39 63 39
47 127 47
45 47 45
2 40 2
94 99 94
54 105 54
11 54 11
23 74 23
77 119 77
34 57 34
9 10 9
57 64 57
56 87 56
8 55 8
84 120 84
19 125 19
4 79 4
49 51 49
52 75 52
8 26 8
37 43 37
23 29 23
37 83 37
23 64 23
87 88 87
17 39 17
12 124 12
34 94 34
83 87 83
39 114 39
18 88 18
79 85 79
53 58 53
108 113 108
48 116 48
35 126 35
48 53 48
58 69 58
108 112 108
82 98 82
90 121 90
15 120 15
67 104 67
29 39 29
4 22 4
21 95 21
7 101 7
16 60 16
34 54 34
20 125 20
33 36 33
33 105 33
70 121 70
50 78 50
54 89 54
30 54 30
38 57 38
65 78 65
7 38 7
7 80 7
68 118 68
17 28 17
88 121 88
19 106 19
87 118 87
51 73 51
15 60 15
39 58 39
8 31 8
63 107 63
61 101 61
30 76 30
22 72 22
4 90 4
49 123 49
13 77 13
50 63 50
54 78 54
60 111 60
10 20 10
6 128 6
26 109 26
30 104 30
17 73 17
69 109 69
42 54 42
119 126 119
60 128 60
62 83 62
84 122 84
16 82 16
18 97 18
39 107 39
49 116 49
79 106 79
34 95 34
81 102 81
7 117 7
78 120 78
68 85 68
48 55 48
37 80 37
101 120 101
2 81 2
54 69 54
70 126 70
75 97 75
6 41 6
4 67 4
17 24 17
18 89 18
77 111 77
29 64 29
19 40 19
9 23 9
39 119 39
57 109 57
2 74 2
17 53 17
107 113 107
32 92 32
21 91 21
31 69 31
29 65 29
19 33 19
63 72 63
26 60 26
46 113 46
16 89 16
60 89 60
6 15 6
8 56 8
91 98 91
20 75 20
49 112 49
8 77 8
16 96 16
22 30 22
11 48 11
23 40 23
57 78 57
15 67 15
14 90 14
35 112 35
73 109 73
86 103 86
24 85 24
15 113 15
70 76 70
27 32 27
16 37 16
15 110 15
23 37 23
55 89 55
5 37 5
20 107 20
20 30 20
35 99 35
61 65 61
7 56 7
76 109 76
14 39 14
19 103 19
19 50 19
1 79 1
17 128 17
56 64 56
13 95 13
12 76 12
96 122 96
33 126 33
16 95 16
6 14 6
83 119 83
25 105 25
41 98 41
32 72 32
9 89 9
34 37 34
51 122 51
69 99 69
4 35 4
12 74 12
54 97 54
30 90 30
27 83 27
15 121 15
103 125 103
75 105 75
46 115 46
13 102 13
100 109 100
112 118 112
52 99 52
92 93 92
49 90 49
49 75 49
59 99 59
60 94 60
79 126 79
52 122 52
14 20 14
32 98 32
72 106 72
88 110 88
51 125 51
48 62 48
70 112 70
4 27 4
37 78 37
15 63 15
5 44 5
26 94 26
62 127 62
69 111 69
104 115 104
97 118 97
16 31 16
34 85 34
17 105 17
4 119 4
1 28 1
77 97 77
14 45 14
55 105 55
62 92 62
54 83 54
45 87 45
16 44 16
6 78 6
7 30 7
88 92 88
61 67 61
53 82 53
32 78 32
24 78 24
56 97 56
35 86 35
6 104 6
13 14 13
83 108 83
60 120 60
51 117 51
32 84 32
102 111 102
34 47 34
45 115 45
3 42 3
70 108 70
15 70 15
42 45 42
12 47 12
97 99 97
111 124 111
26 51 26
56 117 56
48 105 48
11 109 11
2 41 2
25 45 25
5 51 5
31 70 31
44 102 44
44 92 44
94 102 94
35 100 35
6 105 6
10 21 10
8 114 8
99 107 99
92 120 92
111 115 111
44 53 44
37 112 37
14 50 14
94 124 94
6 39 6
57 93 57
30 91 30
18 43 18
87 100 87
12 95 12
14 60 14
20 124 20
19 124 19
33 43 33
15 119 15
54 76 54
5 49 5
62 105 62
22 64 22
17 60 17
29 45 29
52 73 52
53 94 53
15 18 15
37 120 37
3 91 3
39 87 39
11 107 11
65 108 65
1 50 1
98 99 98
76 106 76
57 119 57
31 124 31
69 89 69
9 103 9
72 109 72
37 110 37
43 71 43
41 100 41
4 23 4
73 108 73
85 110 85
40 50 40
52 67 52
59 91 59
11 45 11
22 80 22
15 57 15
47 103 47
9 65 9
43 115 43
47 113 47
107 120 107
94 118 94
24 47 24
45 51 45
70 99 70
57 103 57
91 108 91
24 69 24
21 93 21
42 112 42
27 33 27
69 125 69
34 88 34
14 43 14
73 81 73
48 92 48
82 100 82
31 127 31
32 90 32
25 103 25
6 122 6
9 96 9
65 90 65
7 72 7
23 77 23
7 118 7
100 125 100
77 112 77
68 103 68
89 95 89
80 125 80
55 123 55
23 36 23
11 79 11
65 101 65
34 109 34
92 105 92
10 117 10
71 90 71
1 59 1
47 62 47
89 99 89
26 90 26
42 128 42
34 48 34
45 98 45
47 109 47
19 42 19
87 105 87
38 58 38
30 64 30
73 107 73
79 121 79
71 111 71
20 115 20
21 92 21
19 22 19
58 105 58
1 111 1
18 63 18
33 89 33
46 124 46
16 84 16
101 118 101
29 83 29
60 103 60
71 115 71
63 128 63
39 101 39
15 40 15
4 86 4
22 32 22
11 13 11
2 87 2
59 122 59
73 123 73
20 48 20
13 118 13
47 119 47
1 57 1
31 117 31
107 108 107
83 122 83
49 121 49
111 116 111
50 74 50
6 55 6
24 81 24
99 127 99
23 96 23
98 114 98
95 112 95
17 51 17
8 119 8
85 116 85
6 119 6
39 105 39
31 100 31
66 101 66
23 45 23
90 106 90
45 100 45
36 86 36
11 94 11
81 104 81
102 107 102
15 115 15
59 65 59
64 86 64
68 97 68
93 103 93
66 93 66
47 81 47
21 48 21
13 107 13
52 114 52
31 40 31
54 81 54
37 96 37
54 56 54
11 70 11
86 89 86
28 56 28
58 102 58
38 111 38
37 70 37
122 128 122
83 121 83
84 121 84
20 66 20
14 67 14
14 120 14
43 49 43
15 30 15
33 122 33
54 123 54
7 47 7
53 75 53
54 87 54
77 79 77
77 114 77
62 126 62
46 70 46
53 103 53
66 94 66
81 125 81
70 74 70
42 69 42
28 57 28
45 75 45
51 86 51
52 86 52
23 120 23
24 119 24
37 111 37
2 67 2
52 77 52
39 95 39
8 57 8
18 105 18
48 109 48
75 117 75
60 77 60
34 40 34
43 79 43
4 97 4
29 49 29
93 113 93
58 119 58
23 70 23
25 27 25
24 114 24
12 93 12
87 120 87
41 118 41
3 25 3
24 84 24
33 76 33
23 93 23
86 122 86
111 126 111
64 106 64
20 98 20
17 119 17
2 57 2
1 96 1
41 125 41
61 121 61
60 112 60
2 30 2
11 78 11
17 112 17
37 82 37
24 110 24
2 125 2
31 104 31
9 92 9
65 115 65
57 123 57
17 84 17
41 67 41
34 90 34
41 71 41
62 86 62
23 71 23
67 87 67
119 123 119
8 13 8
1 113 1
71 126 71
18 64 18
11 83 11
5 86 5
15 106 15
2 80 2
1 21 1
45 64 45
53 116 53
64 100 64
91 127 91
71 96 71
19 59 19
77 107 77
91 94 91
70 71 70
33 115 33
57 111 57
66 75 66
18 30 18
115 125 115
84 114 84
74 123 74
36 91 36
13 91 13
37 81 37
58 127 58
30 69 30
57 97 57
57 69 57
17 114 17
90 127 90
12 39 12
97 121 97
9 26 9
66 99 66
58 106 58
36 72 36
60 74 60
78 117 78
6 117 6
84 98 84
6 32 6
11 76 11
31 48 31
1 118 1
31 74 31
8 79 8
82 127 82
13 71 13
26 121 26
42 50 42
88 114 88
15 125 15
52 66 52
61 93 61
51 75 51
19 34 19
23 108 23
14 119 14
28 88 28
9 28 9
22 119 22
7 108 7
13 26 13
8 63 8
61 109 61
21 63 21
30 89 30
34 118 34
76 118 76
65 83 65
75 88 75
50 81 50
9 57 9
27 68 27
54 72 54
14 105 14
77 122 77
13 88 13
86 119 86
52 95 52
106 111 106
106 112 106
24 127 24
100 105 100
123 124 123
17 77 17
21 100 21
26 88 26
66 89 66
9 63 9
47 76 47
42 82 42
87 123 87
25 82 25
7 124 7
5 104 5
45 60 45
20 110 20
14 103 14
4 13 4
35 98 35
5 120 5
44 90 44
21 105 21
43 120 43
81 95 81
28 44 28
34 81 34
78 101 78
93 119 93
33 54 33
18 52 18
33 107 33
31 44 31
73 102 73
126 128 126
83 117 83
58 92 58
24 79 24
65 105 65
27 88 27
42 48 42
82 103 82
23 58 23
60 88 60
18 36 18
113 115 113
13 23 13
90 105 90
2 89 2
93 121 93
16 45 16
36 110 36
110 128 110
38 117 38
36 97 36
54 116 54
50 55 50
31 72 31
15 77 15
19 114 19
32 83 32
55 81 55
5 11 5
11 100 11
1 112 1
63 80 63
17 69 17
23 69 23
59 79 59
32 49 32
17 71 17
8 93 8
96 128 96
65 89 65
22 114 22
32 104 32
86 96 86
41 94 41
59 128 59
66 118 66
100 106 100
45 114 45
7 8 7
5 10 5
23 25 23
2 22 2
2 90 2
12 88 12
118 121 118
29 82 29
50 77 50
75 89 75
26 34 26
55 60 55
52 107 52
29 80 29
85 98 85
62 91 62
68 121 68
49 96 49
48 114 48
27 97 27
24 91 24
4 56 4
43 126 43
13 86 13
27 70 27
84 107 84
47 105 47
99 114 99
33 46 33
22 70 22
29 103 29
73 122 73
11 82 11
18 71 18
73 84 73
39 59 39
1 60 1
23 59 23
29 114 29
45 62 45
6 84 6
9 114 9
63 86 63
6 114 6
19 122 19
15 43 15
15 16 15
20 68 20
26 71 26
52 89 52
10 99 10
16 27 16
58 97 58
97 114 97
19 41 19
104 119 104
85 94 85
105 120 105
70 90 70
23 97 23
26 83 26
69 83 69
102 122 102
25 110 25
4 116 4
33 59 33
12 45 12
90 108 90
10 119 10
5 82 5
12 90 12
73 86 73
59 74 59
71 98 71
17 99 17
12 89 12
28 47 28
56 68 56
6 87 6
15 88 15
107 114 107
10 11 10
4 30 4
17 20 17
55 124 55
80 113 80
3 95 3
44 72 44
10 86 10
30 123 30
54 93 54
1 43 1
28 68 28
2 33 2
71 101 71
58 94 58
61 76 61
97 128 97
30 80 30
84 109 84
20 102 20
20 25 20
73 75 73
41 82 41
6 127 6
7 43 7
85 114 85
29 74 29
21 110 21
29 102 29
51 109 51
3 11 3
14 73 14
64 90 64
6 95 6
82 96 82
121 126 121
40 124 40
127 128 127
41 103 41
8 105 8
51 62 51
24 32 24
102 115 102
19 75 19
42 97 42
60 108 60
51 120 51
17 22 17
31 84 31
37 93 37
53 123 53
6 46 6
20 63 20
11 74 11
60 78 60
32 81 32
84 112 84
44 111 44
5 29 5
61 120 61
3 116 3
8 59 8
33 96 33
82 89 82
33 75 33
10 81 10
58 63 58
71 74 71
87 112 87
38 101 38
116 118 116
38 63 38
66 90 66
2 51 2
28 104 28
19 109 19
50 94 50
41 72 41
70 96 70
65 91 65
56 78 56
62 108 62
83 93 83
88 98 88
20 23 20
74 119 74
20 111 20
26 84 26
9 50 9
5 122 5
72 86 72
28 89 28
43 62 43
32 73 32
60 71 60
32 35 32
20 76 20
56 67 56
24 90 24
7 12 7
19 55 19
65 76 65
24 63 24
41 55 41
43 46 43
48 106 48
29 86 29
115 119 115
39 122 39
38 89 38
30 55 30
111 125 111
50 84 50
49 62 49
63 65 63
30 36 30
30 63 30
56 112 56
48 111 48
4 82 4
52 56 52
24 37 24
7 97 7
105 118 105
57 87 57
60 106 60
41 107 41
1 108 1
19 87 19
25 84 25
77 110 77
44 91 44
47 77 47
82 87 82
9 122 9
2 115 2
37 107 37
92 122 92
30 85 30
64 101 64
67 123 67
44 107 44
18 22 18
6 125 6
45 105 45
1 39 1
44 46 44
83 102 83
74 109 74
39 102 39
20 84 20
1 114 1
41 49 41
71 99 71
4 5 4
9 42 9
7 16 7
55 78 55
76 100 76
3 81 3
90 120 90
63 85 63
88 90 88
42 102 42
87 122 87
59 76 59
30 79 30
89 115 89
62 113 62
3 8 3
24 121 24
53 125 53
68 127 68
14 61 14
10 12 10
22 109 22
69 113 69
23 31 23
42 74 42
74 78 74
9 84 9
11 25 11
21 51 21
90 125 90
36 80 36
22 83 22
13 60 13
83 118 83
35 52 35
26 48 26
70 100 70
33 104 33
78 85 78
55 88 55
10 123 10
34 89 34
55 98 55
76 110 76
17 94 17
34 66 34
18 116 18
2 27 2
37 102 37
71 84 71
111 123 111
6 96 6
5 94 5
92 118 92
34 72 34
14 78 14
32 68 32
36 70 36
28 38 28
26 89 26
46 88 46
32 62 32
28 86 28
14 56 14
7 63 7
16 68 16
45 112 45
56 76 56
29 73 29
42 105 42
79 122 79
22 110 22
53 118 53
97 110 97
49 84 49
3 52 3
48 115 48
36 106 36
76 82 76
48 58 48
24 103 24
44 100 44
80 120 80
76 121 76
70 105 70
32 87 32
7 66 7
49 109 49
9 58 9
22 128 22
93 112 93
13 69 13
6 72 6
103 118 103
5 68 5
40 51 40
20 40 20
43 100 43
55 86 55
78 121 78
84 116 84
10 115 10
47 80 47
28 81 28
83 111 83
3 30 3
99 102 99
91 110 91
12 69 12
44 62 44
44 50 44
34 116 34
6 13 6
22 89 22
57 114 57
102 108 102
57 99 57
16 32 16
61 72 61
38 46 38
110 124 110
16 57 16
68 109 68
47 123 47
26 63 26
3 35 3
44 101 44
2 4 2
21 40 21
69 121 69
5 53 5
107 115 107
56 79 56
68 69 68
15 89 15
2 119 2
9 110 9
13 106 13
38 88 38
51 81 51
72 112 72
47 79 47
46 93 46
13 94 13
101 112 101
19 72 19
69 84 69
37 39 37
4 45 4
65 92 65
72 115 72
108 128 108
79 127 79
22 71 22
60 115 60
94 111 94
42 98 42
27 71 27
69 114 69
4 68 4
54 112 54
21 60 21
87 114 87
70 79 70
4 94 4
29 122 29
23 43 23
10 51 10
5 19 5
66 104 66
87 92 87
5 126 5
1 63 1
18 92 18
16 103 16
94 114 94
12 114 12
20 64 20
57 83 57
23 88 23
81 126 81
100 110 100
96 105 96
73 96 73
88 103 88
50 124 50
6 67 6
57 79 57
19 31 19
35 125 35
54 101 54
13 90 13
46 81 46
26 66 26
5 101 5
29 52 29
113 128 113
84 123 84
48 84 48
3 34 3
77 104 77
6 82 6
22 77 22
67 76 67
9 125 9
20 81 20
81 108 81
17 111 17
35 36 35
85 102 85
30 101 30
74 98 74
25 60 25
43 57 43
103 111 103
25 123 25
120 124 120
89 107 89
14 110 14
40 84 40
11 41 11
55 82 55
123 126 123
52 85 52
37 98 37
37 88 37
55 87 55
17 49 17
3 47 3
94 97 94
17 27 17
69 82 69
76 125 76
80 122 80
12 37 12
36 57 36
33 108 33
43 83 43
55 85 55
48 52 48
8 81 8
19 49 19
20 67 20
70 106 70
99 101 99
87 96 87
18 28 18
57 113 57
102 106 102
99 109 99
38 47 38
28 95 28
40 107 40
62 67 62
46 89 46
91 111 91
22 127 22
2 110 2
83 99 83
81 105 81
31 81 31
75 78 75
2 38 2
78 105 78
49 64 49
75 100 75
30 40 30
91 112 91
100 108 100
37 109 37
53 88 53
43 97 43
19 81 19
14 40 14
72 118 72
29 30 29
24 34 24
17 41 17
21 101 21
10 93 10
2 69 2
8 111 8
54 57 54
23 118 23
35 59 35
55 56 55
73 82 73
78 128 78
72 91 72
77 99 77
24 100 24
30 34 30
23 81 23
7 112 7
26 113 26
105 126 105
62 90 62
37 54 37
51 83 51
12 22 12
3 70 3
37 42 37
63 114 63
65 111 65
46 105 46
9 105 9
1 92 1
37 75 37
71 109 71
84 118 84
66 70 66
57 89 57
53 76 53
24 51 24
101 121 101
41 43 41
68 115 68
43 106 43
7 110 7
15 107 15
28 83 28
27 35 27
42 101 42
31 106 31
59 97 59
23 53 23
11 66 11
95 124 95
58 112 58
19 47 19
62 101 62
35 56 35
26 37 26
26 114 26
73 112 73
38 43 38
32 97 32
57 82 57
78 96 78
70 114 70
7 73 7
100 116 100
12 102 12
19 38 19
39 96 39
90 93 90
83 84 83
82 99 82
32 60 32
54 121 54
49 120 49
34 119 34
43 90 43
75 103 75
94 119 94
16 17 16
17 106 17
96 110 96
50 99 50
3 83 3
25 44 25
26 108 26
35 119 35
94 106 94
27 42 27
69 128 69
41 97 41
21 42 21
30 33 30
78 127 78
30 83 30
5 81 5
55 68 55
85 105 85
111 119 111
47 92 47
94 103 94
1 94 1
41 122 41
117 120 117
49 54 49
63 119 63
13 114 13
77 102 77
29 96 29
55 113 55
81 86 81
8 85 8
61 123 61
74 93 74
52 126 52
27 120 27
74 92 74
7 33 7
11 58 11
27 122 27
29 111 29
32 79 32
15 76 15
40 79 40
64 65 64
79 90 79
29 123 29
54 96 54
47 112 47
29 117 29
5 95 5
76 102 76
2 32 2
6 107 6
93 122 93
71 102 71
100 114 100
32 45 32
63 82 63
9 104 9
100 112 100
26 112 26
14 34 14
7 42 7
85 92 85
11 46 11
90 107 90
59 96 59
63 93 63
112 114 112
51 61 51
31 116 31
65 119 65
36 58 36
28 63 28
94 96 94
1 41 1
24 117 24
76 86 76
48 79 48
8 98 8
36 63 36
26 126 26
43 44 43
85 111 85
19 48 19
3 106 3
24 75 24
49 91 49
7 86 7
58 78 58
5 88 5
77 101 77
10 88 10
98 112 98
79 114 79
9 81 9
17 97 17
109 120 109
60 101 60
17 92 17
23 99 23
53 97 53
56 111 56
11 49 11
82 102 82
24 61 24
80 128 80
68 110 68
64 120 64
43 45 43
59 110 59
29 70 29
47 70 47
57 106 57
46 78 46
2 93 2
38 51 38
3 61 3
15 84 15
66 87 66
37 38 37
30 93 30
38 44 38
44 45 44
34 97 34
46 104 46
31 34 31
42 121 42
50 91 50
39 78 39
40 78 40
48 86 48
2 43 2
28 53 28
72 76 72
9 101 9
88 97 88
40 80 40
54 115 54
23 126 23
76 120 76
47 74 47
32 95 32
21 112 21
62 78 62
1 31 1
41 95 41
49 52 49
52 76 52
44 88 44
5 116 5
22 66 22
36 53 36
22 54 22
66 73 66
3 68 3
8 76 8
7 36 7
22 24 22
63 99 63
20 51 20
47 53 47
78 94 78
36 54 36
5 35 5
117 127 117
4 70 4
6 89 6
76 89 76
17 76 17
40 45 40
21 78 21
102 104 102
19 121 19
12 44 12
20 50 20
41 66 41
115 128 115
6 43 6
5 20 5
65 127 65
14 127 14
13 113 13
2 116 2
48 77 48
38 124 38
21 31 21
69 74 69
52 112 52
48 57 48
44 124 44
70 77 70
65 120 65
53 101 53
34 114 34
12 78 12
87 90 87
16 106 16
6 24 6
78 104 78
1 29 1
51 59 51
13 63 13
13 73 13
3 54 3
35 117 35
84 88 84
2 52 2
91 104 91
10 100 10
87 99 87
39 69 39
49 80 49
94 100 94
7 62 7
53 119 53
19 101 19
11 97 11
8 115 8
3 23 3
76 87 76
22 106 22
12 55 12
12 26 12
122 126 122
27 112 27
58 123 58
52 98 52
40 93 40
25 120 25
92 95 92
118 120 118
1 97 1
78 106 78
61 87 61
19 100 19
112 128 112
17 96 17
34 61 34
67 121 67
14 98 14
46 68 46
7 25 7
9 68 9
34 120 34
27 121 27
35 55 35
96 111 96
23 85 23
46 109 46
5 43 5
46 60 46
73 120 73
17 123 17
56 93 56
37 40 37
43 61 43
11 121 11
67 96 67
63 117 63
28 127 28
62 97 62
9 51 9
38 127 38
89 128 89
8 53 8
6 106 6
10 96 10
76 97 76
72 116 72
65 109 65
2 42 2
51 124 51
97 122 97
67 69 67
66 115 66
3 53 3
49 124 49
41 114 41
44 87 44
9 117 9
2 19 2
9 116 9
64 125 64
83 109 83
2 100 2
60 118 60
57 67 57
53 102 53
112 124 112
24 38 24
27 47 27
14 102 14
37 48 37
14 68 14
51 104 51
17 36 17
25 127 25
17 55 17
65 106 65
19 111 19
26 105 26
24 33 24
20 24 20
118 128 118
63 69 63
90 99 90
62 93 62
15 36 15
96 121 96
16 85 16
70 125 70
7 107 7
70 104 70
26 68 26
46 100 46
92 104 92
39 44 39
23 30 23
52 69 52
73 89 73
61 127 61
34 73 34
66 88 66
37 95 37
76 115 76
45 76 45
35 49 35
1 98 1
59 83 59
31 121 31
71 77 71
62 119 62
6 51 6
79 115 79
11 60 11
118 123 118
36 61 36
74 87 74
75 104 75
5 58 5
15 65 15
3 118 3
7 92 7
58 117 58
68 75 68
101 113 101
33 123 33
25 39 25
37 45 37
30 74 30
24 59 24
67 86 67
37 117 37
5 118 5
26 74 26
90 92 90
49 67 49
4 26 4
64 72 64
6 12 6
94 125 94
81 97 81
79 81 79
30 121 30
58 103 58
30 31 30
18 80 18
28 43 28
63 126 63
20 90 20
25 50 25
4 128 4
47 99 47
15 103 15
16 87 16
32 33 32
8 109 8
3 101 3
32 126 32
14 32 14
2 76 2
25 66 25
61 71 61
85 101 85
106 122 106
11 24 11
21 32 21
53 74 53
31 88 31
85 88 85
40 73 40
24 95 24
8 70 8
33 90 33
47 71 47
51 98 51
16 67 16
47 98 47
4 49 4
24 43 24
11 111 11
46 119 46
45 77 45
59 92 59
25 26 25
43 50 43
68 79 68
29 88 29
98 119 98
37 73 37
10 113 10
48 72 48
9 36 9
68 102 68
18 74 18
64 122 64
2 108 2
16 105 16
11 80 11
28 69 28
5 33 5
67 84 67
31 113 31
46 95 46
66 116 66
39 117 39
83 89 83
62 82 62
28 30 28
28 109 28
107 110 107
34 87 34
33 116 33
10 33 10
87 110 87
49 57 49
105 117 105
120 122 120
52 55 52
35 108 35
7 50 7
51 95 51
33 119 33
16 98 16
46 106 46
7 17 7
89 123 89
74 101 74
46 108 46
72 114 72
4 64 4
1 19 1
20 74 20
35 88 35
55 64 55
13 54 13
124 128 124
9 113 9
21 77 21
29 60 29
54 88 54
42 67 42
47 58 47
27 36 27
14 46 14
106 124 106
2 83 2
99 111 99
72 111 72
41 101 41
61 68 61
13 16 13
7 67 7
29 61 29
21 119 21
22 75 22
17 67 17
32 56 32
6 99 6
39 85 39
21 114 21
48 117 48
9 94 9
27 69 27
94 126 94
116 121 116
91 119 91
14 89 14
85 87 85
12 109 12
5 64 5
45 95 45
34 96 34
18 100 18
15 31 15
15 37 15
14 121 14
11 33 11
27 64 27
2 94 2
64 94 64
44 98 44
13 27 13
50 113 50
111 121 111
80 82 80
41 75 41
92 115 92
51 110 51
74 108 74
24 53 24
103 108 103
47 121 47
5 76 5
15 52 15
20 99 20
83 88 83
59 119 59
62 71 62
4 104 4
37 67 37
108 123 108
43 104 43
23 26 23
53 92 53
83 86 83
10 83 10
117 125 117
84 104 84
3 87 3
85 120 85
50 107 50
17 72 17
50 62 50
27 100 27
38 54 38
16 71 16
89 120 89
48 119 48
18 24 18
1 127 1
35 79 35
45 106 45
63 77 63
104 106 104
51 79 51
70 93 70
26 73 26
122 125 122
10 69 10
9 13 9
82 110 82
29 108 29
82 122 82
31 54 31
83 128 83
11 19 11
13 80 13
8 44 8
13 115 13
28 59 28
33 73 33
21 50 21
46 79 46
31 92 31
7 95 7
55 77 55
42 96 42
88 119 88
31 82 31
86 110 86
21 84 21
69 80 69
63 108 63
49 81 49
54 107 54
49 113 49
16 43 16
26 87 26
103 124 103
21 25 21
4 84 4
37 103 37
33 53 33
18 102 18
46 107 46
59 105 59
98 128 98
25 92 25
7 68 7
8 88 8
48 83 48
80 91 80
10 94 10
38 95 38
90 102 90
3 29 3
84 100 84
9 39 9
21 35 21
11 36 11
28 123 28
43 91 43
53 60 53
79 117 79
10 60 10
19 37 19
27 31 27
89 124 89
54 58 54
41 112 41
32 118 32
18 122 18
87 125 87
7 11 7
6 90 6
49 71 49
23 24 23
36 87 36
20 58 20
27 89 27
21 71 21
39 40 39
84 117 84
43 75 43
7 59 7
64 83 64
19 30 19
21 62 21
49 83 49
61 105 61
77 95 77
41 108 41
30 47 30
27 57 27
101 109 101
16 123 16
47 57 47
74 121 74
106 128 106
17 59 17
31 59 31
45 93 45
34 51 34
49 92 49
3 28 3
65 117 65
1 47 1
4 81 4
75 115 75
33 102 33
31 115 31
35 127 35
74 84 74
67 89 67
43 80 43
84 89 84
47 51 47
40 113 40
106 116 106
9 69 9
108 126 108
20 60 20
54 126 54
65 72 65
50 65 50
25 51 25
13 33 13
57 61 57
99 126 99
65 95 65
29 125 29
72 96 72
84 102 84
8 11 8
50 73 50
54 67 54
85 112 85
32 48 32
104 107 104
113 127 113
73 79 73
2 66 2
30 98 30
67 105 67
4 20 4
15 111 15
2 111 2
41 126 41
45 88 45
86 98 86
49 127 49
4 24 4
86 107 86
80 110 80
43 53 43
36 109 36
39 65 39
2 16 2
58 120 58
7 39 7
9 64 9
79 108 79
110 114 110
1 40 1
40 60 40
23 115 23
49 60 49
68 81 68
32 64 32
23 98 23
23 109 23
7 78 7
21 59 21
2 109 2
14 35 14
64 78 64
44 57 44
75 83 75
16 120 16
2 12 2
68 71 68
121 124 121
38 112 38
38 115 38
79 109 79
7 23 7
79 104 79
66 120 66
40 90 40
31 37 31
83 90 83
16 125 16
86 125 86
16 30 16
36 60 36
32 128 32
63 68 63
52 128 52
59 102 59
67 97 67
3 41 3
38 87 38
7 85 7
60 127 60
64 113 64
17 63 17
13 43 13
44 126 44
18 27 18
20 92 20
62 125 62
26 99 26
13 21 13
39 111 39
19 63 19
76 127 76
65 98 65
20 114 20
34 59 34
103 128 103
37 97 37
89 118 89
38 96 38
86 101 86
9 80 9
35 84 35
28 66 28
69 100 69
45 46 45
42 83 42
55 100 55
4 19 4
63 74 63
13 51 13
39 116 39
38 49 38
61 81 61
2 60 2
25 69 25
68 73 68
17 57 17
84 101 84
20 57 20
25 46 25
50 60 50
43 86 43
55 128 55
25 42 25
17 98 17
53 110 53
22 93 22
18 128 18
64 128 64
23 62 23
44 99 44
73 93 73
27 67 27
22 78 22
28 90 28
87 95 87
82 105 82
46 102 46
1 37 1
72 105 72
27 55 27
31 105 31
12 46 12
6 71 6
98 103 98
43 128 43
117 121 117
6 30 6
97 101 97
73 94 73
16 119 16
82 114 82
59 101 59
12 79 12
10 22 10
9 124 9
39 75 39
8 22 8
87 103 87
34 112 34
26 44 26
87 111 87
61 94 61
19 93 19
26 55 26
27 119 27
10 28 10
52 121 52
12 100 12
31 63 31
33 117 33
56 109 56
86 116 86
42 90 42
7 104 7
32 37 32
65 125 65
18 99 18
98 107 98
2 53 2
76 119 76
38 45 38
51 118 51
54 118 54
62 80 62
6 35 6
40 41 40
24 88 24
13 68 13
31 65 31
1 95 1
48 68 48
65 116 65
21 28 21
14 112 14
24 40 24
39 60 39
74 97 74
4 7 4
112 120 112
23 61 23
94 109 94
13 45 13
18 81 18
114 117 114
2 47 2
15 24 15
96 125 96
54 70 54
86 109 86
103 127 103
70 103 70
61 91 61
8 61 8
23 28 23
104 127 104
63 115 63
80 123 80
58 89 58
11 101 11
44 64 44
6 34 6
47 67 47
35 48 35
102 105 102
51 85 51
101 108 101
16 41 16
63 111 63
105 110 105
20 32 20
53 100 53
21 128 21
114 115 114
89 121 89
19 113 19
33 82 33
38 39 38
82 120 82
29 75 29
35 106 35
4 115 4
111 114 111
31 76 31
33 95 33
25 55 25
27 48 27
19 97 19
42 72 42
28 70 28
110 117 110
9 46 9
33 78 33
9 14 9
82 90 82
7 120 7
45 68 45
97 105 97
72 103 72
73 83 73
27 111 27
20 69 20
100 113 100
14 107 14
66 111 66
23 128 23
42 113 42
91 126 91
34 76 34
13 40 13
57 71 57
13 52 13
35 44 35
32 91 32
48 120 48
6 26 6
15 29 15
58 100 58
49 117 49
15 33 15
97 103 97
16 111 16
8 71 8
47 61 47
34 113 34
23 32 23
64 75 64
24 76 24
20 94 20
40 119 40
51 77 51
66 121 66
5 46 5
25 111 25
43 107 43
36 39 36
108 125 108
111 118 111
18 57 18
44 54 44
6 65 6
29 124 29
17 31 17
72 83 72
83 116 83
13 119 13
87 102 87
96 116 96
89 126 89
17 70 17
119 127 119
112 113 112
3 62 3
43 85 43
69 127 69
8 74 8
65 81 65
95 127 95
43 55 43
10 85 10
1 14 1
35 71 35
91 115 91
33 79 33
19 78 19
67 77 67
12 115 12
8 106 8
70 110 70
90 97 90
59 100 59
43 82 43
42 58 42
13 29 13
22 87 22
28 87 28
48 101 48
74 80 74
26 97 26
6 118 6
23 60 23
23 79 23
21 85 21
35 124 35
61 113 61
26 32 26
23 56 23
38 71 38
21 22 21
8 112 8
114 124 114
47 52 47
74 79 74
56 57 56
44 119 44
91 100 91
86 115 86
2 55 2
7 123 7
50 66 50
71 95 71
51 101 51
7 58 7
5 22 5
42 59 42
10 116 10
25 117 25
84 119 84
56 60 56
11 125 11
34 124 34
80 102 80
74 112 74
44 103 44
70 95 70
12 87 12
28 94 28
22 63 22
22 97 22
84 106 84
74 81 74
27 77 27
91 116 91
7 31 7
6 49 6
8 33 8
93 127 93
10 47 10
6 37 6
22 82 22
33 100 33
2 31 2
33 114 33
27 108 27
12 104 12
2 121 2
40 126 40
51 66 51
60 70 60
61 83 61
84 108 84
15 32 15
27 45 27
16 126 16
49 114 49
1 35 1
91 113 91
48 70 48
67 91 67
31 66 31
12 48 12
25 57 25
27 94 27
7 13 7
38 98 38
53 98 53
53 93 53
90 119 90
42 106 42
80 94 80
16 24 16
30 56 30
25 126 25
54 110 54
10 89 10
56 107 56
70 119 70
28 52 28
43 123 43
3 55 3
96 124 96
22 36 22
32 88 32
61 100 61
28 113 28
21 70 21
43 88 43
7 35 7
25 109 25
66 124 66
94 116 94
64 98 64
67 79 67
28 119 28
3 119 3
32 54 32
32 124 32
16 25 16
121 122 121
40 54 40
44 61 44
52 60 52
97 116 97
29 115 29
110 111 110
43 116 43
60 93 60
26 80 26
56 85 56
34 77 34
10 118 10
72 94 72
6 88 6
49 76 49
5 48 5
13 126 13
3 104 3
103 126 103
47 89 47
35 123 35
75 94 75
28 33 28
52 117 52
52 79 52
107 127 107
1 8 1
39 91 39
14 48 14
87 97 87
9 21 9
8 36 8
82 108 82
85 106 85
14 99 14
69 124 69
47 102 47
80 119 80
73 124 73
73 87 73
32 51 32
67 95 67
69 94 69
77 88 77
84 91 84
99 121 99
47 122 47
28 100 28
26 86 26
30 96 30
54 60 54
77 87 77
40 55 40
57 88 57
27 80 27
43 98 43
9 41 9
3 74 3
60 117 60
4 58 4
10 43 10
37 92 37
37 77 37
99 119 99
5 69 5
21 118 21
8 126 8
69 98 69
18 98 18
86 117 86
78 80 78
99 103 99
54 91 54
96 99 96
18 114 18
7 91 7
21 23 21
49 70 49
28 35 28
49 55 49
21 27 21
108 122 108
58 75 58
2 112 2
68 94 68
59 112 59
3 65 3
27 54 27
77 118 77
45 80 45
54 90 54
8 50 8
34 93 34
27 50 27
100 128 100
55 127 55
7 40 7
34 56 34
28 51 28
92 110 92
49 82 49
42 76 42
42 93 42
93 120 93
7 21 7
62 117 62
78 84 78
30 82 30
17 109 17
29 68 29
23 121 23
50 103 50
46 120 46
77 116 77
12 41 12
23 33 23
110 120 110
83 127 83
85 96 85
11 16 11
24 105 24
5 112 5
6 63 6
104 128 104
28 45 28
28 54 28
58 126 58
63 84 63
3 117 3
9 90 9
86 95 86
51 84 51
33 69 33
4 108 4
12 94 12
2 21 2
64 84 64
83 98 83
92 103 92
57 92 57
28 124 28
92 112 92
45 89 45
18 124 18
42 84 42
12 80 12
53 78 53
5 27 5
46 73 46
114 121 114
38 40 38
17 101 17
110 113 110
7 76 7
70 122 70
23 47 23
43 70 43
60 113 60
25 83 25
81 85 81
75 122 75
86 124 86
15 118 15
87 91 87
33 88 33
10 84 10
79 84 79
113 122 113
46 101 46
24 99 24
70 82 70
100 126 100
41 117 41
39 106 39
115 122 115
31 83 31
73 110 73
2 50 2
3 96 3
16 83 16
108 114 108
21 123 21
48 94 48
31 47 31
18 32 18
30 68 30
64 107 64
104 112 104
53 106 53
51 56 51
24 45 24
29 94 29
59 94 59
89 93 89
16 34 16
24 107 24
14 83 14
78 125 78
96 101 96
36 95 36
41 128 41
70 102 70
6 116 6
49 95 49
15 85 15
8 12 8
83 124 83
35 66 35
10 17 10
95 121 95
73 74 73
51 54 51
4 43 4
71 114 71
37 99 37
19 56 19
12 128 12
1 91 1
14 118 14
33 120 33
110 118 110
27 44 27
3 98 3
9 126 9
35 116 35
41 70 41
107 112 107
87 109 87
17 117 17
27 72 27
22 104 22
115 123 115
13 20 13
67 108 67
44 77 44
40 117 40
61 115 61
39 49 39
27 96 27
21 41 21
16 121 16
121 127 121
68 105 68
24 86 24
60 84 60
66 123 66
36 126 36
54 99 54
8 38 8
27 81 27
9 22 9
20 53 20
29 55 29
60 65 60
67 111 67
52 94 52
71 119 71
10 45 10
49 77 49
41 96 41
9 30 9
17 116 17
29 79 29
74 82 74
36 71 36
27 85 27
8 23 8
49 59 49
88 89 88
50 76 50
3 36 3
40 97 40
4 105 4
36 127 36
85 91 85
96 107 96
38 121 38
109 125 109
38 118 38
39 76 39
43 96 43
69 86 69
51 55 51
49 118 49
7 126 7
68 82 68
61 77 61
13 84 13
16 49 16
13 49 13
57 80 57
7 102 7
6 109 6
97 125 97
29 110 29
94 104 94
42 78 42
52 63 52
62 122 62
49 63 49
80 121 80
55 118 55
16 52 16
48 97 48
12 112 12
68 93 68
33 118 33
21 111 21
78 79 78
44 112 44
15 127 15
69 90 69
89 125 89
49 73 49
42 53 42
113 124 113
41 44 41
6 45 6
43 110 43
30 73 30
5 41 5
3 107 3
82 93 82
4 96 4
48 88 48
47 110 47
25 121 25
60 66 60
90 94 90
32 108 32
26 122 26
96 115 96
28 64 28
39 81 39
35 41 35
74 88 74
33 97 33
77 117 77
2 71 2
4 71 4
63 124 63
41 63 41
41 59 41
29 69 29
7 83 7
101 105 101
50 85 50
4 74 4
1 10 1
53 95 53
91 106 91
11 47 11
14 26 14
9 61 9
71 118 71
10 122 10
17 65 17
3 44 3
18 69 18
115 126 115
58 70 58
85 103 85
29 92 29
61 75 61
9 56 9
64 127 64
76 116 76
46 62 46
103 105 103
86 99 86
68 88 68
5 31 5
73 113 73
16 29 16
10 29 10
46 66 46
45 90 45
82 109 82
51 108 51
18 45 18
71 123 71
79 99 79
103 112 103
50 100 50
70 78 70
25 119 25
26 119 26
20 43 20
85 86 85
91 128 91
88 107 88
70 101 70
104 123 104
1 90 1
11 14 11
1 15 1
22 76 22
27 79 27
42 99 42
34 42 34
28 112 28
15 96 15
6 69 6
23 124 23
58 67 58
69 76 69
61 126 61
11 92 11
1 88 1
51 60 51
6 77 6
62 84 62
81 119 81
3 71 3
64 82 64
18 95 18
23 78 23
47 128 47
94 123 94
39 57 39
63 110 63
49 119 49
53 65 53
106 121 106
33 71 33
74 106 74
97 117 97
115 120 115
94 115 94
46 67 46
77 109 77
28 120 28
54 117 54
29 57 29
18 44 18
51 93 51
36 62 36
51 63 51
76 90 76
38 91 38
92 121 92
30 49 30
26 115 26
41 79 41
17 37 17
11 120 11
71 89 71
99 123 99
10 46 10
61 99 61
73 104 73
12 107 12
25 128 25
75 99 75
22 102 22
75 126 75
34 63 34
20 100 20
45 58 45
78 98 78
28 126 28
51 111 51
40 88 40
31 75 31
16 128 16
62 112 62
60 79 60
32 93 32
96 113 96
8 17 8
24 66 24
12 14 12
40 125 40
67 106 67
44 49 44
106 125 106
76 107 76
18 106 18
39 43 39
1 26 1
3 97 3
30 124 30
26 39 26
43 87 43
100 103 100
9 62 9
6 48 6
113 117 113
16 20 16
93 105 93
29 93 29
88 104 88
84 94 84
55 116 55
16 59 16
108 121 108
47 91 47
19 120 19
46 98 46
74 124 74
7 93 7
76 98 76
13 74 13
90 124 90
38 77 38
19 104 19
33 47 33
24 92 24
37 72 37
31 38 31
83 92 83
74 126 74
26 38 26
33 98 33
98 117 98
36 98 36
2 85 2
35 74 35
61 103 61
37 90 37
23 119 23
7 27 7
123 128 123
47 88 47
59 86 59
12 16 12
45 83 45
69 78 69
15 93 15
71 72 71
40 63 40
29 90 29
15 81 15
11 20 11
99 108 99
19 108 19
86 118 86
2 63 2
103 113 103
74 107 74
35 72 35
13 100 13
72 125 72
32 110 32
98 120 98
18 50 18
85 89 85
16 40 16
17 81 17
73 115 73
9 123 9
25 80 25
73 97 73
5 90 5
104 122 104
68 84 68
27 73 27
47 87 47
60 121 60
62 66 62
94 110 94
14 63 14
56 72 56
93 97 93
72 82 72
35 39 35
63 113 63
95 122 95
18 118 18
7 70 7
62 68 62
47 116 47
35 43 35
44 117 44
13 89 13
1 102 1
32 65 32
102 113 102
60 124 60
36 102 36
113 123 113
74 76 74
20 54 20
35 53 35
1 45 1
2 28 2
57 104 57
30 97 30
13 76 13
42 114 42
34 122 34
43 51 43
9 67 9
14 28 14
7 90 7
25 36 25
52 53 52
39 55 39
60 72 60
15 71 15
21 97 21
20 33 20
101 102 101
21 124 21
107 117 107
28 46 28
64 123 64
40 43 40
27 109 27
106 120 106
1 67 1
54 71 54
50 128 50
30 43 30
34 79 34
1 58 1
81 118 81
92 107 92
47 48 47
20 22 20
18 86 18
33 63 33
29 128 29
8 64 8
48 65 48
20 55 20
27 30 27
14 24 14
18 70 18
30 84 30
36 114 36
13 62 13
44 85 44
8 104 8
13 22 13
37 68 37
78 110 78
92 113 92
1 119 1
48 91 48
84 113 84
3 99 3
4 78 4
8 99 8
20 105 20
39 45 39
28 40 28
83 105 83
3 113 3
6 38 6
38 109 38
35 57 35
20 82 20
59 109 59
86 92 86
33 111 33
32 125 32
40 83 40
98 121 98
37 126 37
8 121 8
24 29 24
44 81 44
69 119 69
55 62 55
50 112 50
38 99 38
17 90 17
55 102 55
79 86 79
59 66 59
66 117 66
14 101 14
52 108 52
88 109 88
50 104 50
43 117 43
30 116 30
5 66 5
13 17 13
86 94 86
45 118 45
53 90 53
36 103 36
57 121 57
67 98 67
55 58 55
107 109 107
63 122 63
75 79 75
11 91 11
20 71 20
97 108 97
11 69 11
29 58 29
13 37 13
62 107 62
4 120 4
20 62 20
22 23 22
22 100 22
1 124 1
5 57 5
110 116 110
31 95 31
27 101 27
15 104 15
40 46 40
22 94 22
45 57 45
79 100 79
92 100 92
100 120 100
10 92 10
37 69 37
89 97 89
11 72 11
45 69 45
39 93 39
3 126 3
43 66 43
59 107 59
102 128 102
40 121 40
92 102 92
8 27 8
36 120 36
15 128 15
58 90 58
28 91 28
66 114 66
30 35 30
48 74 48
56 108 56
2 107 2
93 98 93
116 117 116
100 119 100
46 82 46
3 86 3
105 121 105
28 36 28
45 125 45
65 80 65
21 94 21
22 91 22
121 125 121
22 98 22
12 85 12
67 73 67
77 84 77
14 41 14
12 75 12
112 126 112
9 83 9
17 52 17
52 87 52
29 51 29
20 42 20
13 25 13
10 62 10
75 125 75
85 93 85
48 54 48
40 89 40
15 35 15
51 58 51
100 124 100
65 70 65
14 92 14
58 115 58
25 78 25
1 76 1
70 94 70
12 54 12
73 99 73
30 77 30
12 84 12
29 101 29
56 94 56
9 109 9
39 110 39
16 21 16
92 119 92
17 35 17
7 105 7
1 126 1
18 126 18
107 118 107
69 75 69
49 94 49
14 27 14
9 49 9
42 103 42
41 87 41
43 69 43
64 77 64
56 126 56
3 21 3
75 110 75
4 85 4
26 42 26
28 110 28
1 125 1
5 111 5
21 54 21
24 30 24
2 124 2
62 109 62
60 91 60
2 68 2
48 76 48
5 98 5
28 37 28
8 35 8
12 35 12
50 56 50
96 114 96
2 61 2
5 21 5
43 124 43
38 90 38
57 127 57
63 81 63
100 107 100
60 81 60
73 78 73
13 127 13
18 19 18
52 71 52
21 120 21
46 125 46
73 105 73
76 128 76
44 69 44
21 58 21
119 128 119
5 14 5
7 32 7
16 54 16
84 95 84
87 106 87
41 73 41
7 87 7
6 66 6
19 36 19
11 52 11
1 109 1
25 91 25
5 36 5
29 120 29
70 85 70
24 54 24
64 124 64
89 91 89
39 125 39
30 126 30
81 115 81
11 67 11
15 86 15
45 123 45
3 45 3
68 119 68
40 116 40
23 101 23
46 69 46
14 31 14
101 123 101
95 107 95
22 43 22
11 75 11
12 105 12
39 104 39
55 97 55
33 113 33
39 121 39
59 68 59
74 100 74
48 87 48
80 107 80
34 100 34
77 83 77
53 99 53
15 123 15
67 85 67
117 128 117
58 65 58
35 37 35
35 78 35
69 117 69
64 68 64
85 127 85
25 125 25
71 86 71
18 48 18
13 97 13
43 64 43
1 48 1
16 72 16
31 118 31
21 56 21
82 97 82
41 99 41
88 96 88
41 106 41
39 51 39
86 91 86
53 111 53
36 100 36
75 120 75
45 82 45
2 113 2
5 127 5
89 127 89
5 34 5
17 95 17
97 102 97
18 51 18
8 58 8
4 63 4
28 79 28
1 6 1
52 109 52
36 42 36
97 112 97
58 61 58
7 29 7
47 56 47
6 94 6
46 77 46
19 119 19
4 66 4
10 52 10
63 94 63
10 39 10
4 32 4
28 118 28
84 86 84
5 109 5
10 80 10
19 44 19
56 83 56
22 38 22
33 121 33
65 75 65
43 99 43
37 41 37
5 28 5
47 65 47
3 100 3
15 25 15
28 117 28
20 38 20
52 61 52
10 114 10
77 128 77
31 120 31
67 93 67
16 109 16
6 73 6
34 84 34
17 75 17
5 52 5
20 126 20
7 51 7
1 3 1
60 110 60
8 73 8
118 127 118
18 87 18
15 58 15
39 67 39
30 42 30
70 80 70
56 122 56
53 89 53
13 99 13
45 65 45
50 90 50
62 118 62
18 107 18
108 124 108
50 61 50
61 98 61
8 14 8
20 26 20
19 110 19
26 123 26
44 123 44
40 106 40
92 96 92
71 125 71
96 123 96
103 109 103
29 126 29
4 95 4
22 59 22
6 10 6
2 58 2
93 110 93
36 83 36
48 108 48
18 96 18
115 118 115
12 34 12
23 41 23
103 104 103
16 91 16
98 102 98
24 115 24
59 89 59
32 52 32
29 42 29
7 84 7
40 75 40
32 59 32
22 49 22
40 66 40
85 118 85
62 89 62
60 96 60
15 72 15
31 97 31
9 40 9
40 108 40
79 95 79
52 78 52
84 85 84
66 110 66
35 104 35
76 84 76
99 117 99
22 48 22
46 76 46
64 71 64
100 118 100
121 123 121
17 93 17
82 123 82
23 57 23
50 82 50
3 4 3
35 46 35
81 106 81
67 119 67
9 47 9
6 97 6
78 123 78
55 71 55
8 128 8
19 27 19
6 23 6
1 25 1
40 62 40
66 122 66
20 88 20
26 47 26
10 32 10
51 106 51
19 126 19
40 67 40
52 127 52
65 128 65
62 75 62
44 79 44
22 44 22
62 81 62
91 109 91
20 45 20
93 99 93
22 31 22
80 106 80
18 113 18
54 98 54
80 93 80
1 70 1
21 116 21
91 97 91
86 105 86
44 109 44
27 128 27
16 18 16
11 21 11
73 90 73
65 99 65
35 64 35
1 104 1
29 112 29
60 92 60
97 106 97
17 42 17
55 107 55
51 89 51
37 116 37
30 119 30
2 122 2
63 67 63
13 61 13
26 111 26
26 76 26
92 125 92
107 111 107
53 59 53
29 41 29
40 100 40
52 116 52
17 46 17
25 40 25
52 65 52
26 120 26
18 76 18
20 113 20
37 123 37
16 79 16
32 121 32
35 122 35
2 104 2
88 127 88
72 93 72
83 112 83
11 28 11
18 25 18
3 63 3
50 106 50
103 115 103
13 39 13
57 95 57
6 33 6
28 62 28
105 124 105
7 52 7
33 103 33
57 76 57
90 103 90
72 97 72
16 39 16
81 116 81
57 100 57
16 75 16
14 74 14
39 118 39
12 113 12
32 69 32
6 17 6
16 88 16
10 127 10
2 25 2
31 93 31
32 66 32
3 60 3
8 46 8
29 32 29
1 106 1
22 74 22
12 97 12
54 104 54
59 64 59
2 102 2
15 94 15
53 117 53
38 50 38
110 115 110
22 60 22
57 115 57
98 111 98
75 116 75
34 50 34
16 46 16
47 115 47
24 35 24
75 113 75
74 94 74
34 127 34
38 52 38
68 74 68
65 110 65
91 102 91
77 105 77
37 55 37
70 118 70
45 94 45
18 59 18
35 47 35
73 76 73
48 61 48
44 120 44
77 121 77
69 70 69
99 120 99
21 43 21
54 122 54
21 61 21
31 109 31
1 18 1
15 41 15
105 113 105
72 127 72
2 45 2
41 64 41
37 65 37
40 70 40
30 120 30
45 61 45
53 105 53
4 92 4
64 91 64
67 75 67
74 115 74
19 88 19
38 120 38
6 62 6
24 52 24
63 125 63
12 81 12
12 67 12
47 60 47
5 110 5
1 116 1
86 104 86
27 49 27
25 35 25
105 116 105
3 13 3
4 126 4
48 73 48
39 123 39
85 95 85
46 49 46
87 101 87
14 29 14
12 32 12
36 73 36
106 117 106
8 34 8
46 84 46
9 82 9
12 49 12
12 38 12
62 98 62
22 96 22
39 46 39
1 55 1
23 65 23
67 125 67
27 115 27
24 98 24
61 102 61
5 40 5
32 36 32
82 88 82
83 100 83
49 58 49
26 75 26
17 122 17
28 85 28
25 30 25
112 127 112
4 36 4
5 114 5
12 21 12
47 83 47
65 118 65
49 126 49
59 103 59
34 104 34
101 104 101
61 88 61
5 83 5
21 102 21
27 61 27
71 97 71
7 128 7
114 123 114
72 128 72
34 111 34
11 85 11
49 85 49
55 101 55
5 113 5
25 62 25
15 82 15
23 127 23
40 72 40
17 48 17
3 78 3
33 61 33
24 123 24
51 67 51
17 88 17
22 121 22
8 113 8
36 88 36
13 110 13
26 95 26
26 52 26
58 76 58
20 123 20
11 30 11
74 114 74
18 111 18
58 91 58
67 109 67
26 30 26
55 72 55
25 115 25
14 70 14
52 80 52
69 101 69
43 58 43
31 60 31
43 105 43
34 108 34
88 94 88
46 90 46
44 128 44
86 90 86
16 38 16
2 49 2
8 78 8
53 70 53
66 127 66
31 68 31
8 9 8
57 128 57
8 90 8
72 81 72
75 90 75
4 34 4
88 120 88
20 73 20
21 26 21
61 96 61
48 124 48
27 66 27
28 29 28
66 85 66
13 44 13
3 49 3
4 38 4
66 105 66
39 97 39
30 59 30
106 109 106
77 90 77
70 127 70
69 71 69
31 96 31
21 39 21
82 113 82
14 85 14
17 68 17
4 98 4
71 121 71
65 88 65
75 111 75
53 81 53
35 40 35
34 80 34
108 117 108
13 121 13
89 103 89
41 54 41
13 120 13
40 59 40
6 113 6
25 101 25
28 41 28
50 115 50
4 21 4
85 97 85
23 54 23
47 78 47
104 114 104
14 42 14
55 126 55
21 90 21
21 69 21
27 58 27
30 99 30
8 110 8
12 73 12
11 116 11
2 10 2
24 102 24
36 123 36
53 79 53
27 106 27
5 85 5
72 104 72
33 92 33
87 121 87
45 84 45
93 116 93
46 50 46
63 87 63
42 65 42
28 111 28
113 116 113
76 112 76
37 84 37
109 127 109
94 107 94
41 50 41
86 111 86
58 87 58
25 53 25
55 57 55
58 82 58
5 12 5
98 108 98
29 116 29
106 115 106
2 7 2
75 127 75
74 116 74
20 101 20
43 73 43
38 108 38
112 121 112
56 61 56
28 82 28
58 72 58
24 109 24
53 86 53
22 120 22
2 92 2
2 78 2
50 121 50
49 88 49
9 88 9
49 101 49
60 109 60
19 61 19
67 122 67
41 77 41
50 83 50
66 80 66
9 127 9
54 85 54
30 37 30
35 107 35
53 122 53
27 107 27
60 119 60
61 110 61
11 119 11
3 26 3
33 58 33
10 74 10
23 80 23
33 99 33
7 15 7
36 52 36
14 91 14
22 90 22
75 86 75
101 107 101
72 102 72
20 36 20
57 73 57
55 111 55
6 74 6
1 62 1
35 70 35
15 122 15
53 83 53
45 74 45
76 93 76
104 121 104
2 35 2
8 37 8
24 36 24
23 91 23
113 114 113
48 64 48
26 85 26
15 78 15
2 17 2
19 83 19
28 31 28
11 113 11
58 88 58
26 110 26
79 87 79
29 78 29
39 127 39
69 123 69
5 99 5
78 118 78
32 86 32
77 94 77
24 55 24
29 118 29
121 128 121
36 66 36
31 41 31
40 57 40
45 66 45
11 53 11
63 100 63
88 108 88
37 44 37
19 54 19
4 93 4
21 49 21
25 114 25
81 123 81
1 56 1
60 82 60
13 67 13
28 125 28
35 110 35
9 93 9
45 97 45
2 86 2
32 99 32
16 22 16
20 41 20
21 108 21
102 109 102
8 66 8
53 62 53
3 22 3
44 118 44
34 62 34
71 78 71
11 27 11
80 96 80
101 110 101
30 45 30
43 101 43
27 87 27
1 72 1
24 71 24
71 83 71
39 61 39
79 92 79
28 93 28
101 114 101
45 48 45
75 108 75
64 74 64
8 54 8
79 112 79
2 84 2
40 122 40
30 107 30
8 29 8
37 62 37
37 104 37
16 100 16
8 103 8
72 92 72
100 123 100
30 52 30
57 107 57
63 120 63
11 123 11
42 118 42
66 74 66
10 16 10
72 75 72
97 98 97
61 107 61
17 26 17
16 74 16
109 128 109
28 96 28
90 115 90
7 69 7
96 117 96
2 120 2
6 56 6
28 76 28
65 67 65
11 118 11
22 56 22
41 42 41
71 110 71
29 95 29
8 32 8
108 111 108
1 110 1
40 96 40
13 122 13
96 100 96
79 91 79
12 58 12
102 116 102
65 71 65
60 75 60
46 80 46
25 100 25
18 41 18
1 78 1
30 125 30
60 67 60
48 103 48
45 81 45
38 67 38
58 128 58
84 125 84
10 68 10
119 121 119
26 79 26
47 106 47
59 90 59
35 118 35
65 103 65
2 13 2
36 90 36
22 25 22
49 50 49
99 124 99
88 91 88
10 120 10
46 99 46
79 107 79
22 123 22
42 51 42
36 107 36
36 105 36
30 117 30
39 62 39
29 43 29
42 123 42
58 95 58
35 113 35
69 87 69
104 117 104
34 86 34
125 126 125
6 61 6
11 50 11
20 97 20
46 116 46
7 34 7
14 123 14
65 104 65
10 67 10
25 76 25
36 49 36
12 23 12
46 110 46
43 102 43
41 88 41
23 92 23
91 120 91
27 99 27
18 125 18
33 42 33
76 94 76
45 73 45
38 69 38
11 108 11
14 51 14
77 86 77
68 108 68
68 114 68
109 124 109
52 70 52
13 124 13
37 125 37
19 115 19
55 120 55
14 128 14
12 119 12
22 39 22
46 48 46
2 18 2
71 82 71
55 79 55
42 92 42
1 83 1
6 110 6
39 71 39
40 99 40
27 126 27
41 47 41
69 106 69
33 67 33
57 63 57
5 17 5
45 107 45
12 108 12
59 70 59
57 112 57
17 78 17
86 120 86
49 111 49
42 55 42
56 99 56
8 97 8
93 126 93
26 57 26
105 109 105
55 115 55
70 83 70
63 88 63
112 125 112
50 127 50
2 126 2
33 44 33
22 29 22
119 125 119
46 122 46
15 98 15
30 39 30
79 103 79
10 126 10
82 118 82
53 124 53
13 83 13
59 113 59
91 105 91
78 99 78
88 115 88
60 83 60
77 126 77
40 68 40
3 79 3
94 117 94
6 79 6
30 115 30
59 108 59
78 111 78
1 54 1
73 77 73
15 21 15
6 50 6
47 126 47
96 127 96
28 67 28
47 118 47
5 30 5
5 106 5
35 82 35
29 37 29
99 106 99
24 67 24
7 74 7
63 109 63
6 92 6
24 96 24
6 100 6
48 66 48
14 36 14
1 27 1
1 89 1
59 111 59
25 75 25
95 97 95
29 100 29
24 93 24
36 99 36
12 66 12
21 104 21
23 73 23
8 100 8
57 94 57
30 106 30
66 125 66
56 88 56
49 105 49
34 103 34
27 84 27
53 128 53
13 72 13
76 81 76
19 79 19
52 90 52
38 105 38
10 59 10
88 100 88
115 127 115
64 102 64
4 121 4
17 45 17
65 77 65
10 25 10
47 120 47
49 79 49
81 99 81
12 17 12
89 101 89
27 110 27
21 81 21
109 111 109
17 125 17
47 117 47
83 110 83
89 122 89
15 109 15
35 69 35
97 124 97
49 108 49
22 73 22
88 105 88
33 85 33
80 114 80
10 87 10
9 97 9
23 103 23
28 116 28
54 95 54
21 87 21
34 101 34
7 26 7
77 124 77
9 128 9
38 61 38
70 97 70
16 28 16
72 124 72
28 65 28
13 70 13
41 89 41
71 105 71
9 29 9
48 81 48
54 62 54
73 114 73
44 52 44
11 95 11
96 106 96
23 84 23
51 76 51
22 65 22
24 31 24
25 47 25
95 125 95
1 123 1
37 119 37
55 119 55
11 90 11
102 114 102
44 59 44
90 116 90
10 102 10
97 111 97
12 27 12
74 75 74
36 84 36
30 70 30
8 69 8
112 123 112
51 123 51
2 72 2
74 127 74
50 88 50
28 105 28
34 68 34
113 120 113
36 89 36
42 100 42
65 102 65
101 119 101
67 78 67
53 72 53
45 53 45
49 97 49
10 104 10
82 92 82
20 37 20
26 127 26
79 82 79
57 74 57
20 108 20
69 77 69
31 85 31
94 105 94
11 81 11
10 40 10
55 106 55
12 57 12
19 91 19
91 96 91
80 105 80
49 93 49
117 123 117
23 83 23
63 76 63
30 44 30
33 74 33
120 123 120
1 121 1
116 120 116
42 49 42
90 128 90
37 47 37
22 51 22
16 104 16
1 107 1
23 52 23
89 114 89
51 57 51
37 59 37
76 99 76
34 60 34
30 108 30
21 45 21
35 75 35
20 86 20
59 126 59
100 102 100
51 92 51
11 87 11
12 103 12
104 109 104
37 52 37
71 112 71
10 58 10
13 104 13
78 83 78
64 111 64
79 101 79
44 125 44
25 122 25
9 118 9
8 30 8
42 77 42
39 70 39
10 82 10
111 117 111
71 128 71
22 67 22
48 67 48
11 39 11
29 121 29
32 120 32
3 37 3
9 71 9
16 101 16
31 42 31
44 116 44
22 99 22
95 114 95
98 115 98
4 88 4
19 84 19
40 102 40
25 89 25
44 65 44
4 8 4
23 94 23
66 72 66
82 125 82
5 89 5
31 67 31
3 19 3
24 124 24
30 71 30
54 75 54
68 86 68
30 58 30
59 124 59
24 82 24
56 120 56
85 109 85
13 48 13
35 85 35
82 116 82
31 122 31
37 76 37
60 87 60
82 124 82
3 17 3
20 117 20
46 94 46
42 125 42
31 91 31
33 62 33
14 71 14
12 13 12
6 85 6
17 40 17
50 53 50
27 91 27
45 50 45
50 122 50
2 8 2
43 78 43
70 84 70
77 127 77
22 79 22
44 110 44
11 124 11
14 59 14
85 126 85
99 128 99
24 65 24
68 116 68
1 120 1
14 53 14
37 106 37
2 101 2
104 120 104
71 103 71
75 95 75
5 54 5
89 108 89
20 77 20
64 104 64
16 70 16
27 53 27
33 124 33
33 56 33
29 99 29
3 20 3
85 115 85
73 80 73
20 35 20
7 20 7
64 88 64
118 125 118
17 79 17
67 110 67
22 41 22
38 55 38
24 64 24
19 60 19
29 91 29
25 48 25
2 77 2
65 73 65
25 86 25
67 81 67
54 100 54
57 96 57
111 128 111
54 127 54
25 90 25
21 106 21
40 42 40
56 95 56
39 89 39
68 120 68
69 81 69
64 108 64
93 100 93
19 74 19
44 71 44
6 44 6
32 44 32
47 50 47
41 46 41
17 38 17
9 44 9
66 91 66
20 80 20
3 124 3
11 96 11
69 93 69
90 98 90
5 16 5
53 120 53
3 14 3
40 128 40
2 9 2
19 25 19
13 24 13
103 116 103
5 119 5
30 87 30
20 87 20
51 112 51
43 59 43
67 88 67
5 93 5
46 118 46
7 65 7
92 128 92
41 74 41
29 56 29
15 66 15
29 34 29
1 44 1
100 115 100
60 105 60
19 52 19
1 105 1
31 111 31
34 49 34
29 54 29
8 122 8
59 87 59
74 118 74
16 61 16
10 24 10
43 48 43
2 44 2
11 43 11
28 108 28
48 59 48
39 53 39
75 92 75
64 92 64
71 117 71
6 115 6
54 64 54
40 114 40
55 73 55
89 119 89
31 35 31
8 20 8
67 74 67
91 121 91
14 122 14
2 54 2
57 125 57
48 56 48
100 122 100
105 128 105
48 63 48
35 61 35
60 102 60
27 125 27
20 116 20
117 122 117
13 36 13
8 117 8
24 113 24
7 122 7
31 62 31
62 77 62
56 123 56
4 17 4
15 23 15
21 103 21
83 96 83
40 65 40
50 79 50
110 126 110
77 125 77
62 111 62
38 119 38
21 47 21
36 43 36
104 126 104
47 111 47
36 68 36
52 119 52
10 54 10
13 35 13
103 119 103
4 110 4
71 73 71
3 48 3
15 80 15
73 128 73
28 32 28
10 101 10
73 92 73
48 123 48
79 89 79
104 111 104
90 126 90
77 113 77
54 55 54
112 116 112
8 67 8
84 126 84
35 120 35
21 73 21
17 61 17
29 85 29
11 55 11
8 120 8
33 50 33
109 114 109
50 68 50
13 55 13
76 113 76
119 122 119
76 88 76
38 64 38
30 66 30
32 70 32
55 80 55
15 126 15
7 100 7
31 119 31
15 83 15
30 38 30
48 96 48
9 34 9
48 104 48
60 122 60
14 84 14
45 120 45
16 115 16
109 122 109
20 122 20
15 91 15
24 27 24
42 43 42
42 57 42
11 56 11
75 124 75
90 123 90
26 29 26
11 73 11
106 110 106
14 86 14
53 91 53
106 108 106
50 89 50
30 72 30
23 113 23
74 91 74
53 114 53
42 70 42
117 124 117
16 42 16
28 55 28
78 95 78
18 110 18
61 69 61
107 122 107
9 53 9
76 85 76
59 106 59
25 68 25
58 62 58
7 55 7
35 103 35
35 115 35
4 9 4
4 107 4
36 116 36
91 103 91
14 75 14
31 56 31
86 114 86
18 42 18
32 53 32
85 122 85
38 66 38
11 12 11
50 102 50
36 85 36
26 116 26
30 105 30
5 84 5
76 108 76
38 70 38
36 79 36
108 110 108
6 25 6
84 115 84
105 123 105
35 109 35
59 78 59
63 91 63
19 116 19
28 77 28
39 72 39
61 74 61
5 42 5
19 127 19
93 106 93
73 106 73
25 59 25
42 56 42
44 97 44
34 75 34
32 77 32
53 77 53
1 16 1
28 92 28
67 128 67
38 92 38
2 26 2
41 119 41
47 94 47
49 61 49
24 104 24
13 109 13
83 125 83
78 107 78
39 84 39
56 128 56
83 94 83
33 52 33
63 90 63
3 125 3
66 102 66
51 69 51
71 88 71
3 18 3
17 50 17
77 80 77
77 82 77
84 93 84
99 105 99
39 54 39
33 127 33
19 67 19
72 108 72
51 127 51
33 64 33
32 58 32
8 107 8
15 73 15
81 109 81
61 112 61
59 104 59
9 17 9
5 61 5
4 57 4
71 93 71
50 114 50
61 119 61
22 50 22
24 42 24
13 123 13
27 82 27
18 46 18
15 46 15
56 82 56
108 118 108
2 23 2
23 90 23
69 73 69
35 73 35
45 104 45
74 96 74
112 122 112
59 127 59
4 122 4
67 120 67
100 101 100
116 119 116
60 86 60
80 101 80
12 71 12
17 54 17
4 123 4
8 49 8
10 53 10
29 40 29
31 99 31
21 46 21
10 70 10
68 90 68
73 100 73
26 102 26
43 68 43
26 70 26
95 111 95
56 92 56
68 78 68
93 124 93
43 89 43
81 127 81
118 124 118
3 105 3
9 77 9
35 50 35
31 125 31
30 118 30
93 107 93
79 116 79
3 5 3
15 61 15
62 85 62
5 38 5
26 100 26
39 50 39
86 97 86
56 102 56
85 128 85
13 19 13
35 93 35
43 95 43
3 39 3
37 56 37
31 45 31
1 115 1
26 62 26
39 80 39
55 75 55
6 22 6
31 53 31
80 88 80
68 124 68
3 32 3
73 95 73
115 117 115
10 75 10
12 59 12
98 122 98
6 83 6
64 121 64
3 9 3
25 49 25
56 63 56
25 56 25
81 120 81
25 96 25
32 111 32
52 104 52
8 68 8
52 97 52
7 75 7
48 127 48
95 118 95
29 97 29
32 43 32
14 125 14
63 95 63
17 108 17
38 116 38
5 91 5
48 85 48
46 117 46
16 97 16
36 92 36
34 64 34
77 78 77
48 100 48
57 66 57
32 38 32
27 117 27
4 127 4
56 106 56
16 50 16
5 56 5
36 93 36
55 114 55
36 112 36
12 51 12
46 121 46
27 43 27
15 101 15
44 96 44
66 81 66
117 119 117
39 112 39
14 124 14
71 108 71
38 62 38
11 102 11
58 96 58
54 102 54
37 66 37
15 87 15
71 75 71
114 122 114
44 82 44
8 87 8
44 83 44
15 56 15
26 101 26
94 128 94
66 86 66
19 20 19
7 18 7
40 47 40
31 110 31
3 89 3
9 100 9
20 89 20
17 110 17
65 112 65
1 22 1
41 121 41
43 84 43
102 119 102
14 38 14
18 101 18
7 96 7
14 66 14
36 51 36
14 37 14
28 99 28
33 70 33
55 91 55
34 102 34
75 106 75
31 43 31
37 101 37
3 111 3
32 127 32
5 92 5
27 39 27
14 62 14
13 42 13
87 128 87
60 85 60
64 70 64
123 125 123
23 63 23
36 94 36
13 50 13
51 71 51
3 64 3
63 112 63
7 127 7
12 123 12
25 102 25
108 115 108
4 12 4
27 65 27
10 44 10
10 26 10
33 37 33
68 123 68
29 105 29
60 90 60
37 105 37
70 117 70
48 78 48
15 44 15
60 97 60
91 123 91
7 77 7
35 42 35
28 73 28
42 104 42
109 113 109
63 98 63
18 77 18
10 121 10
14 23 14
28 78 28
36 113 36
18 94 18
61 124 61
109 121 109
8 102 8
53 121 53
21 98 21
15 97 15
96 102 96
24 125 24
43 103 43
36 69 36
83 120 83
37 113 37
66 100 66
63 121 63
114 128 114
27 38 27
118 122 118
2 59 2
94 101 94
51 82 51
23 102 23
31 64 31
2 24 2
105 108 105
49 103 49
78 124 78
68 122 68
42 107 42
35 83 35
44 47 44
4 60 4
70 120 70
26 35 26
80 126 80
22 53 22
50 86 50
12 96 12
73 91 73
45 96 45
43 74 43
41 81 41
68 87 68
76 79 76
24 120 24
46 59 46
65 107 65
3 50 3
44 115 44
58 79 58
1 66 1
53 56 53
17 120 17
26 96 26
88 113 88
34 128 34
7 111 7
87 107 87
22 26 22
39 74 39
19 117 19
13 81 13
16 78 16
10 63 10
44 95 44
10 125 10
61 122 61
35 95 35
34 69 34
74 102 74
69 108 69
63 123 63
68 92 68
23 44 23
52 83 52
50 92 50
27 86 27
42 68 42
44 104 44
35 67 35
57 84 57
47 97 47
25 61 25
114 126 114
46 55 46
45 102 45
15 26 15
73 125 73
54 119 54
11 63 11
24 49 24
7 89 7
71 106 71
63 96 63
93 94 93
103 120 103
54 94 54
60 104 60
42 120 42
49 104 49
15 102 15
106 118 106
84 103 84
35 80 35
76 83 76
1 36 1
55 94 55
5 8 5
117 126 117
1 84 1
88 95 88
6 28 6
79 98 79
12 121 12
36 82 36
31 36 31
43 127 43
41 123 41
1 32 1
58 80 58
105 111 105
59 85 59
61 89 61
19 58 19
57 86 57
91 95 91
113 125 113
61 66 61
78 114 78
18 29 18
43 121 43
42 122 42
10 97 10
40 81 40
3 72 3
92 117 92
38 103 38
26 91 26
104 108 104
87 98 87
58 74 58
20 46 20
81 114 81
24 128 24
4 25 4
98 127 98
25 64 25
80 86 80
27 46 27
33 51 33
3 58 3
14 104 14
66 113 66
48 82 48
56 84 56
49 72 49
39 98 39
40 101 40
69 107 69
19 21 19
44 58 44
111 120 111
24 60 24
35 77 35
29 81 29
70 86 70
85 119 85
16 58 16
68 83 68
77 108 77
71 113 71
52 93 52
3 103 3
4 101 4
33 91 33
3 10 3
43 118 43
82 119 82
68 76 68
2 97 2
47 68 47
62 79 62
86 112 86
42 61 42
70 87 70
56 101 56
53 107 53
73 85 73
29 38 29
20 121 20
14 47 14
56 115 56
18 49 18
14 17 14
118 119 118
23 39 23
45 111 45
7 71 7
67 112 67
32 102 32
39 86 39
4 33 4
76 77 76
32 122 32
66 103 66
52 96 52
113 119 113
12 86 12
10 27 10
71 100 71
57 90 57
20 79 20
42 46 42
68 100 68
23 51 23
32 85 32
46 87 46
99 122 99
16 69 16
98 106 98
48 110 48
10 42 10
31 50 31
106 126 106
13 101 13
76 126 76
84 92 84
40 104 40
36 55 36
101 116 101
92 124 92
44 127 44
53 112 53
116 123 116
62 124 62
2 75 2
22 57 22
104 118 104
39 126 39
37 46 37
31 98 31
79 125 79
35 58 35
74 104 74
29 98 29
41 91 41
24 41 24
17 126 17
78 100 78
23 117 23
53 55 53
12 25 12
79 110 79
78 112 78
35 87 35
3 33 3
101 111 101
14 65 14
24 112 24
64 119 64
48 121 48
22 115 22
83 104 83
42 75 42
35 111 35
6 120 6
25 67 25
40 123 40
101 127 101
119 124 119
65 122 65
41 52 41
108 119 108
42 64 42
47 86 47
11 98 11
28 102 28
24 73 24
9 48 9
51 97 51
6 68 6
63 64 63
29 72 29
69 116 69
21 83 21
46 128 46
82 106 82
78 88 78
101 124 101
94 108 94
60 107 60
18 35 18
45 128 45
59 117 59
26 82 26
13 85 13
49 74 49
44 66 44
54 86 54
15 99 15
66 92 66
12 106 12
16 117 16
70 89 70
61 86 61
29 36 29
33 125 33
49 86 49
47 124 47
31 55 31
58 81 58
87 104 87
43 63 43
33 41 33
43 125 43
1 38 1
63 104 63
4 73 4
76 123 76
15 90 15
8 15 8
54 79 54
96 118 96
50 105 50
18 82 18
22 101 22
18 90 18
38 59 38
8 80 8
8 48 8
95 123 95
93 123 93
2 88 2
66 76 66
83 85 83
77 91 77
28 48 28
2 79 2
57 110 57
9 70 9
80 87 80
86 106 86
68 126 68
8 94 8
35 89 35
36 40 36
45 110 45
46 64 46
95 120 95
100 127 100
51 100 51
46 91 46
44 105 44
19 24 19
5 74 5
4 37 4
56 66 56
101 103 101
26 56 26
14 117 14
74 103 74
96 108 96
62 88 62
3 16 3
3 93 3
64 67 64
43 47 43
11 42 11
78 93 78
19 28 19
65 114 65
19 70 19
72 88 72
30 50 30
3 66 3
10 36 10
7 48 7
18 61 18
3 38 3
14 100 14
50 59 50
9 106 9
12 64 12
49 100 49
33 87 33
44 67 44
105 114 105
95 98 95
70 128 70
54 125 54
18 73 18
78 87 78
73 103 73
54 73 54
42 88 42
34 107 34
85 113 85
78 115 78
88 117 88
63 127 63
9 31 9
5 100 5
7 10 7
98 105 98
88 118 88
7 115 7
17 87 17
42 63 42
18 109 18
36 59 36
25 58 25
5 25 5
63 97 63
21 52 21
60 95 60
48 49 48
9 15 9
4 47 4
1 77 1
99 100 99
63 105 63
14 81 14
30 61 30
13 30 13
36 48 36
12 110 12
55 90 55
51 87 51
70 107 70
22 124 22
67 80 67
23 86 23
67 92 67
4 14 4
89 98 89
57 101 57
25 87 25
67 118 67
26 54 26
23 66 23
109 110 109
4 6 4
42 60 42
28 42 28
46 127 46
23 75 23
80 85 80
104 124 104
56 96 56
80 98 80
15 68 15
89 117 89
30 114 30
88 106 88
25 43 25
70 73 70
10 98 10
100 104 100
15 69 15
44 89 44
48 128 48
17 64 17
3 31 3
53 69 53
69 118 69
58 84 58
64 118 64
39 41 39
82 84 82
75 84 75
93 95 93
10 112 10
110 112 110
17 56 17
38 123 38
59 71 59
23 105 23
69 105 69
98 123 98
74 110 74
14 49 14
65 82 65
9 25 9
39 94 39
27 102 27
98 118 98
29 33 29
39 56 39
23 35 23
27 123 27
19 51 19
34 91 34
41 83 41
87 117 87
25 104 25
16 107 16
45 126 45
33 84 33
91 99 91
21 122 21
12 122 12
11 31 11
7 114 7
53 61 53
4 100 4
54 68 54
22 88 22
81 101 81
51 78 51
41 68 41
21 109 21
86 100 86
7 79 7
47 108 47
1 4 1
68 72 68
90 91 90
17 121 17
11 65 11
7 60 7
36 117 36
45 55 45
17 89 17
91 118 91
22 62 22
24 116 24
55 61 55
8 42 8
22 45 22
45 78 45
72 79 72
8 47 8
20 70 20
35 45 35
24 74 24
20 47 20
95 126 95
75 121 75
90 122 90
20 27 20
95 100 95
50 95 50
1 99 1
78 122 78
49 89 49
95 109 95
13 64 13
56 71 56
11 38 11
46 52 46
18 93 18
22 46 22
61 84 61
9 112 9
29 67 29
88 126 88
78 113 78
107 119 107
36 38 36
6 101 6
119 120 119
23 104 23
53 84 53
86 123 86
43 111 43
38 83 38
59 80 59
35 114 35
17 44 17
45 127 45
15 48 15
21 107 21
80 97 80
15 45 15
25 65 25
34 52 34
97 100 97
37 115 37
66 98 66
19 23 19
23 122 23
64 114 64
43 77 43
64 109 64
11 99 11
73 126 73
40 48 40
47 114 47
42 116 42
53 109 53
58 60 58
77 96 77
80 115 80
99 116 99
1 103 1
81 82 81
35 51 35
29 76 29
58 71 58
27 60 27
35 102 35
26 107 26
16 108 16
29 31 29
62 121 62
66 71 66
90 95 90
99 125 99
2 34 2
18 117 18
27 40 27
5 78 5
10 56 10
61 70 61
85 124 85
75 81 75
25 77 25
5 13 5
93 102 93
32 80 32
51 113 51
79 111 79
7 28 7
1 85 1
45 91 45
4 75 4
38 86 38
49 65 49
17 62 17
32 114 32
72 123 72
28 80 28
93 111 93
57 117 57
6 124 6
22 68 22
26 128 26
2 91 2
1 12 1
35 92 35
32 116 32
13 105 13
69 91 69
89 112 89
42 85 42
40 111 40
16 114 16
15 17 15
46 114 46
52 91 52
12 77 12
25 116 25
31 108 31
18 85 18
16 48 16
59 116 59
25 52 25
50 96 50
1 61 1
9 16 9
84 90 84
62 99 62
7 44 7
2 11 2
31 46 31
75 96 75
25 98 25
31 77 31
75 118 75
58 68 58
17 74 17
11 40 11
3 73 3
22 108 22
76 101 76
89 96 89
44 121 44
2 39 2
18 20 18
30 53 30
90 101 90
108 116 108
6 57 6
17 115 17
3 27 3
12 33 12
55 66 55
25 99 25
18 62 18
5 79 5
66 83 66
67 124 67
57 98 57
98 110 98
85 104 85
7 81 7
16 99 16
29 107 29
5 15 5
62 114 62
67 82 67
17 118 17
58 59 58
116 127 116
64 79 64
13 108 13
11 22 11
51 107 51
58 114 58
52 118 52
59 73 59
88 99 88
86 126 86
106 119 106
25 38 25
49 78 49
52 125 52
23 82 23
56 116 56
7 113 7
93 101 93
36 108 36
22 81 22
63 66 63
45 79 45
107 116 107
39 90 39
54 120 54
78 90 78
49 106 49
19 99 19
55 92 55
41 109 41
24 46 24
40 56 40
30 62 30
96 98 96
40 120 40
72 117 72
91 101 91
95 106 95
33 106 33
33 49 33
6 86 6
53 68 53
3 92 3
40 85 40
30 57 30
94 121 94
9 18 9
22 122 22
11 88 11
30 67 30
97 109 97
61 78 61
81 111 81
46 63 46
90 111 90
62 70 62
29 106 29
18 78 18
67 107 67
28 115 28
4 28 4
56 59 56
75 107 75
12 127 12
45 72 45
20 109 20
33 45 33
55 108 55
35 128 35
42 117 42
48 112 48
65 68 65
4 99 4
28 122 28
22 111 22
43 119 43
6 42 6
44 75 44
30 81 30
55 70 55
40 98 40
111 112 111
67 70 67
3 56 3
46 56 46
19 105 19
88 128 88
31 51 31
84 124 84
2 48 2
55 65 55
62 74 62
54 128 54
10 76 10
47 96 47
47 85 47
9 52 9
29 48 29
32 103 32
6 53 6
13 31 13
7 119 7
3 127 3
54 108 54
2 98 2
46 47 46
68 89 68
23 38 23
46 96 46
24 58 24
19 29 19
59 82 59
95 103 95
77 100 77
100 117 100
56 77 56
18 72 18
109 126 109
11 77 11
57 122 57
25 74 25
36 75 36
64 87 64
20 65 20
67 71 67
74 122 74
82 128 82
104 113 104
4 72 4
91 93 91
49 56 49
20 31 20
62 72 62
92 123 92
54 109 54
32 100 32
18 112 18
46 126 46
35 96 35
91 92 91
11 59 11
2 46 2
37 49 37
34 53 34
24 122 24
52 124 52
43 60 43
5 65 5
12 36 12
9 111 9
20 118 20
17 18 17
56 75 56
23 50 23
27 56 27
6 20 6
35 38 35
70 115 70
30 78 30
50 125 50
56 104 56
64 126 64
32 123 32
5 128 5
92 126 92
68 106 68
62 95 62
44 70 44
52 59 52
1 11 1
98 109 98
51 128 51
20 95 20
26 72 26
79 113 79
17 34 17
46 97 46
5 63 5
49 98 49
44 114 44
75 101 75
20 83 20
82 112 82
14 126 14
10 90 10
52 58 52
43 72 43
28 74 28
7 88 7
116 128 116
66 107 66
29 35 29
35 65 35
12 62 12
105 122 105
27 76 27
15 92 15
90 109 90
44 74 44
36 104 36
43 92 43
105 115 105
68 91 68
35 90 35
34 38 34
34 45 34
51 126 51
8 89 8
45 117 45
6 16 6
89 110 89
25 79 25
51 70 51
19 71 19
8 108 8
79 88 79
101 106 101
11 29 11
98 100 98
40 76 40
39 82 39
115 124 115
27 37 27
24 94 24
42 79 42
15 38 15
26 41 26
66 112 66
6 108 6
4 62 4
56 58 56
31 39 31
77 93 77
2 127 2
49 110 49
4 29 4
87 108 87
8 72 8
70 124 70
3 51 3
71 104 71
88 122 88
10 66 10
34 70 34
50 54 50
98 104 98
9 74 9
18 39 18
31 128 31
83 97 83
76 111 76
24 97 24
12 28 12
96 97 96
80 104 80
41 90 41
2 82 2
36 47 36
4 77 4
27 29 27
25 106 25
3 15 3
10 107 10
112 119 112
3 69 3
25 118 25
32 67 32
2 123 2
57 126 57
13 111 13
81 113 81
125 128 125
44 55 44
68 77 68
102 110 102
5 124 5
44 80 44
12 70 12
45 124 45
15 39 15
82 85 82
39 73 39
95 116 95
2 20 2
24 118 24
26 43 26
50 116 50
69 97 69
32 119 32
120 127 120
45 67 45
56 125 56
102 121 102
20 119 20
37 53 37
81 83 81
31 112 31
39 47 39
48 95 48
72 121 72
21 38 21
74 89 74
80 127 80
86 108 86
46 92 46
63 106 63
47 54 47
23 46 23
72 73 72
97 107 97
90 114 90
18 123 18
6 123 6
16 23 16
88 112 88
56 105 56
13 59 13
12 15 12
27 75 27
37 91 37
5 9 5
48 80 48
80 117 80
80 108 80
61 85 61
40 61 40
69 110 69
103 117 103
8 92 8
10 55 10
42 110 42
29 59 29
57 62 57
5 125 5
3 102 3
21 121 21
21 72 21
16 73 16
79 105 79
31 101 31
48 71 48
10 18 10
18 33 18
58 110 58
20 21 20
59 62 59
10 109 10
37 114 37
8 82 8
23 123 23
72 84 72
19 85 19
8 118 8
42 52 42
14 115 14
60 63 60
54 66 54
10 15 10
65 96 65
11 17 11
57 81 57
114 118 114
9 115 9
4 42 4
3 7 3
15 54 15
14 95 14
21 74 21
8 25 8
38 107 38
76 117 76
44 73 44
71 124 71
76 92 76
100 121 100
60 100 60
50 109 50
8 84 8
79 102 79
8 10 8
81 91 81
75 119 75
78 91 78
38 42 38
30 100 30
8 95 8
25 73 25
4 117 4
24 44 24
37 58 37
55 63 55
11 103 11
93 125 93
59 115 59
6 93 6
42 124 42
22 55 22
95 101 95
86 127 86
39 79 39
9 85 9
84 111 84
37 94 37
116 126 116
5 70 5
90 112 90
32 106 32
69 126 69
89 104 89
24 89 24
32 57 32
91 125 91
56 70 56
82 83 82
34 74 34
69 96 69
38 80 38
23 42 23
71 79 71
4 87 4
98 125 98
10 124 10
76 103 76
21 126 21
50 93 50
18 40 18
86 88 86
67 83 67
51 99 51
13 103 13
15 55 15
5 96 5
56 81 56
36 96 36
61 73 61
36 65 36
41 48 41
6 111 6
26 117 26
1 53 1
61 64 61
11 115 11
12 52 12
11 117 11
62 69 62
41 60 41
19 57 19
73 101 73
5 32 5
17 127 17
17 25 17
42 47 42
41 115 41
81 112 81
28 107 28
94 127 94
11 104 11
95 115 95
69 92 69
24 25 24
39 113 39
11 122 11
8 39 8
16 113 16
18 108 18
21 86 21
30 60 30
35 60 35
21 68 21
67 94 67
32 74 32
1 80 1
85 107 85
59 118 59
19 64 19
120 126 120
9 120 9
2 6 2
71 94 71
47 49 47
15 49 15
69 103 69
6 98 6
63 78 63
78 86 78
93 109 93
4 40 4
11 37 11
34 46 34
38 104 38
53 57 53
120 125 120
42 71 42
81 92 81
11 71 11
2 3 2
16 33 16
31 57 31
54 74 54
3 82 3
47 59 47
47 95 47
76 124 76
18 75 18
38 125 38
72 119 72
15 47 15
18 58 18
79 118 79
12 92 12
66 106 66
19 123 19
34 126 34
51 72 51
52 84 52
32 34 32
38 102 38
1 117 1
58 64 58
34 92 34
63 101 63
60 69 60
36 81 36
29 71 29
33 128 33
61 95 61
13 34 13
49 125 49
5 39 5
25 54 25
38 73 38
44 51 44
59 61 59
26 46 26
51 116 51
16 19 16
22 118 22
71 92 71
22 103 22
6 31 6
32 75 32
6 47 6
44 108 44
38 110 38
54 77 54
8 40 8
84 128 84
106 127 106
22 42 22
9 27 9
81 100 81
4 106 4
47 75 47
21 53 21
19 80 19
51 68 51
64 112 64
41 57 41
5 24 5
97 123 97
2 14 2
74 85 74
50 58 50
18 53 18
67 113 67
72 110 72
3 110 3
10 95 10
11 32 11
80 103 80
92 101 92
71 120 71
109 116 109
85 125 85
98 126 98
2 96 2
52 101 52
19 102 19
16 51 16
18 119 18
19 73 19
37 122 37
62 64 62
26 65 26
24 26 24
110 127 110
5 67 5
62 123 62
44 94 44
52 88 52
25 28 25
25 29 25
75 93 75
68 70 68
98 124 98
16 80 16
55 69 55
42 91 42
93 115 93
108 120 108
5 97 5
40 118 40
45 99 45
40 77 40
33 38 33
32 82 32
13 98 13
19 98 19
25 85 25
19 86 19
64 116 64
14 33 14
27 74 27
28 34 28
66 78 66
34 41 34
22 69 22
68 113 68
20 39 20
52 74 52
4 80 4
10 35 10
88 93 88
88 116 88
95 102 95
105 119 105
31 73 31
23 67 23
9 95 9
38 126 38
60 64 60
107 123 107
14 113 14
66 79 66
24 111 24
30 48 30
62 76 62
8 101 8
32 71 32
9 75 9
16 112 16
90 100 90
11 93 11
103 123 103
97 104 97
10 77 10
34 105 34
39 92 39
48 118 48
11 26 11
35 54 35
2 114 2
28 97 28
12 82 12
6 76 6
59 77 59
33 34 33
7 14 7
10 103 10
12 56 12
120 121 120
37 128 37
31 78 31
2 36 2
52 54 52
100 111 100
22 28 22
81 90 81
9 35 9
8 52 8
53 127 53
99 112 99
32 41 32
41 62 41
1 73 1
21 37 21
16 110 16
79 123 79
19 69 19
22 126 22
13 18 13
75 114 75
20 104 20
35 97 35
80 90 80
94 98 94
31 90 31
36 128 36
9 32 9
61 128 61
1 93 1
40 94 40
4 112 4
55 117 55
73 119 73
116 122 116
112 115 112
3 128 3
122 127 122
27 103 27
64 103 64
45 70 45
21 75 21
53 63 53
13 87 13
58 99 58
66 108 66
71 91 71
7 19 7
65 84 65
16 86 16
25 72 25
14 76 14
21 76 21
20 59 20
7 116 7
35 121 35
37 118 37
5 87 5
29 127 29
37 51 37
12 43 12
71 80 71
50 80 50
34 36 34
102 118 102
81 117 81
66 68 66
1 52 1
44 76 44
97 115 97
36 76 36
3 40 3
11 128 11
78 89 78
62 63 62
11 51 11
53 80 53
29 50 29
27 41 27
15 75 15
45 113 45
40 87 40
97 127 97
17 91 17
115 121 115
23 34 23
41 116 41
18 47 18
21 89 21
118 126 118
102 103 102
27 78 27
7 46 7
2 65 2
8 123 8
9 72 9
38 41 38
34 106 34
52 120 52
12 31 12
80 116 80
12 29 12
46 86 46
13 79 13
56 65 56
51 65 51
75 76 75
79 80 79
64 93 64
77 98 77
72 78 72
56 114 56
61 62 61
23 48 23
15 59 15
19 66 19
63 89 63
12 117 12
6 59 6
45 109 45
47 72 47
14 79 14
80 84 80
101 122 101
38 81 38
44 86 44
9 55 9
4 39 4
57 58 57
110 125 110
50 123 50
13 117 13
64 89 64
18 23 18
107 124 107
33 72 33
27 95 27
68 107 68
4 44 4
59 69 59
63 79 63
20 103 20
6 29 6
49 102 49
4 53 4
101 117 101
75 123 75
1 2 1
42 86 42
11 15 11
49 99 49
72 113 72
62 115 62
37 89 37
17 23 17
92 114 92
27 51 27
55 84 55
9 66 9
5 77 5
11 112 11
60 116 60
44 60 44
30 128 30
61 79 61
37 108 37
67 102 67
79 120 79
31 80 31
45 56 45
30 110 30
38 85 38
81 124 81
33 48 33
13 53 13
54 80 54
47 100 47
87 89 87
30 113 30
55 95 55
38 65 38
88 102 88
46 85 46
61 92 61
83 113 83
33 35 33
21 96 21
7 98 7
23 106 23
17 66 17
20 106 20
21 55 21
7 94 7
110 121 110
10 65 10
69 72 69
11 86 11
15 42 15
5 75 5
46 54 46
17 85 17
56 89 56
48 51 48
5 103 5
88 124 88
13 125 13
96 109 96
72 107 72
22 47 22
33 40 33
59 95 59
107 125 107
51 74 51
94 113 94
2 37 2
24 72 24
69 95 69
60 68 60
15 34 15
41 127 41
87 127 87
54 124 54
116 125 116
21 117 21
74 99 74
48 90 48
26 98 26
24 39 24
54 84 54
81 96 81
1 13 1
73 127 73
17 100 17
12 125 12
46 123 46
60 73 60
31 71 31
13 75 13
67 127 67
39 77 39
4 113 4
13 15 13
38 114 38
64 96 64
1 5 1
30 86 30
10 57 10
40 112 40
4 103 4
58 107 58
54 113 54
24 57 24
58 86 58
28 72 28
56 113 56
13 92 13
76 122 76
124 126 124
30 122 30
64 81 64
63 92 63
37 63 37
78 103 78
20 91 20
114 120 114
27 28 27
83 126 83
11 84 11
30 41 30
82 126 82
40 64 40
9 73 9
114 125 114
81 94 81
52 68 52
48 126 48
74 83 74
67 114 67
39 64 39
15 117 15
7 109 7
5 47 5
15 124 15
14 72 14
72 77 72
36 44 36
77 103 77
74 95 74
39 66 39
2 5 2
3 75 3
41 65 41
13 82 13
36 46 36
22 35 22
36 64 36
40 92 40
12 24 12
65 93 65
14 25 14
44 113 44
109 123 109
67 72 67
41 84 41
73 118 73
34 125 34
31 114 31
43 108 43
93 118 93
53 85 53
36 74 36
4 55 4
69 79 69
81 88 81
34 82 34
77 92 77
106 113 106
34 121 34
25 93 25
83 107 83
13 78 13
55 103 55
8 19 8
65 86 65
10 38 10
76 80 76
17 102 17
31 58 31
38 79 38
51 103 51
94 112 94
22 112 22
86 87 86
104 125 104
43 65 43
9 11 9
7 41 7
94 95 94
37 85 37
67 103 67
36 119 36
45 101 45
88 101 88
26 64 26
45 92 45
8 18 8
56 73 56
65 123 65
83 123 83
61 80 61
7 125 7
18 103 18
77 81 77
17 86 17
27 92 27
36 121 36
2 56 2
3 115 3
8 75 8
78 102 78
36 124 36
72 90 72
36 122 36
17 113 17
50 118 50
85 108 85
75 87 75
11 18 11
45 116 45
84 105 84
83 106 83
34 35 34
13 57 13
4 18 4
40 74 40
10 50 10
33 93 33
76 114 76
99 118 99
20 85 20
17 21 17
93 96 93
58 85 58
76 78 76
83 115 83
4 109 4
52 110 52
66 95 66
56 127 56
6 75 6
27 116 27
16 90 16
12 101 12
18 37 18
12 20 12
41 93 41
59 120 59
41 110 41
29 104 29
17 82 17
102 124 102
71 76 71
48 102 48
5 108 5
4 125 4
17 47 17
14 21 14
24 87 24
37 64 37
68 80 68
70 91 70
50 71 50
12 60 12
78 108 78
3 114 3
6 64 6
8 62 8
32 50 32
64 73 64
31 52 31
54 92 54
105 127 105
25 63 25
68 101 68
53 67 53
72 74 72
126 127 126
36 50 36
8 21 8
18 79 18
15 112 15
43 109 43
4 54 4
17 29 17
49 66 49
34 67 34
14 64 14
72 101 72
43 94 43
42 66 42
57 108 57
64 85 64
54 82 54
2 128 2
75 82 75
70 88 70
32 105 32
12 53 12
21 65 21
10 31 10
11 57 11
44 63 44
67 115 67
81 93 81
1 42 1
50 72 50
56 74 56
8 51 8
21 57 21
72 98 72
60 114 60
30 103 30
50 70 50
47 107 47
19 53 19
14 97 14
72 95 72
11 127 11
71 85 71
16 66 16
33 60 33
31 86 31
21 30 21
6 21 6
45 63 45
4 111 4
18 66 18
33 77 33
29 84 29
80 118 80
15 108 15
95 117 95
15 53 15
91 114 91
22 85 22
9 119 9
78 109 78
51 90 51
57 105 57
58 83 58
29 47 29
48 75 48
34 99 34
84 96 84
65 100 65
51 91 51
75 128 75
53 108 53
30 75 30
39 109 39
14 57 14
68 96 68
28 103 28
60 80 60
37 79 37
8 96 8
29 66 29
66 69 66
41 78 41
58 108 58
1 49 1
92 108 92
32 39 32
8 43 8
80 111 80
25 32 25
3 43 3
38 100 38
40 127 40
85 117 85
40 49 40
73 121 73
28 50 28
102 117 102
42 115 42
69 112 69
21 88 21
18 65 18
74 105 74
22 107 22
32 96 32
26 124 26
11 44 11
55 109 55
21 29 21
65 69 65
51 102 51
9 87 9
109 112 109
6 27 6
41 124 41
19 92 19
31 49 31
91 117 91
67 126 67
41 45 41
22 27 22
64 117 64
1 87 1
43 112 43
91 107 91
35 76 35
26 81 26
40 71 40
1 23 1
96 119 96
73 88 73
83 91 83
58 66 58
17 43 17
1 34 1
85 99 85
30 51 30
5 50 5
6 54 6
56 118 56
22 33 22
76 91 76
35 94 35
99 104 99
27 93 27
14 55 14
64 99 64
20 52 20
50 108 50
55 112 55
110 119 110
14 82 14
47 55 47
82 111 82
7 22 7
59 121 59
22 58 22
125 127 125
63 116 63
47 73 47
34 71 34
16 127 16
15 114 15
105 107 105
24 28 24
31 103 31
35 105 35
99 113 99
29 63 29
104 116 104
18 68 18
1 122 1
64 95 64
2 105 2
40 91 40
21 24 21
105 112 105
41 58 41
1 69 1
110 122 110
13 112 13
46 83 46
101 115 101
67 100 67
52 57 52
42 109 42
23 89 23
11 110 11
91 124 91
60 99 60
60 98 60
20 61 20
30 65 30
86 93 86
10 13 10
50 101 50
33 81 33
89 111 89
15 74 15
25 37 25
1 81 1
32 113 32
46 112 46
9 38 9
22 61 22
27 104 27
32 42 32
58 77 58
18 56 18
19 39 19
4 76 4
6 80 6
9 121 9
16 92 16
18 38 18
3 122 3
11 34 11
3 6 3
26 106 26
81 84 81
59 84 59
35 62 35
49 122 49
4 91 4
56 91 56
16 118 16
34 39 34
7 45 7
1 33 1
79 119 79
8 65 8
21 36 21
18 26 18
5 117 5
53 126 53
37 100 37
109 119 109
109 115 109
13 128 13
36 111 36
6 112 6
41 113 41
36 77 36
33 110 33
79 83 79
12 30 12
11 68 11
17 32 17
60 61 60
41 80 41
85 90 85
64 66 64
33 101 33
9 76 9
14 94 14
69 88 69
64 69 64
11 105 11
13 58 13
52 62 52
8 125 8
2 95 2
7 103 7
96 112 96
114 119 114
23 114 23
19 45 19
17 83 17
4 118 4
36 101 36
75 77 75
4 83 4
77 85 77
63 71 63
48 69 48
38 106 38
11 62 11
67 101 67
29 77 29
7 61 7
25 112 25
80 99 80
16 81 16
20 44 20
89 102 89
98 116 98
65 121 65
65 87 65
31 102 31
5 23 5
6 19 6
71 127 71
10 72 10
18 54 18
3 77 3
18 104 18
33 112 33
19 89 19
82 91 82
82 94 82
78 116 78
74 125 74
43 93 43
41 102 41
1 46 1
42 111 42
66 119 66
75 102 75
61 111 61
10 34 10
9 24 9
37 50 37
84 127 84
40 109 40
30 127 30
73 117 73
104 105 104
56 124 56
29 119 29
21 99 21
25 95 25
10 128 10
59 81 59
33 94 33
14 18 14
6 58 6
55 121 55
57 65 57
70 98 70
87 113 87
13 66 13
9 86 9
91 122 91
3 84 3
31 94 31
57 118 57
58 111 58
83 103 83
20 96 20
50 111 50
6 91 6
24 56 24
29 109 29
98 113 98
108 127 108
35 91 35
9 60 9
48 98 48
48 93 48
1 82 1
37 121 37
62 103 62
81 98 81
24 126 24
30 88 30
66 97 66
37 61 37
38 94 38
27 114 27
72 85 72
19 94 19
10 91 10
14 108 14
12 42 12
32 109 32
10 108 10
95 105 95
81 128 81
68 98 68
20 120 20
21 66 21
33 80 33
26 50 26
72 122 72
93 114 93
30 102 30
5 60 5
12 72 12
53 54 53
28 98 28
43 122 43
44 106 44
19 76 19
18 60 18
13 96 13
14 77 14
113 126 113
101 126 101
105 125 105
21 33 21
97 120 97
43 81 43
20 72 20
98 101 98
57 72 57
41 56 41
21 34 21
111 122 111
40 69 40
74 90 74
92 99 92
20 128 20
36 41 36
96 104 96
45 122 45
75 85 75
33 66 33
32 89 32
97 113 97
1 86 1
2 73 2
84 97 84
4 52 4
109 118 109
49 128 49
11 106 11
33 39 33
23 110 23
14 80 14
56 110 56
45 103 45
43 114 43
42 127 42
3 85 3
103 107 103
15 64 15
27 52 27
80 89 80
49 87 49
59 88 59
23 95 23
25 41 25
82 117 82
6 18 6
38 60 38
32 47 32
61 63 61
83 95 83
114 116 114
29 62 29
38 97 38
17 124 17
26 31 26
38 48 38
7 121 7
69 85 69
58 98 58
94 120 94
24 48 24
46 57 46
77 123 77
15 105 15
62 128 62
62 102 62
60 126 60
70 111 70
32 115 32
18 31 18
66 77 66
52 115 52
37 127 37
15 51 15
5 115 5
4 65 4
66 126 66
4 61 4
9 79 9
10 19 10
2 103 2
17 58 17
13 28 13
12 19 12
40 115 40
10 41 10
4 59 4
99 115 99
6 11 6
48 99 48
40 105 40
12 61 12
21 64 21
96 103 96
32 55 32
14 16 14
6 7 6
15 100 15
36 67 36
15 27 15
20 78 20
6 40 6
42 73 42
43 67 43
27 105 27
106 123 106
41 53 41
64 76 64
19 62 19
65 126 65
49 68 49
18 21 18
41 92 41
47 125 47
79 96 79
39 103 39
4 46 4
1 100 1
67 90 67
19 90 19
41 76 41
40 86 40
21 67 21
41 51 41
1 30 1
15 50 15
16 56 16
27 98 27
15 28 15
57 91 57
107 128 107
6 126 6
55 104 55
99 110 99
57 116 57
80 92 80
16 76 16
51 80 51
1 7 1
70 72 70
14 30 14
1 65 1
44 122 44
8 45 8
95 108 95
11 89 11
38 122 38
27 118 27
38 72 38
20 112 20
57 60 57
48 50 48
73 98 73
57 85 57
6 103 6
30 94 30
7 24 7
76 104 76
16 35 16
28 114 28
48 107 48
8 60 8
86 128 86
17 107 17
33 68 33
8 24 8
66 84 66
29 89 29
7 64 7
65 79 65
9 33 9
65 74 65
42 81 42
38 93 38
75 80 75
12 68 12
24 83 24
17 103 17
10 71 10
79 94 79
92 94 92
107 126 107
41 104 41
54 65 54
23 72 23
35 81 35
42 89 42
16 47 16
5 62 5
68 99 68
16 94 16
26 69 26
19 128 19
20 34 20
16 36 16
61 116 61
55 96 55
68 112 68
66 67 66
62 73 62
56 121 56
68 128 68
23 55 23
104 110 104
88 123 88
102 127 102
101 128 101
49 53 49
51 52 51
12 63 12
6 121 6
58 113 58
22 52 22
87 126 87
3 57 3
46 61 46
9 54 9
4 16 4
34 115 34
59 98 59
52 103 52
18 55 18
58 122 58
54 106 54
41 86 41
42 126 42
64 105 64
1 64 1
41 111 41
46 71 46
50 75 50
10 110 10
59 93 59
14 44 14
40 58 40
62 65 62
95 128 95
2 29 2
23 87 23
38 78 38
39 100 39
47 93 47
50 57 50
26 58 26
52 82 52
12 120 12
80 95 80
108 109 108
81 87 81
79 97 79
53 115 53
13 41 13
67 116 67
25 71 25
56 119 56
37 124 37
73 111 73
72 120 72
58 101 58
80 112 80
14 109 14
61 114 61
44 56 44
3 109 3
8 116 8
37 86 37
92 97 92
10 61 10
81 89 81
28 121 28
43 113 43
82 107 82
39 115 39
3 108 3
124 125 124
7 53 7
45 52 45
4 89 4
73 116 73
52 111 52
78 119 78
81 103 81
21 115 21
92 127 92
3 59 3
110 123 110
3 80 3
94 122 94
55 110 55
74 111 74
50 51 50
45 54 45
19 82 19
103 122 103
36 118 36
62 120 62
26 40 26
53 87 53
27 113 27
116 124 116
21 113 21
82 104 82
16 26 16
56 100 56
51 115 51
14 111 14
82 101 82
21 82 21
52 64 52
22 113 22
70 123 70
10 14 10
16 116 16
7 9 7
87 124 87
1 9 1
54 61 54
92 111 92
58 124 58
40 53 40
22 34 22
47 82 47
6 9 6
32 40 32
75 91 75
48 89 48
77 120 77
27 59 27
30 112 30
35 101 35
23 112 23
4 31 4
97 119 97
70 116 70
46 74 46
55 59 55
54 59 54
72 126 72
1 24 1
18 127 18
81 121 81
36 45 36
7 82 7
13 38 13
36 78 36
9 107 9
46 58 46
7 106 7
5 7 5
38 82 38
67 68 67
38 128 38
44 93 44
61 118 61
10 79 10
77 106 77
44 84 44
32 46 32
36 37 36
103 110 103
57 77 57
32 112 32
48 60 48
4 11 4
37 60 37
12 126 12
78 97 78
14 96 14
17 80 17
40 52 40
14 22 14
78 126 78
95 99 95
14 88 14
33 83 33
55 83 55
57 59 57
112 117 112
23 100 23
54 111 54
68 104 68
53 96 53
26 118 26
10 111 10
6 70 6
13 46 13
23 68 23
4 124 4
12 91 12
124 127 124
53 71 53
90 104 90
59 72 59
50 52 50
90 110 90
68 95 68
32 117 32
38 84 38
5 123 5
65 94 65
70 113 70
1 17 1
65 66 65
4 50 4
46 51 46
72 87 72
57 102 57
42 80 42
56 90 56
67 99 67
27 34 27
86 113 86
66 82 66
38 76 38
78 92 78
3 94 3
5 71 5
45 49 45
57 120 57
8 28 8
30 95 30
31 32 31
28 84 28
50 87 50
90 117 90
26 45 26
19 68 19
3 76 3
23 125 23
6 36 6
64 80 64
95 96 95
16 124 16
107 121 107
63 118 63
63 75 63
63 103 63
30 111 30
66 128 66
111 113 111
18 34 18
42 62 42
62 96 62
50 64 50
44 68 44
36 56 36
11 126 11
47 66 47
26 28 26
6 8 6
9 45 9
42 44 42
28 128 28
22 37 22
34 44 34
50 119 50
25 33 25
15 79 15
29 44 29
89 105 89
62 87 62
14 116 14
38 53 38
56 103 56
12 118 12
37 57 37
39 42 39
19 107 19
28 60 28
52 92 52
69 104 69
23 27 23
70 75 70
102 112 102
120 128 120
88 125 88
109 117 109
14 114 14
19 46 19
106 107 106
16 62 16
78 81 78
71 87 71
64 97 64
30 46 30
26 61 26
32 94 32
40 110 40
78 82 78
58 116 58
21 44 21
17 30 17
26 104 26
51 119 51
5 72 5
18 91 18
33 65 33
62 94 62
52 105 52
2 64 2
25 88 25
24 101 24
89 116 89
76 95 76
26 53 26
44 48 44
59 60 59
32 63 32
51 53 51
51 94 51
35 63 35
74 77 74
114 127 114
24 62 24
79 128 79
61 117 61
80 100 80
25 70 25
41 120 41
3 90 3
89 113 89
14 87 14
3 112 3
10 73 10
10 30 10
21 125 21
23 107 23
22 84 22
87 119 87
29 46 29
60 62 60
8 127 8
25 107 25
24 50 24
90 96 90
41 85 41
69 120 69
74 86 74
16 64 16
31 107 31
85 123 85
