128 3553
2 3 1
2 4 1
2 5 1
2 6 1
2 7 1
8 9 2
8 10 2
8 11 2
8 12 2
8 13 2
14 15 8
14 16 8
14 17 8
14 18 8
14 19 8
20 21 14
20 22 14
20 23 14
20 24 14
20 25 14
26 27 20
26 28 20
26 29 20
26 30 20
26 31 20
32 33 26
32 34 26
32 35 26
32 36 26
32 37 26
38 39 32
38 40 32
38 41 32
38 42 32
38 43 32
44 45 38
44 46 38
44 47 38
44 48 38
44 49 38
50 51 44
50 52 44
50 53 44
50 54 44
50 55 44
56 57 50
56 58 50
56 59 50
56 60 50
56 61 50
62 63 56
62 64 56
62 65 56
62 66 56
62 67 56
68 69 62
68 70 62
68 71 62
68 72 62
68 73 62
74 75 68
74 76 68
74 77 68
74 78 68
74 79 68
80 81 74
80 82 74
80 83 74
80 84 74
80 85 74
86 87 80
86 88 80
86 89 80
86 90 80
86 91 80
92 93 86
92 94 86
92 95 86
92 96 86
92 97 86
98 99 92
98 100 92
98 101 92
98 102 92
98 103 92
104 105 98
104 106 98
104 107 98
104 108 98
104 109 98
110 111 104
110 112 104
110 113 104
110 114 104
110 115 104
116 117 110
116 118 110
116 119 110
116 120 110
116 121 110
122 123 116
122 124 116
122 125 116
122 126 116
122 127 116
3 128 1
4 128 1
5 128 1
6 128 1
7 128 1
9 128 2
10 128 2
11 128 2
12 128 2
13 128 2
15 128 8
16 128 8
17 128 8
18 128 8
19 128 8
21 128 14
22 128 14
23 128 14
24 128 14
25 128 14
27 128 20
28 128 20
29 128 20
30 128 20
31 128 20
33 128 26
34 128 26
35 128 26
36 128 26
37 128 26
39 128 32
40 128 32
41 128 32
42 128 32
43 128 32
45 128 38
46 128 38
47 128 38
48 128 38
49 128 38
51 128 44
52 128 44
53 128 44
54 128 44
55 128 44
57 128 50
58 128 50
59 128 50
60 128 50
61 128 50
63 128 56
64 128 56
65 128 56
66 128 56
67 128 56
69 128 62
70 128 62
71 128 62
72 128 62
73 128 62
75 128 68
76 128 68
77 128 68
78 128 68
79 128 68
81 128 74
82 128 74
83 128 74
84 128 74
85 128 74
87 128 80
88 128 80
89 128 80
90 128 80
91 128 80
93 128 86
94 128 86
95 128 86
96 128 86
97 128 86
99 128 92
100 128 92
101 128 92
102 128 92
103 128 92
105 128 98
106 128 98
107 128 98
108 128 98
109 128 98
111 128 104
112 128 104
113 128 104
114 128 104
115 128 104
117 128 110
118 128 110
119 128 110
120 128 110
121 128 110
123 128 116
124 128 116
125 128 116
126 128 116
127 128 116
1 128 1
2 128 2
8 128 8
14 128 14
20 128 20
26 128 26
32 128 32
38 128 38
44 128 44
50 128 50
56 128 56
62 128 62
68 128 68
74 128 74
80 128 80
86 128 86
92 128 92
98 128 98
104 128 104
110 128 110
116 128 116
122 128 122
16 35 8
123 125 116
77 78 68
48 62 38
8 57 8
26 122 26
69 73 62
26 107 26
58 64 50
40 43 32
9 11 2
8 48 8
99 111 92
5 48 1
44 101 44
45 67 38
70 72 62
2 79 2
99 102 92
94 124 86
41 42 32
6 7 1
45 49 38
50 104 50
19 83 8
20 37 20
117 118 110
51 54 44
65 67 56
63 65 56
75 108 68
44 88 44
48 49 38
5 6 1
57 61 50
16 19 8
30 50 20
44 118 44
10 97 2
21 24 14
76 78 68
76 125 68
35 87 26
55 58 44
107 108 98
2 12 2
105 106 98
64 126 56
106 110 98
27 28 20
105 108 98
60 61 50
12 28 2
21 112 14
87 91 80
79 111 68
42 43 32
53 116 44
79 100 68
34 36 26
108 109 98
47 57 38
6 20 1
1 39 1
14 65 14
26 40 26
66 72 56
44 108 44
39 42 32
46 53 38
105 126 98
38 89 38
65 113 56
3 117 1
63 64 56
32 121 32
5 16 1
56 76 56
28 31 20
15 17 8
101 103 92
93 95 86
13 57 2
41 95 32
90 103 80
33 34 26
14 127 14
20 93 20
36 105 26
1 36 1
21 36 14
47 49 38
33 113 26
38 64 38
119 120 110
78 79 68
115 118 104
45 53 38
44 115 44
95 107 86
25 66 14
88 91 80
26 89 26
125 127 116
51 119 44
26 68 26
44 79 44
99 100 92
64 75 56
32 54 32
38 121 38
74 110 74
98 106 98
53 55 44
51 53 44
24 25 14
87 103 80
20 53 20
1 28 1
64 89 56
95 120 86
9 10 2
2 31 2
34 35 26
117 121 110
81 82 74
1 23 1
28 30 20
29 31 20
26 32 26
32 93 32
46 47 38
12 15 2
6 56 1
8 65 8
88 114 80
26 37 26
14 24 14
61 73 50
111 113 104
111 116 104
4 5 1
41 103 32
8 39 8
30 31 20
16 17 8
99 108 92
15 52 8
51 55 44
51 52 44
111 112 104
52 106 44
26 70 26
18 69 8
74 94 74
21 81 14
95 121 86
63 101 56
64 74 56
25 78 14
101 124 92
125 126 116
8 27 8
65 111 56
10 12 2
70 73 62
64 66 56
117 123 110
21 98 14
15 35 8
94 96 86
124 125 116
66 67 56
45 48 38
2 122 2
22 24 14
126 127 116
14 29 14
84 115 74
26 38 26
61 127 50
69 72 62
66 105 56
102 103 92
87 112 80
58 60 50
101 102 92
61 122 50
69 99 62
71 73 62
22 23 14
34 37 26
67 106 56
74 108 74
20 57 20
20 64 20
2 13 2
27 115 20
21 23 14
9 12 2
46 72 38
9 98 2
2 39 2
78 99 68
106 107 98
3 27 1
20 95 20
15 69 8
88 103 80
45 47 38
58 59 50
93 94 86
2 76 2
30 102 20
62 105 62
94 95 86
58 66 50
109 122 98
4 6 1
1 37 1
44 112 44
101 127 92
21 22 14
22 25 14
73 116 62
123 127 116
100 109 92
62 94 62
56 113 56
114 115 104
75 76 68
99 124 92
6 71 1
52 54 44
27 48 20
56 124 56
86 94 86
40 41 32
98 113 98
3 7 1
83 84 74
119 127 110
8 84 8
92 105 92
36 92 26
112 115 104
28 62 20
69 91 62
70 105 62
1 17 1
39 41 32
23 24 14
77 88 68
35 37 26
2 11 2
90 104 80
23 25 14
1 4 1
81 84 74
32 83 32
43 107 32
44 91 44
72 127 62
68 81 68
26 45 26
52 53 44
51 110 44
2 32 2
87 89 80
11 95 2
14 77 14
108 119 98
41 43 32
28 29 20
57 59 50
27 96 20
2 34 2
63 67 56
54 63 44
75 115 68
1 66 1
97 124 86
46 57 38
82 83 74
27 30 20
1 7 1
102 118 92
78 101 68
71 74 62
118 119 110
24 72 14
64 67 56
97 115 86
105 117 98
111 114 104
100 101 92
1 6 1
14 33 14
1 52 1
20 81 20
57 60 50
42 107 32
11 109 2
39 61 32
109 125 98
36 120 26
47 48 38
8 40 8
94 98 86
88 111 80
113 114 104
78 102 68
14 35 14
85 114 74
109 119 98
32 44 32
86 107 86
59 60 50
48 114 38
75 77 68
38 114 38
59 61 50
71 72 62
120 124 110
59 124 50
68 112 68
49 52 38
7 8 1
75 93 68
65 103 56
22 42 14
15 23 8
21 107 14
49 121 38
82 84 74
2 49 2
70 71 62
57 58 50
94 125 86
87 113 80
8 63 8
9 13 2
76 97 68
16 18 8
93 96 86
15 16 8
39 70 32
3 4 1
29 47 20
8 74 8
23 82 14
82 104 74
65 79 56
4 107 1
39 124 32
10 63 2
26 33 26
63 66 56
70 76 62
12 94 2
35 36 26
32 120 32
60 79 50
83 85 74
100 102 92
80 89 80
31 88 20
123 126 116
94 114 86
14 22 14
1 14 1
8 16 8
2 10 2
64 65 56
88 89 80
87 88 80
77 79 68
14 51 14
45 75 38
33 35 26
106 109 98
8 42 8
1 117 1
2 44 2
89 93 80
119 121 110
81 102 74
45 99 38
124 126 116
4 13 1
105 109 98
33 36 26
99 101 92
26 95 26
26 77 26
98 104 98
32 40 32
99 109 92
2 16 2
90 91 80
3 5 1
13 88 2
49 127 38
34 94 26
5 50 1
8 127 8
96 97 86
98 123 98
82 113 74
46 71 38
83 123 74
14 87 14
29 77 20
50 118 50
31 106 20
1 10 1
32 69 32
31 79 20
14 27 14
45 59 38
15 68 8
6 111 1
1 38 1
81 127 74
107 110 98
10 99 2
57 66 50
101 105 92
1 121 1
58 61 50
44 50 44
2 50 2
52 112 44
21 25 14
72 73 62
53 54 44
17 19 8
29 30 20
77 96 68
11 59 2
13 31 2
70 96 62
62 91 62
1 34 1
8 20 8
22 67 14
39 112 32
48 79 38
11 113 2
8 59 8
3 45 1
15 100 8
107 109 98
95 96 86
100 122 92
11 12 2
49 69 38
11 13 2
24 82 14
56 120 56
28 104 20
17 33 8
64 114 56
76 77 68
28 47 20
8 78 8
7 20 1
113 116 104
50 99 50
100 105 92
82 85 74
78 118 68
6 60 1
75 111 68
117 120 110
54 55 44
97 106 86
81 83 74
102 117 92
65 126 56
93 125 86
37 77 26
1 9 1
93 97 86
88 90 80
8 95 8
33 96 26
18 82 8
33 79 26
60 92 50
80 118 80
36 103 26
73 74 62
27 29 20
8 119 8
86 123 86
15 105 8
1 53 1
25 109 14
24 27 14
32 62 32
118 126 110
44 83 44
97 126 86
69 100 62
62 120 62
25 50 14
28 88 20
41 58 32
19 30 8
23 45 14
123 124 116
89 124 80
2 59 2
26 63 26
14 54 14
62 97 62
1 13 1
2 107 2
62 104 62
52 55 44
5 88 1
33 37 26
87 101 80
14 37 14
94 97 86
103 109 92
10 77 2
89 91 80
118 120 110
10 26 2
37 70 26
29 98 20
114 120 104
74 112 74
19 125 8
102 108 92
4 35 1
32 45 32
8 69 8
2 30 2
80 87 80
117 126 110
48 77 38
50 65 50
38 69 38
80 112 80
38 122 38
68 124 68
26 102 26
10 62 2
58 87 50
111 127 104
109 111 98
56 99 56
32 112 32
21 40 14
98 110 98
1 30 1
68 99 68
109 118 98
14 55 14
33 38 26
20 71 20
20 33 20
68 91 68
36 37 26
2 119 2
14 30 14
1 8 1
42 119 32
1 61 1
23 59 14
55 77 44
56 81 56
100 112 92
3 12 1
52 81 44
101 110 92
2 51 2
44 61 44
74 118 74
115 117 104
99 103 92
30 101 20
92 116 92
49 103 38
70 107 62
20 99 20
13 49 2
2 43 2
112 114 104
4 34 1
89 106 80
95 123 86
50 98 50
40 64 32
52 56 44
8 52 8
8 102 8
11 68 2
87 123 80
57 100 50
64 71 56
53 60 44
21 127 14
56 111 56
124 127 116
84 85 74
36 106 26
102 113 92
20 73 20
20 26 20
45 63 38
2 112 2
3 6 1
28 91 20
12 32 2
20 42 20
32 63 32
8 76 8
68 93 68
43 105 32
55 88 44
38 50 38
1 11 1
32 81 32
57 119 50
94 111 86
72 81 62
46 99 38
99 104 92
29 83 20
69 70 62
91 113 80
59 74 50
56 107 56
5 7 1
68 89 68
82 92 74
59 102 50
23 87 14
10 33 2
83 99 74
114 116 104
40 42 32
100 119 92
69 113 62
118 125 110
34 99 26
17 18 8
26 119 26
1 12 1
36 71 26
68 87 68
112 113 104
38 81 38
7 15 1
16 65 8
41 105 32
15 38 8
42 117 32
7 84 1
50 81 50
68 102 68
28 115 20
8 126 8
39 99 32
20 32 20
8 24 8
91 127 80
2 23 2
21 77 14
106 112 98
2 28 2
23 77 14
22 120 14
26 115 26
27 84 20
51 58 44
56 108 56
57 88 50
1 21 1
29 117 20
16 90 8
73 78 62
74 91 74
26 97 26
3 96 1
30 100 20
54 71 44
10 11 2
7 106 1
16 75 8
99 112 92
31 120 20
27 31 20
65 110 56
13 121 2
18 19 8
38 82 38
48 87 38
16 49 8
14 44 14
11 26 2
64 77 56
90 114 80
31 72 20
114 121 104
65 69 56
88 119 80
20 87 20
58 89 50
1 71 1
26 44 26
24 38 14
25 98 14
21 26 14
12 25 2
14 23 14
64 115 56
15 102 8
50 77 50
68 111 68
55 126 44
62 98 62
7 69 1
44 111 44
25 89 14
5 22 1
8 15 8
3 78 1
39 43 32
79 96 68
62 122 62
39 87 32
1 2 1
10 118 2
103 114 92
39 127 32
65 95 56
14 63 14
86 121 86
15 48 8
13 113 2
39 40 32
92 112 92
21 71 14
27 80 20
93 117 86
75 78 68
119 124 110
34 53 26
84 121 74
26 111 26
2 27 2
53 123 44
11 119 2
88 99 80
36 57 26
44 53 44
54 108 44
32 57 32
75 109 68
71 100 62
53 69 44
85 120 74
12 114 2
55 110 44
100 103 92
56 71 56
34 113 26
97 125 86
95 97 86
2 71 2
11 98 2
78 121 68
83 119 74
17 108 8
80 115 80
25 27 14
62 85 62
1 27 1
15 18 8
2 77 2
38 112 38
42 60 32
46 98 38
4 7 1
56 104 56
42 44 32
23 115 14
106 126 98
81 118 74
41 111 32
2 15 2
8 88 8
20 59 20
81 85 74
89 101 80
37 39 26
76 116 68
66 83 56
74 89 74
8 19 8
29 36 20
34 74 26
40 50 32
55 115 44
12 99 2
5 114 1
93 107 86
7 63 1
44 114 44
61 66 50
4 123 1
110 120 110
33 109 26
38 103 38
10 87 2
91 109 80
32 53 32
14 120 14
42 59 32
42 110 32
22 124 14
106 108 98
50 92 50
8 101 8
86 125 86
13 52 2
81 98 74
78 96 68
76 106 68
56 77 56
20 44 20
82 115 74
21 99 14
9 110 2
38 67 38
12 59 2
111 115 104
32 42 32
67 78 56
16 34 8
115 124 104
69 123 62
58 122 50
52 74 44
2 64 2
68 83 68
75 112 68
26 34 26
50 100 50
53 106 44
79 88 68
1 89 1
34 63 26
14 75 14
47 123 38
34 73 26
23 122 14
100 114 92
63 99 56
18 105 8
38 118 38
69 97 62
24 89 14
77 80 68
11 21 2
44 76 44
89 98 80
3 81 1
50 69 50
62 69 62
8 22 8
8 56 8
32 56 32
25 94 14
63 91 56
14 48 14
116 123 116
46 119 38
72 116 62
39 96 32
20 35 20
32 52 32
61 115 50
41 120 32
50 87 50
87 117 80
36 64 26
45 118 38
42 111 32
63 69 56
24 99 14
44 70 44
93 108 86
104 127 104
41 47 32
5 99 1
71 86 62
89 103 80
2 60 2
77 110 68
1 33 1
56 112 56
21 93 14
60 62 50
86 103 86
50 79 50
14 90 14
78 98 68
76 112 68
92 111 92
1 65 1
12 13 2
11 122 2
117 119 110
73 94 62
2 67 2
6 117 1
32 124 32
48 101 38
58 125 50
54 95 44
24 81 14
32 61 32
8 99 8
45 54 38
50 105 50
98 108 98
44 97 44
61 105 50
6 45 1
38 56 38
58 103 50
26 74 26
32 72 32
58 67 50
63 72 56
68 126 68
90 106 80
117 127 110
25 91 14
46 49 38
2 99 2
33 104 26
9 26 2
71 93 62
44 126 44
118 121 110
91 92 80
15 24 8
87 92 80
14 57 14
68 94 68
107 127 98
14 25 14
73 110 62
101 104 92
74 125 74
95 100 86
20 50 20
113 122 104
22 30 14
8 18 8
20 75 20
4 95 1
45 46 38
14 111 14
1 114 1
19 96 8
2 55 2
7 49 1
88 121 80
61 116 50
76 79 68
2 118 2
70 127 62
10 29 2
54 88 44
59 72 50
6 28 1
24 84 14
32 55 32
60 71 50
38 77 38
3 75 1
26 36 26
89 90 80
5 33 1
83 127 74
59 88 50
16 103 8
34 69 26
4 42 1
105 125 98
26 64 26
39 117 32
1 18 1
47 65 38
113 115 104
111 121 104
46 48 38
23 36 14
65 100 56
67 102 56
94 110 86
19 38 8
50 120 50
62 73 62
43 50 32
9 73 2
8 49 8
107 120 98
13 35 2
91 118 80
30 125 20
31 76 20
43 84 32
44 51 44
56 79 56
52 70 44
29 60 20
6 62 1
9 70 2
25 102 14
20 96 20
76 124 68
22 100 14
38 78 38
6 42 1
45 116 38
84 87 74
25 69 14
11 64 2
41 108 32
74 113 74
8 98 8
32 65 32
77 121 68
97 112 86
40 61 32
80 127 80
121 127 110
3 127 1
28 48 20
102 110 92
65 123 56
120 121 110
32 38 32
46 117 38
26 35 26
12 100 2
79 91 68
28 51 20
14 114 14
14 46 14
17 46 8
31 59 20
26 43 26
1 104 1
66 75 56
95 111 86
5 106 1
52 75 44
103 125 92
51 61 44
82 103 74
50 63 50
46 54 38
4 60 1
37 54 26
23 37 14
4 21 1
56 127 56
53 122 44
63 97 56
22 34 14
26 47 26
69 76 62
2 103 2
50 115 50
80 113 80
92 101 92
14 28 14
8 77 8
20 85 20
39 74 32
1 16 1
44 67 44
34 40 26
44 96 44
59 94 50
89 95 80
83 93 74
20 55 20
101 118 92
14 115 14
3 65 1
96 105 86
42 56 32
89 127 80
38 44 38
40 114 32
17 95 8
3 71 1
49 82 38
78 92 68
23 97 14
91 112 80
5 52 1
80 109 80
91 95 80
21 52 14
94 119 86
51 73 44
91 122 80
58 113 50
86 96 86
53 56 44
37 53 26
57 117 50
25 62 14
87 90 80
10 73 2
39 81 32
73 97 62
8 23 8
14 105 14
120 122 110
53 84 44
69 71 62
2 18 2
117 124 110
67 92 56
60 120 50
120 126 110
96 120 86
12 120 2
1 90 1
66 77 56
94 123 86
42 120 32
85 106 74
1 5 1
33 60 26
45 125 38
24 51 14
18 49 8
119 126 110
64 103 56
20 51 20
93 98 86
71 96 62
79 116 68
64 108 56
1 78 1
18 76 8
31 126 20
39 58 32
91 123 80
5 55 1
119 122 110
57 71 50
97 99 86
75 83 68
65 66 56
44 55 44
66 125 56
43 102 32
2 69 2
7 38 1
13 119 2
38 48 38
71 82 62
14 69 14
12 73 2
39 45 32
9 60 2
13 62 2
105 121 98
21 28 14
1 93 1
75 79 68
110 119 110
64 82 56
20 46 20
63 68 56
8 34 8
115 126 104
1 91 1
7 22 1
63 118 56
20 103 20
82 121 74
2 24 2
84 94 74
2 87 2
49 100 38
15 46 8
8 110 8
13 56 2
29 85 20
52 67 44
67 117 56
10 13 2
38 98 38
38 120 38
66 114 56
55 56 44
79 93 68
69 126 62
26 83 26
14 102 14
56 126 56
15 77 8
14 78 14
46 113 38
43 49 32
67 114 56
84 124 74
28 85 20
38 117 38
10 21 2
1 3 1
14 72 14
89 112 80
105 107 98
16 121 8
40 54 32
39 54 32
94 113 86
41 114 32
20 54 20
29 56 20
53 71 44
5 108 1
20 61 20
98 116 98
32 43 32
14 49 14
74 114 74
26 105 26
77 114 68
44 64 44
24 33 14
21 102 14
49 114 38
22 81 14
48 75 38
72 79 62
90 117 80
9 22 2
23 54 14
26 42 26
37 52 26
105 118 98
92 124 92
12 118 2
8 35 8
49 64 38
50 84 50
71 127 62
25 47 14
35 119 26
90 118 80
48 125 38
121 126 110
1 110 1
46 95 38
55 79 44
5 44 1
53 113 44
1 77 1
12 115 2
34 65 26
56 70 56
32 109 32
1 64 1
17 126 8
4 111 1
40 46 32
70 91 62
61 113 50
70 102 62
103 127 92
40 51 32
101 117 92
49 119 38
91 98 80
42 123 32
18 29 8
70 100 62
111 124 104
106 125 98
86 95 86
112 127 104
27 70 20
25 67 14
4 39 1
96 109 86
5 27 1
94 127 86
19 69 8
66 124 56
1 51 1
8 17 8
96 98 86
34 115 26
50 56 50
7 13 1
40 88 32
23 69 14
5 61 1
17 28 8
105 124 98
6 104 1
28 111 20
2 26 2
26 50 26
9 54 2
59 119 50
13 67 2
101 122 92
44 99 44
7 95 1
54 107 44
12 90 2
2 73 2
112 123 104
13 90 2
80 93 80
9 14 2
45 93 38
26 54 26
82 90 74
18 124 8
45 70 38
5 58 1
6 77 1
62 102 62
21 67 14
60 103 50
74 102 74
62 106 62
7 19 1
21 82 14
15 125 8
56 68 56
67 90 56
56 101 56
32 90 32
109 113 98
46 75 38
13 16 2
2 8 2
73 96 62
41 63 32
108 126 98
26 41 26
108 122 98
13 116 2
56 69 56
32 67 32
2 100 2
4 55 1
74 105 74
68 113 68
51 125 44
47 114 38
70 101 62
46 73 38
31 124 20
10 14 2
1 82 1
28 59 20
95 116 86
82 105 74
2 82 2
28 67 20
67 103 56
57 73 50
8 93 8
70 112 62
21 105 14
10 56 2
96 108 86
104 111 104
1 122 1
88 126 80
1 63 1
51 63 44
27 54 20
84 107 74
1 56 1
7 17 1
48 89 38
32 98 32
22 114 14
7 110 1
41 68 32
20 66 20
14 31 14
37 101 26
44 87 44
25 85 14
26 72 26
12 85 2
97 123 86
21 116 14
8 61 8
74 92 74
29 123 20
13 32 2
117 122 110
70 124 62
42 46 32
115 122 104
30 109 20
7 92 1
14 88 14
35 44 26
4 88 1
111 122 104
21 66 14
73 122 62
1 99 1
60 118 50
107 124 98
9 84 2
84 89 74
69 103 62
65 101 56
88 113 80
14 52 14
97 107 86
4 117 1
15 40 8
75 80 68
84 86 74
60 114 50
3 82 1
33 41 26
35 114 26
11 27 2
74 84 74
20 34 20
105 113 98
46 84 38
28 118 20
16 127 8
45 98 38
44 59 44
14 26 14
1 35 1
32 89 32
36 47 26
108 112 98
12 75 2
47 100 38
32 99 32
23 28 14
34 119 26
32 76 32
65 82 56
38 86 38
48 76 38
94 101 86
107 119 98
22 103 14
62 101 62
86 117 86
28 92 20
2 25 2
70 92 62
121 122 110
23 56 14
2 72 2
48 126 38
87 114 80
75 113 68
58 117 50
43 70 32
24 110 14
29 111 20
27 81 20
33 99 26
1 92 1
9 17 2
40 67 32
59 117 50
5 92 1
18 115 8
52 116 44
51 113 44
97 127 86
35 40 26
55 83 44
1 75 1
4 127 1
4 126 1
8 71 8
97 118 86
65 81 56
93 121 86
50 88 50
15 53 8
62 124 62
94 121 86
7 89 1
18 59 8
1 107 1
50 121 50
1 60 1
81 93 74
63 106 56
16 31 8
59 93 50
85 109 74
34 92 26
98 117 98
83 111 74
23 67 14
38 58 38
63 95 56
37 88 26
92 102 92
58 107 50
4 58 1
33 77 26
62 109 62
31 122 20
47 96 38
96 103 86
68 90 68
53 72 44
15 97 8
1 108 1
31 113 20
11 110 2
96 112 86
56 75 56
28 124 20
114 122 104
14 126 14
50 83 50
2 120 2
57 96 50
20 74 20
119 125 110
18 33 8
16 114 8
45 121 38
38 62 38
8 117 8
11 104 2
86 110 86
52 86 44
32 75 32
55 73 44
14 36 14
62 88 62
67 112 56
15 19 8
23 58 14
14 103 14
68 103 68
57 83 50
23 125 14
29 71 20
74 81 74
6 120 1
2 115 2
55 127 44
14 76 14
58 90 50
56 103 56
35 122 26
62 127 62
16 69 8
46 62 38
41 50 32
1 126 1
46 108 38
110 124 110
80 110 80
76 111 68
8 54 8
6 48 1
64 69 56
115 127 104
102 105 92
26 109 26
95 98 86
20 27 20
87 116 80
18 88 8
76 122 68
32 70 32
42 47 32
32 94 32
88 96 80
2 75 2
103 119 92
2 90 2
53 74 44
8 25 8
26 49 26
2 57 2
74 111 74
14 21 14
102 112 92
67 79 56
30 107 20
62 68 62
1 80 1
78 91 68
27 61 20
90 92 80
2 62 2
70 93 62
36 117 26
63 86 56
117 125 110
50 116 50
46 58 38
91 125 80
42 45 32
63 93 56
116 124 116
68 79 68
15 95 8
63 123 56
32 79 32
96 117 86
32 114 32
50 72 50
38 116 38
16 91 8
74 90 74
2 74 2
55 98 44
78 106 68
37 83 26
33 54 26
93 103 86
87 127 80
78 103 68
3 73 1
84 96 74
68 120 68
84 95 74
44 52 44
10 109 2
33 108 26
23 89 14
31 74 20
6 46 1
69 96 62
50 82 50
73 80 62
80 91 80
113 121 104
27 118 20
97 100 86
1 24 1
11 88 2
20 29 20
10 45 2
107 117 98
43 122 32
71 99 62
67 121 56
42 121 32
35 86 26
74 117 74
75 124 68
32 96 32
75 95 68
115 116 104
22 70 14
7 39 1
41 101 32
22 71 14
20 114 20
32 82 32
77 109 68
12 102 2
42 112 32
12 91 2
3 119 1
73 89 62
27 91 20
107 126 98
107 113 98
50 117 50
66 98 56
47 80 38
25 127 14
37 51 26
13 99 2
81 126 74
28 112 20
81 88 74
29 101 20
8 89 8
40 71 32
57 116 50
83 92 74
37 68 26
89 102 80
47 68 38
94 102 86
83 108 74
18 23 8
27 106 20
11 92 2
71 80 62
63 71 56
87 99 80
77 115 68
1 120 1
82 107 74
45 77 38
8 50 8
21 95 14
81 103 74
42 50 32
36 126 26
24 53 14
3 61 1
14 121 14
38 104 38
1 85 1
47 71 38
59 80 50
62 100 62
14 94 14
26 59 26
57 111 50
92 110 92
41 87 32
71 110 62
8 68 8
112 124 104
8 29 8
32 106 32
68 85 68
55 68 44
6 63 1
28 64 20
52 94 44
73 100 62
64 72 56
1 103 1
107 118 98
82 125 74
8 85 8
33 100 26
1 42 1
7 120 1
49 72 38
69 118 62
17 81 8
11 57 2
12 109 2
20 102 20
36 42 26
8 70 8
2 124 2
18 125 8
15 107 8
106 113 98
5 110 1
4 87 1
68 97 68
2 66 2
85 100 74
79 82 68
99 115 92
93 106 86
82 127 74
14 53 14
12 17 2
5 126 1
11 39 2
60 84 50
19 126 8
74 86 74
46 56 38
54 86 44
35 89 26
26 120 26
16 32 8
44 123 44
31 99 20
25 119 14
48 94 38
9 107 2
12 83 2
38 92 38
33 125 26
26 125 26
66 97 56
33 82 26
74 82 74
52 95 44
1 43 1
86 124 86
18 40 8
74 99 74
22 109 14
9 87 2
17 40 8
8 26 8
8 31 8
54 65 44
59 110 50
11 81 2
31 54 20
24 60 14
17 29 8
1 49 1
14 83 14
26 67 26
38 79 38
79 103 68
56 83 56
74 85 74
26 65 26
85 101 74
70 77 62
17 50 8
55 124 44
2 29 2
20 67 20
97 102 86
70 118 62
16 107 8
20 101 20
36 109 26
99 123 92
41 85 32
61 106 50
23 93 14
24 59 14
38 115 38
11 40 2
38 61 38
27 34 20
15 120 8
98 126 98
21 50 14
2 78 2
43 72 32
7 102 1
26 79 26
38 123 38
59 83 50
50 90 50
97 119 86
86 118 86
5 23 1
83 91 74
47 113 38
22 108 14
87 94 80
51 123 44
14 62 14
23 40 14
80 111 80
7 57 1
25 79 14
47 61 38
106 116 98
35 80 26
18 101 8
54 89 44
49 73 38
107 121 98
1 83 1
20 30 20
2 46 2
38 63 38
65 112 56
83 88 74
20 38 20
51 96 44
18 48 8
52 65 44
4 71 1
51 98 44
103 124 92
25 81 14
77 126 68
81 96 74
59 126 50
15 94 8
95 104 86
8 43 8
25 49 14
82 93 74
80 120 80
64 91 56
55 86 44
66 115 56
29 116 20
33 45 26
96 123 86
10 74 2
28 52 20
10 88 2
41 109 32
24 92 14
98 105 98
32 95 32
106 120 98
26 69 26
7 117 1
114 117 104
55 105 44
37 112 26
35 100 26
77 90 68
11 108 2
79 80 68
65 68 56
41 51 32
11 85 2
30 45 20
44 124 44
82 98 74
11 55 2
85 93 74
101 126 92
19 109 8
54 127 44
41 113 32
9 66 2
32 78 32
72 113 62
18 47 8
14 41 14
6 55 1
26 106 26
88 110 80
15 21 8
58 99 50
51 64 44
53 75 44
119 123 110
52 88 44
31 63 20
8 83 8
26 55 26
40 77 32
55 113 44
13 44 2
79 86 68
17 61 8
25 52 14
29 48 20
50 122 50
13 107 2
12 36 2
88 107 80
2 101 2
51 66 44
34 49 26
69 90 62
42 79 32
35 58 26
33 44 26
5 32 1
104 116 104
85 110 74
21 84 14
86 104 86
30 106 20
22 54 14
7 66 1
10 119 2
51 114 44
118 127 110
58 119 50
81 95 74
42 102 32
68 106 68
60 94 50
18 113 8
83 100 74
43 115 32
25 74 14
114 119 104
10 24 2
115 120 104
19 41 8
52 91 44
46 70 38
53 103 44
66 95 56
51 97 44
53 67 44
99 118 92
44 56 44
75 87 68
8 82 8
4 43 1
55 95 44
45 73 38
5 40 1
88 123 80
121 123 110
62 114 62
44 74 44
31 37 20
14 104 14
59 106 50
62 75 62
79 90 68
50 85 50
27 71 20
103 115 92
110 123 110
21 55 14
61 111 50
38 74 38
58 80 50
50 68 50
56 95 56
17 97 8
26 39 26
40 95 32
57 91 50
6 87 1
76 94 68
11 87 2
53 91 44
93 127 86
58 88 50
20 31 20
112 119 104
78 87 68
9 64 2
9 33 2
8 21 8
91 93 80
107 115 98
80 104 80
46 68 38
55 85 44
90 124 80
38 59 38
83 117 74
66 127 56
25 96 14
65 109 56
81 108 74
13 95 2
35 41 26
81 89 74
40 94 32
62 87 62
108 120 98
37 86 26
32 122 32
74 126 74
8 94 8
43 73 32
8 33 8
80 103 80
55 102 44
1 44 1
25 33 14
83 87 74
21 86 14
59 79 50
37 38 26
102 109 92
46 104 38
99 120 92
29 88 20
14 85 14
52 104 44
16 26 8
3 38 1
4 118 1
100 111 92
33 102 26
60 109 50
7 119 1
94 105 86
2 109 2
1 25 1
27 50 20
17 60 8
55 107 44
31 86 20
6 34 1
2 83 2
18 78 8
34 41 26
2 9 2
55 66 44
109 124 98
59 87 50
56 119 56
8 75 8
80 94 80
49 58 38
109 123 98
16 86 8
14 119 14
2 19 2
48 92 38
14 124 14
6 21 1
22 89 14
52 84 44
20 69 20
92 103 92
76 87 68
32 64 32
4 28 1
112 116 104
67 70 56
14 74 14
74 123 74
3 50 1
46 82 38
32 86 32
22 122 14
15 63 8
56 94 56
2 22 2
9 58 2
47 105 38
27 33 20
55 75 44
17 57 8
39 114 32
8 14 8
44 60 44
23 68 14
65 91 56
60 77 50
111 117 104
109 126 98
46 122 38
31 92 20
46 92 38
33 58 26
34 102 26
109 120 98
54 100 44
65 107 56
39 83 32
60 113 50
35 45 26
19 20 8
15 104 8
1 72 1
2 80 2
19 113 8
52 80 44
50 60 50
38 75 38
81 109 74
15 37 8
92 123 92
36 83 26
73 105 62
34 67 26
14 71 14
53 115 44
90 95 80
3 106 1
20 80 20
26 81 26
110 127 110
8 55 8
37 102 26
14 58 14
64 79 56
51 69 44
73 75 62
2 36 2
6 29 1
60 116 50
30 56 20
62 95 62
97 98 86
3 36 1
34 81 26
19 111 8
40 85 32
29 82 20
82 112 74
40 76 32
95 113 86
74 83 74
108 110 98
18 32 8
92 113 92
86 120 86
63 84 56
26 126 26
69 120 62
96 119 86
55 104 44
29 126 20
14 68 14
32 125 32
45 103 38
14 80 14
36 45 26
41 70 32
82 87 74
20 106 20
15 62 8
21 101 14
52 57 44
52 123 44
42 114 32
63 78 56
20 115 20
64 116 56
28 100 20
31 61 20
82 117 74
108 111 98
51 112 44
26 73 26
14 34 14
44 90 44
103 110 92
44 73 44
1 19 1
49 108 38
32 71 32
25 65 14
33 101 26
13 84 2
10 80 2
28 40 20
75 116 68
8 32 8
75 104 68
63 108 56
8 28 8
26 78 26
1 123 1
16 77 8
31 46 20
100 115 92
102 120 92
32 85 32
82 123 74
98 124 98
96 114 86
67 76 56
39 84 32
44 84 44
28 109 20
14 73 14
33 76 26
47 127 38
56 92 56
44 80 44
9 124 2
38 68 38
27 122 20
20 63 20
74 97 74
46 116 38
31 62 20
50 94 50
14 32 14
10 75 2
54 116 44
51 121 44
36 66 26
5 15 1
13 65 2
18 74 8
23 95 14
84 106 74
65 122 56
112 122 104
31 39 20
50 119 50
16 72 8
82 97 74
69 77 62
55 76 44
56 72 56
102 126 92
48 64 38
37 47 26
91 120 80
74 124 74
21 121 14
2 110 2
13 77 2
43 76 32
14 93 14
70 123 62
26 104 26
17 115 8
56 80 56
71 90 62
11 105 2
64 83 56
70 95 62
21 32 14
49 61 38
1 50 1
16 42 8
77 127 68
34 125 26
8 37 8
33 53 26
26 103 26
37 107 26
111 119 104
50 126 50
61 68 50
1 32 1
58 95 50
12 41 2
70 97 62
50 74 50
7 52 1
15 109 8
66 123 56
56 84 56
2 21 2
77 125 68
2 121 2
106 127 98
39 98 32
47 83 38
8 46 8
45 105 38
45 104 38
90 110 80
28 99 20
26 46 26
108 123 98
35 81 26
43 45 32
15 92 8
108 124 98
32 49 32
90 122 80
26 62 26
43 51 32
114 126 104
30 86 20
2 105 2
73 127 62
20 56 20
25 42 14
8 64 8
115 119 104
16 96 8
3 60 1
115 121 104
8 118 8
35 64 26
5 98 1
67 68 56
28 95 20
7 41 1
88 124 80
7 81 1
64 78 56
49 98 38
103 111 92
14 45 14
76 127 68
14 118 14
1 54 1
46 91 38
16 52 8
121 124 110
24 49 14
53 73 44
100 124 92
79 125 68
38 60 38
35 54 26
1 95 1
26 86 26
95 109 86
33 80 26
10 89 2
2 56 2
1 48 1
77 124 68
87 106 80
1 62 1
10 68 2
6 112 1
66 120 56
10 19 2
9 65 2
11 118 2
7 47 1
38 52 38
25 60 14
118 124 110
100 108 92
93 118 86
74 101 74
59 81 50
47 91 38
22 62 14
19 64 8
115 123 104
35 69 26
6 92 1
58 118 50
81 86 74
73 107 62
56 73 56
94 103 86
59 125 50
57 85 50
69 124 62
28 94 20
72 100 62
4 59 1
32 73 32
87 124 80
90 116 80
86 109 86
85 126 74
61 75 50
4 89 1
18 65 8
24 86 14
11 43 2
80 98 80
39 52 32
59 64 50
29 63 20
66 101 56
38 111 38
14 67 14
47 103 38
44 94 44
31 47 20
19 100 8
44 85 44
1 31 1
102 127 92
20 118 20
21 47 14
45 50 38
5 102 1
72 108 62
14 39 14
21 75 14
62 83 62
29 57 20
37 100 26
32 39 32
98 118 98
65 98 56
76 114 68
95 105 86
19 72 8
46 87 38
2 17 2
52 93 44
77 111 68
20 82 20
107 123 98
18 70 8
39 97 32
90 127 80
101 112 92
108 125 98
99 122 92
47 126 38
56 123 56
50 111 50
9 117 2
14 110 14
27 104 20
18 52 8
31 117 20
36 88 26
44 63 44
80 95 80
65 96 56
90 94 80
2 114 2
11 73 2
9 25 2
72 83 62
47 110 38
9 119 2
18 92 8
68 127 68
42 68 32
10 83 2
11 18 2
83 109 74
5 125 1
49 70 38
64 87 56
8 122 8
73 98 62
20 40 20
26 112 26
74 93 74
3 64 1
74 121 74
82 88 74
41 56 32
43 57 32
61 123 50
70 98 62
50 101 50
59 73 50
44 57 44
53 92 44
2 48 2
52 59 44
71 111 62
56 74 56
102 121 92
100 117 92
74 119 74
85 116 74
29 127 20
93 114 86
58 120 50
22 27 14
5 60 1
94 118 86
62 82 62
38 108 38
20 109 20
8 113 8
25 86 14
36 72 26
75 118 68
14 106 14
14 50 14
68 80 68
59 62 50
30 44 20
6 32 1
106 118 98
76 104 68
83 114 74
44 54 44
71 76 62
35 56 26
52 97 44
101 123 92
41 80 32
1 22 1
19 57 8
1 26 1
63 96 56
27 119 20
7 33 1
26 53 26
11 49 2
29 75 20
21 113 14
17 69 8
64 88 56
51 60 44
112 118 104
8 109 8
38 72 38
53 126 44
78 97 68
49 95 38
44 82 44
16 73 8
24 111 14
70 78 62
21 119 14
58 91 50
75 105 68
48 121 38
114 118 104
38 76 38
104 113 104
105 112 98
65 75 56
17 59 8
36 44 26
54 82 44
58 74 50
90 113 80
5 67 1
86 106 86
54 125 44
51 107 44
84 105 74
48 127 38
12 62 2
50 124 50
42 76 32
4 84 1
42 86 32
30 71 20
10 111 2
85 92 74
5 127 1
36 99 26
5 64 1
14 64 14
55 112 44
113 125 104
2 35 2
2 81 2
41 65 32
29 115 20
6 108 1
16 74 8
92 117 92
45 85 38
48 100 38
26 88 26
45 79 38
31 45 20
60 90 50
32 50 32
88 94 80
50 59 50
23 50 14
71 77 62
72 124 62
5 66 1
14 56 14
73 106 62
43 65 32
62 72 62
20 124 20
97 113 86
73 77 62
59 82 50
38 80 38
43 54 32
41 118 32
38 55 38
21 54 14
47 63 38
45 65 38
87 125 80
17 45 8
102 116 92
72 111 62
6 110 1
37 113 26
71 122 62
22 92 14
25 54 14
85 124 74
79 123 68
63 81 56
44 69 44
96 111 86
78 125 68
13 100 2
59 101 50
38 127 38
56 88 56
101 106 92
34 96 26
52 111 44
111 123 104
23 85 14
8 44 8
100 104 92
74 96 74
13 14 2
9 21 2
56 96 56
7 30 1
66 85 56
111 120 104
12 26 2
60 85 50
86 116 86
54 111 44
11 36 2
47 111 38
55 121 44
99 105 92
80 99 80
70 113 62
79 104 68
41 89 32
18 123 8
104 110 104
112 126 104
39 56 32
32 102 32
16 25 8
25 80 14
16 93 8
17 78 8
71 107 62
1 40 1
30 124 20
16 111 8
106 122 98
8 30 8
90 102 80
49 76 38
50 58 50
62 123 62
28 114 20
6 88 1
22 116 14
43 56 32
32 113 32
3 124 1
60 122 50
61 71 50
6 41 1
23 107 14
71 103 62
102 123 92
49 115 38
111 125 104
70 74 62
61 100 50
44 68 44
33 93 26
33 92 26
41 45 32
62 71 62
30 115 20
7 123 1
42 83 32
26 51 26
31 118 20
31 80 20
50 127 50
111 118 104
39 85 32
20 117 20
10 31 2
8 67 8
77 119 68
50 114 50
41 115 32
42 122 32
98 115 98
8 86 8
21 51 14
75 119 68
1 79 1
104 121 104
7 99 1
52 119 44
25 39 14
40 75 32
24 57 14
49 109 38
33 103 26
56 82 56
42 92 32
66 73 56
44 66 44
35 67 26
24 100 14
87 108 80
52 58 44
22 117 14
81 100 74
62 90 62
31 77 20
42 115 32
109 117 98
30 66 20
3 126 1
8 51 8
12 31 2
28 86 20
46 120 38
11 97 2
49 122 38
88 92 80
1 68 1
35 85 26
27 105 20
47 73 38
67 107 56
63 105 56
30 33 20
68 122 68
8 72 8
20 100 20
45 92 38
53 86 44
8 106 8
13 71 2
110 118 110
89 123 80
18 103 8
20 91 20
25 125 14
26 90 26
19 58 8
76 82 68
60 105 50
81 124 74
18 96 8
95 119 86
54 113 44
89 111 80
4 17 1
25 58 14
13 72 2
8 36 8
18 90 8
26 113 26
38 47 38
54 73 44
67 94 56
16 85 8
65 80 56
5 26 1
88 118 80
26 48 26
84 110 74
56 65 56
2 20 2
101 116 92
39 104 32
32 84 32
65 120 56
28 77 20
27 53 20
15 116 8
81 111 74
19 50 8
32 51 32
56 78 56
16 124 8
55 114 44
40 53 32
63 122 56
5 42 1
84 102 74
36 86 26
35 92 26
76 92 68
32 88 32
38 100 38
10 85 2
21 48 14
73 102 62
84 122 74
34 72 26
11 79 2
63 79 56
59 91 50
33 87 26
14 66 14
48 54 38
46 118 38
50 71 50
10 32 2
52 60 44
55 108 44
89 92 80
13 68 2
25 45 14
64 92 56
3 123 1
29 102 20
70 109 62
80 114 80
89 125 80
2 42 2
1 105 1
15 119 8
53 63 44
93 111 86
102 111 92
41 73 32
27 40 20
91 105 80
34 98 26
77 105 68
1 74 1
38 124 38
43 116 32
6 24 1
51 80 44
33 43 26
10 115 2
10 54 2
87 104 80
9 75 2
57 108 50
28 44 20
61 84 50
23 90 14
4 72 1
64 123 56
20 110 20
32 59 32
31 98 20
6 17 1
43 110 32
100 116 92
16 56 8
31 53 20
26 123 26
29 112 20
87 120 80
4 100 1
18 21 8
22 33 14
49 83 38
13 89 2
33 64 26
61 119 50
37 92 26
9 108 2
53 77 44
99 107 92
26 116 26
109 114 98
5 20 1
71 98 62
27 56 20
35 77 26
20 111 20
5 43 1
40 86 32
35 98 26
71 115 62
19 33 8
14 97 14
10 94 2
1 100 1
7 115 1
7 104 1
83 120 74
23 126 14
50 70 50
92 115 92
7 31 1
44 113 44
6 98 1
11 127 2
56 118 56
29 92 20
24 69 14
7 107 1
47 115 38
28 101 20
62 79 62
13 43 2
99 114 92
35 59 26
43 48 32
101 107 92
61 104 50
23 29 14
99 121 92
38 66 38
61 69 50
84 90 74
40 74 32
8 41 8
91 106 80
50 91 50
96 125 86
3 56 1
51 77 44
44 119 44
9 112 2
20 92 20
27 38 20
37 90 26
33 112 26
44 65 44
81 116 74
19 45 8
77 97 68
6 102 1
71 102 62
49 53 38
20 108 20
83 113 74
42 103 32
79 81 68
39 57 32
6 123 1
83 90 74
21 85 14
57 98 50
12 67 2
49 111 38
38 106 38
38 126 38
83 115 74
40 127 32
80 105 80
16 70 8
98 127 98
47 60 38
60 121 50
32 48 32
6 116 1
26 76 26
62 84 62
56 63 56
45 71 38
6 82 1
2 96 2
28 39 20
20 123 20
52 76 44
12 71 2
97 103 86
36 114 26
64 107 56
72 84 62
35 90 26
16 37 8
24 41 14
60 91 50
38 45 38
11 34 2
75 106 68
15 60 8
6 86 1
2 33 2
29 118 20
38 99 38
44 105 44
88 120 80
39 44 32
9 94 2
29 33 20
6 61 1
12 126 2
7 9 1
11 121 2
87 100 80
11 53 2
99 126 92
17 53 8
44 58 44
37 46 26
24 93 14
92 125 92
24 79 14
83 101 74
14 47 14
62 81 62
120 125 110
86 102 86
40 82 32
33 97 26
38 73 38
94 104 86
92 108 92
40 69 32
45 78 38
74 95 74
10 35 2
25 92 14
116 126 116
73 104 62
17 34 8
2 117 2
113 120 104
71 120 62
20 65 20
89 109 80
43 106 32
89 104 80
34 95 26
44 86 44
10 112 2
1 69 1
108 127 98
26 87 26
14 40 14
46 109 38
73 85 62
38 107 38
1 41 1
42 109 32
70 106 62
50 110 50
36 56 26
2 65 2
43 87 32
25 88 14
35 88 26
40 60 32
91 115 80
60 101 50
78 107 68
70 117 62
103 120 92
32 110 32
83 118 74
3 74 1
31 96 20
32 108 32
36 108 26
8 38 8
19 118 8
57 101 50
21 31 14
20 48 20
53 120 44
67 98 56
9 118 2
16 58 8
112 117 104
12 107 2
41 121 32
11 103 2
39 69 32
38 49 38
58 63 50
5 118 1
107 116 98
27 39 20
40 111 32
90 111 80
56 90 56
73 99 62
81 105 74
58 110 50
72 115 62
113 117 104
43 95 32
14 122 14
62 77 62
21 62 14
65 87 56
95 114 86
71 124 62
11 126 2
1 15 1
64 93 56
9 91 2
65 85 56
69 83 62
55 93 44
67 124 56
57 67 50
81 99 74
65 89 56
66 92 56
77 120 68
93 99 86
103 121 92
48 51 38
18 122 8
41 107 32
5 31 1
56 62 56
55 80 44
2 14 2
62 110 62
83 97 74
24 76 14
68 75 68
32 80 32
21 70 14
29 43 20
28 55 20
25 53 14
42 58 32
80 116 80
68 84 68
15 106 8
37 40 26
1 119 1
44 72 44
30 83 20
6 105 1
6 73 1
18 66 8
14 107 14
26 80 26
77 118 68
49 86 38
62 125 62
12 72 2
9 30 2
33 52 26
92 118 92
54 85 44
27 77 20
56 67 56
28 74 20
86 114 86
14 109 14
71 97 62
12 40 2
14 82 14
11 125 2
9 31 2
38 83 38
60 65 50
43 83 32
20 120 20
15 71 8
12 42 2
5 41 1
32 60 32
32 47 32
56 86 56
71 121 62
6 19 1
17 63 8
39 106 32
6 10 1
93 100 86
23 84 14
65 92 56
35 108 26
13 50 2
20 28 20
4 86 1
2 92 2
31 66 20
26 92 26
14 79 14
67 84 56
44 62 44
92 114 92
29 59 20
20 52 20
120 123 110
24 104 14
41 62 32
44 116 44
98 109 98
52 108 44
104 120 104
87 119 80
32 58 32
55 60 44
82 114 74
33 107 26
1 84 1
32 105 32
96 99 86
2 53 2
25 110 14
28 98 20
14 95 14
58 81 50
13 59 2
97 122 86
95 118 86
32 87 32
92 119 92
19 102 8
46 121 38
99 117 92
68 110 68
20 105 20
1 106 1
96 115 86
90 105 80
4 38 1
107 114 98
111 126 104
2 37 2
46 125 38
24 117 14
62 76 62
28 122 20
60 98 50
80 96 80
11 120 2
94 107 86
71 123 62
2 111 2
59 86 50
40 78 32
121 125 110
48 80 38
106 111 98
22 55 14
34 93 26
10 58 2
49 99 38
64 95 56
86 101 86
59 99 50
5 104 1
32 41 32
55 125 44
59 105 50
74 122 74
49 116 38
24 34 14
91 99 80
71 84 62
11 101 2
75 123 68
16 36 8
21 49 14
