256 6352
128 248 1
62 177 127
65 227 227
147 216 227
22 59 227
98 150 227
172 235 147
149 172 127
1 33 1
180 197 1
108 111 1
169 198 127
54 68 227
1 188 1
32 204 204
62 107 62
142 183 1
14 87 227
173 256 1
57 244 127
6 70 93
1 102 1
51 167 165
36 113 1
157 215 215
66 166 127
230 245 5
45 50 127
1 10 1
155 193 1
35 217 1
17 256 114
16 55 197
134 138 1
73 242 147
17 131 190
1 75 1
17 25 127
93 212 93
87 184 227
45 54 127
28 71 127
127 222 127
88 97 127
38 51 215
64 140 1
45 110 147
17 33 227
21 76 17
1 215 1
112 171 147
227 254 227
56 69 142
63 75 112
35 65 1
105 168 227
180 253 1
83 243 1
178 226 114
44 136 136
58 236 114
147 196 147
91 228 91
37 72 127
193 247 247
85 215 215
187 189 196
123 236 114
7 111 1
227 244 227
36 104 1
117 144 114
168 173 1
89 178 178
81 237 5
100 229 1
66 149 91
207 227 227
151 236 127
40 91 127
36 222 1
71 79 127
161 166 227
6 93 93
102 235 215
31 127 127
61 107 127
156 164 127
226 233 1
29 44 44
123 150 227
69 244 1
89 187 89
114 147 147
42 227 227
188 195 1
118 213 1
8 52 227
245 255 1
93 247 227
209 225 1
103 155 142
109 154 227
176 241 1
101 127 127
102 162 147
154 227 227
89 229 147
131 222 127
155 255 142
116 202 147
16 125 197
108 190 114
36 83 1
248 254 127
14 116 63
129 134 1
166 238 127
4 60 147
172 204 127
102 192 1
198 220 170
114 205 114
213 218 213
64 245 5
33 54 227
23 194 1
163 253 1
157 246 127
29 231 227
119 235 127
119 142 1
44 239 44
23 162 147
197 226 197
97 153 227
155 242 1
114 178 114
37 108 127
21 255 1
111 200 1
110 244 127
147 245 147
83 132 1
74 190 190
69 233 1
167 173 1
150 215 227
91 122 91
46 50 91
61 213 213
1 78 1
1 224 1
123 169 114
83 195 1
141 203 1
13 245 1
6 55 227
42 106 1
37 76 127
71 227 227
8 185 227
198 211 91
69 208 1
214 219 1
220 227 227
18 104 227
11 45 5
45 137 147
1 18 1
73 181 147
20 153 1
25 228 25
85 133 147
54 214 127
5 11 5
130 252 1
28 181 147
1 232 1
107 131 127
151 221 227
81 126 147
16 189 197
22 87 227
103 213 1
3 187 1
84 149 211
30 150 227
167 202 165
56 133 1
150 220 227
109 144 227
135 176 215
20 229 1
121 229 147
89 193 227
130 232 1
147 157 147
46 71 91
25 241 1
66 250 91
1 70 1
118 209 255
207 241 1
72 214 214
93 207 227
12 176 147
5 147 147
65 190 65
1 197 1
98 202 165
184 189 126
3 77 1
48 61 1
79 141 147
31 109 227
127 187 127
15 127 127
110 147 147
75 135 147
80 239 227
73 206 147
10 117 178
60 197 147
222 227 227
37 74 127
103 123 1
21 107 127
4 141 141
120 156 127
14 188 1
64 185 185
220 228 62
1 223 1
118 153 1
157 180 1
34 141 227
13 39 1
1 249 1
3 234 1
72 74 147
39 231 227
72 191 1
198 244 170
104 212 227
17 182 147
22 210 227
81 139 60
89 197 197
120 245 147
31 142 1
82 113 215
11 135 147
70 123 227
25 137 127
187 200 127
158 248 127
5 40 127
24 94 197
69 255 142
13 64 1
2 230 230
36 164 1
86 255 1
37 77 127
32 126 127
69 106 142
25 213 127
167 227 227
127 207 127
1 120 1
106 173 1
76 127 127
3 183 1
171 244 127
35 245 1
184 227 227
57 209 1
14 194 1
165 229 165
39 249 227
195 208 1
33 138 1
35 113 1
30 165 227
152 177 147
132 174 91
60 161 227
1 110 1
60 115 1
94 163 197
29 112 112
117 169 178
132 133 127
91 244 91
47 234 112
109 190 227
179 186 147
43 193 193
32 207 174
52 188 1
20 52 1
74 154 114
12 75 147
99 242 1
71 125 127
78 227 227
65 131 65
1 201 1
8 215 227
62 184 127
187 196 196
107 210 127
99 100 1
62 232 1
42 131 114
25 192 1
113 208 1
59 60 5
138 142 142
147 242 147
227 240 227
73 188 1
70 110 227
126 182 147
183 233 1
191 241 1
54 218 54
19 71 127
42 137 147
81 239 147
46 80 227
87 249 93
222 228 62
46 194 1
73 124 147
114 181 114
1 113 1
118 188 1
68 217 227
95 152 127
155 184 1
60 254 127
108 132 127
45 136 147
205 211 127
211 229 127
207 214 127
41 214 147
40 145 127
167 182 182
137 244 127
63 243 1
52 196 147
50 222 91
74 131 190
90 177 215
1 34 1
54 59 127
16 89 197
201 213 213
37 119 127
147 222 127
40 206 127
171 205 171
212 241 1
207 247 227
10 206 126
177 239 147
181 236 114
59 72 147
64 95 127
153 246 227
168 210 213
44 237 147
141 238 127
1 132 1
8 117 227
69 129 142
5 113 147
1 190 1
24 168 127
29 99 1
109 249 93
173 253 1
144 182 147
65 224 65
105 122 227
81 252 1
227 250 227
65 86 65
74 224 190
12 165 147
108 121 114
182 229 182
150 178 227
189 197 197
189 230 147
29 220 127
107 110 127
43 162 227
164 254 213
73 125 147
57 72 57
124 189 147
92 157 147
52 227 227
5 82 147
116 179 116
101 151 127
56 179 1
100 248 1
15 184 127
20 182 1
129 196 1
13 110 1
18 72 147
69 142 142
18 131 65
211 217 227
19 163 127
45 230 5
64 237 5
14 79 136
8 123 227
224 242 242
85 170 127
169 189 126
19 40 127
198 236 127
94 226 197
27 57 1
30 142 1
25 207 62
127 139 127
40 83 1
131 143 143
42 147 147
81 168 127
127 192 1
41 187 114
61 165 127
196 256 126
42 231 227
174 228 62
79 116 136
1 46 1
155 203 1
9 75 1
198 204 170
114 209 1
30 187 227
42 183 1
44 59 147
178 242 114
145 213 213
94 144 197
94 165 147
43 46 227
39 244 227
4 46 127
144 149 127
27 191 1
127 225 127
15 181 127
5 114 147
115 138 115
40 246 151
17 227 227
75 116 112
77 145 77
133 147 147
58 181 17
4 86 141
19 166 127
42 44 147
7 167 215
14 185 147
94 156 127
1 156 1
81 136 147
69 182 1
82 147 147
1 3 1
25 157 127
91 211 91
63 82 147
108 123 108
25 220 62
8 231 231
92 214 147
43 181 227
65 185 147
86 100 1
114 190 114
35 183 1
99 206 1
2 77 127
30 91 227
23 245 147
102 225 215
161 190 227
25 200 91
38 47 147
51 75 147
33 235 227
60 141 147
167 237 147
11 119 127
35 103 209
107 170 62
175 227 227
96 248 127
52 54 127
35 122 1
24 169 126
76 169 114
57 178 147
24 189 189
12 227 227
151 230 127
97 147 147
18 66 127
56 104 1
170 204 170
37 43 227
31 200 127
74 157 147
102 127 127
64 81 5
160 236 114
81 85 147
45 60 5
161 218 227
18 134 65
68 179 227
105 140 1
20 203 1
26 189 126
28 217 227
183 207 1
136 179 136
192 233 1
33 233 1
160 187 196
171 206 114
17 101 127
57 73 57
85 165 165
78 101 127
150 208 1
131 245 147
48 225 1
1 153 1
147 162 147
31 217 227
12 33 227
96 114 127
75 136 112
223 225 127
125 170 127
26 54 127
127 227 227
32 203 1
96 201 213
227 238 227
47 217 227
100 256 1
6 192 1
23 69 1
158 183 1
43 206 227
173 250 1
15 46 91
119 250 127
151 242 127
26 231 227
92 192 1
148 202 165
131 211 127
33 94 227
67 162 112
25 197 127
159 202 127
51 202 165
15 198 91
67 108 147
125 236 114
203 243 243
182 254 127
68 225 227
13 129 255
29 137 112
177 189 147
10 189 126
89 196 89
66 170 91
210 227 227
173 246 1
123 233 1
152 200 127
22 247 227
136 196 147
60 164 127
73 215 215
190 236 114
139 186 147
44 162 112
101 227 227
49 227 227
8 195 1
14 161 227
91 227 227
58 190 190
144 157 147
139 200 127
53 114 127
117 224 114
8 212 93
1 221 1
25 233 1
158 227 227
57 135 57
84 109 227
144 252 1
104 134 227
109 256 227
6 110 227
182 210 127
26 201 127
53 60 127
8 241 1
92 167 147
8 68 93
178 210 127
114 251 114
103 215 1
79 110 147
47 239 112
34 58 227
29 189 147
33 163 227
35 48 142
97 176 97
49 54 127
86 141 141
180 221 1
55 161 227
56 142 142
47 231 227
21 174 127
1 123 1
96 119 54
95 254 213
34 94 227
82 139 147
92 175 114
14 82 147
72 254 127
207 228 62
37 93 227
87 114 227
66 205 127
53 202 127
175 253 1
2 158 127
15 226 127
7 40 127
90 136 147
130 164 127
9 185 1
70 104 227
44 227 227
121 240 190
148 229 120
37 256 127
57 147 147
190 247 227
29 174 127
39 125 227
12 85 147
140 182 1
85 110 110
26 152 147
2 102 147
8 103 1
195 205 1
226 251 114
127 181 127
94 131 197
51 227 227
53 75 127
4 54 127
206 227 227
112 136 112
67 79 136
4 16 197
127 135 127
2 245 5
11 167 147
16 205 197
42 89 89
54 135 127
47 235 147
47 179 112
119 141 127
165 167 165
22 221 227
84 243 1
156 238 127
50 78 127
23 42 169
27 33 1
22 161 227
22 139 227
99 253 1
51 146 127
149 163 127
26 217 227
2 120 147
173 187 1
140 199 27
41 140 1
104 181 227
116 127 127
69 209 142
175 224 143
60 63 147
28 176 215
78 138 1
113 178 147
188 217 1
31 234 136
127 242 127
126 209 1
152 227 227
75 127 127
29 62 127
169 227 227
55 147 147
132 198 91
30 34 193
128 250 1
1 41 1
1 25 1
13 221 1
44 79 136
131 155 1
16 186 197
7 108 147
16 147 147
51 94 147
209 217 1
171 188 1
62 204 62
73 178 147
106 227 1
32 195 1
108 165 147
20 141 1
96 157 127
38 86 147
72 133 147
126 160 126
12 18 147
118 194 255
170 198 170
206 217 227
53 81 127
42 169 169
90 147 147
102 207 127
1 238 1
1 36 1
90 98 215
138 160 1
79 252 1
153 247 247
12 131 147
167 231 227
95 122 127
204 222 170
114 134 114
98 127 127
7 61 127
6 125 227
165 184 147
230 236 147
188 190 1
88 252 1
9 48 1
145 146 254
214 255 1
110 225 215
103 223 1
46 114 127
183 223 1
126 189 126
11 88 127
146 254 254
77 183 1
147 160 147
10 142 1
213 254 213
94 224 197
84 177 127
153 212 227
104 114 227
12 37 127
210 254 254
6 128 1
53 55 127
89 206 89
44 179 63
67 234 63
28 38 38
54 149 127
57 115 1
160 206 126
95 200 127
193 223 227
46 120 127
53 148 127
125 181 114
32 72 127
11 59 5
25 69 1
243 252 1
1 96 1
62 159 62
70 112 227
1 129 1
199 243 1
77 119 54
117 126 178
37 255 1
84 167 127
202 251 147
176 247 227
98 131 147
98 108 147
155 194 142
147 235 147
115 161 1
227 228 227
77 142 1
46 62 91
93 109 93
45 188 1
15 249 227
62 220 62
4 21 190
13 142 142
28 215 215
89 130 114
173 175 1
55 197 197
32 161 227
217 251 227
165 173 1
35 63 1
50 200 50
48 69 142
126 127 127
31 112 112
38 214 38
102 214 215
57 90 38
6 149 227
114 160 114
6 87 80
128 188 1
214 230 147
14 169 147
114 240 114
12 177 147
161 215 227
70 113 227
63 239 63
34 163 227
113 216 227
116 254 127
5 127 127
70 88 227
30 33 193
4 227 227
43 161 227
26 57 147
57 130 147
3 83 1
78 109 227
4 181 190
55 75 147
204 207 174
45 59 59
97 206 147
76 107 127
54 119 54
71 135 127
35 133 1
1 176 1
37 116 127
33 75 227
194 206 1
94 196 197
14 234 152
54 160 127
37 248 127
38 184 147
40 228 127
227 247 227
221 227 227
76 185 147
141 222 127
1 178 1
73 217 227
117 196 178
37 180 1
182 203 1
37 95 127
9 137 1
115 142 142
36 47 1
9 92 1
80 200 227
10 256 126
14 63 63
92 95 127
85 174 127
24 241 1
26 169 126
1 237 1
149 159 91
2 52 147
35 69 142
80 227 227
33 155 1
20 243 1
69 132 1
80 190 227
44 57 147
89 141 114
163 201 127
80 108 227
88 145 127
118 138 255
126 227 227
199 219 27
10 126 126
23 50 127
121 123 114
114 125 114
6 178 227
149 181 127
19 102 127
225 231 227
31 86 147
55 226 114
58 89 114
107 181 127
21 94 197
47 244 127
72 112 147
116 194 1
70 233 1
34 120 227
185 189 147
6 150 227
133 218 127
163 206 114
99 145 1
124 156 127
234 236 147
117 223 127
165 246 127
193 221 227
48 120 1
127 190 127
127 224 127
14 152 152
45 130 147
59 153 227
164 218 213
178 195 1
1 48 1
23 187 126
137 195 1
11 43 227
1 14 1
7 208 1
8 32 227
127 246 127
11 156 127
43 135 227
1 149 1
25 88 127
39 224 227
152 179 63
48 228 1
7 235 235
1 251 1
13 193 1
1 195 1
117 127 127
111 157 1
111 225 1
1 37 1
30 43 30
164 213 213
36 130 1
54 222 127
127 254 127
20 104 1
44 50 127
65 85 147
42 138 1
45 159 127
105 226 227
31 43 227
31 163 147
44 126 147
117 183 1
103 111 209
69 155 155
173 189 1
40 64 127
12 141 147
55 128 1
4 58 190
143 154 114
62 189 127
8 118 1
97 105 227
142 216 1
64 171 147
100 198 1
108 147 147
154 186 171
12 178 147
66 98 127
49 120 120
213 255 1
11 39 227
57 92 147
140 244 1
68 219 1
7 85 215
95 179 127
37 46 127
187 256 126
69 229 1
234 241 1
248 253 1
2 92 147
82 129 1
73 197 147
137 162 162
104 168 227
80 204 227
41 121 114
31 44 136
44 234 44
152 184 147
43 113 227
37 234 127
34 234 227
125 172 41
16 187 197
166 213 127
167 215 215
117 206 178
31 124 147
82 120 215
39 182 227
194 255 255
123 152 147
127 133 127
24 98 147
4 147 147
25 244 62
25 168 127
182 250 127
10 184 126
42 57 147
67 210 127
128 235 1
1 27 1
17 121 17
217 227 227
168 243 1
14 242 147
39 247 247
6 244 227
127 136 127
64 141 147
92 198 127
135 201 127
48 56 142
14 139 147
32 200 91
166 227 227
81 152 147
17 18 65
56 132 1
163 218 127
142 208 1
51 154 147
134 186 114
74 236 114
86 240 190
143 236 114
94 108 197
115 171 1
153 221 227
3 9 1
85 146 127
62 86 127
44 132 127
24 42 126
171 242 114
5 197 147
140 179 1
119 146 54
127 164 127
44 116 63
22 250 227
40 196 127
68 214 227
1 62 1
40 158 127
5 246 127
80 244 227
79 191 1
107 136 127
79 179 136
13 115 255
127 239 127
105 182 227
134 143 190
73 81 147
81 230 60
225 244 127
88 161 227
149 203 1
72 106 1
152 223 127
26 171 114
28 135 73
159 220 62
105 202 227
23 160 126
7 135 215
12 139 147
4 133 190
167 207 127
98 165 165
94 206 197
239 244 127
83 118 1
105 227 227
79 162 112
129 203 1
16 27 1
16 183 1
5 176 147
197 205 197
31 246 127
213 227 227
240 251 114
17 248 127
160 184 126
66 68 227
28 125 147
154 233 1
149 250 250
62 170 62
159 252 1
43 213 227
70 154 227
118 225 1
85 212 227
21 213 127
47 227 227
106 155 142
16 202 147
175 242 143
137 179 112
24 184 126
66 256 127
155 204 1
20 107 1
136 162 112
72 183 1
51 91 127
43 232 1
104 105 104
127 165 127
223 235 127
1 140 1
74 240 190
63 144 147
70 253 1
44 127 127
246 256 127
9 14 1
113 225 215
147 175 147
1 222 1
107 220 62
12 135 147
106 127 1
59 84 127
77 168 213
176 234 147
127 238 127
139 237 5
136 146 127
162 254 127
109 221 93
72 147 147
195 219 1
147 167 147
97 227 227
49 159 127
126 236 114
168 211 127
22 31 227
10 24 126
218 254 254
138 236 1
106 172 1
69 104 1
1 214 1
1 227 1
148 172 147
1 101 1
4 144 190
113 211 127
143 189 114
134 144 144
41 132 127
67 147 147
52 235 215
51 76 147
29 127 127
87 251 227
50 126 127
146 224 127
53 122 91
147 185 147
3 36 1
6 7 227
109 147 227
16 126 197
70 93 93
82 127 127
107 204 62
82 225 82
130 210 127
168 227 227
83 189 1
33 43 193
174 198 170
37 245 127
19 164 213
14 122 127
32 86 127
70 131 227
129 139 1
59 230 5
95 218 213
99 188 99
27 203 1
103 209 209
17 195 1
105 118 1
12 147 147
122 227 227
98 209 1
85 236 147
146 158 127
100 241 100
50 181 127
12 202 147
40 183 1
45 147 147
123 157 147
89 234 147
187 197 197
22 33 227
85 127 127
129 189 1
62 207 62
11 124 5
16 190 197
66 95 127
133 225 147
86 143 143
125 189 114
127 215 127
8 25 227
213 226 127
126 169 126
28 172 147
103 106 209
86 101 127
161 221 227
61 73 127
48 177 1
170 213 127
133 137 147
33 144 227
130 140 1
99 156 1
111 176 1
122 133 127
15 98 127
96 164 213
7 148 215
8 252 1
10 78 147
87 150 227
125 191 1
26 183 1
127 200 127
28 127 127
70 95 227
49 195 1
104 239 227
141 184 114
145 201 213
116 250 127
80 147 227
9 169 1
73 135 73
192 250 1
1 83 1
131 147 147
39 217 193
73 251 147
14 189 147
36 60 1
133 223 127
94 223 127
105 231 227
121 186 114
67 177 147
108 144 114
24 73 147
47 118 1
1 106 1
40 127 127
76 113 147
76 227 227
88 245 127
183 239 1
86 209 1
41 123 171
108 117 114
9 228 1
6 44 227
152 154 147
151 246 151
192 241 1
148 153 227
206 239 147
4 94 197
30 144 227
53 127 127
124 250 127
54 88 127
38 53 127
114 196 114
80 124 227
93 224 227
28 91 127
127 188 1
130 161 227
237 238 127
177 230 147
134 171 114
65 116 147
222 247 227
126 177 147
74 75 147
47 64 147
40 61 127
1 248 1
14 29 44
164 230 127
81 146 127
12 125 147
50 63 127
73 226 147
86 248 127
17 224 190
187 215 147
8 22 227
58 73 147
5 67 147
72 125 147
78 165 165
84 251 127
49 85 85
85 177 110
59 245 59
54 213 213
61 146 213
5 60 5
33 193 193
49 129 1
95 227 227
123 199 1
69 111 142
13 59 1
156 246 127
150 153 227
187 245 147
33 229 227
201 238 127
53 222 91
133 143 190
119 236 127
239 240 147
25 132 91
86 201 127
1 225 1
112 179 112
31 136 136
79 194 1
93 228 227
76 234 147
65 242 65
177 215 215
27 64 1
13 141 1
17 144 17
121 133 190
141 236 114
71 127 127
106 116 1
21 240 190
99 138 1
147 225 147
76 211 127
80 177 227
158 216 227
215 235 215
118 207 1
22 123 227
17 141 190
72 107 127
156 160 127
18 236 114
71 106 1
17 21 17
59 185 5
57 160 147
83 99 1
125 206 114
90 135 38
134 185 147
18 96 127
109 242 227
67 209 1
39 206 227
125 192 1
131 190 190
75 207 127
16 108 197
97 225 215
78 249 227
37 73 127
130 163 171
65 71 127
58 76 17
7 233 1
230 250 127
159 244 62
37 47 127
46 244 91
51 165 165
54 164 213
59 252 1
210 252 1
7 17 147
121 250 127
160 221 227
7 256 147
1 42 1
59 120 147
65 197 197
78 233 1
17 29 147
63 136 136
22 71 227
129 197 1
107 138 1
46 137 127
54 127 127
56 160 1
131 240 190
60 218 127
48 236 1
142 214 1
52 73 38
43 235 227
7 32 127
1 71 1
26 147 147
27 128 1
79 170 127
6 104 227
65 230 147
80 226 227
79 124 147
69 234 1
51 114 147
131 224 143
89 92 89
29 203 1
197 231 227
122 181 127
10 60 147
63 116 63
36 214 1
59 215 147
201 239 127
102 110 215
132 181 127
80 118 1
143 150 227
30 207 227
200 236 127
87 109 109
69 121 1
169 240 114
81 149 127
51 159 127
129 209 255
37 48 1
60 140 1
25 251 127
21 166 127
16 32 127
110 120 110
38 182 215
126 226 114
114 227 227
109 150 227
78 202 165
16 114 197
43 231 227
77 85 127
7 82 215
82 96 127
227 231 227
107 148 127
58 230 147
123 186 186
56 103 255
211 253 1
234 237 147
26 110 147
69 192 1
180 181 1
8 80 93
42 219 1
94 134 197
138 158 1
121 127 127
31 181 147
81 197 147
94 251 197
48 193 1
147 197 147
78 98 120
25 62 62
131 175 143
215 232 1
105 217 193
13 215 1
59 171 147
96 133 127
59 157 147
23 24 126
163 171 171
152 252 1
65 144 65
1 242 1
48 255 142
173 219 1
15 164 127
102 156 127
171 187 114
49 57 215
118 195 1
48 58 1
36 141 1
8 10 227
4 236 114
69 212 1
86 127 127
106 108 1
122 246 127
45 215 147
113 239 147
108 146 127
172 247 227
42 103 1
27 240 1
158 217 227
67 239 63
116 204 127
46 53 91
1 128 1
196 230 147
10 20 1
43 187 227
58 245 147
70 216 93
123 249 227
140 207 1
73 127 127
169 231 227
153 168 227
71 129 1
136 240 147
37 127 127
24 83 1
82 219 1
49 108 147
63 78 147
1 210 1
149 239 127
70 87 93
37 250 127
13 87 1
28 98 215
114 197 197
242 245 147
82 197 147
111 155 142
24 117 178
98 182 182
65 94 197
27 238 1
125 243 1
166 249 227
4 105 227
21 65 65
55 245 147
148 177 110
132 149 91
83 120 1
69 204 1
110 227 227
156 170 127
46 66 91
178 225 147
131 212 227
160 189 160
20 233 1
135 214 73
179 230 147
74 99 1
26 112 147
233 252 1
10 169 126
61 168 213
213 250 127
100 162 1
12 16 147
12 29 147
161 227 227
32 128 1
147 172 147
123 133 114
1 193 1
44 219 1
67 152 63
58 62 127
142 250 1
57 217 227
147 215 147
39 191 1
107 112 127
163 194 1
26 154 114
142 195 1
98 190 147
85 222 127
16 86 197
102 135 215
69 154 1
63 64 147
146 157 127
1 98 1
131 151 127
12 31 147
98 168 127
128 228 1
26 94 197
69 235 1
140 213 1
172 238 127
17 136 147
78 159 127
86 249 227
47 173 1
26 41 114
125 238 127
8 248 227
1 69 1
83 192 83
68 171 227
68 114 227
119 213 213
101 182 127
176 227 227
5 215 147
45 222 127
105 145 227
30 161 227
48 129 142
147 208 1
118 129 255
132 187 127
68 175 227
58 197 197
59 80 227
83 179 1
159 198 62
128 138 1
19 201 213
147 227 227
150 195 1
71 202 127
21 245 147
175 247 227
10 235 147
24 151 127
59 81 5
21 207 127
27 115 1
132 182 127
37 40 127
32 222 170
73 90 38
114 256 114
68 169 227
9 139 1
198 246 127
111 129 255
120 157 182
124 208 1
75 177 147
135 238 127
72 73 73
34 217 34
114 175 114
22 84 227
158 161 227
198 233 1
1 177 1
62 147 127
115 215 1
55 163 55
68 235 227
3 256 1
70 109 93
183 247 1
227 239 227
33 151 227
12 121 147
16 140 1
49 216 227
137 234 112
186 194 1
26 46 127
92 205 114
106 194 255
19 213 213
44 137 112
38 162 147
99 173 1
15 85 127
196 205 114
1 244 1
64 127 127
49 177 110
144 190 190
54 248 127
91 204 91
88 209 1
42 160 126
42 246 127
11 139 11
82 97 215
178 206 178
148 251 147
10 188 1
200 227 227
32 133 127
83 84 1
147 234 147
183 191 1
60 64 5
152 203 1
139 152 147
56 243 1
80 216 80
16 41 197
13 172 1
21 58 17
101 149 50
171 186 171
87 144 227
185 237 5
28 103 1
175 181 190
144 191 1
203 229 1
66 132 91
156 193 227
79 136 136
19 119 54
13 69 142
46 77 127
19 131 127
143 198 127
116 156 127
198 200 91
128 233 233
1 105 1
138 255 255
52 147 147
11 158 127
63 193 227
31 220 127
79 213 127
147 247 227
40 188 1
114 216 227
113 229 215
38 101 127
71 229 127
82 215 215
10 129 1
61 96 213
50 74 127
169 226 114
139 181 147
24 89 89
189 256 126
56 221 1
114 187 114
29 185 147
13 103 209
7 249 227
152 220 127
176 244 127
120 225 215
3 148 1
67 90 147
195 242 1
94 234 147
30 95 227
181 232 1
111 113 1
107 134 127
199 217 1
3 169 1
19 244 127
14 237 147
33 72 227
90 109 227
1 217 1
41 125 41
131 236 114
36 232 1
69 169 1
1 175 1
14 144 147
13 223 1
5 80 227
98 229 120
37 186 127
24 135 147
170 181 127
22 173 1
136 149 127
211 247 227
39 159 227
89 124 147
131 242 143
210 251 127
21 155 1
127 244 127
28 227 227
198 227 227
127 167 127
36 188 1
16 133 197
26 69 1
68 80 93
86 105 227
72 113 215
5 145 127
120 147 147
86 131 143
103 141 1
183 208 1
43 71 227
113 138 1
219 244 1
201 250 127
135 247 227
88 244 127
1 213 1
15 53 91
108 154 171
37 219 1
32 146 127
137 160 147
66 198 91
152 189 147
138 238 1
70 249 93
169 236 114
77 122 127
65 141 65
201 210 213
15 102 127
57 141 147
123 252 1
113 215 215
99 247 1
28 157 215
151 255 1
1 64 1
144 209 1
134 169 114
29 38 147
174 211 91
249 251 227
18 181 65
135 217 227
92 178 178
120 152 147
52 134 147
63 152 63
185 248 127
22 217 227
220 232 1
168 219 1
112 157 147
123 232 1
21 28 147
187 227 227
167 246 127
92 135 147
206 230 147
1 187 1
47 136 112
105 130 227
221 247 227
76 186 114
16 37 127
205 219 1
8 93 93
53 147 127
102 160 147
25 166 127
82 232 1
191 195 1
138 148 1
5 84 127
151 227 227
14 170 127
39 153 104
46 136 127
147 165 147
55 219 1
183 241 100
186 256 114
45 237 237
69 118 142
13 240 1
5 63 147
51 246 127
118 155 142
121 190 190
178 205 114
137 197 147
2 15 127
212 216 93
5 223 127
85 220 127
19 169 127
165 207 127
46 207 91
158 238 127
56 211 1
8 171 227
1 137 1
63 256 147
27 253 1
57 237 147
46 227 227
137 227 227
109 227 227
168 199 1
195 215 1
88 160 127
114 244 127
39 178 227
70 83 1
1 100 1
41 137 147
221 250 227
34 223 227
64 68 227
154 225 147
206 238 127
37 141 127
22 202 227
4 175 141
81 208 1
232 252 1
5 179 147
162 203 1
151 234 127
142 233 1
119 223 127
91 127 127
125 169 114
122 132 91
105 112 227
65 79 147
127 183 1
88 151 151
181 186 114
33 247 247
126 178 178
51 102 215
41 114 114
30 135 227
185 245 5
97 127 127
10 13 1
41 119 127
27 145 1
34 41 227
49 148 85
129 245 1
44 89 147
164 248 127
138 185 1
45 227 227
23 94 197
78 235 215
125 197 197
78 148 120
29 170 127
121 219 1
153 217 193
63 176 147
1 241 1
42 184 92
48 245 1
102 124 147
174 220 174
72 167 215
43 150 227
108 249 227
175 194 1
107 244 62
125 157 147
55 125 41
39 106 1
137 152 112
42 127 127
173 233 1
88 156 127
12 185 147
136 152 136
65 133 65
127 168 127
149 162 127
53 132 53
60 124 5
156 166 127
203 224 1
94 208 1
57 151 127
147 176 147
11 147 147
22 105 227
32 244 174
126 147 147
97 235 215
68 202 227
145 245 127
105 234 227
105 162 227
183 218 1
86 203 1
14 20 1
31 61 127
56 155 142
15 218 127
23 256 169
119 218 54
23 206 126
171 236 114
171 227 227
150 249 227
10 73 147
253 255 1
81 138 1
127 228 127
185 210 127
1 186 1
15 132 91
46 83 1
169 230 147
13 155 142
54 93 227
44 248 127
144 147 147
60 120 147
52 214 38
70 228 227
23 114 114
36 135 1
67 139 147
171 177 147
107 122 91
103 222 1
129 138 138
26 42 126
84 158 127
145 163 127
127 132 127
58 111 1
55 152 147
181 238 127
125 182 147
78 182 182
165 194 1
152 204 127
177 202 110
25 149 91
34 111 1
108 251 171
27 239 1
227 234 227
42 114 114
13 27 1
1 125 1
35 95 1
44 47 112
120 177 110
46 256 127
41 129 1
80 94 227
39 105 104
123 146 127
39 253 1
55 145 127
121 215 147
21 133 190
51 229 229
199 222 1
55 183 1
55 236 114
66 242 127
17 226 114
64 197 147
179 187 147
64 227 227
64 192 1
52 150 227
114 144 114
143 196 114
24 52 147
58 154 114
115 226 1
102 138 1
123 215 147
50 153 227
27 114 1
164 201 213
179 236 147
58 226 114
69 168 1
205 227 227
84 107 91
227 237 227
26 70 227
1 79 1
2 74 147
47 166 127
204 248 127
9 243 1
197 229 147
77 92 127
123 172 171
37 244 127
102 166 127
184 256 92
174 227 227
1 9 1
83 253 1
1 31 1
73 147 147
38 87 227
60 227 227
51 85 120
4 190 190
133 188 1
133 221 227
33 234 227
35 118 255
65 147 147
16 181 197
46 106 1
114 117 114
121 132 127
73 158 127
173 191 1
109 237 227
39 212 227
1 55 1
76 163 114
51 177 110
209 237 1
42 178 178
140 158 1
167 232 1
112 137 112
126 246 127
54 201 213
1 40 1
93 167 227
2 127 127
32 142 1
172 251 171
29 52 147
181 226 114
115 233 1
100 104 1
53 220 91
1 121 1
147 237 147
120 167 165
94 126 197
73 227 227
47 191 1
12 76 147
83 202 1
75 234 112
10 210 127
75 147 147
144 236 114
84 121 127
133 171 114
29 116 63
227 236 227
165 182 182
127 170 127
63 233 1
34 187 227
57 134 147
147 169 147
7 113 113
1 216 1
97 216 227
25 218 127
219 222 1
34 63 227
36 163 1
112 144 147
31 249 227
22 249 227
127 162 127
14 112 112
6 42 227
82 143 147
36 219 1
194 250 1
15 227 227
11 231 227
142 188 1
94 246 127
104 227 227
110 213 127
1 15 1
156 158 156
60 146 127
18 33 227
13 107 1
1 22 1
1 131 1
236 242 114
36 109 1
29 201 127
28 147 147
80 138 1
1 220 1
90 161 227
55 253 1
96 254 254
169 237 147
93 119 227
46 107 91
47 89 147
113 114 147
18 93 227
8 211 227
43 102 227
46 250 91
7 255 1
109 200 227
94 254 127
32 179 127
25 142 1
89 245 147
1 19 1
121 242 190
61 137 127
91 135 127
88 166 151
103 235 1
1 32 1
34 104 193
1 163 1
79 85 147
197 243 1
203 213 1
196 224 114
84 247 227
159 228 62
133 175 190
29 133 147
46 203 1
178 254 127
186 237 147
51 137 147
7 110 215
246 248 127
115 118 255
135 219 1
113 154 147
3 93 1
71 164 127
173 197 1
50 62 91
43 137 227
147 184 147
6 235 227
122 207 91
67 237 147
1 122 1
114 212 227
112 147 147
74 93 227
205 226 114
12 157 147
204 220 220
3 56 1
127 229 127
42 196 126
41 42 114
24 187 196
65 236 114
61 210 213
207 249 227
56 109 1
136 139 147
166 181 127
112 192 1
18 65 65
1 154 1
170 222 170
64 218 127
173 238 1
143 144 190
5 92 147
22 205 227
47 78 147
94 125 197
119 208 1
98 141 147
53 172 127
47 79 112
200 211 50
42 189 126
150 228 227
49 196 147
156 210 127
21 114 114
91 120 127
53 238 127
1 58 1
104 223 227
108 205 108
22 216 227
39 169 227
147 230 147
50 227 227
79 212 227
23 93 227
220 247 227
17 51 147
173 176 1
87 222 227
116 122 127
100 195 195
137 241 1
86 208 1
34 162 227
170 220 170
76 121 17
62 227 227
1 65 1
14 227 227
121 144 17
7 227 227
102 227 227
129 220 1
24 181 114
63 240 147
117 160 178
48 91 1
119 227 227
239 241 1
28 183 1
86 94 197
60 112 147
127 176 127
121 197 197
5 245 5
11 213 127
1 207 1
61 117 127
33 211 227
11 60 60
45 156 127
181 240 190
6 227 227
34 43 193
16 232 1
108 239 147
229 251 147
3 253 1
101 211 50
18 143 65
224 229 147
11 237 5
43 63 227
72 124 147
18 127 127
26 141 114
117 228 127
150 231 227
180 232 1
16 92 197
141 149 127
56 158 1
9 147 1
91 183 1
144 146 127
124 167 147
8 70 231
154 248 127
29 85 147
138 200 1
16 39 227
37 246 127
42 206 126
64 89 147
189 222 127
35 129 255
55 94 197
165 245 147
238 251 127
160 193 227
31 161 227
106 145 1
90 214 38
75 230 147
23 136 147
227 230 227
68 231 93
120 202 165
130 227 227
197 206 197
211 250 250
70 91 227
112 178 147
65 69 1
97 188 1
23 189 126
17 181 17
16 227 227
76 92 114
153 206 227
186 226 114
19 51 127
168 204 127
180 191 191
113 182 215
61 227 227
159 211 91
71 123 127
98 220 127
108 125 171
202 236 147
114 131 114
1 194 1
56 157 1
2 90 147
84 189 127
153 163 227
47 200 127
57 204 127
38 83 1
109 247 227
62 162 127
91 170 91
16 45 147
81 104 227
115 255 255
163 184 114
144 181 144
11 105 227
14 44 44
46 165 127
43 105 105
38 226 147
111 192 1
63 102 147
41 218 127
75 179 112
129 233 1
42 155 1
21 45 147
39 89 227
78 229 229
43 227 227
127 156 127
1 191 1
3 232 3
20 140 1
147 177 147
91 250 91
86 155 1
4 83 1
70 222 227
135 222 127
48 55 1
21 201 127
10 61 127
6 210 227
41 205 171
10 160 126
10 187 126
131 244 127
1 165 1
1 219 1
31 229 147
146 198 127
200 213 127
38 90 38
130 186 186
74 133 190
147 191 1
62 141 127
48 165 1
79 129 1
98 147 147
51 245 147
78 128 1
51 78 51
4 249 227
6 242 227
19 202 127
26 256 126
138 194 255
11 73 147
7 194 1
110 148 110
80 109 80
13 189 1
108 166 127
18 144 65
234 239 239
49 97 215
29 130 147
185 222 127
120 218 127
60 129 1
157 202 182
24 44 147
77 226 127
70 140 1
37 252 1
32 53 91
19 206 127
30 54 227
64 152 147
109 161 227
3 237 1
2 251 147
234 240 147
40 233 1
147 223 127
15 67 127
64 204 127
197 238 127
58 144 17
157 230 147
2 133 147
172 220 127
38 147 147
192 224 1
3 172 1
32 73 127
97 231 227
84 101 50
48 60 1
21 227 227
1 115 1
85 147 147
66 127 127
121 227 227
29 63 63
156 218 127
35 56 255
136 178 147
197 204 127
16 117 197
1 99 1
50 252 1
17 74 190
131 172 114
65 203 1
20 173 1
60 150 227
6 8 93
162 222 127
1 94 1
12 232 1
120 215 215
4 242 143
69 98 1
57 148 215
156 203 1
44 124 147
64 236 147
110 238 127
137 188 1
182 201 127
54 184 127
52 157 215
19 218 254
34 70 227
215 229 215
26 200 127
25 158 127
26 196 126
83 91 1
18 74 65
8 20 1
1 112 1
146 204 127
49 197 147
97 253 1
79 227 227
180 196 1
1 151 1
7 176 215
150 190 227
21 74 190
63 128 1
92 103 1
35 106 209
105 148 227
90 215 215
61 251 127
204 238 127
226 236 114
9 188 1
22 153 227
78 242 147
38 73 38
51 157 182
94 189 197
6 135 227
107 127 127
15 93 227
96 109 227
193 236 227
42 150 227
117 204 127
83 194 1
13 236 1
198 207 170
10 125 114
65 127 127
115 227 1
136 158 127
98 163 147
72 236 147
85 114 147
93 216 93
220 222 170
102 184 147
20 214 1
54 137 127
174 207 174
2 5 5
161 214 227
14 136 136
101 244 91
1 17 1
108 174 127
1 77 1
161 198 227
19 174 127
121 181 17
22 215 227
115 198 1
22 137 227
68 221 68
44 210 127
149 238 127
15 112 127
19 127 127
65 152 147
4 206 114
62 248 127
20 196 1
5 191 1
59 67 147
1 8 1
116 230 147
50 209 1
124 139 5
119 120 127
1 145 1
30 224 227
14 86 147
27 140 27
69 191 1
82 247 227
80 87 80
154 193 227
223 238 223
5 177 147
62 244 62
97 173 1
82 126 147
39 80 227
95 168 213
222 244 170
83 87 1
149 226 127
91 99 1
48 196 1
36 205 1
12 187 147
172 244 127
115 129 115
181 189 114
217 247 247
1 50 1
213 215 127
24 59 147
99 143 1
80 236 227
87 216 109
14 66 127
3 30 1
98 164 127
105 181 227
2 247 227
66 91 91
53 228 91
92 226 114
23 184 169
103 133 1
18 240 65
5 230 5
29 256 147
147 178 147
64 125 147
12 23 147
11 243 1
91 220 91
19 37 127
96 190 127
141 189 114
69 126 1
57 223 127
167 177 110
48 115 142
4 194 1
66 70 227
43 123 227
164 242 127
39 87 227
105 174 227
64 117 147
230 248 127
1 181 1
57 230 147
12 114 147
65 240 65
238 248 127
76 114 114
127 230 127
7 238 127
202 238 127
140 219 27
236 256 114
36 38 1
133 227 227
140 146 1
45 101 127
66 134 127
28 214 214
59 147 147
7 78 215
16 225 147
12 199 1
75 141 147
55 225 147
56 189 1
101 167 127
24 130 114
68 113 227
190 208 1
135 236 147
33 217 217
216 227 227
81 188 1
6 209 1
47 91 127
51 57 215
36 245 1
38 225 215
50 71 50
74 150 227
6 9 1
230 240 147
68 227 227
188 199 1
84 227 227
83 140 1
166 170 127
22 34 227
125 151 127
102 212 227
227 248 227
91 207 91
1 66 1
72 249 227
158 196 127
1 212 1
98 217 227
33 222 227
1 6 1
125 226 114
74 121 190
123 218 127
142 252 1
2 227 227
13 138 255
28 90 38
166 248 127
191 207 1
63 236 147
58 132 127
69 140 1
67 164 127
18 20 1
190 196 114
183 243 1
5 239 147
153 205 227
79 112 112
46 140 1
8 175 227
8 137 227
37 166 127
49 127 127
13 137 1
102 204 127
107 146 127
5 99 1
212 237 227
90 244 127
29 143 147
222 237 127
158 226 127
123 227 227
11 251 147
38 183 1
19 120 127
56 138 255
126 192 1
95 162 127
11 97 147
1 85 1
112 165 147
91 157 127
99 180 99
7 97 215
2 125 147
93 221 93
4 247 227
24 206 126
64 113 147
96 227 227
12 93 227
5 228 127
18 205 114
190 205 114
133 226 114
28 163 147
7 225 215
40 142 1
146 218 254
161 239 227
3 198 1
182 215 215
114 115 1
30 31 227
97 174 127
20 50 1
103 187 1
62 145 127
2 219 1
93 187 227
122 155 1
144 168 127
38 227 227
30 234 227
142 207 1
110 199 1
48 185 1
36 54 1
85 229 120
68 148 227
217 254 227
34 174 227
38 46 127
163 226 114
178 197 197
92 101 127
55 168 127
43 230 227
128 174 1
176 214 215
20 67 1
76 120 147
51 142 1
1 81 1
122 219 1
74 207 127
163 186 171
28 73 73
202 227 227
164 228 127
204 228 62
28 177 215
38 110 215
38 127 127
56 129 255
1 240 1
8 187 227
105 238 227
72 92 147
91 222 91
13 55 1
33 70 227
31 118 1
77 184 127
42 113 147
159 227 227
77 230 127
117 178 178
137 147 147
15 211 91
96 145 254
1 203 1
83 197 1
101 128 1
82 160 147
63 89 147
33 108 227
77 164 213
147 166 127
38 121 147
160 226 114
134 140 1
89 175 114
137 239 112
106 109 1
231 254 227
40 238 127
89 236 114
145 249 227
94 147 147
2 105 227
117 173 1
77 210 254
197 242 197
67 254 127
28 33 227
4 143 143
12 65 147
104 108 227
103 132 1
185 226 147
226 250 127
24 69 1
186 227 227
7 219 1
125 149 127
76 231 227
50 165 127
167 206 147
134 197 197
55 178 114
6 217 227
208 213 1
127 158 127
2 236 147
30 122 227
173 181 1
59 139 5
112 116 112
23 226 114
81 202 147
29 211 127
47 125 147
60 231 227
105 249 227
10 114 114
53 140 1
5 202 147
181 200 127
64 75 147
102 176 215
10 46 127
180 202 1
147 214 147
87 162 227
37 128 1
78 254 127
10 237 147
120 169 147
26 232 1
95 221 227
95 213 213
33 186 227
11 107 127
127 248 127
2 19 127
19 224 127
131 181 190
217 230 227
112 222 127
63 250 127
52 215 215
124 131 147
117 234 147
53 156 127
117 187 178
66 99 1
9 142 1
6 146 227
58 138 1
10 197 197
60 147 147
21 147 147
100 232 1
40 100 1
125 198 127
104 184 227
128 198 1
51 87 227
221 231 93
22 98 227
91 174 91
104 211 227
155 167 1
170 209 1
32 46 91
13 241 1
29 84 127
31 116 136
1 174 1
148 225 215
127 223 127
147 251 147
51 54 127
74 156 127
41 197 197
92 206 126
148 215 215
84 193 227
51 110 110
143 158 127
1 76 1
83 235 1
53 133 127
66 176 127
170 207 170
28 52 38
75 197 147
21 134 17
83 168 1
59 83 1
123 128 1
178 187 178
170 174 170
8 33 227
171 251 171
49 78 120
59 126 147
43 196 227
163 251 171
152 224 147
48 112 1
43 247 247
147 241 1
102 229 215
82 93 227
202 231 227
12 167 147
139 230 230
1 208 1
107 198 62
38 135 38
72 182 215
74 127 127
10 205 114
22 68 227
74 86 190
12 182 147
24 140 1
185 190 147
32 62 62
16 51 147
78 147 147
9 195 1
20 100 100
8 113 227
87 171 227
193 227 227
148 157 182
127 151 127
174 184 127
182 213 127
126 206 126
86 167 147
64 194 1
102 213 127
17 186 114
55 172 55
108 134 114
115 155 142
17 58 17
113 243 1
30 180 1
65 175 65
12 194 1
121 134 17
61 79 127
5 237 5
41 147 147
96 226 127
110 243 1
176 177 215
81 256 147
131 200 127
87 239 227
73 110 215
108 130 108
212 249 93
172 193 227
45 63 147
169 206 126
173 183 1
31 47 112
14 54 127
172 197 197
77 204 127
77 95 213
89 126 89
53 66 91
97 255 1
41 186 171
7 131 147
108 186 108
8 151 227
1 253 1
8 75 227
35 194 255
20 128 1
3 201 1
41 163 41
137 153 227
89 147 147
205 242 114
98 157 182
226 227 227
217 250 227
205 251 171
141 148 147
72 250 127
146 155 1
89 114 114
51 59 147
148 171 147
63 137 112
13 70 1
174 176 127
157 177 182
63 73 147
156 216 227
150 186 227
130 237 147
103 231 1
89 256 89
98 244 127
61 127 127
12 82 147
52 72 38
78 225 215
25 222 62
1 68 1
8 48 1
57 105 227
4 114 114
41 128 1
25 133 127
64 136 147
107 222 62
112 204 127
166 223 127
51 97 215
116 220 127
17 114 114
9 248 1
86 236 114
158 202 127
37 88 127
78 177 110
181 248 127
28 57 57
131 252 1
9 153 1
111 142 142
90 163 147
16 226 197
134 135 147
31 192 1
110 248 127
10 26 126
1 104 1
77 247 227
105 193 193
169 203 1
35 154 1
186 214 147
96 127 127
1 5 1
127 141 127
91 101 91
140 187 1
59 124 5
17 76 17
204 252 1
1 162 1
143 240 190
82 227 227
150 236 227
143 147 147
27 74 1
65 181 65
47 52 147
53 244 91
63 179 63
119 255 1
105 247 247
16 23 197
15 91 91
85 120 120
1 119 1
8 221 93
7 144 147
76 97 147
133 229 147
147 236 147
145 180 1
52 90 38
19 251 127
207 221 227
241 253 1
74 235 147
179 214 147
13 194 255
80 208 1
102 210 127
72 241 1
225 248 127
37 187 127
186 242 114
15 45 127
55 247 227
105 134 227
1 252 1
65 102 147
75 162 162
167 197 147
66 74 127
144 197 197
130 147 147
55 80 227
40 236 127
120 182 182
227 246 227
24 178 178
87 118 1
133 197 197
26 127 127
120 229 120
216 241 1
11 174 127
137 221 227
33 105 193
53 239 127
90 138 1
12 63 147
2 114 147
202 237 147
84 254 127
92 117 178
28 244 127
43 212 227
176 229 215
76 254 127
127 149 127
81 128 1
110 182 182
7 13 1
4 124 147
59 164 127
1 29 1
22 231 227
163 172 172
226 255 1
124 164 127
40 151 151
139 184 147
196 227 227
46 197 127
139 191 1
17 200 127
11 84 127
121 225 147
85 93 227
123 130 130
25 38 127
29 225 147
22 77 227
1 59 1
65 158 127
115 119 1
66 187 127
10 90 147
4 15 127
103 129 255
12 47 147
115 196 1
195 241 195
1 231 1
165 249 227
35 191 1
136 250 127
127 189 127
11 116 147
97 221 227
1 236 1
203 233 1
76 181 181
163 210 127
25 215 127
46 164 127
30 116 227
71 226 127
172 227 227
32 38 127
201 218 213
206 223 127
18 224 65
12 230 147
154 163 154
98 120 120
102 165 215
27 73 1
132 244 91
76 118 1
133 190 190
57 188 1
123 188 1
124 185 185
60 162 147
90 165 215
56 93 1
80 169 227
72 130 147
1 127 1
42 218 127
46 177 127
10 89 89
77 146 254
245 253 1
9 17 1
25 35 1
14 85 147
80 131 227
139 160 147
178 196 178
74 181 190
102 202 215
1 170 1
1 30 1
52 172 147
115 242 1
116 234 63
87 212 93
72 90 38
20 82 1
237 245 237
60 127 127
111 118 255
46 204 91
34 127 227
140 186 1
146 199 1
52 194 1
95 127 127
127 146 127
1 114 1
70 116 227
220 241 1
1 89 1
36 126 1
29 49 147
4 248 127
100 155 1
101 241 1
16 143 197
101 150 227
163 202 147
70 129 1
18 190 65
10 215 147
27 77 1
90 219 1
127 131 127
134 226 114
86 173 1
17 110 147
22 178 227
113 173 1
1 38 1
2 64 5
112 146 127
13 80 1
198 238 127
89 146 127
74 243 1
54 168 213
2 101 127
72 143 147
75 239 112
7 43 227
84 94 127
160 228 127
30 80 227
118 247 1
43 58 227
15 84 91
119 217 227
97 201 127
142 204 1
21 236 114
52 127 127
95 116 127
131 234 147
89 160 89
61 164 213
13 75 1
226 240 114
17 168 127
194 196 1
52 109 227
122 154 127
224 227 227
209 241 1
175 232 1
35 153 1
228 244 62
18 235 147
157 182 182
65 74 65
10 92 126
224 235 147
45 185 5
152 176 147
1 254 1
169 196 126
204 227 227
162 227 227
47 133 147
72 135 73
106 204 1
12 245 147
120 198 127
107 207 62
47 127 127
1 159 1
81 161 227
61 196 127
101 180 1
31 89 147
92 218 127
12 197 147
46 129 1
23 223 127
34 149 227
90 97 215
127 137 127
201 211 127
71 91 91
49 157 182
223 247 227
57 71 127
24 227 227
20 64 1
7 215 215
130 172 171
131 176 147
1 246 1
92 156 127
9 215 1
85 98 98
46 91 91
145 207 127
61 182 127
107 227 227
61 95 95
33 227 227
56 166 1
13 125 1
104 247 247
27 152 1
127 198 127
196 226 114
51 225 215
45 245 237
85 202 165
78 160 147
48 194 142
154 171 171
60 132 127
127 214 127
179 234 63
51 243 1
97 102 215
155 209 142
65 198 127
51 147 147
173 177 1
42 156 127
109 213 227
141 147 147
30 242 227
145 164 213
38 84 127
36 224 1
1 109 1
4 171 114
37 227 227
156 206 127
42 244 127
17 134 17
15 194 1
150 243 1
68 249 93
159 207 62
8 219 1
157 204 127
38 120 215
72 231 227
179 199 1
92 118 1
81 121 147
41 88 127
101 217 227
155 175 1
84 102 127
165 213 127
9 35 1
174 236 127
23 126 126
122 152 127
237 240 147
55 154 154
131 137 147
1 184 1
90 227 227
7 155 1
216 231 93
9 141 1
41 108 171
16 172 197
74 111 1
94 117 197
24 217 227
63 69 1
120 126 147
30 89 227
6 188 1
105 111 1
170 244 170
78 82 215
61 148 127
23 35 1
20 199 1
62 91 91
13 232 1
178 209 1
184 203 1
43 86 227
100 135 1
159 241 1
94 205 197
10 196 126
37 64 127
1 11 1
208 209 1
29 238 127
1 189 1
92 184 92
17 197 197
94 221 227
186 204 127
43 223 227
107 111 1
109 216 109
40 159 127
9 199 1
8 87 93
164 222 127
18 114 114
33 104 193
136 202 147
139 149 127
134 216 227
106 218 1
196 216 227
7 38 215
180 243 1
61 242 127
1 44 1
41 86 114
46 127 127
1 230 1
31 147 147
114 226 114
31 130 147
77 254 254
1 179 1
167 229 165
40 248 127
10 27 1
38 133 147
33 36 1
24 226 114
36 230 1
16 42 197
7 229 215
73 74 147
18 141 65
164 198 127
128 203 1
57 231 227
62 169 127
173 252 1
48 191 1
1 229 1
111 169 1
109 172 227
25 127 127
121 193 227
85 102 215
205 220 127
173 232 1
15 200 91
41 131 114
47 75 47
37 158 156
1 108 1
40 222 127
227 251 227
29 67 63
217 245 227
1 92 1
54 77 54
143 227 227
113 210 127
53 58 127
166 216 227
114 171 114
102 155 1
14 90 147
26 31 147
41 242 114
127 226 127
130 197 197
245 252 1
18 23 114
41 94 197
3 179 1
116 227 227
92 160 126
40 119 127
176 215 215
31 239 136
20 74 1
84 127 127
5 51 147
75 244 127
2 108 147
136 191 1
6 73 227
1 47 1
1 16 1
53 79 127
178 223 127
153 256 227
44 147 147
141 237 147
83 252 83
97 182 215
125 134 114
53 84 91
28 138 1
17 170 127
2 150 227
99 231 1
77 117 127
19 151 127
61 254 213
70 78 227
142 231 1
161 243 1
67 127 127
29 228 127
38 215 215
38 252 1
112 176 147
18 76 65
33 140 1
78 167 165
53 149 91
87 153 227
17 88 127
109 209 1
92 240 114
181 197 197
38 72 38
170 185 127
44 112 112
147 171 147
73 79 147
128 219 1
12 91 127
105 178 227
23 61 127
92 237 147
219 220 1
176 202 215
98 180 1
94 241 1
106 111 209
76 155 1
54 145 54
115 188 1
180 240 1
126 164 127
108 163 171
102 249 227
50 250 50
154 172 154
89 169 89
80 150 227
20 81 1
39 193 193
141 242 143
74 80 227
1 2 1
60 230 60
9 83 1
89 132 127
144 248 127
110 157 182
16 243 1
159 201 127
22 150 227
62 222 62
90 216 227
45 74 147
89 133 114
224 245 147
86 242 143
96 245 127
53 250 91
145 218 254
71 200 50
111 209 209
131 141 143
119 210 54
51 98 120
48 128 1
70 231 231
160 208 1
140 203 1
14 50 127
227 256 227
55 127 127
44 152 44
66 79 127
43 153 153
57 186 147
127 204 127
199 230 1
175 190 190
43 88 227
67 252 1
76 240 190
176 242 147
108 224 114
126 217 227
14 251 147
16 191 1
77 178 127
94 127 127
15 139 127
73 100 1
2 11 230
87 228 227
76 187 114
98 235 215
43 237 227
24 154 114
29 246 127
1 63 1
96 223 127
1 93 1
163 185 147
8 204 227
1 107 1
40 177 127
18 100 1
81 223 127
42 216 227
55 86 114
10 30 227
1 13 1
129 144 1
200 229 127
53 227 227
186 197 197
29 251 147
175 245 147
29 239 44
161 172 227
48 118 142
92 114 114
171 189 114
112 152 112
46 124 127
35 138 255
73 97 215
25 91 91
101 209 1
96 170 127
58 74 190
24 220 127
81 185 5
65 137 147
77 199 1
71 108 127
48 155 142
116 256 147
159 212 227
12 189 147
180 244 1
118 189 1
71 104 227
52 220 127
173 190 1
36 149 1
135 223 127
126 211 127
27 48 1
74 214 147
45 64 5
103 194 255
55 114 114
42 116 147
88 134 127
28 31 147
10 23 126
167 187 147
92 193 227
173 243 1
22 172 227
70 202 227
12 210 127
75 190 147
164 205 127
153 210 227
1 168 1
128 252 1
104 157 227
84 211 211
13 82 1
144 217 227
149 254 127
1 135 1
197 225 147
181 227 227
67 155 1
72 94 147
126 197 197
60 237 5
6 37 227
132 228 91
177 190 147
40 66 127
88 91 127
21 131 190
59 169 147
114 163 114
225 242 147
41 127 127
29 136 136
104 161 227
167 186 147
6 118 1
77 185 127
14 177 147
39 167 227
12 239 147
18 86 65
141 197 197
222 223 127
81 227 227
138 227 1
67 197 147
41 92 114
75 105 227
5 79 147
60 185 5
24 162 147
128 147 1
163 227 227
118 144 1
31 108 147
48 142 142
96 230 127
127 213 127
83 121 1
168 250 127
15 122 122
3 50 1
153 227 227
7 222 127
67 112 112
94 197 197
169 171 114
22 230 227
159 204 62
125 136 147
129 214 1
78 186 147
3 114 1
130 239 147
82 185 147
115 151 1
38 54 127
81 135 147
108 136 147
13 35 13
18 210 127
1 87 1
28 102 215
112 141 147
184 236 114
12 64 147
199 240 1
201 227 227
98 223 127
198 222 222
227 235 227
1 192 1
11 163 147
22 23 227
119 159 127
31 125 147
98 243 1
95 156 127
91 133 127
212 236 227
202 215 215
62 158 127
12 116 147
25 174 62
55 205 171
107 108 127
40 96 127
69 176 1
226 237 147
103 246 1
58 150 227
123 237 147
16 256 197
83 102 1
49 255 1
31 75 112
18 175 65
1 95 1
117 189 178
1 218 1
49 51 120
113 167 215
108 127 127
221 225 227
18 40 127
83 142 1
102 147 147
37 195 1
4 224 143
14 137 112
2 12 147
134 227 227
134 231 227
90 120 215
175 238 127
29 227 227
141 206 114
77 127 127
59 130 147
118 218 1
85 204 127
32 127 127
108 230 147
9 154 1
49 225 215
197 216 227
59 64 5
6 68 93
49 82 215
13 169 1
127 235 127
26 236 114
186 205 186
177 227 227
46 154 127
58 86 190
126 210 127
113 176 215
46 95 127
95 188 1
81 232 1
12 74 147
32 160 127
185 227 227
1 24 1
46 132 91
117 197 197
46 159 91
151 253 1
148 227 227
58 128 1
64 242 147
114 154 114
124 214 147
124 147 147
174 239 127
30 39 104
164 244 127
207 223 127
84 151 127
210 218 254
40 243 1
155 185 1
4 35 1
130 205 205
149 211 211
126 196 126
30 249 227
171 210 127
125 179 147
73 214 73
2 124 5
71 95 127
57 215 215
11 112 147
32 198 170
141 176 147
45 106 1
12 126 147
16 163 197
2 139 230
127 184 127
92 229 147
111 194 255
168 212 227
76 133 190
13 118 255
35 84 1
94 232 1
177 256 147
77 213 213
30 203 1
10 227 227
49 94 147
70 227 227
197 256 197
104 140 1
134 206 114
135 210 127
187 236 114
22 74 227
129 255 255
133 207 127
127 211 127
1 57 1
86 145 127
6 186 227
166 215 127
102 182 215
74 144 190
2 35 1
109 195 1
19 77 77
64 139 5
82 152 147
156 174 127
7 157 215
7 147 147
238 246 127
216 249 93
75 151 127
13 65 1
144 246 127
21 144 17
107 167 127
189 206 126
1 205 1
28 34 227
29 75 112
127 134 127
149 186 127
129 194 255
85 88 127
14 127 127
90 195 1
7 102 215
104 150 227
114 224 114
12 224 147
14 31 136
1 133 1
205 255 1
40 166 151
169 181 114
182 235 215
64 177 147
83 187 1
211 243 1
16 251 197
49 167 165
145 191 1
44 255 1
110 202 110
24 88 127
26 227 227
135 215 215
124 157 147
106 146 1
129 173 1
86 175 175
12 123 147
30 153 153
93 121 227
215 240 147
64 149 127
14 75 112
190 223 127
3 243 3
1 247 1
1 7 1
26 197 197
91 200 91
107 217 227
23 26 126
177 229 110
50 53 91
216 221 93
62 216 227
7 98 215
145 254 254
17 147 147
199 203 1
75 80 227
83 177 1
76 190 190
77 252 1
81 127 127
3 13 1
126 183 1
64 250 127
213 246 127
147 229 147
124 243 1
156 222 127
54 61 213
182 202 182
66 227 227
2 60 60
62 134 127
43 155 1
225 240 147
13 227 1
75 180 1
123 205 205
215 227 227
42 188 1
1 161 1
22 186 227
111 255 255
45 181 147
111 143 1
34 144 227
78 120 120
43 139 227
16 131 197
143 255 1
119 127 127
214 235 215
17 228 127
130 132 127
69 145 1
122 232 1
220 248 127
53 131 127
124 230 5
68 88 227
1 141 1
184 197 197
163 228 127
10 113 147
64 153 227
173 237 1
36 255 1
198 235 127
101 194 1
120 227 227
57 74 147
29 126 147
1 211 1
172 236 114
127 178 127
34 134 227
2 185 5
23 107 127
107 159 62
209 252 1
187 251 114
178 189 178
58 133 190
1 152 1
153 243 1
51 116 147
59 156 127
145 159 127
117 250 127
98 110 110
98 205 147
61 76 127
166 194 1
73 102 215
210 223 127
100 215 1
51 191 1
63 222 127
98 167 165
102 250 127
116 152 63
167 226 147
129 241 1
61 223 127
104 146 227
109 162 227
26 179 147
139 245 5
1 91 1
181 209 1
87 119 227
36 116 1
1 245 1
141 190 190
22 109 227
1 146 1
95 164 213
87 89 227
112 166 127
170 217 227
140 247 1
7 143 147
165 176 215
5 128 1
55 251 171
79 238 127
68 93 93
41 151 127
1 158 1
109 196 227
79 144 147
132 250 91
60 144 147
133 181 190
158 208 1
10 42 126
35 209 209
139 232 1
1 118 1
190 256 114
110 151 127
142 209 142
15 66 122
53 174 91
26 53 127
182 233 1
28 139 147
57 225 215
11 127 127
18 58 65
88 248 127
139 179 147
104 149 227
67 227 227
136 147 147
91 198 91
143 195 1
133 224 190
54 153 227
125 205 171
46 98 127
71 250 250
129 155 142
127 143 127
188 191 191
147 226 147
1 73 1
21 189 114
34 153 193
67 171 147
134 182 147
14 47 112
36 168 1
169 251 114
1 80 1
65 184 114
97 148 215
197 215 147
88 246 151
209 230 1
190 240 190
20 95 1
36 120 1
171 252 1
20 145 1
77 156 127
19 26 127
84 208 1
29 47 112
75 145 127
23 252 1
127 175 127
75 238 127
1 235 1
25 59 127
181 192 1
166 254 127
33 49 227
15 90 127
11 185 5
115 232 1
10 243 1
14 239 152
71 116 127
7 80 227
125 145 127
93 172 227
58 61 127
143 221 227
37 107 127
132 177 127
20 221 1
141 227 227
4 196 114
3 197 1
103 138 255
92 211 127
198 228 62
150 247 227
36 173 1
62 217 227
82 102 215
70 193 227
98 138 1
34 105 193
81 110 147
35 81 1
12 171 147
48 76 1
67 180 1
151 198 127
11 219 1
161 231 227
11 165 147
76 144 144
124 138 1
197 254 127
129 148 1
6 249 93
61 206 127
149 158 127
92 147 147
3 219 1
147 189 147
190 232 1
36 252 1
58 240 190
5 185 5
35 181 1
84 174 91
210 213 213
84 90 127
139 164 127
99 191 191
3 158 1
136 227 227
35 198 1
17 94 197
34 177 227
98 99 1
4 225 147
47 147 147
24 112 147
167 191 1
112 227 227
37 224 127
1 84 1
133 152 147
69 207 1
110 212 227
26 76 114
102 215 215
37 254 127
14 97 147
129 244 1
12 205 147
110 124 147
196 214 147
32 213 127
31 63 136
43 104 104
214 221 227
79 237 147
137 230 147
119 180 1
65 128 1
96 218 218
7 27 1
57 155 1
89 110 147
126 250 127
35 142 142
17 37 127
98 177 110
212 238 227
64 118 1
146 176 127
11 209 1
63 133 147
217 223 227
144 208 1
130 236 114
118 221 1
19 146 254
32 158 127
63 97 147
28 87 227
23 151 127
173 204 1
163 166 127
8 49 227
85 167 165
126 145 127
161 164 227
157 229 182
65 179 147
34 39 193
67 132 127
159 179 127
178 184 178
70 77 227
38 154 147
131 250 127
1 256 1
1 82 1
29 179 63
84 250 250
45 86 147
118 255 255
16 228 127
17 190 190
105 151 227
78 81 147
109 130 227
8 191 1
156 198 127
221 224 227
43 217 193
19 45 127
35 255 255
53 256 127
221 249 93
117 230 147
42 126 126
205 248 127
177 235 215
16 26 197
85 157 182
127 197 127
132 148 127
64 135 147
9 253 1
106 118 255
151 233 1
139 204 127
32 79 127
127 138 1
70 80 93
92 208 1
50 65 127
12 45 147
202 248 127
41 189 114
86 133 190
9 191 1
135 185 147
44 235 147
133 236 114
93 249 93
171 174 127
37 54 127
146 227 227
22 102 227
14 179 63
116 160 147
65 182 147
1 111 1
75 219 1
208 218 1
115 148 1
110 192 1
123 251 171
44 67 63
88 227 227
118 205 1
74 134 190
58 158 127
36 90 1
111 249 1
140 180 1
44 66 127
21 187 114
89 153 227
100 197 1
135 147 147
65 121 65
56 86 1
83 107 1
51 127 127
111 138 255
186 251 171
4 131 143
22 227 227
115 162 1
125 186 171
53 190 127
213 247 227
93 202 227
18 227 227
26 47 147
19 227 227
5 33 227
15 256 127
161 232 1
152 166 127
199 242 1
127 205 127
121 159 127
117 184 178
64 102 147
1 155 1
112 149 127
211 237 127
44 180 1
56 209 255
131 135 147
17 68 227
12 59 147
39 60 227
35 125 1
15 88 127
100 132 1
79 224 147
136 236 147
154 241 1
78 88 127
29 153 227
1 150 1
36 144 1
22 80 227
7 88 127
99 157 1
218 242 127
39 135 227
125 154 41
24 127 127
123 187 114
134 201 127
189 227 227
113 137 147
78 102 215
13 48 142
4 91 127
175 229 147
212 251 227
77 177 127
150 206 227
183 229 1
111 199 1
15 238 127
35 117 1
41 55 41
108 169 114
185 255 1
127 245 127
82 110 215
77 154 127
54 247 227
1 206 1
3 39 1
113 135 215
253 256 1
212 240 227
85 227 227
180 182 1
92 253 1
134 181 181
174 196 127
28 153 227
22 39 227
97 228 127
106 253 1
147 256 147
5 73 147
89 184 89
58 68 227
97 208 1
11 250 127
32 228 62
145 210 254
188 208 1
34 126 227
82 124 147
192 246 1
64 147 147
77 231 227
69 210 1
108 114 114
1 209 1
95 207 127
22 58 227
2 103 1
57 195 1
14 106 1
134 212 227
3 255 1
57 246 127
156 197 127
54 175 127
176 249 227
109 115 1
224 236 114
65 76 65
56 118 255
90 201 127
180 254 1
56 250 1
91 107 91
54 226 127
23 32 127
119 124 127
116 208 1
24 196 196
24 212 227
3 203 3
169 219 1
138 209 255
1 4 1
10 226 114
76 250 127
137 185 147
62 92 127
22 45 227
67 173 1
61 174 127
18 38 147
52 156 127
74 143 190
214 240 147
75 211 127
119 161 227
19 210 254
19 25 127
123 124 147
1 180 1
92 243 1
100 250 1
58 146 127
241 256 1
63 232 1
1 21 1
13 111 209
12 103 1
161 240 227
154 203 1
49 117 147
103 206 1
114 122 127
128 210 1
104 153 104
205 236 114
49 110 110
65 171 114
122 244 91
23 163 114
47 90 147
1 116 1
7 112 147
95 144 127
80 212 93
50 116 127
130 171 171
5 93 227
12 234 147
135 252 1
75 227 227
1 172 1
79 117 147
49 130 147
88 217 227
27 199 27
54 96 54
207 244 207
48 138 142
1 138 1
136 137 112
123 164 127
35 85 1
201 243 1
50 145 127
143 224 143
80 143 227
43 166 227
142 155 142
94 178 197
206 256 126
197 240 197
28 182 215
2 254 127
79 155 1
165 235 215
84 134 127
69 196 1
10 12 147
23 188 1
37 69 1
102 125 147
32 91 91
3 173 1
4 255 1
139 185 5
175 243 1
15 151 127
18 121 65
1 166 1
132 238 127
45 124 5
68 157 227
29 248 127
130 253 1
79 137 112
19 117 127
127 130 127
15 167 127
80 231 93
82 246 127
204 211 91
1 20 1
89 240 114
60 245 5
93 108 227
106 209 209
16 94 94
180 218 1
85 169 147
1 199 1
19 96 254
156 250 127
176 185 147
86 147 147
16 175 197
32 107 62
184 214 147
31 152 136
113 218 127
68 216 93
22 90 227
123 147 147
157 227 227
14 134 147
65 234 147
83 134 1
6 165 227
192 252 83
14 104 227
39 175 227
2 126 147
7 139 147
10 66 127
69 200 1
72 91 127
22 251 227
210 222 127
45 238 127
137 256 147
49 119 127
27 218 1
85 104 227
89 227 227
170 227 227
2 131 147
48 179 1
55 214 147
13 36 1
31 226 147
114 141 114
79 152 136
143 226 114
202 225 215
31 227 227
16 134 197
89 104 227
124 151 127
123 185 147
133 203 1
149 227 227
43 95 227
75 79 112
103 149 1
217 231 227
85 124 147
115 241 1
29 188 1
102 172 147
16 197 197
2 147 147
50 218 127
42 223 127
44 63 63
103 238 1
66 211 91
43 179 227
192 217 1
8 140 1
58 125 114
3 112 1
89 179 147
57 65 147
123 125 171
67 136 136
31 67 136
110 215 215
189 226 114
54 210 54
119 175 127
39 43 104
178 244 127
188 252 1
7 145 127
243 248 1
53 91 91
115 216 1
174 181 127
161 212 227
69 88 1
187 206 126
8 130 227
31 141 147
110 229 110
20 195 195
33 148 227
166 240 127
122 200 91
106 142 142
7 87 227
61 88 127
215 239 147
163 236 114
159 222 62
79 239 136
127 148 127
6 214 227
193 251 227
97 213 127
15 62 91
1 255 1
57 79 147
43 92 227
27 116 1
61 125 127
162 182 147
115 144 1
227 249 227
142 241 1
116 239 63
74 79 147
75 196 147
15 81 127
28 85 215
10 75 147
68 109 93
6 243 1
78 157 182
2 172 147
90 189 147
3 149 1
11 241 1
50 101 50
193 195 1
6 208 1
52 93 227
71 182 127
43 203 1
179 233 1
75 137 162
38 245 147
2 240 147
3 233 1
185 234 147
95 113 127
57 139 147
17 222 127
4 113 147
38 248 127
23 117 178
212 227 227
139 234 147
26 165 147
96 246 127
94 154 197
91 159 91
119 243 1
90 169 147
172 195 1
144 227 227
169 233 1
69 170 1
14 163 147
128 149 1
5 153 227
24 107 127
218 227 227
84 114 127
82 135 215
63 67 63
33 111 1
12 143 147
1 45 1
91 179 127
15 107 91
133 134 190
38 65 147
79 186 147
116 225 147
146 213 213
40 88 88
15 149 91
97 135 215
48 164 1
4 18 65
45 139 5
86 90 147
52 205 147
195 200 1
121 143 190
18 91 127
25 198 62
175 234 147
19 64 127
42 197 197
76 94 197
52 126 147
38 142 1
100 148 1
107 187 127
103 118 255
31 120 147
107 223 127
124 229 147
155 249 1
62 146 127
113 126 147
94 140 1
63 186 147
116 182 147
194 217 1
141 185 147
13 42 1
65 196 114
93 234 227
29 244 127
80 228 227
6 22 227
47 187 147
1 169 1
198 245 127
97 200 127
37 85 127
178 181 114
204 244 174
97 169 147
40 43 227
44 202 147
1 67 1
56 110 1
69 108 1
113 127 127
81 248 127
176 221 227
41 102 147
183 235 1
144 240 190
87 93 93
32 106 1
187 254 127
43 176 227
99 172 1
13 68 1
55 218 127
140 215 1
102 113 215
30 105 30
22 256 227
223 248 127
11 131 147
127 196 127
35 160 1
5 45 5
102 133 147
97 215 215
123 225 147
160 178 178
196 197 197
86 187 114
176 225 215
48 209 142
42 117 178
117 256 178
63 112 112
39 65 227
8 144 227
74 166 127
108 185 147
210 228 127
64 101 127
182 204 127
12 136 147
122 174 91
82 224 147
87 227 227
141 175 141
4 167 147
55 227 227
22 170 227
23 248 127
21 193 227
19 225 127
14 67 63
50 221 227
11 81 60
74 141 190
130 251 171
84 124 127
37 49 127
70 115 1
96 210 254
133 144 190
62 127 127
110 177 110
9 241 1
178 248 127
12 208 1
166 246 246
14 241 1
26 114 114
160 248 127
62 203 1
59 138 1
25 227 227
89 243 1
65 172 114
78 206 147
159 177 127
8 254 227
241 244 1
159 174 62
19 54 54
109 212 93
100 127 1
36 192 1
23 44 147
4 226 114
52 66 127
5 64 5
134 166 127
10 236 114
5 124 5
47 72 147
163 225 147
74 242 190
22 104 227
6 35 1
30 104 104
6 212 93
92 126 126
1 167 1
138 155 142
31 199 1
20 165 1
96 143 127
212 230 227
154 254 127
88 105 227
33 102 227
59 87 227
157 172 147
138 226 1
143 242 143
46 84 91
8 227 227
113 147 147
73 196 147
83 239 1
197 227 227
55 92 114
80 133 227
156 213 127
133 141 190
82 235 215
150 248 227
94 183 1
186 240 114
181 254 127
61 160 127
108 237 147
12 44 147
66 202 127
120 138 1
118 140 1
36 197 1
1 233 1
74 147 147
117 147 147
157 168 127
52 135 38
179 239 63
108 197 197
99 106 1
156 224 127
1 173 1
160 256 126
18 90 147
156 227 227
143 176 147
66 251 127
103 150 1
174 248 127
14 162 112
23 89 89
126 156 127
67 192 1
1 12 1
11 152 147
20 130 1
157 161 227
56 194 194
205 252 1
53 200 91
129 142 142
2 45 5
63 127 127
82 114 147
21 181 17
30 206 227
120 176 215
49 191 1
46 131 127
194 237 1
127 179 127
94 171 197
78 200 127
129 156 1
25 123 127
154 197 197
161 175 227
12 188 1
33 238 227
7 174 127
44 108 147
37 129 1
119 145 54
127 152 127
163 197 197
52 114 147
76 212 227
178 256 178
98 227 227
24 119 127
190 227 227
123 171 171
101 250 50
1 171 1
48 103 142
23 27 1
83 108 1
16 52 147
73 165 215
27 219 27
2 65 147
218 230 127
119 168 213
85 180 1
108 233 1
9 133 1
28 180 1
23 127 127
223 228 127
25 54 127
143 153 227
169 201 127
34 158 227
5 139 5
138 152 1
185 202 147
28 255 1
114 143 114
148 167 165
106 255 255
1 124 1
26 117 178
152 222 127
83 141 1
78 106 1
96 103 1
138 157 1
17 133 190
193 217 193
25 104 227
23 169 169
97 113 215
229 238 127
132 249 227
13 122 1
20 41 1
246 253 1
48 113 1
56 188 1
26 184 126
222 229 127
189 195 1
159 250 91
87 154 227
108 110 147
95 151 127
26 92 126
58 65 65
23 92 169
108 201 127
147 154 147
86 226 114
35 111 209
15 177 127
33 149 227
114 188 1
20 219 1
65 143 65
29 31 136
203 232 243
45 140 1
164 227 227
197 213 127
91 132 91
38 117 147
32 140 1
124 237 5
24 223 127
163 205 171
144 166 127
119 147 127
147 224 147
47 116 112
41 148 147
63 227 227
152 239 152
20 252 1
222 240 127
101 200 200
2 34 227
49 231 227
112 248 127
17 86 190
49 229 120
47 63 112
2 81 60
13 106 209
58 121 17
57 127 127
154 201 127
97 190 147
123 238 127
184 217 227
163 242 114
12 148 147
47 112 112
33 90 227
147 182 147
9 52 1
29 234 44
59 214 147
139 183 1
10 239 147
49 184 147
12 238 127
78 110 110
9 63 1
22 244 227
190 226 114
55 130 171
125 251 171
166 186 127
32 159 62
27 180 1
108 234 147
119 254 54
17 236 114
12 158 127
82 176 215
75 152 112
7 72 215
67 133 147
76 197 197
30 193 193
193 219 1
144 165 147
29 235 147
94 236 197
166 233 1
110 165 110
27 133 1
28 219 1
46 101 91
130 136 147
95 201 213
12 217 227
123 163 171
167 223 127
125 227 227
132 204 91
141 156 127
127 218 127
38 151 127
43 244 227
9 31 1
43 239 227
114 149 127
79 256 147
26 155 1
70 220 227
163 168 127
148 182 182
1 198 1
53 169 127
21 31 147
44 117 147
53 96 127
141 225 147
219 232 1
24 218 127
104 154 227
46 210 127
179 227 227
36 217 1
130 209 1
199 225 1
187 233 1
182 227 227
24 197 197
114 245 147
73 255 1
12 26 147
25 34 227
38 212 227
72 85 215
125 147 147
24 36 1
96 224 127
198 217 227
19 160 127
78 234 147
148 165 165
67 256 147
50 135 127
127 171 127
7 122 127
207 222 170
71 98 127
124 245 5
68 154 227
21 176 147
16 192 1
23 229 147
19 246 127
105 113 227
113 254 127
178 227 227
94 169 197
64 189 147
147 163 147
85 148 85
62 198 62
59 223 127
104 217 193
198 226 127
120 165 165
169 178 178
19 248 127
57 187 147
157 225 215
102 222 127
1 142 1
59 123 147
204 226 127
147 152 147
30 181 227
26 226 114
56 111 255
175 197 197
28 42 147
53 230 127
127 202 127
88 119 127
104 254 227
176 224 147
162 234 112
146 160 127
57 227 227
98 207 127
30 156 227
171 192 1
22 211 227
133 154 114
104 238 227
1 160 1
30 204 227
15 19 127
119 197 127
90 174 127
26 160 126
12 55 147
93 214 227
174 222 170
71 231 227
227 242 227
146 169 127
128 192 1
69 193 1
32 227 227
75 185 147
182 225 215
30 247 247
17 65 65
12 225 147
66 214 127
160 196 196
181 253 1
20 241 20
126 203 1
81 124 5
76 134 181
45 55 147
69 141 1
20 183 100
77 96 254
186 230 147
48 250 1
92 256 92
127 159 127
67 116 67
53 108 127
118 142 142
63 150 227
225 227 227
1 228 1
184 206 126
40 227 227
26 116 147
2 59 5
58 114 114
29 162 112
71 126 127
57 176 215
70 76 227
46 150 227
172 186 171
59 127 127
160 169 126
162 179 112
37 167 127
22 63 227
132 213 127
79 234 136
109 118 1
22 30 227
142 178 1
161 223 227
98 102 215
28 225 215
33 53 227
8 237 227
13 255 255
63 147 147
157 167 182
1 250 1
40 190 127
58 227 227
164 179 127
57 255 1
11 230 230
115 209 255
71 211 250
134 164 127
140 253 1
1 61 1
193 205 227
6 231 93
1 88 1
127 210 127
42 205 114
150 207 227
36 100 1
71 113 127
127 237 127
68 151 227
141 143 143
50 127 127
17 240 190
62 214 127
45 209 1
8 109 93
129 177 1
1 103 1
12 127 127
9 66 1
81 231 227
102 224 147
121 252 1
175 233 1
80 134 227
84 248 127
77 201 213
3 134 1
105 214 227
15 89 127
25 139 127
197 236 197
170 205 127
16 74 197
118 187 1
42 139 147
127 206 127
92 131 114
144 224 190
138 231 1
92 223 127
34 109 227
41 226 114
162 248 127
70 128 1
11 96 127
41 171 171
125 127 127
92 121 114
36 142 1
3 160 1
18 70 227
106 203 1
95 180 1
122 221 227
7 59 147
89 226 114
94 204 127
147 179 147
54 154 127
1 97 1
21 190 190
68 150 227
16 123 197
56 234 1
41 46 127
185 224 147
87 207 227
84 132 91
61 222 127
211 220 91
96 125 127
36 203 1
140 248 1
103 253 1
7 127 127
38 166 127
67 150 227
142 255 142
6 14 227
112 127 127
89 139 147
168 213 213
43 215 227
20 58 1
194 200 1
50 91 91
20 188 1
39 190 227
95 232 1
230 237 5
65 114 114
12 120 147
110 167 110
86 114 114
150 164 227
50 211 50
164 168 213
191 233 1
18 152 147
110 113 215
38 160 147
83 144 1
15 250 91
200 250 50
11 244 127
215 245 147
22 212 227
52 57 38
37 156 156
86 152 147
8 249 93
5 196 147
46 122 91
165 227 227
6 221 93
121 249 227
193 199 1
4 74 190
12 111 1
65 87 227
127 220 127
116 166 127
1 39 1
85 113 215
162 224 147
101 132 91
107 193 227
157 218 127
36 253 253
148 189 147
124 224 147
200 220 91
92 212 227
15 115 1
178 245 147
31 79 79
220 244 174
78 133 147
43 54 227
10 104 227
10 51 147
8 208 1
106 247 1
59 208 1
20 210 1
59 237 59
38 102 215
46 198 91
207 220 174
168 201 213
201 249 227
5 227 227
38 149 127
159 171 127
72 243 1
150 227 227
3 43 1
41 130 171
197 251 197
179 212 227
113 222 127
226 256 114
99 115 1
15 255 1
127 186 127
138 176 1
32 251 127
33 204 227
68 212 68
146 196 127
170 182 127
12 122 127
136 153 227
65 228 127
127 182 127
80 221 93
94 130 197
78 85 120
77 179 127
48 144 1
109 199 1
97 157 215
11 227 227
18 197 197
1 136 1
78 247 227
80 249 93
48 163 1
104 193 193
92 169 169
15 220 91
11 122 127
47 209 1
169 243 1
88 187 127
92 227 227
12 250 127
231 249 93
58 188 1
132 227 227
89 127 127
127 250 127
217 246 227
63 198 127
45 210 127
232 243 243
25 250 91
9 246 1
107 246 127
58 134 17
136 186 147
127 174 127
156 248 127
15 131 127
120 127 127
50 84 50
25 46 91
30 227 227
17 126 114
39 166 227
154 251 171
190 224 190
103 255 255
1 147 1
96 168 213
18 163 114
214 227 227
110 163 147
172 215 147
61 201 213
109 112 227
123 226 114
93 245 227
157 242 147
44 192 1
55 110 147
88 116 127
49 202 165
101 111 1
51 176 215
19 152 127
27 55 1
52 249 227
46 158 127
68 223 227
174 204 174
5 81 5
82 222 127
86 202 147
1 143 1
105 180 1
20 175 1
53 71 91
94 203 1
5 163 147
62 87 227
79 229 147
73 148 215
15 165 127
9 244 1
58 160 114
41 154 41
38 130 147
64 119 127
4 200 127
224 240 190
160 168 127
24 156 127
113 192 1
34 247 247
94 227 227
79 147 147
37 162 127
53 94 127
157 235 215
68 191 1
60 152 147
97 142 1
114 121 114
93 189 227
58 210 127
11 120 147
180 234 1
7 91 127
1 43 1
118 206 1
104 133 227
36 179 1
24 26 126
157 200 127
47 152 112
2 111 1
31 206 147
6 80 80
57 84 127
60 182 147
20 227 1
95 100 1
160 227 227
121 196 114
1 35 1
1 204 1
145 227 227
126 244 127
91 92 127
43 249 227
82 121 147
26 206 206
52 96 127
15 94 127
173 208 1
111 115 255
25 159 62
19 254 254
62 155 1
108 126 114
165 247 227
66 76 127
51 138 1
13 56 255
88 250 127
244 250 91
152 160 147
24 114 114
19 48 1
110 127 127
79 249 227
30 217 193
127 147 127
17 115 1
153 193 193
67 75 112
16 121 197
164 210 213
84 200 50
40 213 127
1 49 1
161 169 227
39 227 227
41 172 41
131 255 1
9 208 208
150 166 227
241 252 1
126 131 114
1 134 1
192 198 1
12 154 147
101 110 127
38 217 227
62 174 62
86 108 114
165 177 110
1 144 1
9 209 1
66 237 127
35 219 1
66 122 122
33 153 193
134 170 127
62 228 62
133 240 190
54 221 227
48 106 142
154 255 1
225 247 227
31 179 136
89 207 127
63 234 63
109 173 1
107 209 1
60 195 1
171 197 197
114 123 114
187 222 127
114 184 114
9 103 1
239 254 127
207 217 227
3 180 1
125 171 171
57 214 57
166 210 127
180 185 1
77 189 127
64 124 64
44 163 147
104 189 227
5 59 5
12 67 147
7 73 215
65 201 127
100 183 100
106 121 1
30 183 1
91 171 127
86 123 114
99 104 1
13 209 209
41 144 114
211 224 127
223 245 127
57 192 1
1 182 1
19 137 127
1 54 1
30 178 227
157 188 1
79 167 147
80 245 227
16 18 197
168 246 127
1 234 1
43 74 227
2 112 147
5 231 227
26 89 89
4 197 197
25 66 91
133 172 114
80 93 93
203 209 1
35 197 1
64 230 5
178 231 227
16 141 197
38 52 38
159 170 62
83 127 1
55 173 1
11 64 5
75 112 112
89 117 178
63 162 112
60 156 127
128 212 1
42 187 126
58 147 147
29 150 227
104 128 1
26 178 178
103 182 1
10 16 197
203 226 1
226 242 114
200 249 227
40 60 127
31 162 112
125 163 41
39 234 227
113 161 227
54 146 54
93 227 227
12 124 147
147 239 147
53 198 91
107 174 62
90 102 215
162 239 112
164 177 127
9 233 1
115 157 1
87 209 1
111 184 1
189 236 114
176 235 215
114 236 114
196 206 126
38 57 38
89 102 147
6 216 80
63 122 127
14 147 147
88 121 127
1 139 1
153 234 227
66 244 91
183 195 195
133 242 190
29 79 136
56 255 255
220 253 1
119 162 127
170 171 127
139 147 147
71 149 250
101 198 91
9 38 1
61 184 127
4 163 114
60 248 127
150 161 150
18 133 65
34 227 227
18 147 147
109 197 227
208 230 1
68 198 227
103 142 142
1 74 1
150 217 227
136 169 147
15 187 127
16 17 197
97 238 127
214 215 215
41 251 171
42 203 1
165 205 147
33 73 227
93 231 93
7 66 127
2 157 147
16 215 147
52 139 147
180 188 180
1 226 1
227 229 227
82 86 147
117 133 114
63 79 136
136 148 147
93 146 227
58 64 147
223 227 227
162 237 147
152 162 112
143 190 190
1 200 1
78 215 215
1 56 1
74 158 127
107 218 127
169 184 169
127 251 127
139 238 127
45 213 127
227 245 227
59 244 127
18 253 1
15 174 91
98 134 147
168 170 127
1 185 1
54 209 1
23 196 126
108 171 171
44 54 127
55 213 127
1 117 1
94 187 197
6 109 80
142 193 1
151 217 227
113 234 147
20 34 1
107 139 127
99 203 1
121 147 147
22 136 227
147 190 147
103 128 1
24 147 147
127 154 127
58 131 190
73 229 215
122 127 127
130 191 1
183 232 1
71 101 50
166 217 227
4 39 227
232 255 1
177 237 147
111 128 1
116 137 112
1 243 1
71 118 1
172 226 114
162 206 147
223 244 127
5 181 147
202 229 165
59 119 127
157 165 182
38 91 127
215 225 215
132 222 91
178 252 1
16 242 197
50 149 50
4 127 127
194 209 255
148 240 147
88 127 127
47 137 162
210 244 127
19 145 77
48 162 1
16 144 197
1 52 1
132 158 127
53 170 91
51 148 120
33 212 227
192 195 1
40 223 127
161 241 1
45 175 147
126 184 126
60 208 1
18 21 65
6 17 227
209 255 255
112 234 112
47 162 162
245 254 127
9 131 1
28 88 127
16 196 197
54 83 1
47 204 127
1 164 1
115 194 255
177 182 182
113 227 227
127 256 127
212 221 221
21 127 127
21 125 114
135 227 227
68 87 93
3 73 1
44 208 1
62 179 127
142 194 142
141 224 143
69 172 1
31 194 1
66 108 127
37 65 127
16 164 127
31 137 112
131 227 227
2 189 147
160 212 227
127 185 127
212 231 93
4 188 1
117 244 127
56 115 255
40 71 127
58 94 197
49 205 147
96 213 213
132 170 91
45 151 127
31 148 147
45 176 147
84 210 127
48 235 1
23 236 114
204 206 127
71 84 250
83 200 1
25 190 127
90 127 127
42 230 147
142 217 1
63 217 227
147 206 147
213 253 1
18 242 65
174 244 174
42 256 92
25 120 127
116 180 1
93 164 227
176 182 215
62 186 127
41 62 127
101 124 127
6 107 227
16 130 197
123 154 171
135 166 127
27 255 1
55 123 171
113 235 235
54 227 227
110 210 127
165 204 127
32 170 170
73 225 215
149 200 50
12 81 147
78 127 127
155 190 1
29 152 44
127 157 127
77 218 254
54 133 127
91 149 91
23 96 127
27 173 1
194 243 1
54 95 213
141 161 227
98 148 98
64 220 127
106 196 1
33 39 193
154 167 147
47 67 112
21 121 17
3 205 1
85 240 147
13 79 1
127 169 127
111 154 1
22 200 227
58 175 190
165 215 215
5 195 1
43 154 227
27 202 1
121 135 147
39 209 1
147 187 147
73 176 215
74 114 114
54 161 227
18 160 114
121 153 227
40 229 127
135 164 127
121 199 1
159 248 127
119 135 127
12 86 147
72 227 227
64 253 1
96 146 254
69 95 1
13 121 1
114 242 114
122 208 1
