256 8335
208 227 1
127 227 1
27 227 1
156 227 1
147 227 1
197 213 227
151 213 227
213 247 227
54 213 227
83 213 227
112 215 213
112 246 213
112 173 213
112 182 213
112 114 213
95 178 112
91 95 112
95 193 112
95 253 112
3 95 112
89 195 95
110 195 95
142 195 95
195 255 95
195 252 95
50 136 195
50 165 195
50 150 195
50 120 195
50 235 195
155 200 50
98 155 50
38 155 50
104 155 50
97 155 50
82 194 155
82 171 155
82 93 155
82 126 155
82 229 155
5 153 82
153 254 82
57 153 82
80 153 82
65 153 82
168 169 153
62 168 153
168 170 153
68 168 153
108 168 153
63 221 168
44 63 168
63 190 168
17 63 168
63 243 168
101 113 63
101 152 63
101 143 63
59 101 63
101 199 63
67 250 101
67 77 101
67 109 101
34 67 101
67 231 101
10 141 67
119 141 67
92 141 67
21 141 67
141 162 67
117 232 141
117 185 141
117 196 141
117 212 141
117 223 141
158 186 117
85 186 117
186 238 117
8 186 117
145 186 117
60 71 186
42 71 186
53 71 186
71 122 186
71 240 186
22 118 71
118 230 71
100 118 71
118 239 71
118 242 71
209 218 118
58 209 118
56 209 118
209 224 118
116 209 118
41 174 209
41 207 209
41 161 209
41 137 209
41 131 209
148 217 41
191 217 41
30 217 41
132 217 41
103 217 41
11 167 217
11 73 217
11 13 217
11 102 217
11 99 217
49 146 11
49 214 11
2 49 11
49 105 11
49 205 11
20 160 49
20 233 49
20 43 49
20 130 49
20 47 49
164 244 20
222 244 20
244 251 20
189 244 20
24 244 20
36 249 244
128 249 244
121 249 244
94 249 244
226 249 244
46 140 249
46 154 249
46 248 249
46 237 249
29 46 249
7 48 46
7 55 46
7 206 46
7 187 46
7 211 46
157 176 7
90 157 7
144 157 7
28 157 7
157 225 7
14 149 157
149 172 157
19 149 157
149 220 157
149 204 157
139 256 149
33 256 149
115 256 149
12 256 149
175 256 149
64 81 256
81 234 256
51 81 256
81 203 256
81 177 256
86 133 81
35 133 81
6 133 81
16 133 81
96 133 81
37 159 133
37 219 133
15 37 133
37 69 133
37 88 133
39 138 37
138 179 37
32 138 37
135 138 37
72 138 37
106 241 138
23 106 138
45 106 138
40 106 138
106 163 138
125 180 106
25 180 106
180 210 106
26 180 106
180 201 106
66 181 180
66 198 180
66 129 180
66 184 180
66 84 180
111 245 66
166 245 66
124 245 66
216 245 66
79 245 66
18 134 245
18 192 245
18 70 245
18 236 245
18 228 245
4 61 18
31 61 18
61 107 18
61 87 18
61 78 18
52 183 61
52 75 61
52 74 61
52 202 61
9 52 61
76 123 52
123 188 52
123 208 1
123 127 1
27 123 1
123 156 1
123 147 1
123 197 227
123 151 227
123 247 227
54 123 227
83 123 227
123 215 213
123 246 213
123 173 213
123 182 213
114 123 213
123 178 112
91 123 112
123 193 112
123 253 112
3 123 112
89 123 95
110 123 95
123 142 95
123 255 95
123 252 95
123 136 195
123 165 195
123 150 195
120 123 195
123 235 195
123 200 50
98 123 50
38 123 50
104 123 50
97 123 50
123 194 155
123 171 155
93 123 155
123 126 155
123 229 155
5 123 82
123 254 82
57 123 82
80 123 82
65 123 82
123 169 153
62 123 153
123 170 153
68 123 153
108 123 153
123 221 168
44 123 168
123 190 168
17 123 168
123 243 168
113 123 63
123 152 63
123 143 63
59 123 63
123 199 63
123 250 101
77 123 101
109 123 101
34 123 101
123 231 101
10 123 67
119 123 67
92 123 67
21 123 67
123 162 67
123 232 141
123 185 141
123 196 141
123 212 141
123 223 141
123 158 117
85 123 117
123 238 117
8 123 117
123 145 117
60 123 186
42 123 186
53 123 186
122 123 186
123 240 186
22 123 71
123 230 71
100 123 71
123 239 71
123 242 71
123 218 118
58 123 118
56 123 118
123 224 118
116 123 118
123 174 209
123 207 209
123 161 209
123 137 209
123 131 209
123 148 41
123 191 41
30 123 41
123 132 41
103 123 41
123 167 217
73 123 217
13 123 217
102 123 217
99 123 217
123 146 11
123 214 11
2 123 11
105 123 11
123 205 11
123 160 49
123 233 49
43 123 49
123 130 49
47 123 49
123 164 20
123 222 20
123 251 20
123 189 20
24 123 20
36 123 244
123 128 244
121 123 244
94 123 244
123 226 244
123 140 249
123 154 249
123 248 249
123 237 249
29 123 249
48 123 46
55 123 46
123 206 46
123 187 46
123 211 46
123 176 7
90 123 7
123 144 7
28 123 7
123 225 7
14 123 157
123 172 157
19 123 157
123 220 157
123 204 157
123 139 149
33 123 149
115 123 149
12 123 149
123 175 149
64 123 256
123 234 256
51 123 256
123 203 256
123 177 256
86 123 81
35 123 81
6 123 81
16 123 81
96 123 81
123 159 133
123 219 133
15 123 133
69 123 133
88 123 133
39 123 37
123 179 37
32 123 37
123 135 37
72 123 37
123 241 138
23 123 138
45 123 138
40 123 138
123 163 138
123 125 106
25 123 106
123 210 106
26 123 106
123 201 106
123 181 180
123 198 180
123 129 180
123 184 180
84 123 180
111 123 66
123 166 66
123 124 66
123 216 66
79 123 66
123 134 245
123 192 245
70 123 245
123 236 245
123 228 245
4 123 18
31 123 18
107 123 18
87 123 18
78 123 18
123 183 61
75 123 61
74 123 61
123 202 61
9 123 61
1 123 1
123 227 227
123 213 213
112 123 112
95 123 95
123 195 195
50 123 50
123 155 155
82 123 82
123 153 153
123 168 168
63 123 63
101 123 101
67 123 67
123 141 141
117 123 117
123 186 186
71 123 71
118 123 118
123 209 209
41 123 41
123 217 217
11 123 11
49 123 49
20 123 20
123 244 244
123 249 249
46 123 46
7 123 7
123 157 157
123 149 149
123 256 256
81 123 81
123 133 133
37 123 37
123 138 138
106 123 106
123 180 180
66 123 66
123 245 245
18 123 18
61 123 61
52 123 52
59 110 95
74 183 61
189 251 20
11 212 141
215 224 213
61 153 153
146 205 11
23 254 82
58 73 118
182 219 213
36 121 244
185 247 227
185 219 141
30 232 141
105 214 11
213 226 213
16 86 81
78 175 149
34 109 101
147 156 1
223 232 141
118 138 118
211 252 95
82 199 82
134 192 245
60 122 186
30 103 41
13 167 217
32 36 244
117 225 117
212 223 141
54 247 227
131 174 209
110 252 95
80 118 82
18 185 141
95 133 95
104 200 50
76 188 52
4 128 244
28 152 63
161 242 71
32 135 37
193 213 213
39 179 37
31 73 217
23 66 138
62 169 153
40 241 138
116 224 118
168 253 112
147 213 1
184 194 155
176 225 7
189 222 20
119 162 67
181 226 244
21 162 67
61 100 71
37 46 46
59 152 63
72 135 37
207 238 117
54 200 227
1 77 1
11 50 50
231 254 82
79 132 41
7 226 244
16 35 81
182 246 213
4 39 37
117 149 117
167 181 217
124 156 1
73 167 217
67 236 67
50 151 227
41 189 41
65 254 82
136 150 195
6 96 81
115 139 149
3 56 112
64 119 67
96 220 157
113 152 63
115 168 168
2 254 82
104 184 50
35 191 41
26 69 133
30 148 41
124 216 66
24 189 20
70 84 180
196 230 141
84 232 141
39 51 256
97 191 50
76 183 61
90 225 7
63 149 63
9 74 61
122 134 186
49 153 153
185 226 141
63 189 63
144 150 195
85 145 117
38 227 227
82 240 82
155 156 1
53 240 186
53 60 186
97 104 50
118 153 153
1 65 1
73 176 217
64 236 256
91 178 112
108 112 112
143 152 63
134 228 245
48 55 46
1 82 1
62 68 153
57 65 82
153 221 153
115 153 153
38 200 50
8 253 112
111 228 66
69 88 133
59 168 168
50 171 50
196 223 141
131 244 209
129 181 180
18 181 180
27 127 1
88 119 67
34 246 213
68 108 153
150 165 195
32 159 133
136 239 195
22 242 71
22 230 71
181 198 180
106 240 186
153 205 153
2 120 195
12 50 50
46 113 63
110 193 112
50 79 50
157 233 49
72 219 133
37 161 209
57 254 82
8 145 117
78 159 133
74 202 61
57 112 112
30 220 41
205 214 11
132 191 41
87 124 66
38 86 50
113 142 95
203 234 256
74 75 61
99 102 217
212 232 141
61 227 227
98 104 50
78 87 18
155 169 155
187 201 46
67 153 153
9 131 209
130 160 49
32 102 217
16 96 81
14 129 157
137 207 209
15 69 133
6 16 81
27 156 1
52 116 118
6 105 11
43 47 49
93 171 155
152 199 63
99 106 217
40 222 20
58 82 82
132 141 141
82 103 82
3 112 112
26 169 153
178 253 112
188 202 61
43 186 186
138 178 112
109 213 213
94 219 244
32 179 37
27 57 1
81 153 153
2 142 95
16 90 7
158 238 117
40 163 138
130 205 11
161 207 209
33 139 149
189 213 213
6 68 153
32 217 217
51 234 256
41 102 41
45 72 37
26 125 106
54 151 227
199 227 227
26 117 117
15 78 133
171 194 155
97 98 50
47 61 49
4 78 18
35 135 81
95 175 95
58 100 71
36 128 244
74 86 81
160 247 227
230 239 71
5 185 82
52 218 118
90 175 7
35 198 81
111 166 66
147 208 1
187 206 46
195 206 195
32 81 81
59 139 63
25 201 106
65 148 82
47 146 11
155 209 155
75 87 18
56 58 118
126 194 155
136 227 227
10 92 67
9 183 61
93 126 155
19 251 20
143 199 63
138 219 133
178 213 213
76 184 180
182 215 213
106 220 157
38 97 50
1 147 1
140 237 249
7 67 67
23 117 117
71 220 71
20 248 20
1 185 1
42 240 186
84 184 180
221 227 227
14 19 157
65 80 82
35 59 63
62 170 153
161 174 209
51 57 82
227 243 227
103 148 41
100 132 71
36 201 244
13 227 227
11 32 11
78 133 133
174 185 141
154 248 249
103 141 141
1 54 1
145 196 141
16 70 81
121 219 244
2 244 11
84 198 180
124 166 66
2 126 155
73 99 217
26 177 256
39 78 37
181 184 180
6 35 81
227 247 227
50 190 50
155 240 155
188 228 245
80 254 82
100 242 71
200 237 50
218 224 118
95 215 213
21 23 67
178 180 112
56 250 101
22 100 71
90 256 7
74 78 18
9 163 138
59 124 63
8 238 117
34 112 112
33 133 149
26 149 149
26 210 106
15 121 244
101 155 155
107 124 66
144 176 7
210 211 46
72 236 37
73 102 217
67 117 67
106 256 256
56 224 118
237 248 249
158 212 141
129 141 141
131 161 209
43 130 49
216 236 66
25 233 49
161 202 209
66 214 11
223 230 141
83 95 227
49 102 217
36 234 244
30 129 41
136 235 195
77 98 50
171 255 95
39 194 155
79 145 117
2 105 11
85 238 117
55 187 46
8 213 213
2 214 11
174 207 209
9 33 149
176 184 7
112 191 112
114 215 213
115 222 20
5 254 82
110 255 95
12 139 149
89 110 95
10 43 67
87 130 49
89 114 213
19 188 157
78 171 155
110 153 95
41 187 41
42 53 186
31 75 18
94 128 244
78 109 101
30 95 95
153 190 153
1 247 1
132 148 41
94 233 49
9 202 61
175 253 112
59 143 63
70 188 245
44 70 168
46 137 209
206 211 46
149 157 157
108 225 153
183 202 61
129 175 149
82 110 95
1 195 1
58 218 118
50 215 213
1 182 1
30 191 41
19 172 157
17 190 168
148 191 41
14 172 157
24 251 20
50 53 50
212 251 141
113 143 63
72 179 37
92 195 195
39 135 37
124 138 138
83 151 227
155 171 155
105 205 11
70 192 245
127 182 1
39 72 37
103 132 41
17 221 168
15 159 133
63 64 63
151 197 227
36 168 168
183 188 61
37 138 37
101 231 101
72 159 133
227 255 227
28 225 7
47 233 49
163 241 138
197 247 227
3 149 112
87 145 117
81 243 168
209 247 227
95 202 95
12 175 149
94 226 244
86 107 81
29 181 249
47 85 117
23 45 138
70 228 245
48 107 46
91 253 112
50 90 50
40 45 138
89 142 95
57 94 82
79 118 118
65 169 82
110 142 95
73 217 217
58 171 155
50 57 50
137 232 141
214 255 95
26 54 227
67 195 195
89 252 95
241 256 256
77 186 101
68 153 153
90 176 7
15 23 133
1 236 1
131 207 209
60 117 117
60 213 213
83 197 227
66 240 186
97 200 50
188 248 249
100 239 71
98 200 50
38 98 50
150 235 195
57 80 82
139 251 20
137 173 213
80 114 213
33 214 11
49 204 49
1 17 1
195 200 195
82 99 82
5 80 82
10 184 67
171 229 155
190 243 168
137 174 209
91 198 112
112 255 112
4 87 18
174 215 213
27 196 1
89 219 95
32 72 37
12 115 149
173 182 213
151 227 227
2 71 71
3 193 112
55 104 50
58 236 118
168 179 168
17 136 195
11 129 11
121 128 244
65 158 82
121 195 195
112 200 112
61 129 180
6 118 118
35 241 81
55 211 46
189 192 20
54 58 227
121 226 244
18 201 106
99 167 217
6 86 81
36 181 244
134 236 245
122 240 186
72 133 133
55 206 46
140 248 249
29 248 249
69 216 133
129 198 180
56 169 153
133 164 20
74 76 61
139 175 149
28 90 7
81 95 95
33 113 63
29 150 195
113 189 63
33 137 209
7 79 7
34 168 168
88 143 63
205 249 11
169 170 153
13 73 217
18 95 95
31 157 157
89 241 95
1 118 1
53 122 186
71 117 117
119 213 213
19 195 195
24 112 112
74 188 61
156 197 1
19 135 157
215 246 213
63 217 63
134 166 66
72 250 101
19 220 157
87 227 227
121 183 244
96 105 11
76 240 186
70 191 41
54 227 227
97 118 50
62 220 153
116 119 67
64 234 256
5 252 95
38 158 50
75 183 61
74 144 7
42 60 186
127 207 1
30 153 153
155 230 155
61 70 245
35 86 81
177 191 41
3 227 227
106 213 213
138 217 217
230 242 71
169 201 153
149 197 227
113 199 63
28 159 7
154 237 249
50 59 50
70 101 101
33 175 149
88 163 133
114 227 227
36 114 213
58 116 118
144 225 7
192 236 245
153 246 213
239 242 71
43 243 168
62 86 153
124 184 180
201 244 244
63 213 213
183 235 195
15 45 133
127 199 1
178 193 112
67 196 67
79 111 66
2 95 95
62 112 112
7 144 7
107 134 245
212 226 141
60 167 186
2 77 101
22 239 71
46 201 46
61 67 67
43 233 49
52 214 11
63 219 63
49 91 112
14 207 209
163 210 138
227 236 227
35 41 41
26 63 63
119 200 50
25 35 81
33 251 20
1 62 1
6 20 20
163 236 138
110 209 95
17 77 168
34 250 101
20 82 82
44 155 155
204 244 244
59 199 63
18 112 112
62 155 155
93 229 155
112 227 227
92 192 67
131 227 227
171 174 155
128 209 209
41 248 41
37 66 37
27 193 1
237 240 186
5 57 82
6 180 81
42 227 227
217 232 141
216 244 244
192 201 106
11 187 11
82 192 82
81 156 1
71 79 71
114 212 213
162 213 213
184 198 180
147 243 1
106 172 157
51 183 256
71 133 71
129 184 180
59 138 63
64 168 168
62 80 82
1 127 1
4 67 67
10 112 112
8 105 117
149 223 141
1 91 1
73 146 217
22 161 71
9 38 50
58 210 118
187 210 46
31 79 66
26 234 256
140 244 244
183 198 180
130 153 153
145 238 117
130 233 49
82 153 82
158 167 117
26 227 227
54 197 227
28 254 82
101 182 213
119 153 153
30 63 63
33 46 46
162 241 67
225 242 71
71 141 141
95 227 227
101 248 101
56 218 118
192 224 118
181 234 256
105 225 11
16 223 141
106 159 133
57 211 82
160 233 49
12 33 149
84 225 7
174 222 209
41 106 41
83 247 227
128 188 244
149 244 244
29 33 249
35 161 209
28 171 155
17 114 213
6 55 46
26 52 106
21 119 67
111 219 133
146 184 11
70 166 66
44 159 168
142 255 95
1 199 1
134 168 168
1 193 1
59 160 63
108 170 153
20 90 20
25 210 106
141 154 141
83 136 227
50 167 50
119 135 67
77 142 95
92 216 67
83 187 227
112 188 112
185 212 141
59 113 63
34 77 101
104 128 50
129 179 37
65 227 227
38 94 50
21 92 67
77 231 101
166 171 155
63 184 63
57 187 82
116 122 186
6 42 186
23 41 41
174 220 209
75 178 112
168 203 168
156 203 1
96 170 153
47 239 71
173 246 213
56 116 118
72 112 112
50 189 50
86 198 81
4 107 18
95 167 95
65 111 82
108 169 153
31 78 18
73 125 217
3 61 112
252 255 95
67 237 67
14 212 141
64 203 256
24 29 20
87 107 18
50 145 50
95 232 95
63 132 63
136 220 195
103 128 41
129 220 157
43 63 63
1 151 1
184 216 180
13 233 217
90 220 7
14 56 118
82 204 82
50 124 50
144 155 155
33 115 149
14 41 41
80 206 82
160 227 227
188 217 217
47 77 101
79 220 157
7 40 7
179 249 249
126 250 155
35 153 153
104 254 50
1 136 1
193 229 112
82 155 155
121 191 41
15 255 95
118 249 118
20 25 20
74 242 71
86 148 41
2 112 112
25 186 186
176 229 155
29 237 249
126 247 227
95 110 95
94 156 1
231 250 101
115 226 244
4 11 11
109 144 101
1 208 1
18 114 213
25 88 133
107 250 101
30 102 41
30 89 95
149 228 149
238 255 95
114 184 213
77 250 101
109 231 101
201 256 256
47 200 50
126 229 155
5 46 82
25 125 106
115 124 149
36 94 244
112 162 112
75 124 66
22 101 101
206 228 46
25 168 168
3 213 213
57 227 227
53 183 186
193 228 112
16 149 149
167 191 41
143 224 63
118 186 186
40 100 71
56 63 63
135 164 20
43 69 49
53 160 186
127 156 1
70 157 157
25 253 112
125 242 71
35 96 81
109 161 101
160 217 217
101 198 101
175 202 149
51 177 256
112 160 112
120 235 195
35 91 112
80 208 1
93 200 50
45 136 195
84 154 249
173 215 213
63 249 63
97 169 50
148 157 41
1 57 1
120 136 195
112 249 112
141 201 141
21 58 67
35 186 186
39 209 209
61 181 180
21 232 67
77 188 101
171 245 155
72 74 37
79 237 249
109 181 101
110 227 227
95 225 95
174 200 50
29 140 249
14 219 157
166 249 249
102 140 217
149 249 249
95 120 95
164 251 20
62 143 153
69 159 133
44 244 168
51 64 256
60 141 141
161 249 209
242 245 71
6 193 112
213 253 213
146 214 11
31 81 81
164 222 20
88 112 112
115 175 149
92 119 67
101 141 101
112 235 112
131 137 209
135 204 157
101 118 101
89 236 95
21 207 67
21 125 67
171 202 155
48 206 46
23 40 138
185 196 141
42 122 186
41 78 41
20 139 20
95 159 95
149 183 149
118 195 195
222 251 20
48 138 46
47 130 49
33 94 244
45 128 244
41 249 41
63 117 63
26 154 249
6 104 50
66 215 213
99 117 117
47 153 153
61 184 180
193 207 112
161 230 71
84 181 180
92 101 101
49 121 49
243 252 95
68 169 153
1 227 1
201 236 106
146 188 11
15 88 133
52 207 209
230 249 71
103 213 213
55 146 11
66 251 20
17 168 168
16 71 71
45 53 186
55 134 46
24 172 20
172 227 227
50 168 50
129 157 157
44 167 168
50 222 50
183 238 117
44 105 168
15 74 133
31 194 155
35 125 81
6 30 41
135 150 195
141 216 141
2 133 11
14 126 155
142 252 95
53 134 186
7 121 244
132 155 155
38 91 112
24 117 117
88 219 133
17 243 168
133 144 7
62 108 153
38 104 50
27 237 1
164 189 20
61 76 61
71 214 71
2 148 41
97 227 227
134 255 95
63 218 63
175 229 155
30 204 41
50 238 50
25 26 106
18 107 18
134 186 186
61 130 49
75 216 66
34 203 101
98 113 50
63 240 63
26 116 118
92 124 67
28 42 186
14 192 157
11 59 63
112 115 112
69 166 133
70 232 141
21 210 67
105 132 41
72 104 50
105 117 117
139 179 149
9 179 37
8 109 101
16 151 227
160 176 49
80 227 227
16 144 7
31 183 18
161 213 213
25 128 244
82 190 82
2 233 11
1 181 1
139 234 149
52 70 245
62 177 153
107 226 244
15 223 141
94 209 209
155 172 155
35 94 244
128 184 244
115 183 149
210 218 118
1 215 1
4 20 20
44 168 168
210 256 256
11 227 227
8 158 117
114 182 213
70 134 245
9 222 20
51 205 11
24 201 20
81 188 81
69 227 227
36 196 141
58 202 118
139 239 71
6 161 209
55 126 155
101 131 101
6 95 95
100 212 141
40 73 217
45 138 138
71 177 71
116 241 118
156 158 1
1 156 1
141 209 141
41 138 41
153 244 153
130 221 168
30 58 118
165 235 195
25 182 213
130 132 41
74 214 11
114 213 213
45 220 157
87 134 245
204 229 155
48 211 46
16 208 1
106 113 63
4 183 18
182 254 213
2 64 11
74 186 186
79 166 66
139 204 157
93 255 95
28 139 7
76 135 37
56 195 195
81 146 11
129 245 180
45 78 138
50 126 50
66 205 11
6 106 81
46 52 46
41 117 117
192 228 245
52 129 180
68 82 82
95 150 95
155 222 155
213 234 213
24 185 141
185 232 141
105 146 11
26 89 95
1 198 1
155 203 155
213 242 213
112 145 112
221 243 168
90 124 7
166 217 217
10 162 67
24 222 20
18 127 1
87 214 11
114 169 213
149 239 71
60 240 186
161 214 209
62 156 1
93 187 155
155 229 155
101 239 101
137 160 209
36 141 141
27 189 1
143 168 168
112 253 112
91 193 112
151 190 227
14 133 157
78 206 46
56 172 118
50 138 50
101 105 101
92 147 1
3 253 112
9 241 138
132 153 153
131 210 209
111 200 50
37 71 71
103 199 63
148 238 117
195 253 112
84 129 180
1 67 1
55 75 46
136 154 195
195 242 195
79 125 106
229 245 155
35 168 168
24 30 41
13 209 209
8 193 112
157 159 157
88 159 133
192 209 209
47 191 41
42 117 117
47 173 213
26 46 46
17 44 168
145 195 195
159 219 133
23 70 138
114 199 213
192 225 7
9 80 82
78 107 18
172 220 157
108 121 153
117 206 117
42 186 186
1 184 1
217 226 217
130 230 71
58 170 153
54 191 227
31 107 18
182 205 213
15 153 153
193 253 112
82 234 82
75 222 20
9 210 106
82 96 82
117 121 117
54 109 227
166 212 141
187 237 249
105 153 153
44 190 168
17 153 153
127 208 1
91 103 112
10 45 67
46 181 46
9 195 195
112 133 112
11 67 67
216 251 20
133 201 133
131 231 101
218 219 118
9 157 157
78 183 18
87 228 245
58 224 118
87 197 227
65 238 82
66 69 133
25 30 41
79 216 66
101 250 101
145 185 141
127 145 1
33 216 149
96 189 20
4 218 118
137 161 209
95 240 95
24 144 20
53 65 82
155 198 155
110 186 95
165 186 195
108 218 153
63 162 63
1 39 1
36 102 217
79 115 149
106 151 227
189 240 186
4 88 133
122 131 186
29 88 249
30 71 71
156 208 1
42 185 141
111 124 66
58 151 227
112 194 112
89 255 95
199 239 63
168 200 50
69 134 133
17 38 50
34 231 101
190 221 168
104 213 213
132 133 41
143 171 155
158 168 168
121 160 49
69 112 112
60 84 186
140 181 249
133 159 133
125 201 106
80 195 195
128 215 213
204 249 249
90 144 7
153 211 153
179 239 71
109 222 101
112 178 112
213 252 213
150 213 213
9 78 18
47 101 101
71 99 71
231 243 168
69 219 133
186 234 186
51 56 118
172 234 157
12 55 46
98 209 50
79 219 133
27 147 1
50 84 50
27 73 1
32 256 256
32 203 256
34 41 101
19 78 157
23 37 37
117 141 141
184 231 101
50 239 50
64 136 195
50 62 50
156 233 1
7 145 117
133 171 155
198 225 7
239 247 227
40 157 157
234 256 256
81 201 81
38 118 50
228 234 256
136 165 195
122 244 186
52 225 7
125 207 209
51 149 149
218 230 71
199 230 63
134 174 209
148 153 153
14 220 157
102 167 217
47 114 213
204 220 157
109 237 101
47 175 49
51 203 256
194 195 195
32 195 195
114 173 213
100 248 71
43 160 49
5 65 82
112 150 112
38 76 50
74 111 66
81 99 217
34 209 101
93 155 155
3 178 112
208 236 1
77 173 213
141 176 141
77 222 101
19 227 227
30 49 41
13 36 217
132 177 41
185 223 141
107 175 149
21 166 67
72 157 157
1 197 1
161 190 168
75 196 141
22 126 155
120 212 195
140 154 249
74 192 245
16 73 217
53 82 82
12 86 149
2 139 11
50 169 50
61 226 244
146 191 41
9 31 18
20 67 67
161 215 213
24 120 195
59 188 63
107 108 153
34 116 101
125 210 106
76 252 95
63 199 63
188 225 7
151 242 227
146 174 209
16 177 256
36 140 244
8 85 117
30 132 41
186 242 186
18 125 106
13 75 217
89 227 227
118 155 155
1 12 1
142 207 95
86 231 101
2 227 227
112 250 112
3 111 112
141 238 141
2 206 11
195 214 195
244 253 112
109 196 101
58 178 112
3 148 112
39 216 37
68 194 155
45 163 138
115 117 117
92 139 67
18 66 66
11 29 11
63 223 63
25 117 117
132 146 41
44 243 168
17 112 112
76 202 61
31 84 180
1 204 1
82 83 227
16 148 41
98 138 50
29 228 249
112 171 112
51 187 46
2 205 11
213 240 213
120 165 195
108 196 153
112 180 112
195 218 195
169 211 153
49 118 118
99 124 217
30 189 41
231 235 195
32 154 249
3 91 112
133 141 141
117 192 117
102 184 217
218 242 71
24 64 20
31 146 11
48 168 168
155 219 155
41 74 41
36 255 95
112 243 112
128 155 155
85 125 117
145 162 67
49 184 49
74 187 46
75 188 61
20 213 213
157 168 168
37 178 112
216 250 101
95 104 95
181 245 180
92 95 95
155 233 155
122 192 186
144 198 7
32 39 37
110 216 95
231 239 101
100 109 101
14 204 157
33 184 149
25 92 67
153 230 153
169 218 153
230 233 71
27 179 1
131 200 50
187 211 46
86 166 81
144 195 195
44 162 168
7 149 7
145 155 155
149 192 149
44 186 168
110 212 95
66 229 155
129 156 1
26 114 213
22 186 186
163 166 138
25 75 106
50 194 50
103 179 41
11 225 11
11 176 11
71 129 71
48 171 155
153 231 153
1 83 1
8 251 117
47 160 49
130 189 49
67 110 95
13 102 217
28 134 7
97 173 213
42 93 155
63 92 63
199 240 63
70 241 138
145 158 117
78 81 81
18 193 112
113 195 195
73 223 141
206 209 209
2 107 11
85 229 155
143 228 63
59 106 63
8 75 117
31 228 245
92 162 67
63 125 63
79 205 11
209 226 209
144 181 7
27 117 1
100 125 71
227 249 227
84 193 112
44 102 168
41 205 41
155 249 155
40 67 67
15 16 81
16 19 157
1 103 1
76 218 118
74 136 195
26 213 213
223 231 101
36 226 244
20 204 20
10 88 67
181 217 217
13 99 217
121 220 244
1 114 1
7 99 217
21 101 101
20 61 20
38 63 50
78 216 66
21 176 67
23 179 37
41 151 227
20 66 20
6 134 81
134 145 117
138 204 157
86 112 112
21 107 67
120 169 195
15 214 11
181 202 180
15 219 133
1 253 1
9 23 138
81 149 149
9 66 66
27 208 1
60 216 186
76 98 50
34 213 213
101 230 101
77 109 101
51 180 256
62 247 227
33 107 149
2 155 155
132 201 41
42 168 168
26 152 63
58 60 186
44 221 168
83 195 227
119 220 67
2 171 155
29 191 41
95 134 95
6 166 81
182 198 213
155 190 155
36 100 71
13 79 217
72 184 37
27 247 1
62 181 153
153 213 213
60 168 168
100 173 213
99 195 195
15 52 133
6 232 141
35 227 227
128 226 244
64 83 227
23 100 71
1 63 1
59 149 63
19 253 112
127 244 1
79 124 66
3 19 112
33 157 157
89 182 213
2 146 11
158 234 117
16 243 168
32 153 153
100 254 82
7 220 7
53 213 213
78 120 195
20 212 141
107 236 245
27 207 1
239 254 82
36 54 227
11 15 11
48 157 46
33 87 149
99 104 50
88 161 209
25 192 106
15 164 20
135 217 217
83 235 227
29 38 50
142 183 95
146 209 209
99 220 217
41 159 41
101 172 101
72 84 37
221 253 112
223 251 141
3 150 112
87 101 101
93 194 155
213 215 213
203 244 244
73 92 67
31 40 138
63 141 63
61 135 37
3 18 112
41 214 41
99 101 101
16 227 227
58 195 195
151 240 227
179 244 244
181 244 244
4 22 71
125 196 141
58 128 118
86 233 49
194 227 227
6 82 82
63 67 63
85 185 141
28 144 7
99 138 217
47 224 118
115 215 213
129 233 49
38 135 50
95 218 95
12 179 149
179 210 37
76 241 138
112 240 112
67 95 95
111 216 66
63 191 63
122 132 186
42 169 153
40 237 249
1 218 1
112 165 112
204 212 141
23 163 138
172 181 157
45 241 138
63 133 63
82 129 82
147 180 1
119 146 67
10 21 67
13 153 153
50 108 50
86 199 63
117 144 117
54 83 227
211 229 155
85 158 117
211 253 112
70 90 7
25 49 49
95 137 95
33 222 20
62 87 153
3 67 112
228 236 245
75 214 11
92 223 67
74 201 106
80 135 82
112 139 112
28 195 195
69 138 133
71 143 63
151 220 227
4 210 106
13 104 50
4 47 49
1 6 1
79 161 209
32 75 37
182 206 213
220 237 249
6 146 11
151 247 227
30 164 41
216 233 49
32 129 37
226 253 112
1 98 1
60 98 50
29 154 249
71 151 227
119 189 67
196 222 141
87 199 63
49 217 217
221 231 168
21 221 168
152 184 63
169 193 112
55 249 249
82 243 82
39 184 37
154 185 141
62 236 153
196 232 141
189 201 20
155 194 155
143 158 63
40 184 138
193 251 112
15 196 141
69 87 133
35 63 63
65 171 155
10 119 67
44 228 168
24 63 63
198 227 227
12 14 157
13 187 217
141 157 141
8 249 117
86 234 256
96 248 249
196 212 141
45 111 138
97 138 50
11 37 11
124 149 149
62 81 153
112 229 112
140 187 249
81 233 49
103 191 41
75 235 195
38 209 50
43 213 213
95 165 95
55 76 46
8 107 117
144 184 7
166 216 66
164 184 20
26 198 106
41 216 41
117 205 117
104 180 50
57 237 82
16 190 168
117 256 117
9 89 95
165 173 213
77 162 101
207 216 209
136 215 213
114 246 213
82 174 82
68 219 153
139 151 227
28 176 7
120 245 195
166 240 186
122 181 186
87 175 149
141 152 63
48 209 209
129 188 180
1 251 1
87 151 227
107 151 227
78 101 101
95 160 95
175 192 149
167 237 217
66 179 37
64 216 256
82 119 82
118 225 118
22 142 95
197 227 227
87 217 217
62 213 213
33 124 149
127 147 1
112 172 112
120 218 195
227 241 227
74 177 256
118 228 118
9 95 95
161 227 227
150 227 227
48 234 46
148 251 41
138 188 138
8 130 117
1 213 1
12 207 209
163 211 46
81 152 63
116 218 118
50 95 95
35 216 81
31 87 18
193 227 227
217 228 217
177 234 256
121 161 209
74 80 82
106 107 106
67 116 67
50 213 213
34 74 101
141 227 227
199 225 63
81 219 81
40 58 118
41 213 213
36 190 168
49 163 49
31 108 153
51 85 117
96 203 256
19 244 244
22 43 71
133 255 95
45 227 227
63 181 63
193 245 112
184 203 256
209 245 209
209 251 209
35 219 81
14 67 67
52 79 66
26 41 41
50 74 50
70 213 213
33 174 209
82 244 82
124 202 66
150 190 195
25 110 95
196 228 141
67 217 67
129 164 20
95 166 95
39 178 112
230 256 71
101 251 101
2 240 186
50 152 50
66 99 217
101 209 101
25 184 106
41 194 155
88 155 155
18 25 106
51 158 117
20 69 20
78 111 66
75 144 7
76 127 1
38 202 50
169 233 153
222 237 20
67 163 67
54 70 227
1 178 1
127 245 1
1 189 1
87 242 71
24 195 195
19 116 118
136 190 195
88 217 217
28 186 186
49 202 49
2 252 95
185 217 141
10 60 67
1 74 1
40 223 141
78 180 180
46 180 46
79 222 20
95 230 95
88 149 149
156 185 1
2 11 11
78 84 180
63 233 63
23 69 133
40 63 63
37 51 256
57 155 155
176 220 7
150 225 195
4 24 20
165 227 227
63 105 63
141 175 141
51 100 71
29 201 249
153 243 153
164 230 71
195 229 195
17 36 168
8 63 63
56 227 227
210 249 249
87 200 50
61 192 245
102 209 209
79 117 117
128 217 217
99 189 217
39 68 153
11 146 11
41 46 41
22 141 141
19 186 186
162 239 67
186 224 186
86 201 81
9 166 66
12 205 11
17 134 168
40 201 138
78 192 245
85 161 117
75 256 256
21 158 67
12 30 41
86 96 81
18 87 18
153 199 153
20 94 20
89 203 95
125 148 41
67 94 67
12 134 149
67 198 67
215 239 213
43 118 118
141 245 141
110 144 95
46 172 46
213 244 213
76 203 256
35 209 209
23 189 20
140 199 63
42 221 168
68 170 153
189 224 118
6 139 149
9 144 7
121 138 244
47 156 1
4 201 106
187 203 46
146 193 112
48 237 249
170 244 153
81 100 71
26 216 106
154 198 249
3 153 112
223 247 227
10 153 153
144 244 244
25 50 50
21 85 67
5 155 155
169 236 153
69 177 256
131 195 195
20 35 20
93 227 227
193 220 112
114 244 213
153 169 153
45 134 138
31 117 117
2 159 11
19 103 41
34 124 101
149 190 168
74 164 20
106 202 106
51 67 67
36 139 244
61 84 180
71 234 71
109 112 112
119 159 67
82 160 82
129 153 153
29 63 63
121 135 244
86 182 213
33 51 149
34 198 101
253 256 112
111 197 227
47 176 49
194 229 155
57 204 82
73 206 217
32 188 37
239 240 186
4 32 37
32 184 37
1 89 1
71 166 71
37 102 217
85 140 117
22 199 63
135 179 37
72 114 213
31 48 46
63 145 63
65 201 82
48 220 46
62 159 153
14 195 195
133 219 133
56 166 118
81 248 249
146 199 63
69 172 157
85 146 117
6 234 256
107 183 18
40 55 46
229 255 95
80 106 82
139 178 112
6 112 112
154 233 49
148 233 41
1 246 1
14 143 63
195 232 195
117 210 117
83 227 227
72 176 7
115 160 49
26 251 20
70 227 227
39 55 46
226 232 141
10 168 168
42 246 213
113 227 227
64 104 50
16 48 46
34 118 101
59 74 63
126 230 155
156 217 1
50 228 50
117 122 117
138 141 141
1 211 1
130 196 141
140 174 209
96 217 217
12 213 213
159 177 256
10 28 67
49 112 112
76 112 112
74 198 180
95 169 95
106 157 157
72 101 101
20 187 20
201 227 227
209 214 209
30 54 227
8 212 141
11 65 82
118 175 118
37 244 244
2 73 217
58 138 118
1 88 1
32 192 37
126 195 195
9 55 46
95 187 95
17 37 168
1 119 1
70 112 112
10 158 67
2 145 117
18 105 11
55 150 195
91 224 112
32 106 37
61 79 66
163 253 112
15 98 50
17 250 168
95 205 95
78 213 213
150 183 195
23 142 95
72 198 37
25 197 227
17 97 50
20 177 20
13 208 1
15 211 46
206 226 244
26 159 133
12 72 149
55 87 46
136 253 112
27 31 1
10 193 112
140 224 118
1 27 1
31 235 195
157 244 244
41 185 141
122 157 186
113 168 168
41 218 118
14 113 63
70 254 82
63 110 95
100 155 155
14 75 157
107 232 141
65 159 82
112 174 112
192 229 155
40 49 49
93 190 155
175 238 117
163 215 213
182 187 213
93 195 195
67 256 67
9 221 168
173 227 227
39 191 41
52 63 63
102 133 217
76 120 195
7 17 168
237 244 244
129 225 7
177 230 71
1 21 1
85 111 117
73 74 217
1 252 1
87 157 157
21 120 195
35 249 249
76 226 244
98 135 50
144 182 213
21 150 195
95 153 95
108 195 195
102 122 186
173 225 213
95 115 95
10 50 50
42 108 153
56 126 155
136 169 195
9 180 180
1 145 1
48 155 155
63 99 63
126 246 213
152 168 168
115 157 157
94 117 117
49 78 49
55 218 118
46 211 46
95 101 95
49 65 82
11 168 168
29 69 249
214 226 11
52 107 18
198 230 71
42 165 195
169 213 213
86 175 149
201 210 106
18 205 11
63 113 63
81 256 256
39 165 195
153 159 153
178 227 227
82 195 195
59 180 63
16 87 81
33 208 1
103 207 209
201 202 106
89 146 95
93 234 155
46 214 11
126 131 155
98 227 227
107 179 37
33 103 41
115 192 149
58 95 95
65 112 112
155 185 155
95 213 213
131 141 141
5 143 82
89 166 95
4 180 180
38 42 50
198 217 217
94 127 1
92 231 101
7 23 7
139 146 11
94 121 244
42 55 186
213 251 213
15 202 133
63 94 63
137 224 118
67 107 67
56 211 118
118 172 118
175 236 149
81 139 149
97 195 195
149 216 149
151 171 227
55 204 46
84 196 141
40 97 50
14 203 157
60 188 186
50 217 50
92 93 155
46 210 46
83 174 227
97 189 50
116 238 117
179 245 37
7 143 63
120 159 195
18 61 18
112 128 112
14 100 71
105 223 141
23 228 138
150 195 195
48 227 227
153 170 153
82 212 82
67 191 67
13 184 217
48 58 118
172 248 249
1 135 1
179 199 63
125 198 106
2 195 195
67 155 155
47 69 49
52 97 50
22 33 71
8 120 195
157 216 157
118 167 118
213 233 213
23 72 37
41 154 41
37 60 186
75 96 81
87 202 18
12 26 149
1 104 1
211 225 46
68 77 153
74 207 209
51 89 95
95 112 112
51 106 256
79 249 249
21 195 195
71 229 155
96 154 249
180 182 213
47 49 49
70 154 249
28 73 217
149 240 186
133 185 141
84 102 217
37 52 37
158 221 168
95 164 95
62 100 153
114 149 213
32 109 101
81 104 50
32 37 37
184 220 157
64 67 67
70 72 37
168 214 168
78 147 1
184 192 180
190 220 168
78 194 155
201 240 186
198 243 168
15 190 168
90 121 244
32 193 112
73 214 217
22 92 67
91 157 112
80 158 82
78 117 117
37 154 249
178 209 112
124 236 66
178 220 112
215 227 227
15 31 133
163 235 195
23 241 138
87 122 186
92 125 67
13 182 213
19 204 157
112 169 112
67 128 67
130 181 49
44 248 168
145 255 95
110 119 95
54 209 227
106 254 82
9 228 245
66 90 7
172 204 157
87 233 49
109 250 101
38 142 95
56 221 168
6 41 41
71 239 71
11 122 186
101 119 101
184 219 133
5 227 227
189 230 71
124 183 66
42 172 186
108 132 153
48 246 213
168 239 168
181 242 71
3 71 112
24 157 20
49 187 49
30 192 41
146 175 11
7 219 7
4 60 186
7 157 7
124 224 118
114 163 213
143 253 112
90 163 7
7 208 1
37 213 213
13 122 186
22 155 155
5 195 195
146 176 11
21 226 67
143 161 63
76 166 66
186 221 168
151 221 227
46 168 168
9 67 67
222 240 186
82 216 82
144 252 95
138 157 157
95 131 95
82 251 82
72 170 153
6 31 81
66 242 71
53 171 155
83 102 227
91 228 112
122 129 186
1 29 1
9 18 18
116 134 118
48 177 46
34 35 101
106 147 1
135 209 209
161 175 209
120 198 195
37 48 46
117 245 117
229 249 155
129 192 180
114 126 213
84 166 180
28 230 71
41 195 195
43 85 117
125 151 227
22 88 71
55 132 41
86 192 81
153 256 153
117 218 117
14 164 20
1 8 1
29 95 95
1 44 1
118 227 227
151 231 227
75 140 249
121 189 20
64 227 227
209 237 209
212 244 141
92 247 227
90 183 7
183 228 245
129 148 41
185 222 141
67 108 153
39 195 195
45 161 209
24 90 20
42 157 186
80 160 82
2 58 118
88 245 133
87 125 106
107 166 66
171 200 50
1 5 1
177 209 209
125 249 249
67 164 67
157 207 209
118 146 118
64 217 217
22 164 71
219 244 244
12 142 95
167 168 168
77 153 153
182 213 213
39 241 37
48 187 46
56 204 118
156 175 1
51 222 20
173 175 213
77 168 168
9 133 133
4 75 18
41 225 41
111 198 180
14 94 244
227 232 227
179 209 209
232 246 213
124 228 66
38 213 213
204 234 157
45 201 138
140 179 249
186 214 186
192 216 66
117 135 117
74 220 157
12 251 20
41 141 141
55 216 46
91 227 227
61 187 46
105 171 155
87 102 217
203 229 155
45 77 101
213 254 213
3 234 112
4 188 18
15 82 82
47 213 213
113 119 63
14 237 249
81 231 101
11 144 11
101 163 101
40 166 138
67 90 67
61 63 63
168 242 168
75 249 249
70 78 245
71 175 71
47 117 117
95 190 95
7 88 7
15 209 209
19 249 249
117 155 155
9 201 106
3 221 112
17 229 155
48 144 46
38 176 50
174 226 209
77 199 63
16 32 81
48 193 112
179 186 186
76 155 155
159 166 133
169 225 153
155 211 155
39 240 186
117 197 227
18 147 1
119 188 67
181 219 133
86 221 168
137 163 209
83 134 227
190 204 168
33 241 149
84 173 213
40 112 112
227 229 227
118 169 153
142 218 95
40 240 186
63 176 63
226 250 101
152 156 1
55 208 1
121 150 195
90 182 213
52 88 133
142 227 227
114 216 213
100 230 71
21 44 168
100 256 71
47 255 95
43 168 168
65 192 82
46 203 46
64 69 256
213 227 227
163 202 138
14 161 209
15 175 149
134 217 217
95 251 95
61 125 106
154 175 249
97 110 95
200 201 50
37 185 141
41 71 71
69 213 213
110 157 95
134 155 155
112 120 112
52 149 149
33 238 117
50 87 50
38 247 227
14 82 82
92 153 153
195 251 195
118 206 118
103 189 41
22 85 117
128 172 244
63 103 63
42 158 117
111 188 66
133 220 157
168 213 213
180 241 138
25 76 106
99 130 217
111 237 249
93 97 50
27 60 1
85 188 117
7 186 186
50 227 227
35 95 95
52 171 155
88 105 11
65 213 213
6 34 101
6 149 149
30 142 95
12 244 244
138 185 141
41 182 213
32 158 117
17 57 82
189 242 71
126 171 155
103 142 95
109 184 101
95 195 95
161 186 186
93 244 155
13 28 217
209 236 209
36 137 209
125 183 106
107 163 138
95 229 95
52 85 117
97 188 50
33 108 153
117 131 117
39 159 133
33 186 186
161 221 168
35 44 168
145 227 227
122 219 186
13 163 217
10 140 67
161 198 209
152 212 63
82 235 195
127 170 1
136 180 195
227 233 227
46 227 227
35 244 244
62 232 153
84 235 195
208 241 1
42 46 186
118 161 118
250 251 101
48 135 46
67 255 95
81 107 81
165 213 213
59 140 63
32 244 244
78 139 149
99 243 168
133 180 133
50 160 50
26 53 186
177 220 157
22 105 71
40 197 227
140 155 155
168 248 168
66 202 66
95 235 95
29 112 112
101 102 101
15 67 67
33 117 117
116 195 195
66 139 149
22 233 71
29 205 11
59 127 1
108 156 1
224 245 118
58 68 153
11 81 11
168 243 168
32 117 117
73 76 217
136 196 195
26 200 50
36 95 95
46 206 46
177 219 256
26 155 155
29 119 67
39 76 37
29 62 153
55 129 46
102 139 217
119 121 67
69 246 213
19 76 157
99 213 213
48 249 249
135 180 37
44 120 195
16 45 81
139 181 149
70 256 256
154 167 217
84 254 82
63 75 63
2 236 11
111 203 256
50 230 50
31 57 82
110 214 95
23 175 149
44 183 168
149 234 149
16 158 117
46 50 50
78 208 1
67 138 67
59 158 63
10 20 67
7 28 7
24 41 41
84 186 186
72 82 82
54 137 227
86 194 155
1 173 1
101 223 101
66 180 180
36 56 118
183 231 101
207 230 71
42 183 186
25 34 101
141 214 141
15 148 41
4 125 106
50 98 50
68 255 95
84 98 50
191 192 41
15 254 82
55 192 46
40 181 138
53 66 186
130 168 168
17 195 195
135 219 133
70 224 118
71 172 71
130 186 186
1 120 1
45 145 117
101 160 101
99 229 155
48 70 46
190 219 168
134 241 138
114 154 213
65 141 82
111 251 20
112 221 112
179 189 20
105 148 41
132 189 41
63 121 63
51 71 71
95 252 95
75 202 61
63 186 63
35 210 81
168 199 168
67 187 67
117 137 117
95 254 95
29 107 249
37 78 37
12 25 149
24 164 20
103 140 41
45 105 11
55 186 186
26 201 106
163 168 168
110 244 95
65 172 82
187 227 227
24 190 168
139 227 227
3 115 112
12 128 244
8 48 117
212 233 141
86 178 112
82 191 82
158 196 141
46 177 46
9 246 213
61 85 117
108 191 153
1 222 1
76 103 41
16 137 209
36 187 244
9 236 245
20 175 20
50 63 50
9 158 117
82 108 82
146 171 155
114 251 213
122 245 186
22 79 71
13 59 63
64 153 153
168 205 168
76 118 118
165 247 227
82 242 82
3 99 112
150 164 195
64 194 155
45 187 46
17 188 168
5 82 82
31 149 149
1 3 1
104 227 227
16 51 256
4 236 245
105 222 11
4 31 18
92 213 213
67 184 67
108 119 153
18 209 209
6 212 141
7 133 7
160 226 49
110 152 95
94 242 71
41 43 41
4 16 81
64 105 11
166 231 101
11 138 11
78 244 244
64 177 256
14 225 7
194 216 155
95 243 95
125 227 227
3 226 112
24 162 67
33 118 118
152 155 155
20 87 20
138 153 153
142 210 95
46 209 209
19 160 49
91 135 112
11 55 11
177 214 11
101 194 155
58 64 118
145 224 117
113 155 155
1 42 1
92 252 95
9 44 168
195 199 195
108 155 155
60 113 63
88 254 82
40 243 168
56 208 1
28 172 7
168 221 168
191 242 71
116 234 118
21 182 213
209 228 209
23 188 138
12 233 49
1 117 1
40 98 50
75 95 95
209 225 209
178 242 112
9 75 61
147 230 1
252 254 95
135 136 195
13 96 217
13 87 217
50 82 50
21 155 155
36 67 67
9 251 20
47 125 49
213 236 213
87 179 37
133 250 101
196 211 141
195 223 195
184 200 50
23 158 117
1 69 1
13 64 217
112 190 112
187 200 50
75 111 66
176 244 244
95 97 95
1 19 1
28 170 153
4 134 245
66 220 157
6 65 82
8 232 141
5 223 82
1 46 1
135 188 37
113 248 63
9 125 106
83 250 227
168 174 168
75 210 106
9 96 81
81 136 195
40 202 138
101 237 101
8 101 101
19 31 157
48 242 71
26 244 244
162 230 67
87 186 186
68 149 153
118 187 118
87 205 11
82 218 82
109 229 155
9 225 7
103 215 213
107 201 106
112 136 112
24 106 20
168 228 168
91 117 112
73 168 168
1 152 1
95 216 95
13 190 168
35 197 227
65 234 82
112 119 112
74 172 157
112 248 112
73 222 217
133 223 141
96 181 81
168 185 168
75 76 61
67 121 67
195 216 195
43 155 155
1 100 1
28 185 141
240 252 95
202 228 245
93 145 155
53 105 186
115 214 11
202 219 133
46 75 46
85 242 117
219 232 141
117 161 117
152 239 63
68 254 82
55 191 41
180 186 186
1 64 1
168 176 168
115 135 149
22 221 168
18 184 180
7 113 63
14 95 95
218 227 227
85 227 227
22 249 71
74 248 249
72 147 1
4 124 66
175 198 149
156 198 1
35 234 256
102 166 217
91 255 112
73 182 213
67 71 67
79 91 112
85 112 112
141 240 141
58 97 50
95 114 213
141 249 141
27 94 1
192 202 245
37 40 37
64 70 256
159 249 249
174 248 209
16 37 81
51 138 256
225 238 117
98 217 50
73 252 95
134 201 106
105 113 63
33 54 227
7 46 46
58 70 118
90 237 249
27 105 1
13 164 217
46 109 101
25 244 244
56 229 155
183 207 209
29 174 209
117 139 117
126 190 155
78 105 11
51 62 153
15 105 11
131 151 227
109 153 153
101 130 101
116 145 117
75 176 7
50 118 50
18 28 7
29 31 249
217 251 217
14 147 1
99 255 95
71 86 71
56 157 118
40 124 138
90 126 155
117 178 112
46 133 46
109 118 101
11 174 209
67 119 67
167 170 153
59 95 95
88 102 217
141 210 141
112 233 112
16 160 49
171 205 155
53 209 186
71 211 71
29 219 249
68 227 227
128 168 168
84 228 180
126 227 227
36 205 11
83 165 227
120 150 195
65 89 95
25 228 106
159 187 46
118 130 118
194 232 155
52 66 66
184 221 168
159 211 46
118 158 117
15 151 227
50 109 50
186 218 186
104 189 50
125 244 244
7 11 11
4 202 18
75 201 106
114 146 213
149 184 149
6 158 117
1 86 1
68 112 112
30 74 41
128 210 244
23 51 256
150 231 195
84 239 71
14 181 157
81 101 101
18 79 66
112 222 112
28 102 217
140 201 249
96 191 41
230 234 71
69 135 133
41 114 213
79 251 20
29 155 155
32 183 37
233 255 95
34 177 101
87 220 157
6 198 81
40 183 138
42 99 186
30 118 118
9 107 18
141 158 141
125 192 106
213 229 213
71 124 71
154 249 249
31 209 209
71 210 71
124 173 213
19 226 244
50 125 50
106 169 153
101 148 101
230 255 95
108 124 153
17 19 168
186 191 186
207 227 227
7 81 7
51 167 217
28 51 7
129 213 213
173 253 213
70 230 71
100 234 71
1 207 1
173 229 213
130 211 49
86 88 81
46 221 168
25 158 117
173 192 213
217 227 227
52 135 37
36 97 50
168 232 168
148 227 227
146 203 11
36 170 153
181 196 141
29 149 249
207 213 213
55 163 46
75 151 227
20 145 117
164 220 20
29 47 49
49 198 49
49 176 49
48 225 46
7 115 7
11 156 1
95 209 95
61 222 20
29 225 249
109 209 101
32 227 227
162 224 67
32 166 37
47 207 209
52 256 256
98 234 50
58 117 117
76 244 244
33 230 71
188 209 209
209 244 209
16 124 81
35 78 81
47 204 49
18 46 46
50 146 50
111 157 157
96 245 81
64 210 256
70 116 118
210 251 20
125 235 195
98 169 50
201 239 71
27 58 1
82 222 82
63 237 63
59 67 63
33 192 149
7 148 41
45 250 101
98 163 50
60 81 186
181 246 213
149 229 155
130 143 63
108 249 153
70 164 20
135 195 195
60 89 95
82 248 82
5 239 82
179 256 256
140 146 11
30 84 41
191 207 209
80 186 82
177 203 256
46 164 20
54 221 227
39 148 41
48 184 46
105 168 168
134 219 133
152 218 63
12 42 186
1 112 1
67 131 67
15 75 133
119 140 67
183 196 141
11 48 11
37 188 37
106 227 227
97 213 213
11 170 153
30 203 41
57 192 82
29 82 82
83 152 227
118 168 168
71 178 112
62 189 153
104 181 50
23 46 46
105 165 195
103 149 41
33 172 157
76 163 138
122 137 186
25 87 106
117 233 117
22 187 71
22 74 71
12 94 244
145 234 117
29 186 186
112 163 112
47 50 50
79 104 50
94 205 11
111 194 155
52 76 52
116 256 118
22 30 71
32 251 20
8 61 117
22 231 101
18 172 157
30 184 41
109 241 101
131 142 95
2 53 186
29 239 71
222 227 227
25 164 20
48 236 46
101 165 195
192 219 133
75 239 71
154 201 249
22 163 71
237 241 249
8 78 117
182 217 213
71 87 71
151 248 227
21 90 67
160 170 153
29 81 249
27 87 1
17 72 168
11 151 227
103 195 195
186 211 186
4 129 180
101 213 213
22 71 71
148 182 213
28 67 67
7 245 7
195 249 195
40 180 138
62 84 153
98 112 112
26 153 153
67 221 168
40 247 227
46 165 195
81 166 81
157 196 141
8 37 117
101 212 101
168 225 168
79 134 66
46 212 141
174 253 112
63 196 63
19 137 209
42 44 168
50 117 50
105 134 11
160 221 168
7 102 217
41 118 118
5 213 213
37 181 37
11 76 11
109 195 195
42 171 155
36 160 49
78 130 49
48 235 195
25 46 46
30 247 227
50 209 50
2 143 63
39 128 244
47 244 49
145 233 117
102 231 101
130 191 41
52 98 50
49 130 49
84 177 256
39 65 82
47 226 49
7 174 209
6 49 49
46 141 141
34 141 101
42 231 101
10 79 67
117 242 117
100 104 50
132 158 117
213 246 213
167 196 141
28 75 7
165 196 195
15 111 133
130 210 49
25 54 227
125 199 63
43 52 49
82 139 82
97 204 50
42 97 50
129 154 249
52 157 157
24 188 20
11 148 41
153 188 153
55 225 46
186 203 186
107 205 11
12 181 149
9 189 20
141 166 141
96 195 195
71 204 71
86 161 209
117 202 117
109 199 63
6 72 81
82 227 227
137 168 168
26 240 186
144 146 11
107 188 18
98 157 50
183 201 106
181 183 180
194 211 155
15 66 133
153 232 153
35 72 81
234 249 249
7 58 118
3 50 112
38 182 213
66 161 209
51 217 217
83 170 227
102 237 217
26 236 106
193 254 112
224 237 118
63 192 63
4 23 138
91 143 112
181 238 117
61 209 209
50 214 50
27 84 1
175 195 195
19 88 157
133 192 133
43 138 49
38 112 112
11 185 141
7 209 209
92 176 67
92 224 67
136 168 195
101 219 101
97 165 195
153 154 153
45 217 217
14 63 63
94 165 195
23 160 49
141 189 141
1 34 1
43 255 95
33 155 155
41 254 82
144 214 11
112 126 112
68 74 153
210 252 95
52 179 37
62 195 195
28 86 7
145 249 117
71 224 71
11 107 11
155 214 155
84 100 71
225 247 227
97 111 50
69 130 49
162 217 67
66 67 67
66 210 106
52 156 1
31 137 209
208 209 1
195 221 195
23 196 141
233 249 49
1 95 1
171 241 155
138 160 49
16 183 81
145 245 117
125 216 106
131 217 209
120 195 195
164 205 11
15 116 118
49 117 117
12 17 168
138 227 227
17 33 168
109 240 101
11 160 11
118 224 118
26 80 82
83 87 227
21 211 67
47 89 95
25 181 106
150 162 195
161 182 213
70 108 153
112 193 112
63 154 63
118 202 118
66 125 106
57 117 82
39 122 186
63 95 95
61 198 180
95 99 95
128 192 244
118 129 118
119 245 67
40 82 82
21 31 67
25 66 106
119 227 227
6 222 20
37 84 37
38 49 50
153 193 112
112 176 112
116 200 50
164 226 20
46 157 46
180 236 180
118 192 118
10 97 50
141 251 141
31 59 63
93 224 155
145 163 117
17 88 168
41 237 41
112 142 112
223 244 141
1 171 1
21 133 67
48 230 71
14 132 41
23 124 138
63 73 63
30 176 41
116 240 186
97 216 50
132 229 155
41 164 41
48 69 46
19 49 49
63 128 63
33 69 149
12 129 149
76 186 186
15 136 195
101 132 101
21 84 67
134 163 138
71 153 153
76 239 71
30 68 153
27 74 1
45 97 50
42 112 112
63 193 112
149 254 82
223 236 141
70 236 245
9 141 141
50 102 50
91 133 112
52 145 117
232 239 141
139 225 7
1 214 1
113 211 63
5 241 82
158 244 117
68 150 195
137 251 209
148 164 41
17 170 153
98 132 50
49 61 49
95 233 95
16 155 155
33 196 141
90 164 20
72 215 213
82 221 82
82 254 82
3 233 112
197 244 227
195 235 195
118 148 118
14 87 157
120 138 195
39 106 37
183 229 155
63 172 63
41 155 155
7 249 249
32 161 209
74 140 249
174 186 186
150 203 195
134 234 256
89 218 95
100 149 71
100 198 71
68 118 153
181 204 157
212 228 141
68 155 155
8 144 117
151 235 227
41 153 153
219 222 20
135 201 37
37 210 37
79 184 180
95 143 95
176 255 95
25 45 138
168 181 168
141 186 141
239 244 71
51 99 217
111 202 66
157 252 95
31 166 66
197 254 227
90 192 7
49 129 49
168 238 168
25 206 46
41 167 41
7 168 168
59 63 63
200 213 213
192 246 213
89 175 95
37 95 95
102 224 118
186 189 186
130 228 49
104 215 213
111 159 133
30 45 41
138 250 101
55 67 67
11 54 227
154 155 155
167 236 217
76 86 81
61 141 141
65 128 82
61 136 195
214 223 141
84 107 180
79 140 249
224 235 195
118 235 195
141 202 141
122 221 168
121 217 217
9 172 157
50 78 50
129 242 71
77 239 101
66 76 66
102 195 195
31 132 41
104 195 195
109 247 227
15 187 46
17 157 168
55 92 67
103 134 41
139 152 63
128 222 20
115 133 149
221 225 168
16 141 141
66 201 106
26 66 106
52 237 249
173 189 213
46 132 41
207 256 209
17 144 168
82 140 82
13 50 50
8 42 117
70 85 117
160 209 209
44 114 213
202 236 245
161 240 186
23 116 118
14 227 227
17 117 168
7 39 7
176 239 71
115 195 195
47 129 49
172 190 168
53 202 186
179 240 186
19 133 157
3 214 112
95 122 95
200 232 50
37 195 195
101 217 101
153 212 153
52 191 41
52 198 180
126 153 155
75 197 227
40 188 138
57 86 82
135 214 11
84 125 106
213 238 213
155 216 155
9 19 157
63 155 155
157 198 157
107 198 180
95 98 95
66 157 157
58 144 118
142 192 95
100 167 71
4 168 168
35 233 49
64 198 256
16 181 81
92 105 67
175 210 149
80 231 82
204 241 157
44 133 168
23 121 244
168 244 168
77 78 101
75 134 245
69 133 133
20 179 20
22 157 71
117 190 168
114 245 213
95 100 95
138 176 7
29 215 213
227 254 227
50 233 50
33 250 101
184 185 141
19 64 157
148 213 213
45 56 118
199 210 63
17 181 168
131 248 209
19 171 155
43 147 1
4 249 249
128 213 213
82 125 82
207 221 168
8 215 213
36 38 50
162 245 67
61 219 133
50 218 50
97 114 213
40 207 209
76 238 117
56 155 155
14 166 157
96 213 213
38 120 195
97 190 50
145 211 117
3 172 112
13 221 168
47 100 71
19 256 157
33 67 67
11 215 213
39 215 213
53 226 186
227 246 227
86 163 81
153 245 153
151 200 227
35 160 49
57 218 82
143 164 63
82 210 82
34 247 227
119 256 67
133 190 168
26 43 49
74 211 46
59 82 82
153 194 155
91 203 112
1 37 1
84 112 112
32 74 37
83 179 227
73 112 112
55 236 46
76 207 209
74 194 155
71 105 71
81 84 81
2 182 213
107 112 112
136 177 195
63 112 112
107 244 244
39 168 168
66 71 71
5 112 112
91 92 112
81 170 153
93 105 155
112 241 112
13 129 217
26 238 117
14 16 157
49 226 49
3 162 112
31 221 168
62 164 153
25 86 81
185 194 155
131 190 168
153 210 153
79 202 66
160 164 49
8 162 67
159 241 133
131 180 209
16 118 118
10 169 153
140 168 168
159 216 133
73 141 141
2 131 209
9 48 46
111 206 46
144 187 46
198 209 209
46 119 67
8 95 95
172 244 244
119 215 213
45 225 7
209 220 209
12 202 149
127 197 1
41 208 1
36 188 244
22 227 227
134 185 141
66 173 213
139 209 209
59 216 63
41 121 41
74 237 249
5 67 82
67 220 67
92 254 82
21 168 168
113 184 63
73 232 141
140 245 249
155 212 155
168 230 168
95 106 95
77 248 101
134 223 141
221 246 213
113 218 63
5 107 82
25 144 7
71 189 71
195 231 195
136 213 213
10 207 67
157 192 157
182 227 227
69 245 133
156 188 1
19 48 46
104 211 50
56 86 118
99 253 112
32 139 149
26 145 117
72 141 141
31 52 18
75 141 141
201 206 46
25 159 133
77 87 101
81 217 217
7 32 7
43 165 195
63 230 63
196 218 141
188 233 49
24 209 209
79 137 209
52 124 66
67 85 67
54 61 227
24 254 82
31 141 141
49 55 49
30 209 209
196 233 141
55 156 1
51 213 213
135 211 46
109 168 168
89 245 95
87 98 50
42 128 186
61 213 213
193 233 112
6 175 149
176 234 7
82 88 82
13 55 217
129 143 63
73 163 217
130 154 49
19 152 63
79 129 180
17 110 95
82 231 82
126 162 155
137 256 209
95 196 95
218 256 118
9 76 61
45 164 20
113 254 82
54 256 227
44 213 213
88 160 49
48 161 209
16 250 101
135 232 141
149 236 149
34 78 101
36 217 217
103 118 118
117 250 101
57 113 82
89 95 95
56 156 1
70 125 106
193 202 112
147 252 1
155 252 95
39 141 141
28 37 7
22 178 112
129 186 186
81 93 155
177 212 141
130 190 168
115 148 41
81 181 81
8 199 63
5 145 82
12 93 155
33 75 149
87 204 157
160 161 209
19 46 46
153 195 195
76 78 18
67 172 67
1 209 1
20 95 95
69 176 7
119 187 67
12 221 168
47 141 141
33 138 149
45 133 133
2 141 141
79 188 66
17 203 168
121 212 141
158 164 117
38 99 50
164 234 20
95 152 95
33 153 153
74 166 66
81 245 81
61 81 81
4 153 153
22 251 71
101 136 195
17 200 50
124 127 1
183 210 106
63 88 63
124 159 133
13 216 217
167 200 50
99 171 155
1 20 1
14 163 157
45 231 101
61 211 46
138 144 7
12 210 149
64 101 101
88 139 149
176 186 186
16 116 118
6 90 7
31 111 66
91 184 112
1 2 1
87 135 37
60 153 153
49 160 49
39 64 256
144 168 168
14 144 7
34 195 195
32 185 141
41 69 41
117 241 117
21 163 67
101 153 153
50 60 50
153 223 153
24 44 168
47 250 101
137 138 209
59 217 63
112 167 112
162 172 67
153 225 153
44 100 168
19 180 157
82 117 82
113 225 63
141 161 141
26 225 7
86 240 186
137 219 209
50 221 50
72 191 41
94 241 244
192 233 49
70 88 133
101 125 101
206 236 46
156 164 1
100 101 101
65 243 82
124 137 209
20 50 50
44 148 168
141 224 141
95 250 95
18 235 195
69 218 118
104 108 50
85 153 153
100 124 71
100 117 117
83 145 227
18 173 213
50 116 50
25 61 106
78 163 138
124 157 157
121 229 155
65 182 213
27 192 1
32 163 37
109 234 101
114 144 213
26 231 101
1 223 1
195 213 213
135 183 37
25 176 7
149 222 20
170 207 153
5 179 82
130 201 49
129 134 180
162 234 67
31 89 95
43 117 117
37 79 37
36 148 41
82 130 82
148 236 41
178 225 112
68 235 195
104 148 50
33 84 149
48 67 67
187 249 249
82 101 82
30 55 41
111 141 141
184 234 256
2 75 11
134 149 149
107 193 112
1 142 1
64 103 41
173 256 213
167 211 217
140 160 49
115 242 71
103 241 41
146 237 11
49 224 118
8 184 117
48 219 46
14 167 217
63 242 63
67 233 67
26 222 20
190 213 213
13 139 217
121 166 244
34 218 101
64 159 256
138 228 138
53 238 117
67 239 67
52 120 195
10 241 67
108 197 227
30 141 141
209 217 209
157 242 71
102 168 168
128 203 244
125 217 217
41 47 41
175 206 46
93 249 155
44 202 168
180 220 157
105 209 209
22 63 63
130 194 155
115 236 149
162 169 153
67 211 67
168 209 168
52 188 52
97 242 50
34 207 101
172 249 249
46 245 46
206 244 244
108 154 153
49 50 50
78 181 180
50 195 195
70 107 245
159 175 149
4 179 37
18 227 227
186 233 186
68 140 153
135 247 227
188 199 63
30 120 195
25 53 186
201 217 217
50 241 50
154 254 82
3 215 213
79 112 112
60 104 50
145 256 117
63 209 63
134 206 46
11 52 11
46 77 101
43 193 112
170 227 227
195 238 195
57 178 112
100 113 63
64 96 256
18 33 149
127 128 1
15 95 95
62 200 50
36 57 82
28 127 1
164 168 168
198 256 256
155 163 155
202 242 71
43 175 49
119 182 213
195 237 195
11 226 11
91 183 112
64 102 217
61 69 133
227 253 227
33 88 149
33 195 195
17 107 168
167 246 213
82 187 82
63 205 63
48 141 141
161 167 209
47 82 82
187 231 101
200 236 50
142 233 95
92 193 112
21 27 1
71 168 168
137 221 168
101 158 101
41 176 41
74 107 18
43 79 49
54 235 227
30 165 195
106 109 101
99 234 217
152 202 63
39 202 37
32 241 37
1 110 1
15 64 256
36 45 244
187 194 155
172 206 46
139 167 217
40 113 63
111 135 37
42 195 195
65 155 155
101 233 101
147 176 1
139 186 186
63 102 63
5 243 82
23 227 227
122 254 82
49 191 41
117 148 117
227 256 227
2 228 11
98 249 50
40 70 138
93 179 155
84 187 46
11 109 101
107 204 157
19 193 112
116 183 118
186 245 186
112 195 112
135 198 37
42 179 186
179 236 37
175 176 7
1 38 1
60 217 186
1 108 1
247 248 227
4 9 18
139 154 249
155 227 227
186 213 213
12 159 149
22 112 112
66 97 50
41 244 41
65 86 82
27 137 1
56 82 82
39 249 249
89 234 95
34 144 101
58 225 118
3 131 112
31 133 133
51 236 256
101 144 101
18 81 81
17 133 168
118 207 118
86 252 95
2 52 11
61 223 141
13 107 217
134 159 133
49 125 49
9 12 149
118 233 118
70 76 245
32 155 155
135 244 244
27 76 1
91 112 112
9 154 249
23 220 157
67 127 1
32 125 37
107 181 180
59 213 213
74 79 66
44 66 168
4 85 117
104 134 50
88 117 117
153 250 153
11 24 11
31 65 82
195 209 195
37 137 209
7 51 7
70 91 112
163 234 256
2 188 11
58 164 118
25 227 227
174 176 209
77 164 101
4 228 245
8 140 117
116 204 118
40 179 37
122 171 155
14 15 157
115 243 168
82 167 82
95 116 95
49 144 49
145 159 117
79 107 66
5 66 82
73 139 217
37 256 256
6 174 209
99 141 141
27 138 1
198 201 106
10 67 67
161 224 118
85 187 117
51 209 209
53 140 186
18 223 141
93 101 155
204 219 157
145 178 112
187 233 49
3 173 213
59 252 95
71 104 50
95 176 95
193 247 227
88 192 133
63 116 63
224 226 118
31 122 186
117 127 1
15 63 63
4 98 50
27 199 1
11 179 11
67 146 67
130 253 112
23 229 155
121 152 63
75 191 41
58 198 118
152 167 63
32 80 82
51 172 157
39 167 217
2 17 168
25 77 101
19 139 157
90 195 195
159 176 7
60 195 195
51 231 101
5 109 82
50 199 50
60 210 186
7 194 155
88 106 133
143 156 1
15 246 213
14 96 157
181 201 106
5 59 82
31 153 153
181 203 256
113 179 63
39 188 37
17 85 168
213 239 213
41 105 41
7 217 217
111 241 138
146 155 155
71 95 95
133 177 256
167 231 101
237 256 249
181 213 213
155 231 155
71 126 155
209 234 209
39 103 41
101 111 101
8 241 117
26 217 217
131 240 186
35 162 67
58 66 118
30 144 41
55 80 82
76 254 82
13 137 209
131 138 209
162 182 213
220 241 157
53 168 168
155 168 155
160 168 168
124 189 20
38 47 50
71 140 71
90 114 213
52 134 245
95 226 95
91 105 112
23 249 249
53 158 117
20 88 20
25 137 209
88 249 249
115 128 244
155 196 155
164 245 20
82 170 82
47 205 11
40 189 20
131 216 209
98 124 50
19 52 157
18 84 180
124 229 155
102 127 1
1 240 1
63 143 63
13 217 217
36 70 244
11 199 63
96 206 46
33 129 149
96 134 81
140 228 249
101 228 101
53 251 186
71 164 71
45 176 7
60 183 186
92 190 168
81 82 82
26 179 37
49 66 49
129 177 256
14 189 20
18 36 244
37 238 117
141 187 141
177 189 20
94 236 244
1 28 1
114 224 213
119 168 168
29 227 227
63 137 63
118 222 118
184 186 186
100 187 71
45 63 63
36 84 244
1 51 1
86 95 95
137 195 195
228 245 245
144 167 217
1 155 1
218 249 118
3 218 112
64 135 256
61 134 245
173 210 213
138 180 138
197 253 227
57 95 95
1 160 1
172 237 249
1 11 1
78 141 141
42 139 186
74 228 245
168 195 195
63 82 82
11 210 11
58 146 118
33 102 217
168 234 168
140 246 213
71 137 71
170 195 195
135 147 1
54 117 227
22 162 67
8 12 117
29 135 249
87 251 20
137 188 209
43 211 49
42 67 67
89 196 95
16 106 81
19 243 168
209 255 95
61 137 209
140 203 249
15 73 217
127 239 1
138 218 118
55 162 67
120 194 195
19 228 157
183 236 245
153 249 153
94 166 244
16 23 81
114 228 213
48 128 244
198 247 227
181 209 209
129 251 20
32 119 67
67 243 168
25 43 49
113 137 63
78 247 227
78 188 18
93 95 95
81 168 168
108 230 153
64 220 157
166 215 213
158 213 213
13 52 217
131 247 227
39 157 157
31 39 37
103 227 227
41 198 41
43 227 227
207 242 71
22 56 71
76 88 133
50 191 50
124 217 217
50 174 50
2 118 118
121 192 244
107 256 256
9 155 155
172 193 112
143 190 168
31 245 245
49 115 49
5 215 213
50 200 50
64 155 155
8 146 117
63 222 63
134 179 37
82 186 82
186 251 186
100 195 195
84 249 249
111 199 63
59 211 63
38 145 50
14 122 186
133 241 133
140 153 153
54 162 227
9 72 37
28 50 50
130 198 49
48 129 46
50 141 50
115 204 157
192 248 249
173 180 213
94 114 213
55 154 249
19 252 95
11 110 95
70 171 155
26 57 82
95 162 95
94 186 186
1 169 1
195 244 195
219 236 133
81 138 81
140 180 249
117 230 117
134 169 153
71 241 71
141 223 141
181 255 95
170 245 153
177 245 256
115 134 149
81 94 244
160 207 209
47 134 49
225 256 7
18 52 18
64 195 195
201 234 256
81 128 244
132 213 213
116 198 118
117 240 117
76 134 245
138 251 20
35 213 213
71 213 213
64 157 157
70 75 245
111 154 249
8 237 117
140 209 209
127 178 1
87 95 95
46 184 46
94 207 209
50 131 50
115 228 149
72 181 37
36 127 1
118 178 112
1 14 1
180 244 244
155 239 155
44 51 168
55 199 63
18 47 49
57 216 82
1 174 1
34 51 101
177 198 256
23 202 138
227 250 227
67 102 67
41 51 41
147 222 1
11 97 50
31 136 195
4 18 18
57 231 82
212 246 213
24 151 227
185 202 141
43 206 49
4 105 11
68 144 153
190 229 155
45 49 49
89 244 95
118 128 118
67 154 67
28 233 49
7 236 7
17 46 168
10 36 67
47 106 49
8 250 101
28 256 7
76 246 213
5 182 213
50 97 50
60 211 186
9 185 141
145 187 117
8 66 117
143 226 63
22 201 71
62 215 213
39 71 71
144 229 155
183 216 66
176 228 7
95 171 95
47 111 49
117 140 117
121 256 244
77 112 112
20 239 71
167 233 217
77 111 101
34 127 1
107 165 195
161 188 209
66 68 153
20 157 20
8 211 117
144 217 217
12 195 195
195 219 195
213 222 213
52 203 256
80 95 95
167 175 217
34 248 101
67 130 67
143 234 63
25 175 149
144 191 41
202 238 117
101 226 101
164 182 213
78 184 180
46 236 46
64 147 1
18 153 153
9 208 1
6 71 71
22 51 71
45 125 138
174 183 209
58 140 118
142 213 213
135 241 37
122 227 227
165 245 195
12 51 149
31 60 186
145 148 117
132 223 141
29 108 153
8 67 67
172 238 117
71 191 71
32 137 209
72 115 149
15 115 149
66 112 112
177 183 256
49 148 41
16 191 41
39 177 256
3 12 112
71 92 67
4 74 18
178 201 112
87 241 138
49 233 49
30 43 41
207 237 209
14 71 71
168 245 168
43 171 155
25 148 41
151 253 227
15 226 244
98 131 50
64 74 256
50 144 50
11 92 67
14 160 49
7 227 227
222 229 155
87 166 66
37 150 195
1 167 1
153 209 153
191 206 41
228 248 249
131 191 209
86 187 46
152 220 63
63 227 227
54 129 227
70 118 118
29 203 249
16 77 101
57 167 82
95 146 95
24 119 67
223 253 112
37 139 149
17 68 153
116 141 141
117 119 67
54 106 227
36 59 63
87 117 117
29 183 249
152 195 195
212 227 227
62 119 153
75 190 168
159 201 133
49 234 49
51 204 157
95 155 95
20 36 20
159 181 133
31 167 217
35 154 249
169 242 153
58 234 118
112 137 112
28 140 249
95 239 95
23 93 155
44 57 82
119 149 67
5 137 82
158 197 227
71 181 71
37 141 141
33 235 195
90 194 155
157 204 157
166 185 141
63 77 63
13 141 141
41 50 50
184 235 195
139 184 149
73 227 227
81 116 118
180 221 168
188 250 101
56 77 101
33 136 195
83 206 227
110 176 95
86 145 117
102 192 217
187 188 46
57 102 82
107 237 249
214 252 95
76 216 66
117 214 117
67 93 155
30 179 41
2 161 209
4 8 117
105 135 11
118 132 118
190 222 168
210 220 157
1 97 1
189 227 227
46 225 46
31 125 106
108 110 95
1 126 1
79 138 138
19 41 41
1 79 1
35 40 81
98 141 50
158 210 117
67 192 67
51 243 168
81 223 141
4 200 50
103 111 41
90 135 7
67 141 67
76 220 157
14 31 157
7 169 153
41 144 41
108 219 153
89 169 95
11 254 82
81 180 81
42 62 153
90 109 101
2 102 217
109 249 101
13 70 217
36 164 20
95 185 95
84 157 157
112 252 112
1 4 1
41 83 227
33 204 157
31 168 168
22 45 71
76 139 149
202 241 138
19 232 141
87 256 256
71 217 71
87 222 20
1 149 1
68 213 213
58 112 112
179 183 37
141 233 141
15 77 101
105 232 141
151 203 227
24 215 213
97 140 50
32 96 81
168 190 168
87 96 81
67 168 168
148 249 41
131 134 209
131 213 213
86 164 20
17 60 168
30 172 41
39 190 168
147 171 1
95 200 95
108 129 153
153 189 153
211 241 46
90 242 71
88 144 7
64 139 149
135 227 227
132 233 41
63 153 153
128 244 244
70 181 180
93 251 155
216 226 244
210 254 82
181 243 168
148 201 41
61 229 155
99 217 217
180 234 256
169 197 227
22 49 71
87 183 18
20 103 41
155 195 195
64 185 141
201 219 133
49 256 49
160 248 49
103 197 227
131 133 209
147 152 1
23 44 168
52 139 149
45 157 157
99 143 63
157 240 186
116 254 82
208 212 1
119 251 67
159 209 209
77 107 101
8 208 1
169 184 153
60 95 95
76 187 46
90 169 153
51 87 256
50 104 50
36 214 11
1 216 1
15 249 249
133 151 227
73 184 217
22 108 153
118 193 112
32 216 37
149 166 149
20 215 213
40 94 244
32 252 95
35 151 227
139 224 118
155 170 155
102 118 118
169 196 153
83 208 1
14 105 11
196 224 141
38 130 50
33 140 249
124 188 66
32 225 7
83 84 227
72 154 249
104 237 50
112 216 112
41 190 168
31 100 71
83 120 227
77 204 101
84 188 180
144 209 209
43 251 49
84 256 256
77 121 101
62 171 155
167 176 217
12 217 217
162 206 67
14 124 157
88 222 20
130 174 209
11 233 11
46 207 209
52 95 95
117 173 213
18 234 256
162 248 67
25 129 106
102 193 112
69 158 117
132 166 41
137 182 213
208 234 1
162 222 67
141 229 155
88 118 118
10 77 101
101 168 168
43 135 49
16 39 81
111 184 180
225 226 244
37 166 37
77 237 101
224 236 118
239 255 95
12 131 209
115 129 149
79 158 117
46 231 101
18 204 157
86 255 95
195 240 195
53 109 101
67 112 112
71 228 71
85 90 117
51 61 256
124 134 66
13 154 217
15 133 133
106 175 149
5 177 82
18 195 195
43 95 95
11 30 41
3 4 112
27 238 1
49 134 49
69 200 50
82 100 82
49 249 49
7 18 7
16 43 49
23 139 149
77 195 195
158 220 117
67 167 67
92 103 67
13 56 118
64 116 118
61 138 138
63 207 63
95 118 95
37 111 37
50 186 50
7 198 7
52 220 157
205 227 227
149 168 168
72 125 37
108 185 153
100 186 186
141 211 141
119 235 195
16 85 117
63 87 63
96 125 81
94 220 244
67 180 67
49 209 209
14 21 67
24 202 20
26 76 106
49 51 49
114 191 213
60 138 186
165 248 195
153 160 153
19 94 244
11 14 11
101 124 101
41 256 41
101 161 101
66 134 66
162 227 227
47 74 49
157 209 209
1 179 1
11 23 11
74 171 155
57 232 82
29 184 249
95 201 95
198 234 256
60 215 213
109 218 101
60 221 168
10 203 67
82 85 82
83 139 227
119 243 168
206 220 46
188 211 46
57 119 82
24 74 20
2 129 11
141 191 141
72 163 37
43 220 49
45 79 138
1 192 1
184 188 180
46 235 195
90 189 20
45 222 20
58 132 118
82 124 82
59 86 63
67 115 67
11 163 11
195 208 1
77 181 101
34 154 101
116 186 186
20 64 20
43 54 227
46 158 117
30 62 153
116 203 118
21 108 153
39 161 209
170 223 153
13 149 217
94 232 141
25 109 101
126 127 1
75 174 209
129 131 209
214 250 101
153 234 153
120 140 195
75 161 209
55 222 20
95 113 95
119 239 67
140 175 249
94 195 195
113 210 63
39 153 153
18 111 66
167 238 117
64 71 71
97 193 112
8 137 117
41 113 63
95 102 95
91 113 112
11 39 11
212 236 141
102 147 1
82 185 82
119 169 153
10 101 101
76 236 245
94 155 155
159 202 133
1 93 1
55 127 1
113 235 195
34 47 101
181 232 141
169 240 153
7 95 95
78 129 180
8 195 195
85 121 117
149 175 149
6 157 157
115 233 49
7 106 7
3 207 112
94 161 209
49 174 209
7 78 7
30 255 95
9 22 71
214 227 227
12 235 195
27 252 1
205 245 11
44 200 50
135 186 186
50 229 50
57 213 213
138 159 133
25 153 153
132 194 155
75 166 66
124 147 1
143 221 168
163 228 138
20 131 209
133 154 249
36 116 118
101 227 227
139 148 41
48 87 46
25 94 244
150 206 195
122 168 168
187 235 195
65 78 82
159 162 67
34 46 101
145 212 141
69 147 1
7 131 209
136 146 195
101 137 101
14 51 157
43 236 49
51 229 155
78 96 81
34 115 101
152 227 227
89 161 95
88 221 168
181 192 180
164 209 209
72 244 244
169 222 153
112 155 112
64 138 256
32 49 49
10 78 67
88 94 244
68 99 153
28 244 244
13 135 217
154 219 249
75 138 138
48 101 101
2 96 11
7 124 7
139 200 50
5 50 50
101 121 101
165 240 195
10 37 67
130 141 141
34 206 101
91 206 112
118 157 118
60 180 186
187 207 209
141 168 168
40 101 101
209 252 95
50 67 50
37 206 46
96 139 149
58 165 195
55 66 46
43 58 118
161 169 153
122 153 153
197 238 227
149 200 50
186 220 186
227 235 227
153 218 153
175 211 46
210 222 20
87 211 46
132 221 168
4 95 95
68 95 95
104 218 50
39 133 133
39 149 149
218 253 112
155 160 155
207 215 213
16 236 81
208 220 1
43 225 49
95 212 95
163 225 7
37 72 37
163 165 195
40 50 50
5 29 82
13 150 195
155 158 155
215 226 213
4 204 157
196 217 141
51 218 118
4 216 66
84 237 249
81 105 11
7 134 7
128 139 244
55 202 46
52 105 11
94 196 141
11 71 71
166 213 213
23 26 138
13 72 217
10 66 67
67 174 67
53 186 186
251 256 20
117 168 168
45 116 118
26 48 46
133 181 133
1 255 1
21 197 227
56 111 118
77 227 227
185 218 141
212 217 141
48 118 118
184 218 118
183 187 46
23 187 46
10 82 82
166 255 95
49 76 49
110 213 213
142 209 95
14 26 157
54 219 227
76 82 82
179 241 37
44 107 168
20 56 118
71 187 71
190 253 112
186 237 186
117 159 117
72 193 112
104 190 50
76 198 180
59 165 195
96 164 20
146 235 195
1 200 1
146 179 11
159 248 249
32 50 50
96 102 217
12 180 149
133 179 133
144 152 63
29 206 249
171 217 155
174 228 209
17 95 95
232 235 195
117 129 117
130 150 195
108 166 153
17 54 227
132 227 227
202 248 249
71 116 71
31 216 66
161 176 209
188 232 141
46 186 186
207 229 155
9 98 50
20 128 20
168 241 168
39 49 49
35 188 81
45 66 138
91 132 112
50 206 50
239 241 71
63 212 63
191 209 209
48 127 1
16 95 95
140 207 209
2 67 67
72 249 249
45 50 50
84 236 180
43 217 217
93 135 155
25 161 209
9 46 46
103 200 50
180 202 180
47 248 49
91 111 112
174 180 209
180 233 49
193 219 112
39 186 186
102 204 217
39 236 37
70 95 95
245 254 82
3 39 112
71 112 112
75 184 180
67 99 67
68 76 153
3 136 112
52 163 138
25 163 138
37 86 81
177 210 256
112 225 112
85 168 168
122 155 155
134 254 82
25 79 106
111 256 256
89 174 95
98 130 50
36 39 244
1 196 1
226 248 244
49 227 227
35 101 101
18 221 168
13 76 217
210 236 106
73 251 217
56 112 112
176 199 63
9 216 66
189 202 20
46 114 213
102 185 141
85 252 95
11 82 82
74 235 195
224 229 155
49 57 82
129 241 138
16 58 118
4 35 81
120 199 195
197 198 227
133 227 227
70 142 95
63 109 63
15 50 50
179 185 141
43 113 63
29 50 50
84 159 133
75 167 217
56 68 153
13 60 186
203 220 157
128 173 213
42 224 186
9 50 50
37 85 117
184 245 180
50 80 50
31 70 245
75 185 141
65 195 195
17 89 95
80 138 82
154 162 67
82 94 82
106 139 149
128 211 244
130 219 49
5 236 82
57 174 82
112 186 112
102 186 186
80 190 82
90 91 112
60 63 63
175 226 244
11 157 11
42 95 95
13 223 141
49 213 213
156 170 1
11 237 11
10 213 213
85 223 141
192 241 138
49 87 49
143 217 63
20 206 20
162 183 67
72 121 244
119 238 67
50 143 50
33 220 157
135 191 41
35 37 81
187 219 46
23 209 209
116 151 227
71 144 71
40 74 138
7 12 7
18 22 71
13 110 95
23 214 11
31 130 49
95 242 95
3 187 112
106 217 217
112 204 112
183 205 11
114 131 213
30 175 41
175 204 157
9 149 149
78 102 217
75 92 67
6 50 50
50 243 50
125 195 195
26 58 118
127 212 1
77 79 101
21 249 67
24 57 82
87 111 66
2 176 11
39 192 37
9 92 67
119 180 67
165 246 213
55 82 82
12 141 141
40 235 195
68 141 153
57 147 1
29 40 249
79 206 46
24 203 20
167 189 217
126 234 155
108 251 153
129 137 209
1 58 1
216 231 101
81 88 81
101 157 101
59 175 63
54 121 227
3 73 112
71 195 195
96 153 153
173 213 213
109 126 155
106 210 106
29 85 117
109 172 101
36 222 20
17 25 168
198 235 195
223 235 195
2 219 11
33 72 149
153 233 153
19 91 112
100 158 117
17 135 168
82 112 112
37 189 20
93 164 155
61 199 63
128 208 1
76 201 106
87 195 195
43 210 49
90 162 67
129 132 41
101 203 101
12 229 155
85 248 117
49 180 49
12 43 49
154 227 227
73 152 63
133 234 256
124 139 149
69 150 195
120 215 213
43 185 141
44 59 168
133 163 133
98 226 50
127 235 1
1 81 1
6 107 81
51 116 118
170 226 153
34 148 101
22 122 186
5 188 82
67 122 67
37 158 117
31 180 180
190 195 195
81 227 227
21 128 67
37 227 227
10 104 50
91 213 213
75 228 245
108 182 213
170 204 153
19 142 95
165 230 195
54 149 227
234 239 71
56 117 117
144 197 227
35 85 117
76 144 7
95 256 95
66 186 186
184 214 11
45 243 168
38 95 95
91 101 112
45 239 71
163 187 46
133 249 249
77 125 101
127 188 1
18 222 20
106 173 213
189 219 20
74 163 138
36 199 63
49 74 49
104 150 195
71 183 71
152 189 63
11 205 11
48 125 46
125 238 117
19 131 209
41 103 41
143 154 63
73 124 217
66 73 217
64 242 71
155 232 155
20 113 63
27 250 1
27 214 1
50 231 50
102 112 112
28 182 213
9 200 50
246 254 213
124 232 141
102 125 217
133 203 256
47 214 11
138 213 213
55 232 141
64 204 157
1 201 1
38 193 112
95 103 95
210 214 11
3 109 112
7 108 153
69 149 149
133 138 133
71 225 71
196 199 63
32 126 155
189 217 217
53 88 186
105 241 11
154 199 63
90 108 153
22 216 71
31 124 66
81 125 81
36 64 244
232 245 141
4 244 244
168 254 82
137 153 153
8 151 227
25 198 106
35 73 217
59 225 63
49 64 49
127 248 1
122 139 186
14 24 20
105 211 11
127 229 1
84 244 244
117 145 117
12 135 149
132 174 209
46 61 46
63 144 63
189 206 20
37 108 153
140 229 155
42 82 82
105 155 155
63 100 63
9 164 20
40 177 256
65 91 112
142 178 112
48 167 217
148 177 41
90 159 7
76 212 141
117 224 117
11 140 11
21 82 82
194 253 112
118 137 118
108 152 153
136 218 195
52 245 245
164 229 155
203 251 20
84 121 244
69 74 133
49 190 168
82 197 227
23 166 138
67 160 67
5 48 82
39 52 37
100 192 71
14 177 157
9 106 106
25 250 101
121 155 155
108 127 1
197 209 227
42 156 1
127 173 1
1 233 1
122 146 186
60 154 186
171 248 155
57 118 82
231 244 101
91 207 112
112 168 112
34 187 101
201 242 71
249 256 249
180 249 249
84 167 217
48 158 117
101 214 101
96 252 95
153 207 153
67 185 67
26 241 138
74 134 245
170 178 112
27 35 1
63 158 63
227 252 227
34 194 155
151 223 227
33 63 63
75 129 180
63 157 63
182 191 213
41 181 41
131 186 186
50 252 95
24 160 49
135 157 157
37 81 81
74 190 168
9 124 66
106 216 106
46 74 46
50 251 50
138 253 112
79 217 217
44 169 153
89 157 95
72 144 7
95 234 95
50 101 50
22 67 67
128 251 20
124 206 46
160 255 95
209 222 209
29 42 186
55 227 227
43 174 209
51 78 256
25 133 133
42 63 63
77 185 101
205 211 11
11 194 155
57 195 195
35 166 81
67 157 67
163 179 37
5 90 82
55 197 227
32 202 37
229 231 155
67 98 50
57 124 82
103 153 153
75 110 95
65 132 82
87 159 133
28 47 49
139 248 249
25 145 117
66 70 66
76 85 117
28 41 41
42 205 186
99 191 41
61 183 61
234 238 117
48 250 101
29 103 41
4 131 209
154 187 249
139 187 46
67 111 67
53 112 112
60 172 186
197 255 227
68 245 153
125 215 213
63 134 63
132 242 71
153 155 155
12 145 117
20 150 195
106 186 186
38 226 50
95 132 95
55 226 244
190 245 168
138 177 256
39 40 37
48 204 46
180 250 101
134 141 141
102 211 217
146 159 11
41 132 41
141 207 141
71 113 63
45 59 63
14 170 153
82 209 82
148 248 41
56 200 50
4 127 1
201 253 112
49 94 49
205 209 209
112 209 112
98 119 50
48 162 67
94 98 50
34 82 82
57 209 82
9 81 81
31 254 82
29 209 209
155 242 155
239 243 168
30 163 41
51 91 112
10 22 67
26 87 106
48 181 46
79 88 133
88 238 117
161 251 209
41 140 41
55 131 209
8 154 117
183 237 249
231 238 101
11 166 11
6 251 20
140 158 117
96 199 63
26 132 41
31 199 63
42 196 141
33 223 141
101 206 101
37 192 37
16 153 153
225 233 49
127 181 1
82 177 82
40 158 117
172 184 157
203 213 213
1 10 1
201 255 95
33 183 149
226 246 213
41 163 41
83 184 227
72 245 37
114 165 213
75 224 118
101 149 101
216 241 138
27 133 1
195 211 195
146 168 168
113 212 63
210 244 244
61 112 112
14 190 168
168 227 227
63 84 63
105 139 11
74 208 1
95 148 95
213 232 213
85 88 117
40 60 186
8 177 117
197 204 227
127 177 1
101 232 101
60 212 141
2 92 67
82 136 195
134 170 153
4 117 117
101 207 101
1 235 1
46 166 46
106 145 117
180 243 168
45 237 249
185 208 1
45 168 168
71 100 71
53 243 168
34 256 101
98 195 195
6 57 82
1 165 1
36 242 71
12 243 168
66 209 209
78 88 133
90 99 217
154 203 249
59 156 1
35 252 95
209 246 213
11 164 11
216 249 249
110 160 95
27 124 1
15 35 81
37 63 63
43 221 168
12 209 209
113 228 63
11 133 11
67 144 67
50 68 50
101 224 101
64 117 117
108 233 153
35 112 112
89 207 95
180 242 71
20 55 20
146 153 153
165 180 195
120 137 195
48 137 209
86 227 227
6 160 49
4 91 112
213 248 213
157 163 157
128 202 244
134 152 63
31 148 41
198 202 180
148 163 41
133 229 155
40 176 7
114 164 213
194 254 155
82 86 82
71 125 71
48 252 95
196 251 141
47 90 49
50 197 227
83 110 227
46 149 46
50 135 50
14 73 217
40 238 117
14 248 249
119 175 67
126 170 155
95 207 95
90 245 7
4 34 101
90 106 7
89 139 95
226 244 244
74 209 209
51 125 256
50 225 50
174 177 209
4 254 82
84 182 213
29 189 20
149 211 46
85 217 117
165 249 195
9 181 180
207 249 209
151 201 227
4 225 7
90 100 71
35 48 46
52 168 168
186 193 112
226 255 95
1 224 1
25 38 50
115 232 141
75 181 180
138 186 186
50 170 50
146 195 195
103 183 41
101 196 101
141 180 141
55 181 46
85 170 153
6 132 41
84 149 149
86 130 49
75 230 71
204 226 244
121 215 213
131 165 195
5 108 82
64 225 7
151 185 227
9 188 61
1 59 1
116 227 227
52 215 213
179 193 112
29 196 141
11 195 195
63 234 63
26 34 101
56 243 168
155 213 213
127 236 1
47 64 49
106 249 249
18 53 186
60 201 186
110 204 95
38 70 50
135 192 37
143 162 63
53 141 141
176 223 141
144 190 168
101 208 1
195 227 227
8 181 117
1 141 1
121 186 186
186 228 186
42 223 141
142 223 95
126 248 155
50 58 50
32 124 37
177 256 256
118 164 118
91 171 112
61 80 82
112 242 112
106 127 1
32 78 37
171 184 155
1 122 1
178 250 112
132 186 186
141 203 141
72 167 217
41 223 141
67 210 67
83 141 227
171 192 155
24 141 141
4 195 195
99 187 217
50 244 50
67 240 67
29 211 249
11 131 209
216 227 227
22 84 71
111 238 117
82 113 82
14 244 244
186 217 186
1 111 1
41 180 41
124 256 256
23 68 153
44 50 50
137 244 209
40 64 256
201 203 256
121 187 244
64 181 256
143 198 63
116 133 118
125 179 37
57 130 82
1 60 1
191 251 41
146 213 213
29 61 249
79 92 67
74 160 49
171 247 227
2 61 11
21 148 67
2 229 155
78 142 95
82 247 227
114 185 213
62 153 153
2 127 1
88 237 249
23 35 81
80 99 82
33 90 7
6 17 168
192 252 95
112 170 112
74 81 81
199 217 63
125 187 46
12 158 117
85 195 195
71 106 71
103 255 95
86 167 217
60 118 186
60 140 186
20 168 168
3 198 112
80 223 82
85 192 117
144 166 7
158 217 117
137 186 186
65 190 82
31 33 149
43 187 49
176 238 117
42 203 186
176 179 7
31 162 67
160 214 11
135 205 11
39 237 249
108 223 153
114 219 213
148 237 41
16 140 249
5 163 82
22 195 195
114 220 213
177 213 213
45 183 138
72 103 41
118 218 118
56 95 95
134 209 209
97 148 50
9 192 245
53 67 67
240 249 186
189 211 20
40 233 49
70 109 101
188 234 256
110 190 95
161 194 155
23 194 155
42 50 50
184 190 168
75 125 106
13 195 195
18 186 186
14 198 157
13 121 217
37 193 112
24 216 20
71 94 71
157 195 195
87 118 118
21 229 155
241 250 101
30 117 117
1 26 1
110 199 95
136 186 195
72 92 67
186 206 186
78 124 66
22 124 71
102 210 217
20 48 20
70 233 49
95 221 95
172 198 157
40 242 71
165 190 195
90 136 195
112 141 112
66 185 141
166 188 66
8 143 63
118 247 227
76 160 49
19 22 71
164 250 101
8 20 117
67 203 67
168 246 213
181 216 180
20 32 20
23 129 138
82 236 82
40 209 209
97 101 50
139 177 149
15 183 133
92 229 155
30 215 213
165 223 195
153 227 227
217 245 217
42 100 186
5 237 82
171 232 155
155 180 155
148 161 209
112 154 112
112 130 112
36 186 186
94 211 244
46 95 95
95 141 95
205 226 11
27 47 1
98 251 50
160 186 186
70 89 95
21 228 67
90 133 7
165 195 195
23 237 249
82 90 82
170 249 153
110 155 95
15 118 118
7 93 155
35 116 118
102 246 213
115 244 244
170 209 153
129 189 20
82 220 82
19 55 46
101 117 101
44 153 153
40 90 7
141 188 141
94 153 153
79 229 155
3 43 112
56 132 118
26 72 37
217 256 217
112 208 1
18 203 256
130 140 49
97 241 50
175 247 227
190 228 168
32 204 157
24 67 67
32 133 133
61 94 244
103 120 195
75 168 168
43 92 67
101 238 101
39 250 101
198 213 213
96 114 213
42 138 186
133 197 227
182 204 213
67 212 67
37 168 168
151 187 227
140 190 168
184 233 49
231 255 95
30 233 41
18 38 50
73 119 67
65 101 82
189 226 20
39 225 7
90 96 7
81 185 141
223 256 141
176 181 7
34 101 101
122 247 227
66 108 153
165 182 213
178 224 112
40 129 138
40 76 138
69 252 95
245 250 101
14 52 157
96 148 41
60 202 186
22 252 95
37 74 37
147 164 1
186 216 186
41 139 41
17 128 168
34 37 101
1 84 1
45 249 249
88 212 141
19 73 217
188 220 157
156 178 1
103 247 227
112 152 112
29 141 141
62 95 95
243 256 168
88 231 101
25 190 168
22 98 50
213 231 213
80 124 82
146 148 41
89 129 95
59 218 63
130 145 117
96 107 81
30 37 41
113 193 112
38 121 50
192 250 101
148 186 186
220 242 71
49 195 195
25 101 101
66 170 153
65 120 195
106 187 46
72 209 209
14 153 153
222 226 20
69 108 153
38 217 50
83 223 227
87 114 213
111 249 249
175 233 49
202 221 168
30 155 155
124 204 157
167 255 95
184 193 112
93 99 155
1 146 1
99 214 217
33 253 112
224 227 227
209 233 209
50 93 50
167 240 186
59 60 63
126 209 155
112 196 112
173 244 213
4 241 138
108 179 153
30 80 82
55 213 213
155 174 155
24 178 112
199 222 63
130 182 213
34 184 101
61 154 249
97 253 112
82 148 82
182 233 213
122 126 155
154 159 249
95 170 95
5 95 95
137 241 209
153 239 153
17 50 50
28 91 112
36 243 168
20 243 168
36 47 49
55 176 46
65 180 82
179 212 141
82 214 82
24 246 213
53 241 186
7 256 7
80 209 82
138 166 138
46 228 46
112 129 112
42 222 186
112 239 112
79 167 217
33 158 117
6 8 117
26 32 37
19 143 63
81 237 249
68 85 153
22 250 101
83 91 227
13 125 217
53 106 186
59 212 63
94 208 1
58 155 155
81 135 81
242 246 213
143 252 95
11 150 195
102 243 168
7 191 41
92 212 67
52 213 213
121 179 244
1 113 1
185 210 141
73 191 41
9 213 213
95 220 95
84 217 217
33 213 213
159 191 41
6 235 195
11 26 11
132 211 41
130 204 49
218 237 118
135 199 63
102 244 217
98 242 50
109 244 101
172 250 101
9 32 37
121 244 244
70 180 180
61 203 256
162 179 67
30 108 153
221 240 168
49 108 153
34 63 63
8 118 117
170 233 153
98 184 50
215 219 213
79 195 195
225 250 101
8 13 117
224 243 168
45 46 46
175 183 149
49 164 49
74 189 20
46 99 217
26 157 157
1 55 1
80 89 95
109 155 155
151 164 227
78 210 106
60 146 186
4 196 141
8 32 117
24 134 20
49 166 49
187 198 46
14 249 249
111 118 118
49 70 49
42 131 186
112 231 112
20 112 112
159 245 133
24 156 1
6 9 81
67 103 67
170 185 153
69 76 133
199 242 63
54 93 227
2 63 63
77 194 155
44 128 168
13 134 217
63 164 63
71 230 71
28 58 118
105 141 141
153 163 153
61 228 245
28 227 227
153 236 153
19 241 157
40 220 157
55 118 118
211 212 141
11 256 11
80 133 82
29 49 49
76 204 157
139 201 149
69 106 133
82 233 82
98 168 50
129 146 11
72 80 82
8 200 50
107 185 141
14 236 157
31 250 101
167 177 217
67 226 67
165 178 112
15 227 227
135 137 209
19 153 153
39 115 149
116 163 118
62 161 153
106 222 20
63 239 63
84 132 41
10 19 67
58 203 118
120 175 195
36 227 227
20 41 41
58 80 82
39 169 153
12 16 149
41 90 41
42 166 186
72 235 195
84 165 195
26 162 67
43 86 49
166 184 180
200 220 50
107 141 141
47 251 49
68 110 95
64 167 217
14 228 157
32 95 95
121 230 71
124 129 180
106 184 106
78 218 118
36 58 118
1 85 1
74 112 112
181 236 180
41 211 41
49 54 227
53 153 153
11 94 11
34 227 227
207 234 209
95 194 95
155 221 155
25 63 63
28 66 7
71 132 71
79 242 71
160 241 49
213 220 213
158 187 117
101 110 95
18 40 138
78 160 49
5 79 82
39 163 37
11 74 11
207 245 209
160 205 11
86 183 81
9 143 63
61 179 37
216 243 168
92 227 227
111 196 141
50 137 50
186 195 195
23 256 256
225 227 227
20 159 20
44 65 82
51 238 117
51 103 41
166 241 138
115 185 141
13 92 67
108 213 213
9 17 168
25 155 155
16 244 244
143 146 63
45 73 217
154 222 20
86 246 213
8 152 63
1 186 1
9 101 101
7 111 7
223 227 227
55 195 195
13 236 217
68 195 195
134 202 245
85 206 117
48 95 95
134 188 245
133 205 11
31 188 18
106 203 256
78 92 67
149 256 149
11 41 41
24 43 49
13 80 82
135 162 67
82 97 50
37 186 186
112 199 112
53 232 141
134 172 157
138 168 168
42 213 213
188 195 195
40 146 11
134 232 141
37 203 256
183 218 118
149 159 149
18 133 133
11 193 112
142 193 112
25 118 118
139 196 141
5 186 82
86 155 155
193 195 112
24 168 168
1 161 1
198 245 180
113 233 63
86 87 81
12 20 20
225 239 71
97 208 1
79 139 149
111 236 66
132 172 41
17 199 168
57 165 195
90 161 209
78 201 106
202 222 20
88 100 71
100 148 71
9 35 81
4 113 63
170 182 213
138 152 63
66 249 249
45 68 153
104 207 50
94 162 67
21 236 67
168 196 168
86 104 50
95 172 95
48 195 195
116 117 117
39 70 37
16 91 112
112 124 112
18 23 138
164 176 20
14 98 50
75 248 249
201 245 106
54 223 227
51 135 256
45 172 157
16 26 81
69 212 141
225 229 155
172 191 41
187 217 217
25 32 37
72 243 168
42 116 186
82 111 82
22 83 227
10 195 195
67 79 67
118 139 118
37 255 95
27 104 1
196 219 141
84 88 133
207 210 209
187 225 46
165 205 195
55 60 186
28 238 117
72 130 49
76 224 118
40 72 37
69 168 168
11 53 186
88 184 133
21 95 95
47 166 49
68 198 153
150 208 1
230 240 186
64 209 209
71 182 213
17 39 168
84 179 37
26 249 249
30 174 209
2 22 71
127 202 1
198 200 50
199 207 63
108 238 153
213 245 213
105 219 11
88 179 133
152 181 63
133 244 244
4 199 63
86 190 168
103 208 1
57 205 82
94 201 244
6 117 117
20 194 155
152 244 63
48 111 46
141 205 141
23 71 71
8 155 155
82 223 82
12 232 141
36 215 213
70 246 213
51 131 209
24 227 227
69 193 112
245 256 256
96 246 213
155 157 155
48 214 11
109 146 101
145 180 117
1 212 1
150 178 112
88 138 133
42 140 186
29 221 168
63 135 63
115 137 209
72 156 1
129 210 106
16 79 81
83 232 227
144 177 7
71 159 71
171 179 155
56 182 213
152 166 63
141 185 141
2 27 1
11 49 11
58 232 141
29 166 249
62 172 153
186 229 155
91 200 112
12 84 149
186 188 186
46 252 95
67 69 67
111 213 213
148 209 209
167 226 217
4 70 245
73 121 217
81 121 244
180 199 63
14 215 213
119 217 67
24 175 20
50 51 50
11 115 11
11 125 11
25 31 106
50 162 50
47 197 227
42 124 186
68 135 153
17 228 168
35 84 81
86 101 101
207 214 209
73 88 217
201 243 168
112 118 112
75 219 133
181 251 20
25 81 81
249 251 20
89 243 95
106 204 157
63 185 63
76 206 46
7 117 117
8 117 117
145 244 117
65 116 82
70 87 245
20 96 20
47 182 213
104 162 50
39 66 37
99 203 217
203 227 227
36 155 155
152 250 63
11 64 11
141 206 141
53 198 186
107 186 186
7 96 7
29 199 63
59 150 195
44 236 168
136 179 195
14 255 95
80 156 1
102 103 41
231 252 95
80 111 82
24 183 20
113 180 63
70 128 244
183 184 180
92 182 213
94 225 244
183 206 46
72 102 217
1 229 1
41 88 41
57 71 82
26 86 81
26 256 256
128 144 244
204 236 157
82 241 82
26 36 244
6 208 1
8 50 50
41 60 186
113 147 1
85 100 117
16 231 101
208 252 1
11 19 11
202 243 168
1 32 1
66 75 66
20 107 20
107 146 11
108 141 153
84 163 138
5 209 82
99 157 217
76 107 18
36 179 244
11 177 11
32 34 101
124 125 106
62 176 153
21 79 67
147 228 1
103 181 41
104 255 95
138 158 117
63 161 63
38 110 95
69 92 67
107 239 71
170 216 153
70 155 155
36 252 95
29 160 49
111 133 133
105 160 11
107 176 7
153 216 153
70 129 180
28 219 7
204 228 157
139 160 49
19 75 157
47 84 49
51 186 186
36 220 244
134 243 168
3 117 112
150 220 195
169 230 153
71 154 71
155 164 155
30 157 41
127 168 1
7 212 141
189 248 20
60 252 95
53 64 186
56 141 141
70 226 244
79 201 106
71 103 71
7 14 7
64 253 112
28 72 7
155 176 155
38 101 50
49 244 49
76 221 168
198 211 46
69 238 117
100 217 71
163 181 138
48 222 20
84 101 101
2 175 11
130 157 49
8 90 117
42 141 141
25 196 141
202 210 106
30 154 41
129 222 20
85 180 117
94 221 168
82 169 82
88 206 46
155 186 155
108 153 153
14 196 141
75 107 18
187 254 82
91 209 112
107 121 244
55 223 141
125 206 46
35 155 155
38 124 50
1 190 1
86 196 141
125 149 149
95 224 95
64 213 213
64 184 256
49 139 49
79 238 117
177 240 186
21 235 195
157 166 157
49 106 49
135 155 155
26 51 256
22 91 112
4 59 63
148 239 71
71 136 195
169 223 153
27 70 1
65 166 82
68 225 153
18 119 67
2 90 11
95 174 95
238 248 117
80 204 82
131 239 71
128 147 1
27 152 1
88 244 244
103 161 209
1 106 1
21 187 67
44 95 95
60 227 227
44 67 168
2 74 11
153 222 153
1 80 1
5 211 82
226 240 186
33 252 95
55 141 141
113 205 63
76 228 245
42 83 227
37 211 46
56 118 118
82 189 82
111 113 63
32 131 209
112 144 112
115 217 217
24 80 82
83 194 227
83 90 227
64 224 118
112 122 112
67 142 95
88 154 249
38 168 50
50 179 50
104 126 50
48 80 82
227 245 227
11 60 186
93 174 155
15 33 149
184 202 180
56 104 50
140 141 141
42 254 82
166 244 244
132 206 41
91 249 112
12 237 249
9 227 227
197 252 227
26 228 106
96 155 155
185 224 141
7 65 82
13 71 71
93 207 155
23 50 50
181 254 82
133 194 155
4 220 157
152 211 63
102 239 71
114 140 213
50 132 50
42 118 186
87 89 95
155 175 155
158 169 153
63 174 63
35 69 81
6 184 81
47 167 217
40 80 82
124 201 106
76 87 18
228 247 227
27 129 1
59 195 195
76 250 101
176 201 7
4 86 81
1 162 1
93 122 155
113 194 155
145 216 117
190 200 50
14 183 157
142 201 95
49 77 101
158 249 117
156 160 1
17 227 227
133 216 133
9 186 186
110 192 95
27 115 1
2 9 11
65 196 82
84 172 157
31 204 157
66 81 81
43 90 49
20 158 117
219 240 186
186 196 141
42 252 95
108 181 153
65 131 82
153 240 153
163 195 195
1 188 1
20 154 20
40 199 63
53 154 186
1 72 1
110 231 95
174 208 1
171 227 227
147 249 1
25 213 213
167 210 217
25 140 249
54 88 227
37 187 46
15 112 112
2 194 155
42 243 168
117 134 117
61 166 66
159 190 168
35 181 81
143 242 63
57 230 82
143 240 63
27 203 1
198 203 256
55 135 46
176 222 20
76 128 244
1 102 1
111 192 66
87 158 117
116 118 118
101 103 101
35 106 81
6 240 186
73 118 118
247 255 227
97 230 50
64 124 256
191 220 41
195 243 195
12 194 155
63 101 63
104 157 50
34 180 101
93 100 155
40 214 11
40 138 138
142 228 95
100 161 71
186 226 186
121 167 217
101 164 101
54 222 227
40 232 141
13 146 217
166 252 95
24 137 209
34 129 101
144 160 49
50 153 50
132 182 213
107 167 217
65 152 82
106 122 186
112 153 112
44 176 168
216 234 256
70 222 20
24 213 213
106 179 37
33 149 149
117 170 153
43 144 49
50 133 50
191 244 41
129 201 106
12 252 95
62 227 227
206 246 213
135 149 149
109 200 50
177 200 50
47 95 95
195 201 195
46 120 195
58 159 118
105 112 112
26 192 106
117 249 117
141 244 141
41 247 227
144 185 141
52 180 180
25 28 7
43 223 141
25 138 138
107 117 117
128 182 213
33 73 217
166 177 256
147 246 1
50 154 50
3 181 112
104 177 50
2 180 11
9 77 101
237 243 168
41 169 153
49 245 49
79 149 149
18 139 149
49 82 82
88 239 71
48 109 101
84 151 227
158 202 117
195 254 195
47 148 41
20 184 20
162 240 67
73 140 217
234 236 256
154 168 168
13 248 217
40 244 244
17 165 195
20 89 95
47 157 49
57 224 82
158 250 101
119 130 67
152 215 213
21 245 67
59 223 63
12 168 168
94 97 50
52 216 66
100 108 153
28 245 7
153 177 153
12 101 101
77 104 50
4 207 209
11 46 11
24 93 155
155 254 155
149 180 149
10 72 67
4 233 49
58 213 213
3 205 112
101 133 101
163 184 138
63 250 63
66 227 227
151 216 227
14 68 153
55 183 46
48 140 249
47 187 49
20 101 101
130 217 217
74 94 244
132 192 41
66 204 157
61 64 256
94 234 244
49 208 1
151 236 227
115 161 209
44 108 153
119 244 67
75 106 106
24 82 82
96 192 81
219 225 7
4 76 18
111 143 63
175 199 63
29 132 41
22 150 195
148 214 41
103 138 41
42 81 186
24 147 1
11 159 11
203 249 249
67 173 213
219 246 213
65 69 82
115 121 244
213 225 213
112 202 112
21 230 67
51 75 256
94 184 244
74 173 213
148 240 186
185 199 63
62 194 155
167 213 213
151 165 227
25 237 249
35 157 157
94 148 41
62 216 153
83 212 227
211 242 71
177 190 168
31 217 217
176 249 249
21 243 168
14 137 209
185 233 141
85 174 117
66 116 118
93 127 1
143 197 227
23 136 195
113 133 63
136 187 195
118 176 118
140 149 249
39 91 112
186 198 186
80 130 82
149 161 209
40 43 49
163 220 157
20 219 20
106 160 49
127 254 1
112 117 112
43 238 117
78 186 186
105 144 11
23 85 117
214 228 11
17 176 168
67 223 67
46 49 49
67 224 67
191 235 195
64 251 20
93 214 155
56 61 118
162 177 67
82 141 82
146 185 141
153 186 153
53 163 186
51 74 256
53 170 153
65 68 82
99 149 217
78 207 209
29 41 41
49 151 227
95 135 95
82 202 82
4 142 95
141 190 168
195 233 195
134 249 249
113 173 213
12 245 149
176 182 213
244 248 244
86 105 11
20 74 20
35 245 81
20 180 20
16 210 81
152 233 63
134 198 180
130 209 209
141 232 141
118 136 195
174 218 118
219 243 168
99 209 209
47 118 118
109 117 101
92 106 67
5 120 195
78 168 168
12 184 149
174 246 213
86 184 81
81 133 81
66 113 63
58 186 186
43 208 1
71 84 71
53 244 186
49 192 49
107 139 149
4 96 81
227 237 227
115 119 67
20 151 227
126 244 155
6 128 244
58 121 118
95 231 95
81 120 195
122 239 186
114 202 213
6 46 46
69 237 249
74 234 256
50 193 112
241 251 20
151 228 227
3 140 112
24 206 20
151 255 227
106 219 133
186 204 186
141 218 141
195 250 195
67 228 67
118 149 118
110 149 95
14 61 157
68 179 153
87 203 256
28 183 7
217 230 71
66 244 244
35 99 217
38 65 50
41 82 82
147 175 1
141 239 141
144 228 7
93 188 155
71 74 71
82 122 82
28 214 11
50 65 50
1 7 1
66 74 66
56 144 118
133 134 133
204 213 213
66 72 37
96 149 149
74 159 133
212 213 213
103 169 153
40 203 256
139 245 149
111 150 195
193 248 112
14 118 118
166 168 168
23 101 101
174 181 209
102 203 217
49 251 49
233 244 49
105 206 11
125 165 195
155 244 155
90 172 7
42 210 186
176 226 244
31 118 118
101 218 101
132 248 41
189 237 20
43 150 195
43 51 49
185 190 168
1 254 1
174 182 213
130 214 11
149 213 213
7 188 7
54 182 227
5 11 82
69 179 133
25 174 209
85 194 155
98 248 50
94 154 244
43 141 141
11 206 11
167 253 112
46 118 118
109 193 112
128 227 227
60 248 186
23 252 95
227 242 227
58 61 118
121 225 244
127 148 1
120 179 195
59 84 63
93 148 155
82 134 82
112 213 213
131 198 209
147 229 1
98 175 50
44 179 168
43 237 49
173 178 213
15 205 11
155 241 155
28 136 195
143 230 63
168 183 168
101 187 101
55 143 63
43 88 49
125 169 153
25 95 95
208 253 1
4 248 249
160 184 49
129 174 209
61 235 195
217 250 101
145 197 227
82 102 82
92 184 67
128 219 244
45 71 71
167 197 227
88 209 209
75 78 18
208 219 1
95 188 95
37 245 37
12 78 149
205 256 11
15 44 168
154 225 249
128 151 227
97 171 50
137 145 117
115 190 168
86 129 81
225 236 7
220 240 186
6 247 227
185 239 141
167 201 217
76 138 138
46 117 117
35 170 153
200 216 50
126 251 155
117 219 117
11 251 11
28 234 7
33 141 141
34 240 101
98 244 50
16 228 81
20 225 20
134 182 213
60 199 63
220 245 157
80 94 82
159 207 209
18 129 180
55 113 63
70 203 256
200 218 50
50 161 50
2 4 11
213 230 213
63 245 63
34 226 101
21 121 67
162 231 101
144 220 7
156 228 1
44 256 168
7 255 95
30 187 41
230 250 101
4 102 217
26 118 118
66 178 112
131 194 155
69 141 141
21 63 63
28 63 63
119 195 195
1 43 1
142 239 95
72 139 149
228 232 141
1 134 1
50 85 50
153 191 153
60 254 82
102 156 1
