128 4102
2 3 1
2 4 1
2 5 1
6 7 2
6 8 2
6 9 2
10 11 6
10 12 6
10 13 6
14 15 10
14 16 10
14 17 10
18 19 14
18 20 14
18 21 14
22 23 18
22 24 18
22 25 18
26 27 22
26 28 22
26 29 22
30 31 26
30 32 26
30 33 26
34 35 30
34 36 30
34 37 30
38 39 34
38 40 34
38 41 34
42 43 38
42 44 38
42 45 38
46 47 42
46 48 42
46 49 42
50 51 46
50 52 46
50 53 46
54 55 50
54 56 50
54 57 50
58 59 54
58 60 54
58 61 54
62 63 58
62 64 58
62 65 58
66 67 62
66 68 62
66 69 62
70 71 66
70 72 66
70 73 66
74 75 70
74 76 70
74 77 70
78 79 74
78 80 74
78 81 74
82 83 78
82 84 78
82 85 78
86 87 82
86 88 82
86 89 82
90 91 86
90 92 86
90 93 86
94 95 90
94 96 90
94 97 90
98 99 94
98 100 94
98 101 94
102 103 98
102 104 98
102 105 98
106 107 102
106 108 102
106 109 102
110 111 106
110 112 106
110 113 106
114 115 110
114 116 110
114 117 110
118 119 114
118 120 114
118 121 114
122 123 118
122 124 118
122 125 118
126 127 122
126 128 122
3 126 1
4 126 1
5 126 1
7 126 2
8 126 2
9 126 2
11 126 6
12 126 6
13 126 6
15 126 10
16 126 10
17 126 10
19 126 14
20 126 14
21 126 14
23 126 18
24 126 18
25 126 18
27 126 22
28 126 22
29 126 22
31 126 26
32 126 26
33 126 26
35 126 30
36 126 30
37 126 30
39 126 34
40 126 34
41 126 34
43 126 38
44 126 38
45 126 38
47 126 42
48 126 42
49 126 42
51 126 46
52 126 46
53 126 46
55 126 50
56 126 50
57 126 50
59 126 54
60 126 54
61 126 54
63 126 58
64 126 58
65 126 58
67 126 62
68 126 62
69 126 62
71 126 66
72 126 66
73 126 66
75 126 70
76 126 70
77 126 70
79 126 74
80 126 74
81 126 74
83 126 78
84 126 78
85 126 78
87 126 82
88 126 82
89 126 82
91 126 86
92 126 86
93 126 86
95 126 90
96 126 90
97 126 90
99 126 94
100 126 94
101 126 94
103 126 98
104 126 98
105 126 98
107 126 102
108 126 102
109 126 102
111 126 106
112 126 106
113 126 106
115 126 110
116 126 110
117 126 110
119 126 114
120 126 114
121 126 114
123 126 118
124 126 118
125 126 118
1 126 1
6 126 6
14 126 14
22 126 22
30 126 30
38 126 38
46 126 46
54 126 54
62 126 62
70 126 70
78 126 78
86 126 86
94 126 94
102 126 102
110 126 110
118 126 118
20 36 14
100 111 94
94 100 94
18 36 18
2 15 2
7 51 2
8 57 2
60 127 54
59 61 54
26 48 26
54 94 54
88 89 82
127 128 122
104 105 98
2 91 2
2 13 2
6 15 6
26 52 26
9 47 2
44 101 38
61 111 54
10 123 10
1 60 1
4 5 1
15 17 10
91 93 86
7 8 2
9 66 2
19 22 14
4 116 1
64 72 58
47 48 42
44 45 38
1 65 1
79 81 74
67 68 62
103 121 98
30 88 30
1 30 1
8 9 2
79 120 74
19 20 14
14 18 14
102 110 102
6 29 6
13 58 6
111 113 106
52 53 46
71 99 66
61 125 54
13 94 6
55 69 50
66 95 66
32 98 26
82 100 82
107 122 102
100 116 94
86 123 86
75 124 70
4 76 1
1 3 1
11 90 6
43 84 38
76 97 70
26 93 26
56 58 50
76 82 70
85 115 78
29 117 22
123 124 118
64 106 58
24 115 18
38 84 38
79 100 74
48 49 42
23 29 18
20 21 14
3 4 1
26 40 26
58 103 58
47 105 42
75 99 70
9 81 2
46 53 46
44 116 38
111 115 106
10 71 10
3 117 1
87 89 82
5 107 1
91 92 86
72 73 66
1 31 1
84 85 78
22 118 22
57 71 50
20 111 14
80 97 74
33 121 26
16 17 10
44 86 38
26 36 26
21 36 14
63 65 58
33 113 26
34 64 34
108 124 102
64 105 58
51 52 46
44 92 38
31 32 26
29 69 22
34 125 34
20 35 14
34 75 34
92 104 86
26 46 26
1 45 1
1 16 1
10 68 10
44 79 38
6 54 6
30 83 30
19 46 14
3 90 1
78 106 78
69 109 62
29 58 22
1 4 1
98 123 98
6 53 6
38 79 38
55 57 50
96 97 90
6 24 6
57 85 50
64 85 58
64 69 58
43 96 38
103 108 98
6 10 6
85 90 78
10 106 10
88 114 82
26 37 26
18 24 18
61 73 54
99 101 94
31 34 26
82 123 82
51 74 46
41 91 34
15 98 10
24 25 18
15 37 10
23 56 18
71 72 66
42 70 42
14 70 14
18 69 18
82 94 82
27 93 22
14 24 14
95 121 90
85 101 78
36 37 30
83 90 78
68 69 62
30 78 30
27 124 22
115 121 110
100 124 94
19 29 14
83 84 78
6 21 6
38 59 38
95 97 90
18 23 18
59 85 54
13 26 6
28 69 22
21 33 14
2 24 2
6 95 6
73 125 66
53 81 46
42 71 42
19 66 14
111 116 106
80 106 74
50 97 50
73 106 66
38 106 38
46 72 46
77 94 70
119 120 114
31 33 26
67 106 62
74 108 74
30 57 30
56 125 50
10 64 10
6 13 6
39 40 34
15 16 10
28 29 22
13 55 6
116 117 110
125 128 118
30 105 30
87 125 82
92 116 86
26 59 26
36 63 30
106 117 106
10 79 10
107 108 102
46 69 46
74 105 74
58 66 58
26 66 26
3 33 1
60 61 54
14 68 14
88 119 82
11 37 6
23 113 18
16 82 10
62 96 62
35 36 30
18 70 18
6 16 6
112 113 106
54 122 54
96 117 90
14 21 14
37 56 30
87 88 82
98 113 98
34 98 34
6 122 6
2 8 2
13 29 6
1 69 1
70 92 70
91 117 86
92 93 86
46 68 46
6 32 6
56 57 50
6 14 6
51 53 46
82 120 82
4 39 1
28 62 22
100 115 94
5 66 1
61 80 54
46 88 46
1 11 1
7 9 2
20 49 14
29 33 22
42 128 42
107 115 102
38 91 38
72 100 66
48 97 42
100 101 94
36 70 30
51 110 46
18 32 18
2 52 2
22 50 22
54 77 54
58 71 58
36 98 30
22 40 22
27 96 22
15 66 10
83 110 78
54 63 54
42 52 42
55 99 50
1 66 1
97 124 90
10 31 10
43 45 38
13 28 6
62 107 62
20 25 14
1 7 1
45 49 38
1 26 1
18 68 18
95 106 90
47 49 42
1 10 1
103 104 98
17 116 10
30 42 30
34 73 34
3 111 1
9 95 2
50 64 50
86 115 86
43 44 38
28 38 22
19 21 14
66 81 66
67 128 62
1 8 1
20 53 14
22 45 22
10 35 10
97 111 90
42 115 42
111 122 106
42 60 42
93 117 86
9 43 2
13 41 6
52 54 46
64 65 58
1 40 1
88 111 82
18 96 18
116 121 110
3 91 1
115 116 110
62 82 62
112 122 106
3 66 1
14 79 14
34 44 34
22 107 22
76 77 70
121 124 114
46 81 46
2 33 2
40 41 34
46 89 46
6 113 6
2 42 2
75 76 70
30 113 30
58 97 58
61 63 54
9 10 2
38 44 38
42 73 42
105 117 98
85 96 78
23 110 18
27 40 22
92 110 86
59 121 54
32 124 26
10 69 10
9 65 2
84 90 78
30 62 30
95 105 90
39 57 34
92 99 86
111 112 106
40 81 34
2 26 2
6 25 6
71 75 66
84 104 78
35 37 30
38 62 38
30 47 30
57 73 50
96 120 90
52 121 46
125 127 118
2 19 2
107 114 102
48 112 42
65 79 58
4 107 1
77 113 70
56 72 50
91 112 86
115 117 110
22 33 22
1 6 1
46 91 46
44 128 38
101 102 94
91 95 86
79 116 74
115 119 110
59 123 54
32 120 26
60 79 54
22 56 22
79 80 74
39 98 34
14 22 14
1 14 1
103 105 98
46 123 46
99 100 94
8 38 2
83 85 78
6 23 6
14 56 14
42 63 42
56 117 50
50 56 50
95 96 90
75 118 70
120 122 114
103 117 98
63 90 58
75 77 70
107 125 102
43 85 38
2 18 2
47 56 42
23 24 18
9 110 2
98 104 98
34 40 34
53 106 46
63 84 58
117 122 110
73 87 66
96 107 90
13 117 6
95 122 90
1 17 1
5 94 1
75 91 70
34 88 34
14 71 14
56 91 50
52 57 46
111 117 106
18 75 18
6 52 6
2 97 2
102 123 102
57 79 50
41 117 34
37 80 30
74 118 74
62 100 62
2 10 2
72 117 66
85 100 78
11 64 6
12 81 6
14 31 14
15 68 10
6 111 6
6 38 6
19 55 14
107 110 102
91 125 86
16 94 10
116 127 110
99 113 94
68 93 62
78 86 78
98 118 98
1 5 1
89 125 82
35 97 30
6 27 6
40 67 34
7 25 2
68 117 62
36 73 30
98 105 98
54 117 54
12 46 6
79 91 74
64 84 58
62 128 62
62 91 62
80 81 74
18 34 18
63 85 58
43 92 38
75 115 70
21 78 14
10 73 10
11 113 6
31 51 26
7 113 2
8 59 2
3 45 1
21 113 14
18 35 18
10 70 10
7 54 2
66 110 66
85 97 78
21 73 14
34 71 34
18 29 18
43 76 38
104 114 98
11 111 6
58 104 58
64 114 58
28 47 22
109 118 102
66 99 66
34 86 34
10 57 10
31 66 26
7 65 2
23 25 18
38 101 38
27 121 22
62 74 62
9 16 2
11 12 6
42 89 42
87 98 82
53 116 46
11 13 6
10 81 10
97 106 90
107 109 102
74 97 74
60 108 54
38 51 38
69 80 62
59 86 54
2 16 2
112 114 106
93 128 86
34 118 34
70 100 70
2 6 2
63 76 58
6 36 6
10 45 10
15 21 10
46 121 46
21 121 14
2 53 2
14 36 14
94 113 94
42 61 42
14 39 14
5 113 1
26 89 26
25 109 18
33 69 26
45 90 38
76 121 70
58 127 58
18 77 18
44 83 38
36 60 30
69 100 62
69 81 62
41 58 34
28 42 22
58 100 58
21 28 14
24 46 18
38 77 38
115 120 110
96 127 90
42 122 42
124 125 118
68 123 62
55 56 50
24 71 18
27 29 22
38 107 38
74 104 74
54 74 54
85 87 78
30 54 30
66 104 66
71 91 66
14 120 14
58 112 58
66 114 66
8 28 2
114 123 114
45 65 38
65 78 58
68 115 62
114 127 114
1 116 1
28 104 22
9 15 2
54 72 54
75 110 70
2 7 2
86 108 86
74 88 74
103 110 98
102 108 102
4 41 1
17 71 10
12 13 6
100 118 94
22 27 22
101 125 94
14 45 14
46 101 46
18 26 18
6 34 6
71 94 66
44 49 38
46 79 46
68 124 62
26 102 26
101 127 94
11 69 6
3 5 1
50 125 50
28 106 22
98 110 98
99 111 94
27 28 22
31 71 26
42 107 42
105 115 98
19 59 14
102 124 102
110 125 110
21 96 14
33 57 26
30 49 30
13 95 6
42 119 42
18 61 18
41 68 34
17 117 10
50 81 50
17 80 10
64 82 58
38 42 38
35 113 30
46 116 46
44 61 38
4 115 1
46 117 46
49 103 42
38 122 38
88 98 82
47 119 42
26 33 26
81 99 74
38 74 38
63 127 58
50 95 50
37 50 30
3 17 1
102 111 102
123 125 118
17 54 10
54 61 54
34 63 34
6 105 6
34 51 34
30 110 30
55 97 50
21 127 14
56 111 50
36 106 30
1 33 1
39 41 34
34 112 34
22 91 22
22 26 22
1 57 1
15 40 10
7 24 2
71 73 66
108 109 102
10 118 10
22 42 22
76 124 70
70 76 70
46 56 46
55 76 50
120 121 114
7 49 2
77 117 70
57 119 50
92 118 86
12 41 6
1 29 1
18 116 18
18 46 18
82 111 82
53 70 46
10 75 10
73 107 66
117 128 110
59 74 54
21 89 14
57 75 50
30 36 30
40 83 34
10 40 10
1 86 1
84 109 78
23 87 18
10 33 10
83 99 78
28 100 22
9 25 2
14 109 14
91 113 86
89 92 82
44 108 38
110 123 110
119 121 114
1 37 1
47 117 42
22 36 22
38 97 38
14 84 14
22 57 22
66 87 66
9 20 2
2 9 2
87 111 82
38 86 38
45 98 38
89 98 82
7 84 2
38 81 38
82 102 82
12 65 6
40 116 34
21 77 14
31 77 26
1 100 1
105 119 98
2 76 2
14 62 14
32 123 26
56 85 50
27 84 22
51 58 46
50 99 50
80 88 74
31 35 26
46 98 46
16 90 10
93 97 86
74 91 74
3 96 1
30 100 30
72 75 66
30 97 30
12 100 6
7 106 2
16 75 10
39 118 34
74 100 74
34 109 34
20 92 14
50 91 50
46 94 46
107 123 102
54 90 54
123 128 118
60 86 54
44 94 38
78 105 78
105 128 98
40 97 34
16 40 10
72 84 66
95 125 90
58 95 58
87 104 82
34 49 34
61 120 54
56 76 50
26 61 26
113 120 106
6 71 6
37 52 30
82 105 82
24 38 18
25 98 18
55 102 50
88 91 82
103 113 98
42 51 42
10 43 10
84 107 78
15 102 10
66 94 66
6 60 6
111 123 106
7 69 2
28 83 22
63 110 58
18 53 18
60 83 54
92 128 86
48 94 42
3 78 1
51 86 46
103 112 98
39 87 34
3 110 1
1 2 1
32 106 26
8 112 2
116 119 110
50 92 50
117 118 110
10 121 10
15 48 10
13 124 6
18 27 18
24 118 18
97 115 90
23 124 18
80 96 74
64 93 58
14 101 14
35 70 30
63 64 58
86 127 86
1 43 1
14 28 14
85 103 78
55 107 50
35 46 30
52 60 46
101 111 94
108 116 102
21 125 14
21 57 14
88 99 82
36 57 30
10 53 10
12 64 6
40 124 34
101 105 94
95 103 90
19 118 14
38 110 38
50 60 50
72 99 66
82 113 82
24 125 18
53 61 46
9 22 2
25 94 18
54 71 54
1 13 1
10 119 10
6 39 6
11 98 6
100 109 94
2 65 2
66 82 66
61 94 54
1 52 1
6 22 6
59 60 54
106 124 106
60 65 54
68 91 62
23 115 18
1 111 1
62 69 62
72 111 66
106 126 106
81 118 74
1 15 1
74 123 74
59 79 54
67 120 62
53 107 46
59 105 54
14 76 14
104 107 98
4 65 1
40 91 34
25 90 18
29 98 22
15 91 10
35 118 30
52 99 46
16 49 10
42 110 42
15 24 10
40 108 34
55 115 50
82 91 82
5 114 1
16 38 10
65 66 58
110 120 110
49 108 42
29 79 22
6 19 6
59 77 54
92 101 86
89 104 82
42 59 42
42 112 42
37 63 30
50 70 50
26 72 26
66 74 66
62 97 62
22 68 22
59 101 54
62 92 62
98 125 98
13 52 6
113 114 106
5 76 1
99 115 94
13 80 6
13 78 6
14 61 14
102 117 102
33 104 26
53 60 46
39 84 34
42 124 42
16 125 10
34 42 34
67 78 62
16 34 10
93 123 86
24 110 18
2 102 2
22 88 22
14 94 14
25 77 18
32 33 26
76 111 70
84 108 78
67 69 62
25 122 18
48 84 42
94 124 94
66 119 66
18 100 18
1 75 1
115 125 110
10 50 10
29 31 22
31 69 26
12 107 6
18 33 18
108 125 102
11 21 6
34 76 34
84 102 78
99 127 94
13 89 6
47 66 42
99 104 94
32 79 26
92 119 86
63 91 58
2 48 2
91 114 86
46 119 46
40 106 34
38 52 38
77 96 70
56 81 50
52 81 46
17 22 10
35 72 30
6 75 6
13 101 6
59 125 54
63 69 58
22 44 22
74 96 74
76 99 70
104 127 98
1 27 1
28 50 22
45 66 38
78 114 78
101 115 94
105 123 98
51 104 46
69 71 62
34 113 34
26 58 26
104 111 98
38 88 38
29 97 22
1 32 1
73 117 66
55 89 50
45 75 38
26 31 26
2 17 2
14 27 14
94 103 94
50 79 50
71 116 66
42 53 42
116 122 110
76 106 70
47 73 42
10 80 10
105 127 98
16 62 10
86 120 86
62 106 62
104 116 98
100 122 94
92 103 86
38 57 38
25 113 18
50 101 50
75 82 70
31 54 26
15 119 10
34 94 34
81 119 74
10 16 10
21 110 14
51 54 46
45 115 38
79 99 74
65 87 58
40 60 34
3 85 1
44 60 38
72 127 66
12 125 6
63 72 58
18 59 18
120 124 114
25 91 18
111 121 106
45 61 38
70 127 70
9 26 2
91 124 86
44 75 38
18 41 18
30 48 30
14 92 14
74 99 74
30 43 30
108 118 102
1 25 1
42 47 42
39 42 34
56 60 50
18 72 18
69 98 62
76 119 70
29 82 22
94 106 94
10 18 10
2 75 2
4 95 1
44 76 38
1 128 1
66 117 66
18 66 18
14 72 14
97 107 90
14 111 14
72 96 66
90 100 90
7 23 2
67 73 62
61 116 54
55 124 50
66 73 66
54 88 54
67 90 62
38 111 38
24 85 18
5 31 1
34 126 34
9 48 2
17 106 10
42 96 42
45 107 38
60 71 54
70 106 70
38 53 38
10 120 10
30 70 30
77 104 70
49 54 42
111 128 106
34 69 34
4 42 1
6 92 6
3 80 1
43 49 38
43 56 38
68 110 62
2 32 2
48 66 42
22 49 22
107 113 102
62 112 62
10 59 10
23 128 18
32 68 26
4 16 1
79 85 74
26 123 26
46 92 46
67 116 62
45 48 38
84 122 78
9 73 2
9 23 2
90 112 90
107 120 102
13 35 6
46 52 46
94 112 94
121 122 114
46 51 46
1 114 1
58 79 58
72 108 66
39 55 34
6 62 6
26 127 26
97 104 90
9 70 2
25 102 18
6 11 6
41 120 34
46 96 46
64 83 58
28 93 22
83 97 78
5 32 1
8 104 2
7 45 2
108 113 102
6 45 6
18 84 18
80 100 74
52 118 46
54 73 54
64 80 58
1 68 1
18 121 18
58 124 58
17 42 10
64 117 58
44 90 38
45 124 38
19 65 14
9 90 2
7 64 2
3 82 1
33 95 26
122 126 122
34 38 34
22 31 22
2 49 2
58 63 58
68 74 62
56 122 50
22 52 22
52 66 46
14 49 14
30 66 30
40 66 34
1 104 1
89 106 82
52 75 46
55 67 50
15 83 10
35 82 30
10 21 10
23 62 18
46 55 46
26 76 26
53 113 46
58 119 58
15 77 10
4 21 1
56 127 50
73 94 66
63 97 58
1 46 1
30 128 30
14 86 14
9 115 2
2 58 2
8 77 2
74 121 74
2 14 2
42 46 42
54 78 54
78 102 78
45 116 38
39 74 34
94 98 94
105 112 98
104 115 98
30 68 30
1 24 1
62 88 62
64 127 58
12 93 6
18 111 18
13 120 6
13 24 6
14 105 14
15 104 10
23 78 18
13 110 6
42 108 42
36 85 30
68 85 62
76 108 70
5 28 1
5 64 1
92 107 86
17 95 10
14 30 14
78 83 78
49 82 42
78 92 78
117 127 110
2 11 2
6 18 6
93 99 86
5 9 1
28 112 22
54 102 54
65 115 58
12 96 6
47 82 42
61 123 54
51 73 46
80 119 74
8 58 2
2 30 2
53 56 46
37 53 30
23 54 18
37 65 30
25 62 18
2 40 2
6 28 6
33 85 26
36 102 30
2 39 2
39 81 34
97 108 90
36 110 30
73 88 66
14 23 14
42 105 42
55 74 50
28 99 22
30 44 30
64 78 58
73 92 66
27 80 22
42 78 42
38 58 38
10 22 10
34 87 34
27 98 22
36 116 30
88 103 82
5 7 1
27 79 22
45 67 38
51 91 46
80 118 74
18 79 18
51 76 46
48 67 42
66 77 66
6 30 6
71 82 66
1 12 1
96 119 90
70 90 70
8 122 2
45 125 38
10 17 10
18 127 18
49 72 42
38 75 38
87 97 82
87 118 82
6 46 6
93 98 86
9 94 2
42 65 42
75 103 70
47 76 42
18 76 18
47 110 42
39 58 34
86 118 86
10 88 10
45 99 38
62 86 62
55 112 50
7 57 2
9 120 2
6 86 6
3 99 1
103 109 98
46 105 46
17 57 10
37 111 30
26 101 26
41 66 34
87 109 82
1 58 1
26 53 26
15 59 10
17 79 10
9 122 2
42 48 42
18 47 18
3 92 1
96 109 90
29 101 22
50 73 50
21 47 14
36 45 30
63 108 58
31 46 26
63 128 58
5 42 1
87 123 82
70 116 70
58 64 58
109 112 102
42 58 42
17 45 10
44 114 38
80 95 74
25 128 18
15 57 10
65 113 58
28 55 22
62 94 62
22 76 22
5 115 1
68 116 62
112 128 106
25 117 18
26 86 26
2 87 2
49 100 42
112 125 106
46 102 46
5 110 1
80 108 74
51 105 46
81 106 74
76 92 70
1 47 1
38 123 38
29 96 22
60 74 54
10 83 10
2 78 2
12 123 6
56 98 50
67 114 62
111 127 106
109 111 102
70 85 70
44 111 38
22 71 22
5 93 1
18 82 18
34 96 34
21 104 14
31 120 26
10 96 10
105 106 98
58 99 58
18 43 18
10 95 10
22 32 22
18 39 18
9 33 2
63 82 58
68 104 62
57 100 50
100 119 94
14 53 14
66 105 66
1 28 1
81 85 74
95 108 90
19 83 14
89 123 82
37 85 30
29 56 22
53 71 46
4 87 1
108 119 102
112 120 106
98 116 98
10 87 10
98 122 98
44 66 38
124 128 118
15 107 10
25 112 18
58 86 58
57 104 50
20 112 14
113 121 106
109 116 102
2 23 2
21 102 14
49 114 42
108 123 102
65 82 58
38 76 38
48 118 42
120 123 114
3 88 1
21 42 14
68 96 62
89 91 82
25 105 18
97 123 90
61 84 54
1 18 1
18 83 18
10 20 10
37 70 30
73 83 66
14 57 14
96 106 90
2 27 2
27 54 22
29 122 22
59 70 54
25 38 18
120 127 114
48 125 42
24 31 18
78 89 78
37 102 30
87 113 82
5 30 1
56 121 50
10 74 10
89 93 82
47 89 42
69 78 62
44 103 38
47 63 42
1 77 1
58 109 58
62 67 62
119 122 114
3 73 1
22 74 22
79 104 74
4 111 1
40 46 34
37 97 30
103 124 98
71 124 66
22 84 22
6 80 6
92 109 86
14 44 14
34 43 34
30 122 30
24 26 18
12 112 6
6 55 6
24 88 18
40 121 34
38 98 38
42 123 42
82 114 82
8 89 2
1 122 1
19 40 14
16 108 10
75 127 70
81 95 74
41 76 34
79 105 74
2 90 2
35 53 30
9 31 2
19 69 14
52 115 46
52 105 46
96 98 90
48 117 42
44 105 38
7 13 2
67 119 62
56 97 50
32 74 26
83 107 78
11 35 6
5 61 1
19 33 14
35 52 30
6 68 6
45 70 38
1 95 1
69 76 62
20 71 14
97 122 90
89 105 82
70 103 70
28 48 22
97 128 90
22 41 22
84 101 78
90 110 90
43 53 38
7 125 2
14 43 14
32 71 26
66 111 66
12 27 6
16 103 10
10 30 10
11 88 6
108 122 102
10 15 10
9 35 2
54 96 54
82 90 82
18 51 18
18 124 18
32 108 26
62 110 62
119 125 114
31 70 26
24 94 18
73 112 66
81 98 74
60 103 54
110 119 110
74 102 74
7 19 2
21 82 14
15 125 10
50 68 50
56 65 50
1 73 1
12 21 6
77 102 70
38 116 38
7 90 2
30 61 30
38 105 38
93 113 86
57 63 50
25 55 18
4 121 1
97 112 90
16 30 10
78 107 78
38 73 38
24 120 18
1 88 1
2 21 2
3 109 1
22 62 22
5 49 1
64 125 58
26 50 26
34 78 34
59 117 54
56 77 50
50 87 50
1 123 1
30 58 30
8 115 2
26 80 26
46 99 46
27 73 22
2 121 2
83 124 78
10 14 10
105 124 98
1 82 1
28 59 22
95 116 90
14 82 14
35 68 30
51 57 46
51 99 46
43 93 38
72 121 66
21 105 14
10 56 10
27 30 22
38 66 38
31 42 26
2 38 2
39 102 34
42 85 42
42 106 42
37 75 30
18 81 18
35 105 30
26 55 26
30 46 30
37 106 30
62 70 62
87 96 82
50 61 50
52 128 46
46 108 46
50 75 50
80 103 74
45 118 38
72 85 66
3 81 1
77 100 70
17 24 10
56 102 50
47 104 42
50 80 50
10 78 10
25 85 18
5 79 1
58 75 58
27 45 22
42 68 42
64 100 58
12 85 6
99 122 94
21 116 14
74 92 74
29 123 22
17 30 10
27 63 22
1 21 1
1 61 1
13 100 6
57 118 50
49 125 42
2 20 2
14 122 14
30 119 30
67 96 62
73 122 66
30 99 30
60 118 54
76 78 70
101 122 94
74 83 74
105 125 98
84 103 78
50 65 50
14 97 14
4 117 1
75 80 70
76 84 70
11 110 6
3 59 1
32 40 26
64 86 58
10 102 10
78 93 78
74 84 74
60 73 54
6 97 6
39 128 34
23 118 18
66 103 66
98 109 98
50 59 50
39 68 34
32 89 26
36 47 30
5 117 1
47 87 42
92 114 86
100 128 94
49 115 42
46 95 46
73 115 66
62 75 62
57 77 50
23 48 18
71 118 66
68 101 62
57 92 50
31 87 26
12 83 6
61 105 54
9 113 2
54 80 54
6 89 6
111 120 106
22 103 22
74 101 74
94 117 94
63 80 58
68 77 62
79 101 74
45 62 38
91 116 86
13 84 6
34 110 34
62 87 62
11 70 6
101 124 94
31 81 26
29 111 22
27 81 22
33 99 26
26 92 26
19 106 14
9 17 2
12 37 6
69 77 62
6 76 6
37 59 30
30 101 30
85 117 78
18 115 18
52 116 46
51 113 46
71 76 66
14 73 14
55 83 50
53 72 46
28 60 22
9 68 2
30 64 30
18 88 18
66 96 66
35 103 30
10 41 10
52 120 46
30 34 30
119 128 114
55 122 50
124 127 118
90 121 90
47 52 42
4 109 1
64 101 58
6 78 6
18 52 18
34 59 34
18 86 18
35 93 30
107 128 102
70 124 70
1 62 1
54 62 54
85 109 78
47 86 42
22 127 22
6 17 6
98 117 98
59 109 54
61 91 54
25 86 18
1 113 1
117 121 110
10 63 10
18 107 18
77 119 70
26 118 26
43 50 38
50 128 50
37 88 30
98 102 98
30 38 30
101 103 94
48 88 42
31 122 26
47 96 42
102 120 102
38 50 38
31 113 26
16 88 10
45 103 38
113 119 106
54 65 54
49 64 42
81 91 74
115 122 110
17 32 10
40 65 34
31 108 26
20 119 14
85 104 78
99 123 94
42 117 42
30 72 30
14 69 14
46 65 46
72 93 66
69 89 62
67 112 62
38 56 38
23 97 18
53 58 46
95 127 90
88 115 82
2 103 2
19 27 14
3 26 1
28 30 22
2 128 2
82 88 82
41 48 34
32 53 26
25 59 18
71 81 66
88 93 82
6 120 6
46 106 46
58 76 58
37 77 30
50 69 50
16 69 10
60 70 54
41 50 34
13 39 6
69 114 62
96 116 90
22 117 22
6 114 6
6 49 6
84 127 78
76 122 70
57 116 50
76 86 70
8 54 2
88 96 82
26 75 26
15 96 10
60 120 54
53 74 46
30 89 30
78 116 78
81 103 74
105 109 98
81 127 74
30 45 30
108 127 102
27 118 22
42 80 42
41 123 34
75 121 70
52 100 46
40 71 34
1 81 1
2 29 2
29 92 22
46 67 46
38 67 38
80 112 74
33 38 26
17 55 10
63 114 58
66 91 66
56 119 50
12 80 6
105 107 98
71 86 66
56 120 50
69 110 62
49 106 42
24 122 18
52 108 46
123 127 118
78 111 78
62 114 62
48 52 42
45 72 38
68 100 62
48 76 42
6 37 6
97 113 90
44 118 38
27 101 22
13 114 6
49 84 42
96 108 90
27 97 22
19 124 14
71 78 66
10 23 10
78 103 78
26 67 26
23 89 18
22 112 22
70 74 70
55 93 50
19 76 14
18 120 18
30 67 30
55 77 50
13 25 6
22 54 22
10 109 10
104 110 98
33 108 26
37 66 30
1 91 1
22 35 22
64 94 58
30 69 30
95 102 90
100 114 94
80 124 74
24 50 18
40 119 34
78 97 78
6 99 6
79 110 74
56 70 50
26 43 26
100 123 94
51 119 46
118 124 118
112 121 106
52 68 46
101 118 94
103 111 98
94 101 94
65 94 58
6 106 6
24 35 18
14 103 14
102 118 102
26 121 26
53 121 46
110 115 110
12 91 6
72 74 66
61 79 54
6 47 6
9 89 2
88 107 82
26 63 26
54 69 54
88 124 82
93 120 86
70 117 70
38 45 38
14 37 14
79 89 74
8 22 2
59 111 54
13 111 6
1 55 1
49 79 42
22 111 22
83 105 78
3 61 1
111 114 106
94 127 94
50 116 50
37 68 30
89 102 82
21 98 14
47 68 42
17 81 10
81 92 74
21 25 14
27 100 22
71 80 66
67 110 62
14 25 14
13 40 6
63 111 58
39 67 34
35 43 30
117 124 110
22 83 22
40 122 34
35 65 30
67 117 62
96 123 90
61 76 54
48 65 42
21 68 14
61 64 54
48 60 42
4 6 1
9 64 2
51 80 46
3 39 1
26 41 26
101 104 94
72 88 66
63 79 58
23 125 18
10 39 10
18 113 18
74 78 74
14 41 14
85 106 78
58 106 58
36 75 30
15 70 10
38 112 38
94 110 94
6 63 6
39 66 34
103 114 98
50 118 50
48 54 42
87 116 82
42 55 42
6 85 6
33 100 26
45 92 38
10 99 10
113 115 106
13 119 6
58 123 58
41 46 34
12 109 6
20 102 14
91 94 86
99 109 94
26 105 26
18 125 18
106 113 106
84 96 78
43 60 38
45 104 38
17 109 10
113 117 106
2 114 2
13 47 6
35 122 30
12 17 6
65 102 58
2 125 2
25 114 18
22 55 22
38 119 38
83 91 78
82 118 82
4 24 1
61 77 54
24 99 18
35 89 30
78 128 78
2 100 2
9 40 2
1 63 1
48 110 42
51 106 46
108 117 102
17 31 10
32 43 26
69 119 62
64 81 58
69 70 62
82 125 82
81 94 74
20 70 14
69 125 62
18 56 18
24 41 18
62 104 62
36 76 30
42 102 42
36 54 30
72 79 66
65 71 58
46 61 46
26 49 26
88 121 82
62 77 62
13 37 6
105 118 98
31 78 26
17 115 10
3 103 1
67 103 62
51 114 46
24 80 18
20 46 14
12 19 6
23 104 18
41 53 34
32 61 26
17 29 10
78 110 78
86 100 86
5 63 1
57 102 50
30 41 30
24 34 18
110 127 110
18 38 18
4 67 1
73 75 66
86 124 86
56 83 50
6 56 6
7 102 2
2 35 2
28 67 22
100 113 94
91 109 86
27 116 22
31 36 26
71 103 66
25 36 18
73 98 66
73 114 66
60 116 54
18 110 18
83 121 78
66 90 66
78 101 78
19 84 14
25 111 18
47 112 42
52 93 46
24 75 18
23 117 18
10 28 10
19 63 14
9 104 2
36 115 30
46 86 46
22 59 22
75 78 70
32 60 26
12 128 6
23 127 18
50 100 50
7 122 2
65 111 58
113 116 106
7 107 2
50 83 50
10 91 10
18 62 18
5 51 1
23 109 18
14 40 14
71 101 66
77 111 70
42 90 42
1 41 1
58 72 58
30 95 30
3 62 1
23 94 18
35 62 30
5 23 1
2 34 2
109 124 102
22 108 22
12 53 6
23 69 18
50 110 50
8 46 2
113 128 106
74 81 74
56 84 50
6 103 6
59 69 54
62 83 62
2 50 2
64 111 58
109 117 102
75 104 70
29 72 22
38 69 38
97 117 90
39 105 34
38 48 38
52 65 46
4 23 1
24 105 18
53 78 46
10 26 10
43 95 38
6 88 6
29 105 22
112 119 106
26 62 26
6 84 6
56 63 50
26 42 26
21 39 14
2 111 2
1 49 1
68 119 62
94 120 94
27 66 22
10 42 10
5 38 1
81 122 74
10 25 10
80 120 74
46 58 46
18 126 18
14 78 14
66 115 66
99 116 94
46 64 46
26 56 26
70 94 70
10 124 10
10 27 10
49 71 42
110 116 110
27 74 22
43 106 38
18 54 18
94 99 94
80 99 74
10 116 10
28 49 22
45 109 38
16 70 10
103 127 98
14 119 14
60 96 54
74 117 74
68 112 62
64 120 58
117 123 110
20 109 14
11 85 6
83 98 78
21 76 14
37 114 30
11 55 6
58 89 58
114 126 114
22 70 22
85 93 78
14 108 14
104 118 98
19 109 14
79 124 74
78 84 78
22 64 22
21 70 14
58 93 58
11 20 6
34 74 34
69 118 62
32 81 26
82 104 82
4 70 1
20 61 14
46 71 46
95 118 90
31 106 26
107 111 102
21 85 14
75 125 70
36 97 30
50 55 50
51 64 46
91 97 86
29 76 22
53 75 46
10 32 10
29 119 22
26 34 26
106 123 106
14 110 14
31 63 26
8 83 2
63 107 58
40 77 34
55 113 50
17 38 10
70 96 70
25 61 18
35 121 30
1 34 1
58 84 58
77 78 70
9 44 2
50 122 50
5 72 1
57 117 50
19 39 14
51 95 46
9 45 2
67 74 62
6 12 6
51 61 46
93 109 86
54 125 54
69 79 62
21 31 14
100 125 94
18 57 18
6 48 6
49 61 42
12 42 6
23 28 18
33 60 26
6 42 6
34 116 34
30 104 30
4 22 1
33 125 26
8 15 2
21 29 14
90 104 90
78 85 78
12 127 6
118 127 118
76 104 70
77 101 70
26 100 26
54 66 54
34 90 34
7 66 2
62 103 62
2 82 2
18 65 18
33 63 26
4 62 1
68 106 62
60 94 54
83 100 78
33 66 26
114 119 114
10 24 10
46 75 46
90 99 90
14 59 14
71 87 66
66 89 66
72 81 66
75 116 70
115 123 110
74 86 74
8 119 2
55 81 50
6 108 6
113 127 106
13 22 6
81 97 74
67 71 62
53 76 46
84 121 78
24 49 18
36 78 30
59 73 54
83 88 78
100 110 94
50 85 50
27 71 22
56 69 50
103 115 98
83 103 78
23 111 18
10 72 10
29 34 22
46 50 46
80 86 74
50 112 50
13 23 6
81 87 74
89 119 82
22 95 22
30 115 30
60 104 54
40 95 34
22 63 22
57 91 50
4 99 1
100 117 94
30 52 30
67 97 62
26 39 26
97 127 90
38 99 38
68 122 62
14 50 14
111 124 106
50 127 50
20 60 14
69 104 62
33 102 26
59 68 54
43 105 38
7 77 2
46 59 46
42 88 42
28 96 22
38 108 38
121 128 114
16 87 10
38 89 38
122 128 122
50 102 50
6 73 6
1 98 1
76 115 70
29 116 22
43 124 38
24 96 18
1 36 1
37 86 30
62 122 62
63 67 58
43 73 38
90 103 90
74 90 74
10 44 10
9 124 2
18 49 18
84 94 78
83 87 78
46 74 46
3 128 1
43 75 38
37 38 30
34 101 34
46 104 46
88 97 82
5 34 1
52 110 46
18 22 18
1 42 1
61 109 54
7 63 2
61 110 54
90 116 90
31 86 26
4 40 1
90 96 90
22 47 22
24 39 18
31 128 26
26 97 26
61 72 54
6 44 6
73 99 66
35 127 30
77 115 70
2 118 2
4 58 1
30 127 30
88 112 82
100 108 94
29 115 22
21 118 14
81 121 74
44 109 38
96 128 90
42 103 42
92 98 86
93 125 86
48 92 42
50 124 50
66 125 66
69 94 62
2 31 2
80 105 74
76 123 70
28 35 22
43 125 38
22 89 22
89 128 82
92 120 86
104 122 98
41 92 34
63 122 58
116 128 110
23 26 18
62 127 62
26 110 26
2 74 2
12 66 6
44 57 38
14 60 14
64 118 58
81 117 74
46 82 46
31 53 26
81 124 74
110 118 110
10 65 10
52 102 46
25 79 18
49 116 42
69 103 62
26 44 26
112 123 106
17 102 10
15 63 10
104 106 98
18 30 18
119 127 114
21 75 14
9 58 2
7 58 2
18 44 18
23 51 18
21 63 14
39 114 34
47 60 42
58 122 58
10 60 10
6 35 6
60 77 54
11 52 6
1 9 1
21 120 14
70 89 70
39 127 34
22 128 22
31 92 26
35 120 30
82 128 82
1 79 1
64 103 58
45 60 38
43 104 38
109 120 102
14 26 14
41 51 34
28 92 22
55 85 50
60 113 54
39 99 34
74 89 74
3 31 1
25 82 18
6 72 6
54 127 54
24 60 18
23 32 18
80 90 74
2 44 2
55 80 50
63 123 58
59 107 54
110 117 110
33 36 26
14 48 14
10 38 10
59 67 54
1 71 1
30 123 30
7 121 2
1 80 1
74 113 74
7 100 2
26 60 26
58 85 58
2 99 2
28 84 22
93 105 86
2 36 2
4 15 1
73 74 66
24 62 18
74 95 74
14 66 14
10 105 10
97 98 90
3 36 1
32 65 26
48 85 42
22 124 22
30 77 30
12 98 6
19 111 14
56 80 50
15 128 10
40 100 34
34 45 34
55 75 50
8 102 2
38 80 38
43 98 38
54 108 54
6 102 6
119 124 114
92 113 86
22 37 22
46 60 46
26 115 26
2 126 2
69 120 62
57 113 50
14 52 14
57 88 50
105 122 98
6 26 6
90 102 90
54 123 54
16 124 10
65 101 58
62 80 62
65 85 58
18 103 18
18 90 18
50 111 50
54 85 54
6 64 6
42 82 42
16 58 10
45 108 38
19 50 14
80 122 74
37 71 30
52 84 46
113 122 106
106 111 106
28 33 22
39 59 34
104 121 98
66 83 66
21 27 14
12 44 6
36 87 30
60 82 54
72 80 66
38 43 38
33 40 26
34 39 34
38 90 38
17 90 10
38 47 38
2 127 2
116 125 110
53 94 46
51 100 46
30 81 30
40 125 34
70 79 70
9 105 2
85 89 78
75 108 70
48 64 42
44 67 38
10 93 10
53 119 46
9 54 2
29 65 22
18 99 18
15 49 10
80 117 74
47 109 42
89 122 82
26 116 26
96 110 90
85 128 78
11 78 6
71 123 66
14 19 14
1 51 1
2 22 2
83 115 78
1 70 1
2 60 2
26 69 26
11 76 6
15 122 10
16 65 10
32 73 26
91 96 86
25 29 18
27 114 22
69 97 62
8 127 2
64 110 58
31 62 26
26 81 26
2 68 2
79 119 74
70 91 70
35 56 30
29 37 22
44 121 38
32 36 26
41 100 34
71 114 66
36 66 30
18 95 18
10 46 10
6 57 6
77 109 70
65 106 58
6 79 6
34 55 34
16 48 10
4 31 1
34 92 34
18 74 18
23 95 18
33 128 26
6 41 6
1 22 1
5 54 1
63 120 58
47 118 42
41 89 34
84 111 78
61 96 54
57 69 50
30 98 30
51 60 46
5 103 1
45 128 38
16 37 10
83 113 78
9 102 2
57 96 50
60 66 54
86 93 86
95 119 90
2 80 2
30 39 30
87 92 82
50 104 50
49 110 42
67 118 62
71 90 66
11 105 6
71 97 66
10 114 10
77 118 70
31 123 26
68 70 62
3 41 1
90 98 90
4 46 1
44 98 38
35 61 30
102 116 102
3 65 1
13 62 6
71 77 66
44 87 38
60 68 54
31 96 26
87 124 82
34 124 34
55 88 50
121 123 114
16 91 10
76 81 70
24 127 18
18 109 18
7 97 2
14 118 14
66 123 66
22 119 22
22 92 22
69 84 62
22 77 22
39 80 34
39 56 34
73 110 66
9 71 2
11 104 6
18 28 18
39 121 34
34 103 34
20 82 14
65 128 58
103 107 98
107 121 102
42 66 42
29 104 22
121 127 114
34 41 34
5 92 1
108 120 102
27 76 22
38 115 38
9 75 2
55 90 50
93 122 86
7 96 2
10 47 10
45 81 38
9 57 2
92 105 86
30 56 30
44 78 38
47 120 42
2 47 2
108 115 102
32 101 26
24 121 18
26 99 26
32 66 26
66 84 66
38 64 38
8 64 2
8 45 2
23 100 18
116 123 110
58 118 58
25 73 18
49 74 42
84 89 78
28 95 22
65 81 58
1 39 1
26 74 26
7 81 2
87 101 82
59 94 54
3 10 1
19 93 14
22 90 22
3 95 1
23 99 18
87 103 82
92 111 86
40 118 34
35 54 30
2 41 2
46 115 46
109 114 102
92 125 86
47 78 42
37 118 30
2 59 2
49 62 42
118 128 118
15 88 10
41 60 34
13 96 6
4 52 1
19 85 14
29 60 22
72 87 66
22 34 22
79 96 74
75 119 70
93 115 86
70 110 70
25 60 18
34 65 34
18 42 18
39 82 34
59 81 54
96 103 90
65 83 58
28 54 22
20 74 14
2 43 2
16 73 10
11 45 6
35 69 30
97 105 90
56 73 50
28 124 22
25 48 18
62 95 62
79 113 74
45 122 38
1 115 1
24 74 18
26 104 26
34 62 34
107 119 102
99 120 94
62 79 62
22 39 22
22 73 22
65 98 58
20 75 14
27 120 22
16 52 10
50 58 50
66 124 66
86 109 86
2 55 2
65 109 58
33 56 26
9 12 2
20 76 14
34 46 34
33 124 26
20 118 14
11 43 6
86 98 86
39 52 34
59 64 54
76 87 70
17 72 10
38 117 38
47 103 42
11 56 6
31 47 26
25 107 18
100 121 94
107 116 102
91 111 86
95 100 90
22 28 22
80 91 74
85 94 78
67 87 62
103 122 98
1 53 1
80 121 74
16 67 10
60 117 54
33 127 26
80 127 74
43 121 38
60 110 54
18 25 18
104 124 98
4 110 1
86 110 86
67 77 62
63 100 58
12 110 6
79 98 74
104 125 98
1 56 1
18 50 18
18 40 18
23 105 18
19 72 14
25 93 18
88 128 82
84 120 78
71 125 66
8 33 2
5 11 1
61 101 54
17 77 10
31 67 26
68 84 62
39 97 34
67 86 62
75 94 70
19 103 14
99 119 94
18 60 18
56 103 50
45 78 38
83 92 78
3 102 1
21 55 14
40 113 34
15 23 10
43 86 38
30 51 30
94 114 94
14 104 14
2 104 2
74 115 74
2 12 2
54 103 54
76 127 70
45 53 38
36 80 30
43 74 38
9 91 2
6 43 6
12 29 6
29 84 22
10 19 10
1 127 1
13 112 6
68 127 62
11 18 6
6 31 6
7 39 2
5 125 1
49 70 42
73 95 66
44 55 38
10 29 10
3 64 1
53 62 46
18 105 18
3 34 1
89 127 82
34 100 34
86 125 86
41 111 34
46 54 46
71 121 66
45 52 38
4 56 1
53 117 46
7 67 2
75 111 70
25 119 18
86 105 86
109 125 102
28 66 22
27 33 22
97 103 90
15 97 10
37 120 30
101 114 94
16 96 10
28 41 22
8 113 2
4 14 1
92 102 86
31 76 26
99 117 94
2 81 2
26 54 26
94 105 94
68 80 62
60 90 54
74 79 74
82 108 82
24 81 18
118 123 118
13 60 6
6 118 6
91 99 86
36 111 30
101 112 94
63 119 58
98 103 98
79 84 74
47 80 42
58 105 58
59 119 54
19 42 14
32 41 26
63 96 58
27 119 22
99 125 94
12 58 6
29 75 22
19 70 14
17 69 10
64 88 58
37 123 30
34 72 34
53 84 46
97 101 90
95 104 90
49 95 42
38 82 38
38 109 38
1 23 1
99 118 94
58 91 58
62 98 62
120 125 114
67 107 62
27 64 22
23 63 18
83 127 78
39 107 34
51 69 46
79 82 74
90 113 90
5 67 1
67 121 62
7 36 2
79 107 74
47 83 42
11 128 6
74 125 74
15 67 10
11 74 6
79 86 74
74 124 74
15 22 10
113 124 106
61 114 54
40 87 34
5 105 1
78 113 78
1 64 1
32 56 26
54 113 54
54 81 54
16 18 10
87 93 82
17 70 10
39 115 34
81 114 74
59 71 54
8 20 2
48 100 42
8 106 2
22 72 22
11 115 6
81 107 74
91 100 86
13 104 6
13 38 6
46 128 46
30 106 30
8 103 2
66 97 66
52 64 46
8 43 2
26 32 26
4 26 1
62 72 62
95 117 90
29 30 22
59 82 54
78 99 78
53 105 46
108 114 102
10 125 10
42 91 42
16 80 10
21 54 14
69 72 62
70 95 70
66 72 66
6 110 6
32 48 26
71 88 66
40 64 34
80 116 74
85 124 78
74 87 74
17 93 10
69 83 62
70 123 70
3 93 1
59 108 54
17 124 10
87 122 82
45 123 38
37 48 30
18 117 18
20 81 14
68 71 62
84 112 78
34 77 34
14 85 14
37 39 30
14 34 14
105 121 98
78 119 78
11 36 6
47 99 42
39 91 34
29 55 22
11 50 6
21 40 14
36 112 30
36 42 30
9 21 2
79 94 74
7 30 2
46 110 46
77 88 70
26 57 26
2 72 2
12 26 6
77 93 70
2 120 2
15 71 10
63 118 58
51 72 46
55 121 50
82 101 82
47 69 42
4 96 1
9 87 2
38 94 38
14 67 14
101 106 94
22 29 22
10 36 10
42 57 42
17 118 10
104 120 98
14 113 14
4 18 1
41 109 34
57 65 50
16 93 10
45 93 38
17 78 10
71 107 66
77 83 70
5 25 1
6 93 6
59 96 54
40 52 34
91 102 86
49 76 42
6 58 6
42 76 42
48 114 42
14 91 14
72 128 66
7 31 2
71 122 66
105 114 98
50 71 50
72 119 66
1 120 1
53 110 46
101 120 94
21 108 14
31 102 26
3 124 1
60 122 54
55 110 50
3 79 1
59 80 54
33 116 26
77 124 70
28 90 22
1 103 1
33 92 26
80 93 74
34 53 34
13 15 6
1 85 1
22 101 22
101 121 94
22 85 22
19 77 14
30 96 30
76 128 70
7 21 2
100 106 94
72 77 66
51 71 46
98 106 98
85 120 78
4 93 1
90 95 90
83 106 78
57 80 50
107 117 102
60 62 54
40 123 34
35 125 30
77 86 70
1 94 1
13 20 6
50 109 50
76 80 70
14 88 14
68 95 62
12 70 6
14 47 14
75 113 70
35 95 30
110 121 110
6 127 6
29 44 22
40 75 34
34 56 34
15 84 10
51 123 46
113 123 106
46 73 46
80 82 74
35 73 30
96 113 90
46 66 46
46 93 46
1 48 1
96 114 90
22 66 22
75 112 70
108 111 102
43 52 38
28 107 22
52 58 46
68 79 62
31 64 26
70 97 70
38 96 38
55 118 50
43 77 38
4 105 1
54 64 54
99 110 94
12 31 6
2 105 2
72 124 66
67 79 62
66 100 66
11 97 6
20 41 14
59 118 54
2 45 2
14 114 14
61 87 54
36 118 30
8 123 2
9 111 2
20 62 14
70 115 70
21 99 14
85 108 78
56 86 50
18 78 18
82 119 82
50 72 50
6 20 6
62 71 62
71 93 66
98 124 98
14 100 14
71 96 66
15 87 10
13 71 6
43 66 38
7 50 2
50 62 50
32 105 26
44 47 38
99 105 94
116 120 110
11 25 6
79 114 74
48 119 42
49 58 42
42 97 42
2 115 2
26 73 26
22 79 22
40 54 34
45 121 38
55 64 50
48 87 42
42 81 42
21 22 14
60 93 54
48 93 42
41 95 34
44 95 38
54 100 54
50 63 50
11 42 6
27 75 22
10 111 10
23 123 18
42 94 42
65 80 58
5 26 1
81 128 74
31 98 26
8 125 2
1 20 1
60 92 54
69 101 62
52 123 46
1 117 1
57 66 50
67 72 62
1 124 1
28 119 22
33 117 26
37 51 30
60 97 54
107 124 102
55 65 50
33 109 26
32 51 26
39 65 34
11 41 6
59 76 54
55 114 50
52 97 46
14 112 14
48 83 42
59 102 54
4 51 1
44 81 38
42 83 42
84 128 78
91 118 86
34 115 34
99 103 94
32 88 26
69 75 62
1 76 1
69 116 62
10 113 10
1 35 1
33 67 26
33 87 26
114 128 114
114 118 114
90 108 90
12 60 6
58 107 58
38 71 38
70 81 70
54 118 54
54 86 54
42 93 42
41 43 34
112 117 106
69 127 62
13 68 6
29 49 22
25 45 18
48 86 42
92 97 86
24 119 18
2 54 2
103 116 98
18 48 18
37 73 30
36 109 30
94 109 94
14 32 14
79 117 74
30 50 30
120 128 114
92 108 86
1 105 1
86 92 86
16 84 10
70 119 70
93 100 86
44 72 38
94 111 94
116 118 110
81 109 74
38 124 38
17 43 10
11 92 6
10 54 10
70 104 70
27 53 22
70 109 70
7 87 2
41 116 34
15 45 10
28 44 22
3 24 1
79 87 74
23 90 18
4 72 1
91 105 86
76 85 70
79 103 74
32 59 26
8 48 2
111 118 106
19 57 14
4 100 1
33 111 26
5 45 1
24 91 18
4 64 1
79 108 74
48 78 42
42 67 42
6 83 6
77 99 70
90 118 90
7 91 2
50 76 50
46 125 46
77 120 70
4 120 1
90 94 90
20 29 14
25 81 18
35 41 30
95 109 90
26 108 26
18 37 18
35 77 30
92 124 86
10 92 10
28 57 22
22 102 22
86 94 86
24 79 18
6 115 6
25 41 18
98 108 98
17 97 10
86 122 86
62 123 62
40 114 34
24 37 18
12 90 6
7 86 2
67 123 62
23 46 18
66 76 66
122 127 122
73 101 66
23 122 18
104 108 98
64 98 58
16 32 10
16 105 10
67 113 62
69 121 62
71 74 66
43 48 38
101 107 94
80 84 74
73 85 66
29 41 22
88 116 82
14 54 14
65 103 58
62 125 62
30 59 30
74 114 74
14 65 14
19 31 14
54 114 54
15 35 10
44 119 38
9 112 2
42 92 42
36 117 30
48 81 42
56 78 50
49 121 42
44 65 38
38 54 38
1 54 1
18 98 18
8 32 2
47 55 42
45 50 38
50 93 50
78 112 78
60 107 54
61 95 54
10 84 10
46 57 46
36 114 30
101 117 94
1 44 1
57 98 50
12 67 6
75 123 70
52 127 46
43 70 38
26 88 26
98 127 98
61 66 54
5 41 1
32 46 26
58 83 58
100 127 94
7 82 2
37 121 30
45 71 38
13 116 6
83 93 78
117 125 110
19 49 14
86 95 86
58 69 58
10 48 10
31 40 26
87 94 82
1 84 1
87 107 82
24 100 18
21 59 14
23 30 18
101 110 94
92 95 86
28 36 22
105 120 98
1 78 1
57 90 50
89 99 82
105 113 98
16 26 10
23 59 18
49 57 42
77 98 70
4 85 1
12 25 6
3 58 1
76 107 70
16 19 10
87 100 82
11 53 6
4 30 1
19 112 14
70 114 70
12 38 6
102 119 102
29 53 22
34 61 34
11 93 6
12 62 6
44 58 38
24 93 18
83 101 78
52 106 46
59 92 54
79 90 74
49 53 42
12 15 6
70 78 70
38 83 38
3 40 1
30 86 30
86 102 86
45 64 38
54 111 54
14 38 14
70 80 70
27 77 22
98 112 98
64 104 58
60 100 54
25 92 18
18 85 18
90 122 90
26 78 26
3 67 1
30 53 30
25 75 18
96 121 90
33 34 26
90 126 90
57 128 50
43 80 38
53 112 46
17 52 10
1 109 1
70 120 70
34 95 34
11 40 6
56 88 50
29 63 22
3 113 1
32 72 26
6 66 6
69 113 62
21 67 14
1 106 1
3 77 1
66 71 66
24 33 18
6 40 6
74 103 74
19 92 14
34 80 34
58 80 58
84 115 78
35 98 30
91 103 86
22 67 22
90 114 90
76 118 70
35 85 30
35 88 30
115 128 110
49 111 42
14 121 14
103 120 98
9 74 2
69 122 62
3 74 1
42 54 42
37 101 30
39 116 34
90 128 90
84 119 78
49 91 42
39 47 34
16 47 10
27 123 22
32 39 26
9 118 2
97 110 90
52 104 46
78 94 78
35 128 30
39 125 34
90 111 90
85 110 78
25 65 18
79 95 74
62 78 62
4 128 1
64 67 58
39 93 34
12 82 6
16 64 10
88 110 82
47 102 42
55 66 50
95 115 90
62 116 62
65 91 58
110 114 110
94 107 94
8 84 2
15 110 10
10 89 10
64 95 58
83 128 78
57 67 50
62 101 62
23 60 18
98 128 98
26 71 26
23 85 18
21 122 14
74 111 74
6 33 6
24 30 18
68 109 62
32 118 26
14 64 14
79 115 74
73 97 66
83 86 78
5 109 1
51 75 46
50 57 50
24 76 18
94 118 94
22 121 22
17 108 10
29 120 22
50 82 50
34 83 34
48 56 42
53 55 46
33 77 26
92 127 86
76 101 70
61 89 54
21 66 14
14 83 14
33 54 26
41 93 34
37 82 30
37 40 30
23 61 18
22 97 22
40 44 34
30 63 30
5 39 1
10 112 10
37 128 30
79 111 74
24 69 18
8 31 2
109 128 102
10 52 10
81 102 74
1 50 1
27 47 22
60 67 54
17 49 10
52 78 46
29 107 22
102 115 102
12 72 6
15 28 10
21 52 14
11 108 6
10 49 10
40 111 34
94 128 94
14 46 14
40 103 34
10 110 10
4 59 1
26 113 26
7 11 2
4 20 1
37 78 30
5 21 1
30 112 30
14 95 14
2 46 2
70 112 70
12 86 6
16 102 10
20 120 14
35 47 30
65 97 58
14 55 14
60 78 54
8 50 2
18 92 18
69 108 62
10 117 10
17 63 10
39 106 34
4 49 1
17 91 10
48 104 42
93 114 86
34 48 34
11 44 6
13 67 6
29 93 22
30 79 30
18 73 18
58 96 58
88 127 82
30 92 30
14 89 14
41 86 34
70 83 70
1 107 1
26 51 26
14 75 14
46 90 46
34 120 34
93 107 86
26 38 26
42 64 42
24 104 18
41 79 34
26 126 26
60 91 54
89 118 82
80 102 74
44 107 38
66 116 66
32 91 26
102 121 102
46 78 46
71 100 66
68 90 62
47 65 42
54 58 54
17 74 10
25 97 18
28 98 22
72 116 66
3 60 1
81 112 74
48 115 42
48 120 42
39 54 34
75 88 70
17 65 10
81 82 74
33 97 26
52 59 46
36 108 30
76 112 70
102 113 102
15 38 10
69 124 62
71 111 66
30 55 30
63 94 58
104 109 98
34 106 34
97 120 90
2 25 2
106 115 106
57 107 50
43 51 38
107 112 102
38 95 38
112 118 106
32 112 26
