128 4647
56 62 56
36 88 24
31 83 19
6 80 6
97 118 33
61 94 30
56 113 49
111 120 47
86 128 22
111 126 47
45 104 40
24 57 24
18 64 18
11 88 11
79 103 15
11 72 8
57 94 30
62 120 56
44 117 44
59 104 40
60 95 31
48 88 24
115 116 51
11 40 11
100 103 36
28 54 28
77 91 13
12 109 12
97 113 33
31 77 13
15 119 15
7 26 7
75 120 11
14 19 14
35 52 35
36 90 26
73 123 9
46 97 33
8 26 8
12 99 12
94 95 30
9 121 9
37 90 26
37 81 17
71 89 7
5 105 5
82 97 18
97 121 33
38 119 38
52 65 1
14 16 14
29 93 29
13 86 13
40 75 11
61 113 49
40 72 8
3 11 3
49 86 22
58 125 58
55 80 16
21 43 21
33 99 33
48 67 3
24 75 11
4 87 4
97 125 33
23 30 23
18 127 18
60 98 34
69 75 5
47 65 1
102 113 38
94 107 30
51 126 51
58 120 56
26 78 14
44 81 17
42 95 31
33 88 24
27 66 2
61 109 45
72 102 8
40 88 24
87 97 23
79 105 15
10 117 10
64 77 13
57 75 11
42 115 42
47 84 20
4 15 4
31 37 31
101 128 37
47 63 47
56 122 56
30 98 30
65 73 1
12 26 12
54 127 54
95 125 31
31 86 22
73 95 9
7 70 6
99 114 35
62 85 21
108 119 44
51 58 51
36 49 36
11 75 11
29 108 29
76 80 12
75 82 11
48 117 48
29 52 29
3 99 3
1 17 1
68 116 4
8 120 8
76 79 12
12 18 12
23 82 18
56 95 31
12 104 12
60 94 30
64 118 54
23 63 23
42 81 17
30 40 30
4 94 4
63 82 18
41 71 7
6 110 6
78 102 14
92 115 28
8 55 8
8 28 8
107 117 43
62 92 28
54 60 54
89 126 25
38 62 38
44 52 44
11 39 11
72 119 8
14 88 14
56 71 7
67 99 3
16 95 16
38 75 11
44 125 44
9 67 3
10 93 10
92 120 28
27 82 18
100 119 36
57 117 53
102 125 38
84 95 20
77 125 13
37 97 33
23 88 23
4 95 4
25 127 25
113 128 49
24 50 24
59 105 41
31 63 31
6 82 6
27 36 27
57 66 2
10 103 10
47 61 47
85 118 21
52 95 31
80 91 16
45 107 43
58 116 52
72 84 8
66 120 2
108 123 44
20 125 20
82 103 18
72 111 8
93 97 29
72 96 8
17 81 17
18 57 18
23 89 23
101 107 37
11 74 10
23 68 4
70 77 6
44 68 4
45 92 28
30 83 19
41 105 41
76 86 12
12 123 12
11 89 11
112 126 48
43 76 12
88 94 24
31 79 15
18 46 18
80 123 16
58 109 45
37 67 3
46 94 30
46 101 37
48 54 48
118 123 54
55 66 2
95 106 31
56 87 23
62 78 14
34 47 34
52 112 48
127 128 63
35 69 5
19 46 19
55 101 37
34 69 5
9 74 9
89 120 25
15 44 15
25 111 25
34 87 23
100 104 36
54 107 43
66 122 2
31 54 31
77 114 13
43 86 22
72 120 8
47 50 47
34 68 4
46 104 40
28 84 20
105 106 41
10 79 10
76 98 12
82 101 18
8 21 8
73 121 9
14 35 14
63 90 26
21 89 21
79 101 15
38 89 25
40 79 15
59 67 3
52 99 35
103 105 39
105 118 41
26 93 26
41 46 41
56 120 56
79 94 15
104 118 40
83 85 19
125 128 61
16 69 5
6 83 6
25 107 25
5 12 5
10 69 5
100 117 36
15 64 15
24 31 24
62 100 36
72 101 8
40 69 5
9 77 9
56 66 2
2 46 2
95 97 31
6 41 6
68 115 4
7 96 7
23 55 23
35 75 11
113 123 49
70 71 6
62 75 11
16 108 16
25 50 25
5 60 5
44 79 15
27 77 13
14 64 14
20 123 20
69 98 5
45 50 45
26 59 26
50 78 14
54 116 52
13 43 13
16 47 16
112 127 48
12 29 12
43 84 20
41 94 30
38 66 2
23 60 23
29 32 29
11 100 11
111 122 47
41 81 17
37 112 37
31 84 20
17 25 17
51 80 16
17 63 17
63 102 38
112 119 48
105 124 41
35 45 35
18 56 18
51 98 34
10 75 10
6 23 6
67 111 3
30 106 30
5 17 5
51 87 23
25 100 25
86 100 22
71 74 7
101 121 37
28 108 28
63 105 41
37 102 37
87 94 23
27 52 27
105 112 41
19 101 19
66 114 2
46 126 46
100 127 36
64 72 8
10 54 10
34 76 12
118 119 54
56 73 9
5 44 5
70 109 6
47 108 44
63 116 52
72 107 8
14 57 14
16 22 16
65 104 1
45 128 45
105 122 41
11 69 5
66 125 2
85 92 21
64 121 57
18 85 18
73 109 9
16 101 16
22 94 22
7 75 7
41 114 41
37 121 37
22 108 22
28 117 28
109 120 45
28 119 28
7 74 7
20 55 20
45 93 29
65 87 1
63 117 53
76 102 12
71 93 7
72 100 8
55 96 32
91 107 27
54 103 39
55 116 52
86 111 22
27 78 14
39 80 16
51 121 51
124 125 60
9 90 9
55 94 30
59 80 16
44 110 44
70 92 6
35 93 29
87 107 23
3 109 3
6 63 6
16 105 16
11 104 11
60 127 60
49 83 19
77 85 13
104 124 40
41 62 41
14 119 14
21 127 21
52 77 13
22 104 22
18 32 18
73 107 9
51 123 51
43 89 25
79 113 15
53 91 27
38 104 38
98 100 34
14 108 14
102 109 38
39 95 31
38 92 28
116 128 52
16 64 16
25 124 25
44 65 1
54 98 34
74 89 10
63 121 57
37 56 37
49 79 15
11 42 11
47 49 47
1 66 1
42 127 42
86 109 22
20 23 20
45 66 2
54 113 49
39 70 6
93 102 29
41 128 41
28 33 28
24 43 24
43 57 43
68 113 4
50 91 27
78 116 14
5 125 5
26 124 26
92 113 28
106 121 42
73 87 9
15 30 15
35 80 16
35 95 31
39 78 14
83 119 19
93 122 29
38 86 22
17 44 17
53 95 31
13 104 13
101 104 37
27 122 27
41 72 8
2 11 2
21 99 21
24 104 24
62 99 35
99 111 35
16 26 16
45 57 45
78 96 14
73 113 9
68 100 4
50 58 50
26 30 26
64 113 49
29 71 7
5 49 5
9 66 2
73 82 9
59 69 5
10 14 10
73 119 9
74 78 10
41 98 34
24 102 24
16 86 16
50 80 16
2 83 2
91 124 27
67 102 3
36 72 8
41 116 41
10 44 10
2 115 2
8 48 8
34 61 34
4 29 4
9 78 9
57 103 39
5 63 5
24 26 24
49 78 14
14 80 14
1 51 1
36 119 36
88 126 24
37 74 10
52 107 43
93 124 29
18 78 14
16 66 2
9 12 9
31 106 31
109 114 45
20 104 20
33 77 13
48 68 4
5 65 1
15 21 15
16 52 16
36 93 29
56 126 56
48 108 44
73 118 9
17 87 17
24 105 24
10 35 10
67 119 3
49 95 31
75 86 11
88 108 24
63 103 39
40 49 40
21 70 6
17 118 17
26 99 26
29 86 22
72 113 8
12 115 12
78 79 14
57 101 37
76 124 12
63 69 5
91 98 27
60 72 8
24 58 24
95 118 31
9 55 9
45 85 21
118 128 54
2 4 2
24 116 24
23 126 23
21 118 21
2 6 2
115 122 51
23 64 23
22 60 22
54 114 50
43 69 5
60 92 28
60 108 44
1 110 1
19 126 19
49 62 49
19 26 19
15 53 15
41 113 41
16 19 16
13 122 13
96 122 32
48 97 33
54 71 7
33 68 4
1 28 1
9 125 9
12 48 12
65 121 1
5 22 5
18 125 18
10 33 10
3 18 3
102 117 38
3 79 3
79 104 15
72 124 8
14 79 14
49 70 6
51 67 3
16 111 16
60 122 58
22 68 4
73 110 9
46 115 46
10 128 10
22 89 22
23 112 23
87 104 23
9 102 9
10 56 10
16 44 16
69 106 5
14 65 1
6 37 6
11 25 11
101 114 37
84 112 20
19 29 19
7 97 7
27 39 27
33 38 33
50 107 43
112 114 48
60 74 10
33 86 22
33 64 33
25 109 25
61 105 41
7 76 7
32 80 16
8 18 8
5 36 5
28 77 13
112 118 48
1 40 1
109 127 45
43 125 43
54 102 38
62 97 33
37 123 37
26 51 26
26 76 12
64 91 27
92 104 28
23 74 10
109 118 45
27 73 9
104 125 40
65 93 1
75 95 11
16 115 16
64 98 34
24 96 24
51 90 26
90 128 26
51 114 50
39 67 3
1 54 1
58 61 58
97 128 33
61 65 1
53 58 53
20 42 20
20 95 20
12 42 12
77 108 13
53 92 28
41 64 41
57 102 38
43 101 37
26 94 26
89 127 25
43 98 34
33 71 7
52 93 29
63 109 45
41 47 41
11 118 11
56 90 26
89 102 25
27 87 23
28 112 28
3 7 3
32 91 27
51 74 10
118 124 54
23 53 23
9 72 8
34 51 34
39 97 33
17 128 17
107 116 43
11 36 11
48 116 48
1 72 1
67 126 3
23 90 23
116 127 52
70 87 6
119 121 55
7 67 3
30 34 30
106 113 42
47 85 21
60 101 37
113 118 49
15 101 15
90 96 26
92 101 28
23 84 20
42 44 42
23 48 23
115 126 51
117 122 53
117 123 53
15 72 8
89 104 25
120 127 56
31 128 31
33 40 33
23 25 23
3 78 3
36 70 6
109 110 45
82 100 18
78 107 14
81 84 17
18 29 18
58 60 58
12 83 12
72 79 8
58 77 13
24 77 13
25 121 25
66 110 2
72 95 8
79 82 15
41 119 41
58 89 25
101 117 37
52 111 47
26 67 3
77 88 13
28 30 28
5 29 5
75 104 11
6 77 6
63 67 3
39 77 13
31 96 31
29 40 29
3 77 3
82 94 18
24 30 24
13 22 13
2 5 2
60 114 50
70 108 6
72 82 8
63 96 32
106 116 42
61 95 31
26 49 26
53 104 40
54 109 45
27 97 27
12 64 12
15 71 7
13 121 13
6 46 6
66 94 2
47 119 47
76 109 12
21 77 13
102 119 38
26 61 26
10 115 10
14 115 14
8 115 8
97 99 33
28 82 18
95 103 31
40 42 40
25 102 25
78 84 14
69 114 5
54 72 8
47 73 9
43 88 24
93 114 29
101 127 37
105 125 41
50 55 50
4 6 4
38 88 24
8 44 8
86 114 22
96 121 32
56 107 43
46 108 44
12 14 12
78 85 14
44 62 44
59 113 49
62 125 61
8 13 8
26 70 6
45 52 45
104 106 40
104 108 40
5 24 5
82 92 18
23 32 23
36 127 36
116 124 52
22 42 22
23 59 23
9 10 9
74 88 10
100 112 36
3 74 3
40 61 40
49 125 49
92 119 28
59 98 34
32 90 26
31 50 31
69 121 5
17 88 17
21 42 21
27 44 27
82 88 18
10 110 10
93 112 29
91 93 27
59 108 44
86 97 22
22 28 22
38 41 38
104 127 40
39 116 39
27 71 7
122 126 58
45 103 39
96 125 32
79 90 15
2 26 2
12 54 12
34 94 30
24 61 24
17 19 17
60 79 15
28 72 8
72 128 8
43 75 11
112 120 48
67 100 3
92 94 28
42 102 38
63 75 11
1 77 1
25 118 25
31 91 27
79 108 15
73 74 9
8 95 8
102 126 38
19 42 19
23 56 23
21 96 21
5 14 5
56 114 50
22 101 22
40 110 40
7 29 7
67 73 3
44 102 38
71 84 7
71 75 7
76 88 12
24 69 5
38 127 38
34 43 34
18 20 18
13 110 13
23 94 23
62 101 37
81 108 17
10 24 10
6 7 6
84 113 20
45 88 24
67 80 3
29 55 29
40 74 10
90 99 26
20 106 20
29 75 11
39 79 15
29 106 29
6 9 6
1 26 1
102 114 38
86 126 22
37 88 24
50 100 36
78 125 14
86 94 22
53 107 43
61 85 21
35 113 35
8 53 8
73 127 9
31 124 31
12 94 12
57 72 8
58 88 24
41 61 41
63 112 48
48 79 15
59 97 33
15 84 15
1 86 1
17 72 8
1 114 1
34 49 34
110 122 46
88 117 24
60 71 7
46 76 12
1 38 1
56 106 42
57 87 23
70 104 6
11 128 11
9 26 9
10 71 7
62 93 29
35 97 33
56 111 47
11 12 11
82 99 18
36 67 3
43 82 18
5 16 5
13 80 13
96 103 32
6 117 6
70 79 6
86 102 22
34 99 34
1 16 1
111 121 47
55 64 55
99 128 35
77 121 13
4 70 4
68 101 4
38 46 38
121 124 57
87 105 23
30 88 24
25 65 1
14 41 14
98 118 34
102 115 38
62 127 62
9 58 9
15 91 15
49 105 41
39 87 23
30 48 30
99 101 35
17 49 17
86 119 22
91 118 27
59 62 59
4 42 4
43 49 43
94 118 30
29 90 26
94 105 30
55 76 12
59 89 25
60 120 56
108 116 44
76 118 12
89 119 25
44 90 26
31 120 31
26 35 26
7 126 7
28 83 19
20 74 10
46 99 35
93 121 29
17 112 17
52 96 32
37 39 37
2 72 2
68 128 4
56 58 56
6 64 6
18 105 18
52 88 24
10 77 10
83 96 19
17 33 17
71 128 7
84 124 20
73 108 9
15 36 15
37 94 30
68 122 4
5 110 5
5 82 5
46 116 46
56 78 14
27 99 27
49 108 44
30 96 30
94 101 30
6 76 6
64 95 31
5 69 5
44 78 14
102 104 38
68 74 4
14 122 14
48 109 45
26 117 26
40 125 40
8 110 8
40 94 30
42 100 36
54 110 46
95 124 31
66 80 2
26 82 18
50 57 50
22 123 22
3 64 3
75 102 11
50 111 47
44 94 30
4 51 4
115 125 51
115 118 51
77 109 13
3 21 3
52 72 8
72 86 8
20 21 20
93 117 29
48 87 23
59 82 18
65 89 1
87 98 23
4 71 4
57 114 50
50 89 25
20 31 20
1 31 1
71 118 7
91 115 27
68 106 4
27 86 22
61 111 47
17 64 17
42 94 30
89 101 25
71 123 7
23 128 23
7 109 7
1 19 1
58 110 46
104 113 40
41 118 41
44 95 31
6 126 6
2 15 2
50 114 50
58 112 48
27 96 27
31 72 8
4 102 4
47 94 30
117 127 53
78 127 14
8 19 8
63 106 42
109 126 45
63 78 14
45 121 45
107 109 43
90 110 26
16 67 3
116 117 52
31 101 31
34 115 34
6 69 5
99 102 35
26 58 26
12 103 12
68 80 4
68 125 4
108 118 44
66 128 2
65 122 1
92 128 28
46 81 17
4 31 4
89 96 25
20 25 20
58 99 35
8 58 8
71 116 7
6 123 6
8 100 8
28 123 28
13 100 13
22 32 22
46 92 28
31 110 31
10 26 10
2 128 2
91 122 27
4 11 4
47 105 41
33 94 30
39 55 39
51 116 51
121 122 57
14 83 14
58 111 47
38 91 27
29 117 29
10 30 10
25 80 16
76 84 12
62 89 25
79 92 15
45 127 45
71 91 7
29 101 29
79 127 15
12 90 12
66 71 2
51 96 32
83 117 19
1 65 1
78 98 14
7 65 1
65 68 1
99 119 35
43 105 41
4 67 3
6 120 6
29 127 29
12 118 12
58 64 58
114 118 50
80 85 16
8 15 8
13 40 13
19 69 5
39 66 2
58 101 37
8 46 8
35 99 35
65 103 1
70 125 6
5 89 5
81 98 17
10 28 10
3 9 3
68 110 4
87 108 23
26 111 26
102 127 38
99 113 35
84 97 20
3 80 3
55 90 26
88 89 24
2 69 2
60 97 33
101 122 37
25 77 13
5 72 5
6 24 6
11 47 11
15 48 15
8 83 8
25 112 25
28 95 28
59 77 13
69 91 5
106 119 42
5 78 5
3 100 3
68 121 4
21 74 10
20 92 20
122 128 58
4 41 4
30 64 30
1 3 1
95 104 31
14 22 14
2 125 2
22 71 7
28 45 28
15 104 15
42 67 3
17 75 11
83 91 19
14 81 14
54 101 37
3 24 3
35 40 35
48 102 38
91 117 27
75 77 11
48 100 36
112 124 48
54 67 3
120 122 56
108 120 44
23 116 23
23 78 14
23 54 23
16 71 7
27 43 27
56 119 55
97 111 33
87 120 23
38 121 38
15 83 15
1 14 1
91 112 27
40 118 40
17 34 17
82 112 18
4 44 4
6 8 6
35 51 35
7 117 7
22 92 22
2 31 2
35 101 35
3 90 3
14 24 14
89 128 25
10 32 10
38 44 38
20 60 20
29 79 15
28 90 26
28 31 28
50 74 10
41 101 37
25 78 14
47 101 37
17 21 17
1 9 1
39 106 39
40 78 14
3 8 3
9 14 9
48 96 32
5 120 5
90 120 26
8 90 8
11 106 11
9 123 9
17 35 17
14 45 14
49 128 49
55 97 33
43 93 29
53 77 13
24 108 24
15 59 15
24 126 24
78 105 14
35 71 7
8 109 8
30 80 16
15 35 15
21 67 3
12 81 12
51 82 18
21 126 21
2 68 2
70 110 6
110 114 46
126 128 62
12 25 12
80 98 16
55 123 55
43 124 43
26 103 26
92 106 28
74 122 10
22 80 16
18 126 18
53 101 37
58 121 57
48 66 2
89 91 25
5 92 5
67 110 3
55 83 19
62 87 23
119 124 55
62 66 2
13 24 13
57 64 57
55 89 25
64 109 45
75 128 11
71 99 7
3 57 3
23 58 23
80 118 16
17 73 9
28 87 23
99 120 35
45 110 45
15 93 15
1 24 1
8 75 8
67 108 3
52 79 15
1 117 1
1 76 1
1 2 1
76 116 12
87 115 23
21 30 21
83 108 19
70 91 6
99 107 35
35 90 26
47 54 47
50 59 50
86 98 22
30 75 11
7 15 7
11 81 11
23 83 19
81 116 17
30 81 17
3 13 3
1 22 1
47 126 47
110 115 46
7 111 7
21 56 21
76 100 12
90 106 26
8 64 8
4 20 4
99 125 35
61 98 34
46 73 9
65 99 1
40 108 40
67 106 3
8 42 8
108 128 44
41 49 41
39 45 39
118 125 54
51 52 51
11 70 6
19 33 19
52 76 12
89 121 25
38 73 9
89 110 25
63 110 46
37 89 25
9 93 9
35 55 35
18 65 1
18 79 15
116 125 52
35 46 35
66 113 2
52 54 52
5 58 5
19 85 19
104 123 40
69 72 5
13 96 13
102 111 38
56 103 39
11 44 11
41 50 41
77 128 13
69 81 5
101 118 37
115 124 51
104 119 40
52 102 38
56 109 45
35 68 4
17 18 17
42 76 12
61 88 24
95 107 31
46 48 46
50 68 4
70 78 6
74 112 10
12 70 6
35 103 35
98 105 34
46 103 39
38 72 8
56 97 33
44 109 44
13 118 13
4 111 4
59 71 7
57 78 14
102 106 38
19 61 19
9 17 9
5 8 5
72 108 8
51 89 25
57 71 7
31 45 31
45 56 45
53 116 52
40 64 40
72 89 8
98 125 34
60 102 38
13 55 13
59 91 27
7 119 7
9 24 9
49 113 49
85 89 21
91 110 27
48 110 46
91 95 27
43 107 43
7 27 7
102 121 38
57 63 57
6 95 6
42 72 8
56 92 28
109 116 45
16 72 8
108 125 44
89 103 25
19 72 8
43 67 3
110 118 46
55 128 55
61 124 60
6 67 3
86 120 22
77 86 13
43 95 31
16 123 16
55 110 46
25 45 25
68 83 4
65 127 1
17 68 4
11 15 11
54 82 18
60 78 14
29 67 3
47 110 46
20 33 20
72 75 8
2 19 2
48 86 22
121 125 57
65 126 1
15 85 15
69 93 5
2 82 2
84 128 20
51 94 30
66 77 2
6 108 6
69 113 5
34 80 16
38 101 37
81 124 17
79 111 15
26 123 26
60 86 22
85 126 21
41 66 2
70 89 6
96 112 32
17 83 17
66 76 2
30 86 22
47 83 19
13 73 9
61 74 10
51 83 19
87 109 23
10 45 10
89 109 25
98 110 34
70 83 6
44 112 44
41 77 13
59 126 59
56 117 53
38 79 15
55 79 15
60 116 52
50 104 40
70 116 6
68 76 4
3 39 3
76 126 12
99 116 35
91 99 27
35 94 30
24 60 24
42 103 39
107 110 43
58 83 19
34 52 34
49 51 49
31 76 12
33 78 14
80 120 16
33 87 23
87 106 23
41 96 32
64 126 62
63 79 15
42 52 42
28 76 12
70 124 6
67 70 3
1 128 1
71 95 7
17 126 17
36 44 36
72 85 8
88 120 24
19 89 19
7 25 7
19 70 6
88 115 24
14 121 14
40 111 40
88 112 24
70 88 6
84 100 20
46 105 41
92 108 28
81 97 17
59 109 45
3 14 3
10 106 10
101 124 37
34 101 34
21 75 11
121 127 57
75 93 11
59 112 48
124 126 60
80 82 16
68 127 4
80 84 16
5 23 5
55 61 55
60 126 60
93 119 29
111 115 47
83 128 19
46 55 46
34 92 28
65 123 1
43 115 43
59 92 28
90 115 26
58 95 31
79 89 15
46 102 38
64 111 47
9 89 9
5 26 5
19 66 2
43 45 43
78 88 14
6 78 6
55 118 54
98 107 34
45 125 45
22 75 11
64 82 18
17 86 17
26 52 26
8 79 8
9 69 5
7 91 7
39 58 39
32 100 32
55 73 9
31 42 31
20 46 20
3 47 3
30 79 15
1 81 1
97 106 33
32 37 32
118 120 54
42 56 42
28 47 28
45 47 45
32 39 32
54 86 22
32 85 21
20 90 20
3 70 3
52 114 50
23 57 23
84 89 20
53 74 10
78 97 14
49 114 49
49 112 48
34 114 34
84 106 20
70 72 6
110 116 46
5 37 5
88 114 24
8 91 8
66 89 2
20 108 20
89 118 25
33 95 31
18 26 18
72 90 8
86 113 22
52 105 41
7 64 7
7 66 2
99 108 35
71 94 7
38 95 31
50 81 17
104 105 40
28 88 24
15 40 15
35 122 35
49 90 26
25 113 25
73 93 9
94 99 30
121 128 57
40 119 40
7 11 7
64 114 50
67 124 3
20 76 12
72 109 8
56 127 56
10 95 10
9 75 9
36 114 36
2 73 2
99 117 35
47 79 15
51 115 51
60 75 11
87 114 23
113 125 49
10 121 10
89 117 25
4 69 4
16 38 16
69 112 5
29 60 29
38 94 30
45 80 16
97 108 33
83 92 19
86 101 22
48 90 26
99 106 35
26 87 23
3 16 3
49 124 49
44 70 6
74 84 10
91 102 27
58 103 39
21 86 21
51 59 51
62 80 16
11 116 11
11 49 11
28 60 28
13 14 13
57 98 34
23 85 21
84 90 20
1 95 1
13 95 13
107 123 43
80 112 16
27 114 27
15 89 15
29 102 29
29 91 27
93 127 29
23 124 23
1 126 1
6 88 6
80 125 16
50 99 35
46 98 34
9 38 9
2 124 2
107 126 43
79 95 15
95 98 31
107 113 43
71 87 7
104 117 40
88 98 24
40 93 29
40 70 6
24 91 24
31 80 16
76 122 12
72 104 8
3 22 3
11 14 11
68 87 4
18 86 18
2 67 2
60 91 27
30 115 30
14 34 14
15 60 15
52 78 14
77 102 13
16 59 16
8 63 8
61 108 44
7 23 7
66 119 2
15 126 15
34 82 18
92 103 28
59 66 2
82 124 18
69 94 5
11 62 11
39 103 39
29 123 29
1 44 1
104 111 40
5 81 5
22 50 22
32 93 29
4 96 4
61 104 40
52 70 6
33 84 20
60 112 48
88 107 24
115 120 51
119 127 55
65 94 1
40 86 22
3 32 3
13 16 13
84 120 20
17 94 17
22 117 22
100 121 36
59 102 38
67 117 3
74 77 10
18 43 18
29 34 29
82 116 18
56 110 46
67 90 3
56 81 17
31 47 31
71 104 7
47 127 47
32 96 32
7 18 7
24 36 24
71 98 7
51 112 48
75 124 11
71 100 7
18 59 18
32 46 32
28 110 28
103 119 39
33 34 33
3 67 3
26 97 26
91 126 27
38 77 13
5 33 5
13 88 13
55 88 24
104 115 40
2 79 2
42 65 1
16 82 16
88 116 24
110 117 46
65 116 1
88 125 24
69 105 5
73 83 9
3 113 3
49 94 30
26 121 26
48 70 6
117 118 53
75 88 11
60 84 20
39 83 19
19 83 19
84 114 20
34 40 34
62 96 32
11 24 11
34 67 3
14 117 14
13 81 13
35 117 35
104 114 40
67 122 3
69 79 5
106 128 42
62 104 40
21 128 21
17 43 17
26 72 8
5 71 5
13 58 13
6 87 6
8 43 8
29 88 24
4 72 4
53 103 39
20 29 20
74 114 10
9 11 9
38 83 19
2 14 2
87 111 23
41 100 36
47 109 45
44 106 42
17 93 17
4 123 4
13 32 13
125 127 61
21 69 5
58 104 40
60 113 49
1 75 1
10 40 10
66 121 2
50 103 39
15 86 15
39 96 32
32 51 32
72 117 8
30 33 30
12 86 12
4 73 4
73 106 9
8 74 8
59 120 56
17 80 16
62 94 30
25 26 25
103 127 39
55 70 6
22 100 22
44 93 29
32 115 32
69 74 5
82 84 18
40 104 40
53 110 46
22 122 22
26 90 26
74 83 10
79 128 15
12 67 3
34 112 34
9 22 9
40 90 26
55 117 53
55 114 50
67 84 3
6 125 6
44 63 44
106 127 42
10 80 10
24 83 19
17 32 17
2 103 2
86 95 22
60 85 21
90 111 26
70 82 6
18 47 18
88 104 24
55 58 55
1 116 1
85 97 21
101 102 37
64 89 25
23 113 23
68 86 4
100 126 36
81 127 17
34 73 9
72 112 8
74 90 10
56 112 48
60 115 51
126 127 62
72 81 8
64 119 55
41 79 15
15 88 15
18 21 18
71 108 7
93 109 29
10 83 10
98 114 34
67 116 3
8 54 8
31 109 31
57 93 29
87 88 23
50 86 22
61 76 12
34 85 21
47 93 29
32 106 32
106 109 42
20 68 4
40 91 27
22 111 22
79 85 15
33 125 33
3 38 3
52 83 19
53 102 38
105 117 41
57 109 45
68 79 4
72 93 8
34 97 33
62 71 7
25 48 25
85 93 21
12 77 12
62 115 51
43 70 6
25 117 25
57 91 27
44 77 13
90 98 26
38 71 7
43 68 4
99 105 35
3 56 3
43 104 40
27 106 27
91 113 27
10 78 10
4 30 4
47 106 42
87 91 23
54 59 54
92 114 28
69 128 5
61 82 18
67 81 3
96 126 32
28 40 28
32 77 13
15 77 13
108 110 44
54 111 47
22 127 22
9 23 9
3 71 3
78 114 14
35 110 35
36 110 36
39 54 39
5 119 5
35 36 35
87 89 23
69 83 5
70 106 6
24 115 24
8 29 8
98 104 34
15 32 15
27 63 27
18 39 18
2 95 2
56 80 16
53 96 32
4 104 4
104 116 40
97 104 33
85 124 21
64 122 58
41 99 35
20 71 7
63 123 59
37 80 16
70 90 6
26 89 25
82 107 18
15 79 15
69 118 5
23 86 22
16 49 16
12 105 12
77 122 13
31 100 31
51 91 27
64 124 60
8 10 8
40 43 40
84 101 20
45 69 5
22 66 2
14 77 13
47 95 31
22 93 22
108 111 44
54 87 23
69 120 5
50 117 50
3 82 3
27 49 27
123 125 59
103 124 39
34 46 34
4 38 4
10 90 10
14 46 14
58 114 50
4 21 4
1 74 1
53 113 49
8 76 8
103 117 39
22 23 22
48 84 20
94 106 30
46 80 16
68 119 4
12 36 12
85 128 21
101 108 37
44 60 44
74 81 10
92 107 28
84 102 20
109 124 45
108 127 44
55 84 20
85 103 21
54 117 53
2 41 2
12 95 12
90 118 26
6 27 6
8 17 8
107 114 43
21 52 21
4 78 4
33 73 9
32 71 7
81 83 17
63 99 35
40 80 16
48 124 48
94 110 30
16 78 14
94 126 30
30 31 30
22 125 22
30 49 30
21 23 21
31 73 9
77 124 13
9 73 9
44 46 44
86 90 22
3 6 3
36 92 28
111 125 47
55 104 40
15 26 15
44 83 19
102 105 38
70 96 6
22 110 22
61 96 32
27 35 27
78 93 14
8 9 8
32 53 32
67 107 3
50 116 50
35 87 23
33 83 19
93 101 29
23 91 23
42 105 41
100 115 36
21 83 19
62 106 42
101 110 37
41 97 33
5 11 5
67 93 3
26 31 26
57 69 5
83 87 19
16 94 16
1 8 1
69 80 5
76 115 12
8 88 8
12 91 12
5 68 4
2 8 2
100 116 36
15 108 15
32 105 32
98 128 34
9 113 9
70 76 6
81 86 17
3 27 3
25 82 18
3 20 3
55 67 3
82 119 18
18 99 18
112 116 48
29 92 28
86 112 22
71 107 7
27 89 25
108 115 44
88 97 24
60 121 57
5 67 3
76 103 12
74 97 10
44 54 44
6 94 6
7 110 7
51 55 51
23 109 23
32 41 32
113 119 49
46 91 27
8 12 8
102 116 38
30 77 13
39 62 39
18 35 18
88 121 24
32 35 32
22 24 22
14 109 14
13 52 13
55 103 39
31 57 31
8 11 8
79 106 15
14 126 14
67 103 3
7 93 7
2 63 2
61 97 33
16 74 10
71 119 7
55 126 55
37 69 5
23 70 6
34 35 34
20 86 20
13 25 13
30 60 30
32 56 32
105 110 41
2 94 2
11 23 11
14 17 14
122 124 58
44 89 25
88 90 24
57 92 28
4 5 4
114 127 50
80 109 16
81 89 17
15 43 15
42 98 34
78 101 14
11 97 11
19 22 19
33 89 25
38 111 38
120 126 56
55 105 41
80 81 16
82 121 18
15 87 15
39 74 10
1 53 1
94 128 30
19 86 19
3 72 3
30 84 20
81 118 17
30 70 6
103 116 39
66 90 2
11 52 11
107 121 43
55 115 51
50 105 41
59 96 32
21 37 21
78 95 14
66 70 2
103 128 39
90 113 26
55 75 11
83 86 19
62 65 1
56 60 56
29 69 5
28 57 28
80 95 16
66 83 2
64 85 21
53 106 42
16 42 16
21 72 8
42 43 42
4 116 4
3 121 3
1 5 1
46 113 46
73 81 9
111 114 47
11 51 11
23 115 23
52 106 42
80 90 16
81 87 17
52 101 37
76 93 12
35 107 35
75 125 11
24 27 24
65 106 1
30 94 30
46 78 14
20 118 20
29 96 29
11 66 2
90 103 26
81 106 17
2 86 2
67 68 3
85 111 21
26 112 26
68 73 4
9 40 9
32 40 32
6 75 6
67 123 3
47 81 17
115 119 51
67 89 3
73 117 9
99 100 35
78 90 14
64 117 53
46 65 1
75 113 11
81 93 17
52 115 51
46 52 46
101 116 37
37 51 37
7 48 7
21 80 16
30 110 30
15 125 15
35 54 35
84 116 20
57 108 44
71 112 7
67 92 3
108 113 44
48 95 31
66 91 2
58 93 29
103 104 39
45 82 18
3 58 3
4 13 4
17 42 17
8 73 8
8 118 8
2 74 2
97 123 33
34 42 34
113 121 49
92 123 28
8 60 8
56 123 56
49 89 25
12 51 12
76 114 12
95 99 31
54 104 40
50 62 50
74 124 10
89 115 25
49 117 49
63 89 25
37 41 37
92 125 28
21 46 21
110 113 46
54 58 54
49 66 2
42 123 42
24 62 24
57 100 36
124 127 60
56 83 19
42 97 33
81 105 17
45 49 45
118 127 54
78 82 14
30 93 29
88 100 24
13 37 13
41 95 31
38 124 38
6 114 6
50 60 50
114 120 50
110 120 46
66 118 2
27 80 16
59 64 59
41 93 29
29 122 29
92 112 28
44 105 41
123 124 59
17 100 17
21 105 21
48 112 48
8 67 3
72 115 8
26 91 26
63 120 56
59 93 29
66 97 2
40 114 40
20 48 20
1 101 1
19 81 17
3 126 3
13 103 13
109 119 45
42 55 42
68 126 4
37 92 28
46 121 46
64 103 39
82 95 18
94 114 30
48 50 48
24 55 24
1 42 1
37 113 37
3 88 3
92 127 28
53 86 22
27 74 10
10 39 10
69 96 5
65 108 1
106 122 42
80 88 16
64 101 37
20 114 20
39 89 25
84 93 20
9 79 9
58 118 54
68 108 4
18 83 18
14 100 14
71 82 7
16 85 16
10 51 10
62 111 47
109 123 45
26 42 26
51 107 43
12 46 12
6 21 6
54 81 17
12 68 4
117 126 53
94 121 30
23 118 23
25 79 15
112 123 48
22 30 22
39 92 28
99 112 35
2 75 2
63 113 49
48 106 42
40 95 31
4 80 4
6 85 6
14 87 14
85 110 21
50 98 34
1 52 1
7 24 7
34 93 29
96 119 32
19 82 18
11 80 11
27 37 27
28 89 25
10 109 10
107 120 43
11 99 11
51 88 24
103 115 39
12 73 9
18 74 10
52 113 49
28 81 17
41 115 41
17 122 17
21 31 21
32 89 25
31 71 7
53 65 1
25 37 25
56 105 41
98 119 34
43 121 43
28 101 28
15 68 4
58 74 10
81 82 17
56 108 44
63 104 40
101 126 37
4 23 4
1 50 1
24 68 4
14 26 14
86 115 22
106 118 42
69 88 5
30 76 12
6 89 6
47 96 32
55 81 17
19 111 19
37 99 35
115 121 51
53 67 3
53 85 21
1 71 1
83 109 19
85 120 21
20 44 20
72 92 8
58 86 22
14 28 14
67 78 3
33 76 12
86 104 22
94 97 30
66 117 2
60 65 1
2 122 2
111 117 47
78 103 14
98 109 34
42 107 42
24 85 21
93 105 29
66 93 2
113 126 49
19 112 19
109 113 45
29 50 29
119 123 55
79 81 15
71 86 7
90 122 26
55 62 55
86 108 22
22 73 9
87 122 23
72 83 8
45 91 27
40 46 40
80 114 16
39 111 39
14 120 14
77 100 13
54 99 35
98 111 34
10 99 10
60 123 59
103 111 39
8 102 8
26 48 26
9 92 9
62 123 59
3 76 3
59 78 14
95 109 31
114 116 50
63 91 27
97 112 33
22 79 15
52 94 30
9 84 9
73 103 9
10 25 10
24 92 24
96 111 32
46 88 24
7 115 7
107 119 43
60 103 39
32 49 32
42 85 21
65 98 1
2 70 2
9 97 9
29 81 17
63 87 23
96 128 32
46 84 20
32 95 31
35 77 13
47 89 25
18 100 18
59 72 8
80 92 16
73 124 9
19 31 19
34 41 34
87 110 23
13 99 13
10 49 10
6 17 6
102 103 38
45 78 14
8 59 8
76 119 12
54 115 51
18 19 18
60 81 17
30 103 30
9 111 9
47 99 35
45 68 4
15 27 15
26 63 26
75 122 11
62 124 60
28 93 28
94 124 30
5 74 5
2 104 2
36 57 36
77 92 13
35 89 25
64 100 36
77 107 13
95 119 31
72 74 8
82 127 18
28 114 28
55 78 14
20 51 20
73 97 9
83 101 19
71 76 7
23 81 17
53 84 20
43 106 42
38 53 38
14 86 14
27 104 27
10 87 10
93 106 29
55 69 5
2 55 2
30 65 1
6 105 6
16 117 16
119 126 55
125 126 61
21 79 15
45 124 45
24 42 24
41 117 41
8 97 8
3 84 3
86 121 22
14 51 14
30 100 30
14 71 7
90 92 26
5 55 5
11 115 11
59 68 4
1 67 1
45 94 30
98 108 34
46 49 46
50 84 20
24 72 8
8 72 8
66 103 2
25 64 25
16 34 16
54 88 24
28 67 3
10 15 10
17 31 17
51 100 36
32 50 32
84 104 20
80 104 16
108 109 44
77 117 13
63 122 58
21 29 21
20 24 20
79 96 15
42 108 42
90 91 26
107 111 43
26 74 10
95 111 31
86 125 22
94 104 30
49 88 24
41 55 41
77 95 13
45 83 19
73 122 9
59 121 57
42 78 14
67 91 3
23 76 12
88 128 24
34 56 34
29 41 29
14 104 14
64 93 29
69 71 5
111 118 47
54 66 2
90 125 26
29 65 1
85 86 21
24 81 17
45 65 1
21 35 21
107 125 43
19 122 19
28 49 28
24 123 24
38 42 38
62 105 41
51 113 49
40 98 34
47 92 28
52 109 45
119 128 55
91 97 27
14 113 14
2 40 2
5 90 5
64 87 23
80 128 16
52 108 44
83 121 19
56 118 54
67 128 3
49 101 37
67 95 3
103 113 39
10 82 10
19 24 19
114 126 50
79 116 15
25 103 25
103 108 39
93 110 29
92 126 28
39 128 39
64 123 59
109 115 45
25 94 25
6 72 6
45 67 3
17 79 15
14 29 14
55 112 48
61 115 51
19 36 19
104 121 40
96 101 32
14 97 14
38 84 20
14 78 14
2 13 2
22 74 10
51 93 29
11 113 11
56 104 40
62 117 53
51 103 39
76 90 12
7 33 7
63 107 43
60 105 41
117 119 53
9 21 9
12 21 12
65 117 1
4 25 4
45 61 45
4 46 4
12 53 12
31 94 30
33 56 33
77 82 13
69 101 5
46 109 45
58 105 41
46 107 43
45 108 44
112 121 48
7 88 7
84 126 20
109 128 45
117 124 53
59 70 6
20 59 20
5 13 5
48 80 16
36 97 33
59 83 19
3 23 3
74 87 10
50 79 15
62 95 31
97 127 33
57 90 26
46 89 25
49 92 28
22 112 22
62 114 50
24 89 24
71 111 7
100 105 36
3 116 3
109 125 45
113 122 49
36 42 36
4 7 4
68 111 4
104 109 40
61 84 20
84 117 20
74 96 10
36 79 15
60 66 2
116 120 52
41 43 41
73 85 9
22 38 22
29 89 25
37 128 37
24 73 9
7 31 7
22 35 22
41 69 5
92 116 28
16 80 16
25 30 25
77 90 13
73 100 9
18 75 11
2 78 2
33 114 33
49 77 13
7 20 7
52 103 39
74 105 10
106 111 42
39 76 12
10 68 4
53 108 44
18 55 18
26 47 26
46 51 46
14 27 14
83 116 19
4 35 4
42 109 42
7 83 7
16 25 16
4 36 4
54 125 54
33 57 33
69 126 5
55 57 55
105 115 41
75 110 11
19 99 19
55 98 34
71 114 7
79 119 15
14 94 14
32 70 6
20 47 20
32 88 24
29 128 29
49 87 23
30 62 30
63 119 55
50 93 29
28 39 28
73 80 9
68 96 4
33 60 33
72 105 8
35 82 18
91 128 27
41 111 41
50 77 13
19 80 16
42 91 27
109 122 45
2 102 2
35 118 35
39 40 39
9 81 9
57 116 52
101 109 37
49 103 39
32 58 32
47 103 39
86 92 22
45 98 34
67 109 3
13 98 13
42 50 42
45 96 32
93 96 29
27 81 17
52 104 40
92 95 28
5 10 5
48 76 12
32 64 32
21 111 21
46 95 31
70 123 6
103 125 39
15 128 15
73 75 9
61 116 52
24 94 24
16 31 16
60 109 45
59 95 31
6 34 6
6 100 6
62 119 55
63 95 31
106 124 42
3 35 3
100 120 36
69 70 5
110 119 46
21 119 21
28 75 11
40 85 21
32 65 1
52 73 9
104 112 40
57 119 55
64 106 42
61 81 17
29 46 29
85 113 21
26 73 9
19 128 19
11 114 11
42 62 42
29 51 29
88 99 24
110 123 46
23 87 23
113 115 49
6 79 6
16 54 16
19 97 19
71 72 7
76 77 12
35 83 19
43 66 2
64 128 64
10 114 10
6 92 6
65 69 1
83 123 19
94 127 30
65 85 1
35 76 12
47 97 33
38 105 38
36 73 9
12 120 12
22 76 12
25 73 9
23 67 3
5 6 5
7 121 7
72 76 8
43 128 43
2 51 2
30 89 25
51 105 41
62 82 18
67 127 3
65 83 1
33 108 33
32 54 32
37 98 34
36 56 36
36 99 35
85 106 21
25 42 25
68 124 4
106 123 42
58 62 58
17 41 17
25 115 25
82 90 18
51 86 22
57 79 15
25 67 3
110 112 46
48 65 1
118 121 54
66 81 2
51 110 46
85 105 21
71 92 7
2 76 2
75 108 11
50 65 1
72 99 8
63 100 36
93 125 29
72 98 8
49 69 5
54 112 48
87 93 23
44 99 35
15 74 10
4 74 4
22 103 22
1 88 1
21 54 21
104 107 40
52 90 26
5 123 5
1 11 1
29 57 29
49 118 49
85 115 21
36 78 14
79 99 15
71 90 7
10 37 10
6 12 6
86 89 22
19 87 19
7 16 7
29 99 29
18 98 18
114 115 50
36 103 36
60 111 47
4 88 4
20 78 14
120 128 56
48 69 5
86 106 22
51 109 45
53 126 53
23 52 23
95 117 31
4 68 4
6 74 6
62 112 48
4 52 4
33 124 33
29 116 29
74 98 10
97 103 33
12 31 12
74 110 10
13 53 13
82 114 18
61 92 28
4 45 4
12 52 12
87 128 23
29 107 29
11 55 11
81 114 17
7 12 7
11 73 9
94 113 30
43 119 43
90 93 26
9 70 6
109 117 45
38 85 21
49 93 29
100 125 36
38 65 1
54 97 33
19 92 19
96 100 32
37 87 23
57 115 51
103 107 39
60 82 18
19 118 19
105 126 41
64 116 52
17 59 17
99 123 35
4 89 4
33 103 33
42 86 22
35 106 35
3 54 3
54 105 41
5 102 5
110 128 46
44 108 44
116 118 52
16 110 16
64 125 61
26 92 26
68 92 4
105 123 41
34 44 34
3 75 3
64 73 9
29 85 21
73 128 9
57 127 57
96 98 32
76 113 12
54 100 36
31 93 29
77 118 13
48 85 21
6 101 6
36 52 36
19 62 19
7 108 7
56 99 35
74 99 10
6 11 6
41 92 28
94 116 30
94 120 30
3 17 3
33 115 33
35 104 35
16 98 16
39 102 38
15 118 15
13 62 13
88 103 24
43 96 32
110 111 46
10 29 10
11 92 11
117 120 53
4 47 4
93 94 29
61 121 57
71 81 7
17 102 17
4 121 4
25 104 25
90 108 26
17 26 17
17 123 17
23 24 23
57 81 17
120 125 56
12 57 12
3 4 3
27 112 27
23 45 23
39 65 1
52 97 33
71 127 7
42 66 2
1 23 1
61 125 61
15 78 14
21 85 21
17 29 17
29 110 29
53 109 45
20 49 20
68 107 4
46 123 46
35 84 20
2 9 2
62 113 49
54 118 54
97 107 33
64 127 63
22 77 13
41 73 9
12 97 12
96 107 32
27 41 27
3 68 3
50 70 6
91 106 27
92 97 28
98 120 34
18 103 18
57 128 57
19 59 19
4 37 4
40 100 36
4 10 4
43 85 21
92 121 28
99 126 35
111 113 47
15 75 11
17 77 13
32 103 32
64 110 46
62 107 43
12 28 12
57 112 48
1 89 1
52 55 52
97 126 33
39 64 39
24 113 24
9 54 9
22 114 22
112 128 48
105 119 41
19 84 19
9 105 9
82 106 18
41 76 12
27 128 27
7 19 7
9 91 9
44 107 43
37 40 37
63 125 61
2 89 2
51 54 51
42 119 42
16 124 16
20 116 20
92 122 28
60 99 35
44 74 10
11 68 4
63 118 54
17 110 17
25 81 17
88 101 24
93 118 29
93 98 29
26 45 26
48 89 25
58 98 34
53 111 47
76 117 12
115 117 51
31 98 31
33 36 33
28 124 28
47 80 16
45 89 25
60 73 9
51 128 51
13 56 13
7 86 7
17 99 17
78 126 14
7 54 7
20 84 20
38 115 38
64 120 56
76 92 12
61 103 39
83 84 19
120 123 56
61 67 3
8 16 8
5 50 5
20 64 20
25 49 25
88 102 24
43 91 27
81 95 17
51 111 47
1 99 1
28 104 28
66 82 2
93 123 29
78 121 14
60 100 36
74 125 10
91 127 27
85 119 21
42 82 18
51 125 51
13 47 13
51 69 5
52 122 52
58 81 17
15 122 15
24 41 24
7 81 7
9 65 1
112 113 48
55 86 22
36 85 21
43 48 43
17 95 17
1 69 1
59 103 39
74 94 10
55 99 35
96 104 32
8 27 8
74 128 10
43 102 38
4 48 4
34 100 34
42 110 42
23 46 23
68 95 4
113 124 49
94 100 30
74 101 10
45 71 7
66 78 2
35 98 34
79 97 15
32 99 32
87 92 23
15 22 15
8 122 8
25 96 25
7 9 7
41 104 40
36 66 2
38 52 38
77 105 13
32 98 32
16 83 16
16 73 9
3 36 3
111 119 47
1 111 1
3 66 2
59 84 20
82 128 18
69 108 5
45 100 36
42 59 42
35 72 8
63 94 30
27 85 21
14 63 14
27 124 27
66 95 2
28 109 28
94 122 30
83 114 19
70 127 6
108 117 44
21 51 21
85 109 21
11 79 11
76 112 12
26 96 26
107 112 43
2 44 2
83 98 19
64 66 2
1 109 1
16 106 16
7 82 7
101 105 37
2 119 2
63 111 47
79 87 15
41 112 41
68 93 4
106 120 42
64 69 5
53 66 2
14 55 14
37 110 37
53 70 6
19 109 19
80 94 16
32 73 9
105 128 41
41 123 41
21 81 17
70 97 6
32 74 10
123 126 59
3 15 3
21 36 21
62 68 4
94 112 30
42 124 42
20 80 16
73 99 9
72 125 8
80 111 16
6 71 6
10 16 10
5 76 5
37 72 8
47 68 4
31 97 31
8 112 8
38 81 17
9 76 9
78 86 14
65 82 1
28 59 28
56 65 1
93 107 29
58 80 16
20 45 20
42 111 42
26 88 24
1 124 1
47 58 47
16 18 16
57 122 57
3 26 3
20 40 20
9 68 4
22 126 22
108 114 44
27 88 24
6 104 6
71 109 7
21 50 21
33 101 33
40 66 2
76 128 12
28 120 28
99 115 35
93 103 29
19 88 19
79 98 15
90 107 26
55 122 55
54 126 54
98 103 34
85 112 21
65 113 1
6 127 6
12 101 12
66 108 2
44 87 23
75 98 11
49 82 18
7 107 7
49 111 47
17 78 14
47 128 47
2 58 2
39 48 39
28 91 27
86 103 22
103 110 39
11 38 11
12 22 12
57 86 22
6 13 6
81 120 17
20 120 20
65 79 1
16 21 16
36 98 34
7 99 7
44 98 34
96 105 32
60 88 24
26 64 26
66 116 2
56 79 15
10 88 10
8 123 8
58 107 43
37 68 4
9 32 9
77 127 13
3 86 3
12 16 12
1 79 1
5 47 5
112 117 48
22 83 19
24 111 24
21 22 21
32 78 14
63 114 50
81 126 17
34 60 34
17 56 17
84 87 20
14 93 14
35 74 10
57 111 47
80 102 16
87 100 23
13 48 13
13 79 13
47 55 47
99 103 35
58 84 20
113 117 49
81 122 17
43 83 19
59 128 59
7 17 7
14 20 14
29 112 29
40 102 38
65 80 1
21 28 21
15 110 15
61 110 46
76 107 12
68 104 4
48 91 27
111 116 47
13 102 13
87 125 23
98 123 34
89 124 25
68 114 4
66 92 2
13 67 3
89 107 25
23 105 23
1 25 1
55 107 43
50 90 26
10 89 10
21 98 21
24 90 24
108 124 44
53 60 53
18 68 4
93 99 29
63 115 51
77 126 13
50 102 38
1 18 1
50 87 23
96 99 32
12 74 10
27 79 15
23 101 23
9 108 9
49 55 49
21 68 4
39 42 39
97 109 33
45 117 45
39 109 39
21 24 21
91 119 27
20 102 20
8 38 8
27 46 27
25 128 25
90 126 26
2 71 2
34 72 8
17 67 3
42 87 23
61 119 55
2 80 2
29 105 29
44 101 37
32 97 32
25 125 25
75 117 11
61 90 26
61 70 6
62 103 39
26 104 26
50 95 31
37 83 19
23 123 23
50 85 21
54 95 31
99 118 35
64 94 30
30 85 21
5 42 5
78 112 14
55 100 36
54 94 30
55 85 21
56 101 37
3 33 3
21 78 14
25 89 25
8 41 8
33 69 5
3 105 3
22 33 22
61 122 58
97 98 33
52 89 25
57 118 54
43 99 35
23 51 23
37 95 31
53 94 30
49 122 49
21 116 21
76 82 12
40 60 40
26 65 1
5 96 5
45 70 6
38 54 38
1 4 1
49 76 12
32 52 32
56 94 30
62 67 3
1 47 1
39 52 39
46 119 46
4 18 4
105 116 41
6 15 6
56 85 21
44 48 44
1 39 1
40 71 7
33 72 8
26 83 19
55 77 13
15 80 15
18 22 18
1 41 1
34 53 34
35 120 35
61 64 61
90 109 26
119 122 55
50 101 37
17 115 17
90 100 26
59 107 43
32 59 32
53 128 53
44 57 44
96 106 32
103 118 39
57 85 21
11 21 11
48 120 48
9 61 9
39 101 37
8 113 8
64 81 17
81 96 17
7 14 7
2 111 2
81 101 17
25 105 25
107 115 43
61 107 43
13 51 13
15 18 15
3 93 3
70 122 6
31 62 31
80 121 16
99 104 35
36 80 16
4 106 4
49 80 16
32 101 32
78 83 14
102 108 38
7 71 7
76 81 12
19 120 19
85 94 21
78 87 14
3 69 3
122 125 58
4 107 4
114 125 50
53 119 53
58 96 32
6 81 6
47 82 18
116 123 52
88 127 24
16 62 16
12 66 2
6 93 6
40 50 40
17 57 17
68 85 4
92 118 28
37 119 37
6 10 6
60 119 55
2 27 2
91 125 27
22 70 6
68 89 4
61 68 4
57 77 13
30 69 5
24 80 16
14 21 14
9 42 9
35 128 35
55 95 31
59 119 55
98 121 34
50 125 50
37 86 22
12 63 12
106 112 42
13 82 13
27 40 27
59 116 52
75 111 11
70 101 6
45 105 41
4 22 4
47 51 47
46 77 13
20 43 20
85 99 21
43 92 28
37 71 7
89 93 25
63 98 34
35 44 35
90 112 26
88 91 24
18 69 5
62 86 22
122 127 58
11 19 11
58 100 36
10 13 10
61 106 42
44 84 20
22 107 22
33 93 29
89 92 25
10 70 6
13 21 13
95 116 31
64 71 7
91 108 27
21 84 20
79 91 15
42 120 42
49 56 49
102 128 38
104 128 40
105 107 41
69 119 5
28 35 28
41 124 41
2 87 2
12 50 12
8 96 8
63 68 4
17 54 17
27 34 27
21 57 21
62 90 26
80 99 16
51 104 40
57 89 25
56 115 51
4 118 4
2 3 2
6 66 2
75 96 11
23 122 23
54 128 54
93 128 29
7 120 7
85 91 21
49 106 42
53 100 36
86 96 22
10 119 10
12 88 12
23 47 23
43 80 16
29 58 29
46 57 46
73 125 9
80 105 16
10 47 10
53 75 11
29 82 18
63 126 62
59 125 59
65 128 1
3 51 3
72 103 8
23 80 16
23 72 8
33 92 28
10 86 10
15 24 15
43 50 43
34 79 15
51 73 9
35 88 24
1 57 1
4 12 4
6 32 6
61 89 25
102 107 38
2 7 2
96 116 32
59 122 58
8 70 6
96 114 32
18 115 18
55 121 55
35 67 3
4 14 4
37 91 27
94 102 30
78 80 14
32 124 32
12 85 12
57 120 56
39 88 24
116 126 52
39 119 39
19 53 19
49 109 45
28 66 2
74 113 10
102 112 38
18 97 18
41 68 4
9 50 9
32 43 32
22 128 22
33 128 33
45 87 23
15 107 15
2 77 2
55 108 44
81 88 17
14 85 14
19 40 19
79 83 15
28 36 28
40 67 3
8 89 8
93 108 29
92 99 28
8 77 8
6 91 6
22 44 22
31 90 26
20 22 20
54 91 27
34 95 31
101 125 37
95 110 31
111 124 47
40 109 40
59 117 53
41 103 39
53 73 9
60 77 13
94 119 30
98 113 34
85 122 21
13 36 13
61 99 35
3 118 3
64 65 1
74 121 10
33 35 33
61 128 61
1 105 1
70 121 6
46 85 21
17 97 17
113 114 49
64 79 15
8 93 8
38 106 38
58 113 49
15 67 3
18 124 18
49 81 17
97 114 33
2 10 2
29 76 12
21 62 21
6 29 6
24 93 24
68 94 4
59 87 23
1 70 1
31 60 31
29 74 10
1 103 1
35 119 35
38 93 29
24 29 24
13 128 13
27 100 27
38 70 6
36 86 22
71 126 7
120 121 56
68 81 4
14 73 9
98 106 34
9 64 9
13 90 13
13 34 13
92 110 28
50 127 50
101 113 37
86 99 22
7 73 7
80 113 16
12 19 12
89 97 25
82 110 18
11 111 11
15 29 15
38 96 32
78 106 14
27 125 27
18 123 18
108 122 44
78 128 14
114 121 50
82 118 18
5 75 5
41 90 26
92 109 28
58 79 15
52 82 18
68 117 4
106 107 42
13 26 13
63 93 29
117 125 53
77 97 13
4 75 4
71 113 7
64 107 43
10 43 10
17 46 17
4 79 4
73 111 9
64 75 11
70 115 6
107 108 43
45 48 45
63 124 60
97 102 33
67 83 3
72 114 8
19 30 19
21 106 21
22 72 8
8 125 8
59 106 42
5 95 5
64 115 51
32 63 32
6 35 6
78 92 14
5 83 5
95 105 31
59 114 50
84 85 20
36 68 4
79 121 15
34 120 34
3 83 3
9 62 9
14 92 14
95 123 31
96 115 32
7 77 7
9 86 9
86 105 22
79 112 15
77 123 13
59 73 9
43 118 43
93 115 29
6 70 6
52 71 7
4 16 4
85 121 21
11 86 11
51 108 44
68 69 4
1 7 1
59 61 59
68 120 4
1 13 1
7 69 5
2 36 2
42 83 19
87 112 23
107 128 43
48 78 14
98 122 34
89 122 25
9 128 9
7 72 7
100 113 36
48 71 7
111 128 47
31 75 11
2 54 2
118 126 54
52 121 52
112 125 48
7 13 7
82 102 18
11 90 11
48 99 35
40 87 23
52 116 52
78 100 14
25 70 6
42 90 26
19 103 19
56 86 22
58 72 8
52 58 52
4 64 4
14 111 14
28 96 28
50 108 44
18 36 18
89 108 25
24 112 24
69 97 5
34 78 14
64 102 38
46 111 46
67 114 3
77 93 13
73 76 9
83 125 19
1 6 1
18 92 18
69 89 5
26 54 26
81 128 17
70 117 6
61 123 59
5 98 5
81 125 17
80 124 16
54 76 12
49 91 27
38 128 38
7 45 7
77 80 13
9 43 9
50 110 46
8 57 8
34 113 34
22 26 22
62 63 62
26 119 26
14 56 14
10 21 10
82 85 18
22 109 22
84 121 20
67 82 3
99 122 35
20 28 20
102 118 38
59 85 21
44 115 44
64 90 26
7 63 7
17 119 17
14 70 6
85 123 21
12 38 12
88 109 24
66 72 2
3 110 3
49 64 49
21 82 18
32 68 4
71 103 7
73 86 9
1 68 1
4 92 4
11 64 11
54 70 6
18 76 12
27 54 27
4 33 4
31 67 3
93 120 29
25 85 21
116 121 52
7 85 7
88 124 24
65 78 1
84 94 20
90 123 26
29 44 29
5 7 5
4 119 4
64 105 41
12 60 12
44 55 44
71 125 7
96 118 32
37 47 37
61 112 48
11 46 11
82 109 18
49 107 43
66 98 2
52 84 20
24 86 22
29 111 29
111 127 47
41 83 19
13 60 13
34 70 6
35 62 35
94 125 30
26 34 26
37 76 12
39 112 39
17 65 1
18 113 18
85 108 21
106 117 42
58 115 51
14 25 14
39 99 35
56 88 24
98 117 34
48 94 30
50 121 50
58 117 53
14 72 8
20 117 20
58 108 44
65 91 1
69 84 5
4 105 4
59 86 22
97 124 33
105 108 41
59 118 54
76 125 12
61 66 2
49 67 3
50 66 2
37 52 37
57 105 41
63 97 33
19 73 9
94 109 30
40 96 32
45 79 15
76 106 12
32 126 32
90 104 26
17 74 10
5 38 5
73 115 9
15 81 15
41 88 24
9 115 9
39 85 21
102 123 38
1 107 1
70 84 6
43 100 36
27 29 27
1 35 1
10 41 10
2 118 2
17 66 2
34 86 22
79 118 15
69 86 5
11 29 11
37 78 14
92 98 28
31 82 18
60 67 3
59 101 37
20 26 20
106 126 42
62 121 57
103 126 39
31 66 2
39 107 39
4 19 4
7 8 7
114 122 50
20 65 1
60 63 60
80 115 16
13 59 13
76 97 12
48 92 28
29 84 20
50 88 24
7 39 7
77 83 13
35 92 28
4 90 4
87 113 23
1 10 1
35 114 35
109 111 45
42 101 37
36 94 30
52 67 3
84 110 20
28 116 28
19 98 19
45 102 38
24 88 24
69 109 5
83 99 19
50 122 50
52 87 23
13 39 13
32 92 28
90 117 26
53 105 41
43 103 39
4 86 4
37 49 37
81 92 17
10 97 10
77 111 13
88 110 24
81 100 17
124 128 60
3 30 3
49 85 21
18 73 9
87 117 23
1 85 1
83 100 19
12 84 12
19 117 19
42 68 4
96 113 32
97 105 33
90 114 26
61 118 54
19 23 19
61 117 53
84 99 20
65 115 1
23 117 23
57 110 46
14 23 14
69 125 5
35 73 9
31 104 31
27 126 27
62 88 24
87 90 23
74 120 10
55 109 45
13 92 13
67 115 3
29 80 16
4 28 4
53 63 53
24 65 1
16 30 16
51 92 28
27 90 26
63 108 44
8 92 8
26 55 26
33 85 21
18 116 18
46 74 10
42 96 32
3 96 3
30 42 30
52 119 52
74 106 10
122 123 58
44 97 33
24 121 24
106 115 42
27 47 27
45 86 22
53 115 51
34 88 24
45 54 45
60 90 26
12 59 12
45 76 12
34 39 34
2 17 2
66 69 2
3 34 3
62 118 54
62 77 13
7 38 7
107 118 43
46 86 22
57 73 9
19 51 19
117 128 53
44 69 5
46 75 11
5 30 5
44 67 3
114 124 50
10 112 10
53 78 14
9 13 9
74 80 10
84 107 20
98 127 34
2 12 2
79 122 15
34 75 11
7 100 7
15 23 15
48 111 47
83 93 19
69 73 5
71 124 7
65 120 1
68 97 4
35 56 35
14 116 14
52 53 52
45 99 35
46 68 4
11 83 11
80 116 16
106 125 42
118 122 54
30 36 30
77 98 13
59 94 30
47 74 10
34 77 13
29 103 29
77 99 13
41 67 3
101 120 37
23 111 23
4 98 4
1 15 1
52 75 11
81 90 17
15 92 15
45 118 45
61 120 56
90 95 26
75 76 11
89 116 25
40 45 40
32 67 3
66 79 2
60 117 53
2 66 2
33 82 18
13 93 13
47 90 26
65 84 1
114 123 50
5 66 2
70 128 6
91 100 27
60 96 32
110 127 46
13 18 13
26 101 26
106 110 42
100 101 36
56 100 36
32 44 32
38 45 38
119 120 55
16 56 16
6 68 4
23 34 23
11 105 11
37 103 37
17 23 17
115 123 51
45 101 37
30 90 26
56 77 13
11 50 11
89 106 25
29 59 29
23 119 23
30 113 30
56 116 52
33 43 33
78 124 14
12 69 5
43 72 8
75 97 11
86 123 22
4 82 4
51 78 14
81 102 17
1 12 1
11 107 11
55 87 23
89 98 25
32 82 18
72 73 8
31 92 28
58 119 55
7 41 7
5 40 5
37 73 9
27 84 20
33 79 15
3 55 3
69 85 5
35 124 35
8 24 8
50 124 50
62 122 58
80 100 16
58 91 27
21 47 21
77 119 13
38 80 16
4 65 1
48 103 39
52 128 52
38 98 34
20 57 20
5 128 5
29 83 19
53 114 50
9 18 9
52 80 16
46 72 8
115 128 51
22 43 22
3 62 3
34 91 27
61 69 5
57 96 32
14 15 14
8 127 8
113 116 49
41 125 41
60 70 6
41 84 20
57 113 49
6 122 6
103 109 39
72 78 8
2 43 2
64 84 20
7 102 7
102 124 38
45 81 17
105 114 41
109 112 45
42 45 42
66 96 2
114 119 50
81 112 17
22 95 22
4 113 4
55 56 55
119 125 55
56 98 34
62 116 52
8 22 8
43 112 43
117 121 53
24 74 10
21 102 21
3 112 3
114 128 50
37 54 37
77 103 13
73 114 9
68 99 4
75 116 11
39 94 30
66 88 2
111 123 47
5 77 5
103 121 39
89 123 25
72 87 8
19 79 15
55 74 10
87 103 23
7 95 7
26 86 22
88 122 24
59 115 51
21 91 21
21 123 21
46 47 46
85 87 21
121 123 57
114 117 50
55 102 38
82 87 18
7 89 7
90 101 26
93 111 29
19 48 19
52 56 52
7 128 7
8 45 8
100 128 36
60 110 46
21 26 21
55 111 47
31 53 31
10 105 10
15 66 2
81 109 17
82 105 18
84 96 20
82 104 18
18 111 18
99 110 35
84 91 20
7 53 7
44 64 44
101 106 37
13 68 4
73 105 9
79 100 15
60 118 54
59 111 47
2 88 2
3 128 3
54 77 13
25 88 24
8 23 8
57 95 31
48 98 34
1 90 1
1 82 1
11 13 11
46 71 7
74 76 10
8 78 8
95 128 31
17 70 6
8 119 8
70 94 6
50 61 50
54 90 26
78 108 14
13 20 13
63 128 63
51 84 20
83 124 19
100 118 36
60 107 43
101 119 37
57 104 40
39 72 8
11 18 11
80 117 16
37 82 18
44 72 8
69 76 5
56 96 32
45 90 26
24 28 24
103 114 39
40 77 13
61 79 15
43 97 33
46 54 46
84 88 20
28 69 5
21 97 21
42 79 15
82 120 18
55 113 49
66 123 2
6 116 6
33 96 32
46 117 46
51 53 51
31 88 24
28 38 28
17 91 17
82 123 18
50 94 30
62 70 6
70 85 6
90 124 26
89 90 25
6 39 6
97 116 33
61 75 11
121 126 57
10 76 10
30 92 28
123 127 59
123 128 59
3 25 3
15 31 15
77 81 13
11 71 7
15 76 12
120 124 56
79 115 15
62 109 45
43 94 30
3 85 3
14 38 14
73 104 9
5 25 5
60 106 42
61 114 50
75 78 11
46 62 46
10 64 10
30 67 3
82 93 18
56 84 20
