128 4102
29 32 1
29 88 1
29 99 1
60 107 29
107 127 29
107 116 29
50 121 107
78 121 107
104 121 107
28 71 121
28 42 121
28 128 121
30 86 28
30 124 28
30 51 28
47 81 30
61 81 30
81 120 30
2 52 81
2 11 81
2 77 81
55 76 2
22 76 2
76 110 2
69 114 76
25 69 76
59 69 76
46 66 69
66 98 69
66 83 69
53 115 66
53 112 66
15 53 66
64 90 53
64 79 53
64 109 53
24 106 64
89 106 64
72 106 64
48 126 106
122 126 106
125 126 106
57 74 126
6 74 126
73 74 126
75 85 74
75 113 74
75 87 74
7 58 75
41 58 75
33 58 75
26 103 58
94 103 58
67 103 58
18 118 103
4 118 103
9 118 103
19 49 118
49 80 118
49 96 118
8 35 49
8 45 49
8 70 49
17 20 8
20 111 8
20 37 8
12 105 20
23 105 20
21 105 20
82 101 105
82 108 105
13 82 105
14 34 82
14 91 82
14 100 82
65 93 14
43 65 14
65 117 14
56 84 65
56 63 65
56 119 65
10 68 56
10 97 56
10 36 56
3 31 10
16 31 10
31 54 10
40 44 31
27 44 31
44 92 31
38 123 44
102 123 44
5 123 44
39 62 123
62 95 123
32 62 1
62 88 1
62 99 1
60 62 29
62 127 29
62 116 29
50 62 107
62 78 107
62 104 107
62 71 121
42 62 121
62 128 121
62 86 28
62 124 28
51 62 28
47 62 30
61 62 30
62 120 30
52 62 81
11 62 81
62 77 81
55 62 2
22 62 2
62 110 2
62 114 76
25 62 76
59 62 76
46 62 69
62 98 69
62 83 69
62 115 66
62 112 66
15 62 66
62 90 53
62 79 53
62 109 53
24 62 64
62 89 64
62 72 64
48 62 106
62 122 106
62 125 106
57 62 126
6 62 126
62 73 126
62 85 74
62 113 74
62 87 74
7 62 75
41 62 75
33 62 75
26 62 58
62 94 58
62 67 58
18 62 103
4 62 103
9 62 103
19 62 118
62 80 118
62 96 118
35 62 49
45 62 49
62 70 49
17 62 8
62 111 8
37 62 8
12 62 20
23 62 20
21 62 20
62 101 105
62 108 105
13 62 105
34 62 82
62 91 82
62 100 82
62 93 14
43 62 14
62 117 14
62 84 65
62 63 65
62 119 65
62 68 56
62 97 56
36 62 56
3 62 10
16 62 10
54 62 10
40 62 31
27 62 31
62 92 31
38 62 44
62 102 44
5 62 44
1 62 1
62 107 107
28 62 28
62 81 81
62 76 76
62 66 66
62 64 64
62 126 126
62 75 75
62 103 103
49 62 49
20 62 20
62 82 82
62 65 65
10 62 10
44 62 44
25 124 28
68 91 82
82 91 82
25 30 30
29 71 29
24 60 29
125 127 29
6 39 126
57 73 126
2 79 2
82 126 126
37 111 8
39 95 123
43 117 14
12 29 29
29 104 29
71 107 107
2 89 2
90 116 29
100 112 66
68 73 126
38 121 121
1 6 1
88 99 1
71 128 121
12 21 20
60 127 29
58 116 29
81 86 28
16 88 1
94 113 74
79 90 53
15 112 66
1 87 1
19 96 118
7 41 75
92 93 14
76 111 76
1 76 1
116 127 29
19 27 118
86 124 28
28 30 28
10 65 65
77 107 107
74 104 107
36 68 56
72 89 64
26 34 58
5 73 126
82 104 107
33 48 106
58 101 58
14 22 2
8 91 8
84 123 65
16 91 82
20 38 20
18 102 103
4 88 1
1 32 1
50 105 107
45 115 66
4 13 103
2 21 2
74 122 106
4 8 103
3 70 49
54 77 81
38 102 44
56 113 74
3 61 30
45 66 66
19 91 118
79 109 53
47 77 30
51 124 28
32 88 1
2 98 2
74 93 74
90 117 53
18 34 103
96 116 29
64 72 64
16 112 66
3 68 56
26 121 121
32 54 1
17 37 8
84 99 1
12 23 20
67 94 58
1 55 1
45 70 49
44 81 81
26 125 106
68 124 28
13 80 118
92 110 2
42 128 121
20 112 66
2 25 2
25 51 28
85 87 74
36 110 2
69 113 69
63 102 65
113 117 74
24 89 64
23 112 66
22 55 2
33 77 81
5 69 69
114 124 28
18 69 69
23 43 20
2 64 2
1 15 1
1 42 1
41 121 121
19 112 66
107 126 107
35 76 76
64 86 28
32 105 1
49 56 49
33 119 75
74 77 81
1 88 1
14 38 14
72 107 107
19 66 66
48 125 106
13 108 105
61 107 107
70 125 106
70 113 74
33 113 74
108 115 66
63 93 14
107 121 107
70 105 49
56 121 121
31 111 8
2 59 2
30 61 30
67 73 126
34 100 82
55 69 2
8 38 8
24 118 64
12 83 69
14 71 121
61 120 30
59 71 121
47 122 30
26 94 58
53 103 53
28 103 28
30 33 30
8 82 8
21 52 81
28 61 28
92 101 105
70 100 49
25 59 76
35 105 49
33 41 75
49 76 76
52 102 81
3 92 10
91 102 82
77 86 28
35 45 49
51 107 107
57 66 66
13 101 105
30 47 30
57 70 126
2 104 107
11 33 81
51 110 28
29 61 29
101 107 107
5 67 58
72 96 64
26 53 53
58 86 28
16 68 56
56 80 118
13 106 106
56 67 58
56 66 66
64 94 64
9 82 103
27 40 31
55 110 2
7 56 75
63 118 118
76 125 76
5 122 106
113 121 121
104 107 107
46 98 69
42 71 121
11 77 81
48 104 107
16 54 10
5 95 44
76 117 76
5 17 8
16 23 20
2 57 2
25 85 76
54 56 56
19 121 121
63 84 65
33 64 64
117 118 118
58 74 74
2 58 2
32 110 1
6 73 126
28 41 28
40 111 8
50 59 107
36 47 30
8 42 121
75 108 75
25 114 76
30 103 30
42 107 107
36 97 56
123 126 126
54 108 105
28 51 28
59 122 76
17 111 8
14 36 14
14 69 69
107 123 107
29 127 29
77 104 107
1 33 1
23 103 103
12 54 20
21 23 20
41 64 64
22 107 107
122 125 106
28 107 107
24 72 64
8 27 8
46 88 1
11 75 81
3 91 82
58 99 1
73 80 126
64 111 64
1 50 1
60 116 29
109 124 28
77 110 81
53 95 53
3 84 65
12 66 66
91 94 58
13 79 53
91 100 82
25 103 76
10 24 64
22 30 30
29 89 29
81 106 81
9 126 126
26 74 74
14 25 76
81 98 81
52 108 81
58 71 121
10 35 49
85 126 126
53 89 53
34 48 106
1 58 1
13 102 105
55 121 121
15 115 66
11 104 107
75 84 75
120 124 28
1 60 1
15 109 66
1 2 1
30 41 30
56 101 105
90 109 53
1 121 1
43 93 14
16 128 121
53 76 76
67 69 69
32 68 1
101 116 29
106 113 106
3 20 20
112 115 66
11 66 81
51 86 28
58 96 58
7 95 75
1 127 1
72 124 28
15 81 81
114 121 121
13 68 105
3 53 53
68 123 56
6 53 53
21 54 20
115 116 29
83 104 107
89 126 64
87 113 74
1 98 1
68 111 8
30 108 30
16 92 10
12 32 1
3 16 10
8 75 75
97 123 56
32 58 1
19 28 28
69 112 69
81 84 81
4 9 103
92 102 31
64 96 64
29 110 29
83 98 69
37 64 64
36 107 107
29 53 29
4 18 103
36 76 76
13 74 74
73 85 126
116 121 29
66 112 66
53 67 53
54 117 14
70 108 49
10 47 30
52 98 81
10 23 20
57 92 126
22 102 2
33 121 121
87 116 29
45 105 49
75 76 76
101 117 105
46 125 69
23 34 20
68 97 56
96 98 69
2 29 29
107 120 107
18 26 58
43 45 49
59 114 76
66 75 66
76 90 76
67 125 106
27 108 105
89 92 64
5 39 44
29 86 29
31 84 65
79 97 53
19 87 74
84 88 1
9 36 103
94 122 106
12 97 20
3 54 10
81 110 81
1 107 1
12 64 64
95 112 66
65 100 82
12 101 20
16 19 118
3 40 10
38 57 126
22 27 2
6 19 126
81 122 81
19 80 118
14 46 69
28 81 28
1 28 1
93 117 14
38 64 64
34 91 82
66 127 29
35 70 49
47 107 107
28 122 28
53 85 53
54 122 106
106 122 106
101 108 105
18 44 103
27 123 31
54 93 14
85 105 74
9 18 103
5 84 65
70 115 66
29 30 29
90 122 53
47 61 30
10 116 29
14 43 14
69 98 69
56 72 64
45 85 74
54 123 10
17 67 58
84 108 105
54 104 107
101 123 105
1 128 1
82 99 1
12 18 103
69 111 69
26 28 28
12 122 106
89 125 64
54 68 56
18 30 30
89 107 107
13 29 29
38 65 65
19 125 106
54 83 69
59 80 76
44 118 118
75 91 75
29 121 29
54 94 58
70 91 49
50 113 107
78 96 107
28 55 28
41 71 121
68 107 107
66 107 107
48 86 28
10 84 65
5 12 20
42 82 121
16 39 10
34 36 82
21 41 75
20 49 49
14 44 14
1 99 1
5 37 8
13 114 76
52 107 107
7 98 69
60 120 29
41 54 75
25 67 76
14 117 14
54 126 126
64 78 107
12 19 118
45 113 74
75 95 75
12 75 75
80 96 118
30 69 30
70 85 74
23 115 66
3 18 103
49 51 28
67 121 121
36 50 107
24 55 2
36 60 29
57 127 29
15 32 1
36 51 28
30 114 30
103 121 121
60 126 29
10 58 58
13 70 49
51 67 28
26 69 69
30 77 30
4 115 66
31 43 14
50 68 107
43 74 74
31 113 74
11 90 81
44 119 65
34 58 58
20 69 69
121 125 121
55 58 2
60 87 29
47 120 30
66 100 66
52 92 81
75 118 75
42 116 29
50 78 107
37 53 53
14 17 8
16 72 64
50 104 107
96 121 121
13 56 105
84 119 65
13 118 118
6 63 126
24 66 66
33 80 75
20 57 126
29 42 29
31 97 56
21 95 20
44 69 69
91 103 103
29 107 29
4 85 74
25 107 107
15 121 121
51 71 121
64 92 64
51 92 28
29 72 29
25 28 28
36 82 82
53 73 53
28 46 28
36 99 1
2 37 2
119 120 30
33 110 2
15 105 66
4 92 103
39 74 74
9 30 30
35 112 66
6 25 76
33 91 75
33 96 75
74 83 69
11 53 81
74 91 74
11 51 28
61 64 30
9 66 66
3 27 10
39 108 105
53 123 53
5 102 44
38 41 75
48 122 106
26 61 30
52 77 81
66 84 66
43 118 118
118 126 126
17 70 49
76 126 76
43 58 58
12 26 58
27 28 28
74 97 74
31 58 58
11 127 29
31 38 31
15 87 66
49 87 74
3 41 75
31 39 31
1 16 1
11 43 81
71 116 29
94 126 126
10 18 103
29 60 29
20 63 20
111 118 118
10 93 14
63 65 65
83 88 1
26 128 121
78 104 107
44 91 82
52 81 81
5 100 82
15 28 28
64 100 64
2 30 30
69 107 107
26 82 58
109 112 66
19 64 64
41 102 75
2 65 2
39 100 82
33 50 107
32 99 1
5 106 106
11 56 81
10 14 14
34 68 82
11 52 81
26 55 2
53 84 53
3 117 14
57 86 28
65 102 65
5 10 10
51 108 28
110 125 2
76 109 76
101 104 107
40 53 53
30 73 30
41 83 69
54 128 121
96 106 106
80 128 121
8 113 74
53 66 66
36 114 76
16 64 64
73 112 66
3 88 1
54 64 64
93 109 53
66 123 66
14 111 8
40 90 53
2 110 2
34 96 118
66 118 66
39 85 74
101 106 106
59 106 76
32 128 1
65 68 65
5 38 44
126 128 121
73 126 126
69 85 69
107 117 107
24 69 69
10 76 76
13 48 106
39 51 28
68 122 106
25 56 76
1 110 1
46 83 69
69 97 69
12 81 81
2 81 81
1 125 1
71 98 121
60 61 29
26 67 58
63 119 65
44 121 121
53 81 81
4 102 103
4 103 103
64 122 64
4 48 106
27 92 31
60 109 29
9 54 103
40 125 106
23 44 20
78 83 107
1 77 1
16 30 30
30 64 30
8 68 8
72 103 64
18 121 121
67 84 58
54 95 10
57 118 126
37 51 28
18 125 106
25 76 76
35 98 69
98 121 121
1 20 1
45 119 49
17 47 30
110 121 121
34 35 49
11 91 81
116 120 29
28 119 28
12 36 20
23 37 8
63 112 66
10 38 10
40 92 31
1 59 1
54 90 53
25 81 81
13 66 66
28 45 28
81 125 81
17 58 58
116 124 29
29 116 29
17 68 8
20 66 66
14 15 66
14 37 8
45 60 29
66 96 66
8 65 8
78 87 107
16 98 69
9 51 28
9 55 2
1 91 1
40 117 14
4 29 29
28 75 28
22 38 2
70 122 106
45 52 81
24 74 64
34 106 106
80 111 118
55 114 2
14 64 64
42 105 121
13 21 20
12 118 118
32 108 1
76 91 76
18 94 58
13 76 76
78 91 107
56 60 29
18 42 121
44 46 69
91 118 118
69 119 69
23 124 28
12 106 106
64 82 64
38 84 65
105 126 126
38 95 44
6 20 126
82 112 66
49 117 49
95 117 14
13 98 69
42 98 121
45 94 58
5 101 105
74 101 74
17 43 8
69 109 69
27 73 126
4 122 106
2 73 2
27 36 56
26 107 107
59 89 76
8 117 8
61 66 30
14 120 30
48 65 106
12 111 8
36 93 14
24 53 53
115 121 121
45 84 49
65 71 121
58 82 58
6 107 107
38 68 56
33 60 29
11 35 81
10 85 74
30 72 30
6 35 126
23 95 20
79 82 53
32 49 1
20 24 64
93 97 14
17 46 69
10 32 1
1 29 1
22 56 2
97 127 29
16 40 10
23 106 106
44 54 10
92 121 121
71 79 121
102 104 107
30 52 30
44 61 30
3 13 105
47 102 30
80 108 118
21 113 74
28 100 28
103 114 76
85 113 74
20 39 20
1 115 1
11 28 28
70 93 49
48 84 106
64 114 76
6 89 64
68 100 82
16 63 65
5 51 28
51 125 28
34 111 8
25 125 76
72 121 121
78 113 107
98 102 69
100 117 82
93 101 105
44 86 28
10 66 66
6 106 106
34 94 58
8 36 8
5 61 30
72 73 64
81 116 29
82 120 30
26 126 126
1 104 1
40 121 121
46 107 107
14 50 107
91 119 82
29 87 29
8 58 58
73 82 126
1 89 1
81 107 107
6 57 126
56 102 56
6 87 126
12 41 75
3 47 30
1 68 1
33 75 75
68 94 58
56 62 56
44 96 118
1 71 1
38 118 118
19 57 126
7 27 75
72 84 64
57 117 126
4 28 28
43 84 14
87 88 1
12 98 69
105 120 30
14 77 81
12 71 121
44 114 76
34 89 64
42 109 121
10 53 53
61 71 121
63 98 69
3 48 106
8 12 8
31 99 1
42 66 121
58 87 74
10 27 10
63 109 53
19 77 81
86 107 107
9 57 126
23 100 20
37 43 8
53 57 53
53 97 53
59 85 76
103 106 106
2 94 2
58 118 58
13 75 75
41 81 81
57 100 126
23 75 75
5 14 14
89 104 107
31 36 56
4 99 1
3 34 82
80 104 107
49 104 107
28 73 28
54 65 65
43 110 2
6 72 64
45 46 69
53 102 53
5 42 121
53 69 69
7 49 75
42 69 121
21 38 20
10 61 30
29 65 29
81 111 81
28 82 28
9 120 30
22 110 2
4 68 103
45 63 49
7 33 75
120 123 30
45 79 53
82 102 82
40 58 58
30 91 30
1 18 1
3 5 10
106 121 121
55 77 81
33 55 2
78 84 107
30 110 30
5 63 65
50 51 107
4 69 69
45 65 49
34 39 82
37 104 107
58 90 53
34 43 82
19 22 2
23 40 20
12 85 74
29 79 29
12 31 20
40 64 64
56 98 69
66 89 66
9 108 103
96 122 106
89 96 64
81 128 121
94 114 76
18 107 107
100 104 107
5 57 126
33 85 74
81 112 81
108 118 118
4 34 103
39 43 14
1 52 1
11 106 81
15 58 66
31 49 49
3 100 82
38 117 14
24 43 64
26 33 75
36 69 69
2 74 2
43 68 14
66 111 66
13 77 81
1 22 1
54 67 58
37 48 106
15 18 66
2 55 2
29 128 29
28 52 28
82 93 82
19 106 106
16 26 58
53 72 53
16 123 10
4 56 103
67 90 53
80 121 121
39 117 14
42 75 121
20 27 20
56 75 75
16 43 14
91 123 82
23 93 20
66 125 66
36 120 30
100 106 106
8 18 103
55 126 2
40 71 121
69 82 69
40 96 118
42 121 121
10 51 28
24 126 64
3 15 66
19 34 118
17 87 74
6 98 69
32 70 1
6 112 66
39 94 58
5 78 107
85 94 74
30 57 30
27 102 31
12 120 30
68 92 56
15 73 66
39 103 103
2 116 29
12 102 20
18 112 66
30 83 30
76 79 76
23 28 28
34 118 118
76 115 76
44 63 65
1 120 1
53 90 53
46 53 69
6 122 106
30 94 30
14 33 75
4 40 103
8 77 81
56 82 82
30 121 121
18 29 29
88 101 1
4 112 66
1 95 1
54 58 58
30 58 30
28 94 28
13 84 105
28 68 28
94 108 58
91 105 105
47 60 29
7 67 75
16 73 126
48 102 106
58 67 58
111 126 126
7 105 75
66 68 66
61 70 30
55 99 1
62 69 69
79 116 29
56 128 121
53 108 53
15 84 66
6 26 126
56 103 103
66 72 66
27 121 121
76 103 76
9 43 103
109 126 53
68 95 56
33 69 69
53 88 1
23 107 107
32 80 1
109 115 66
115 122 66
10 41 75
22 29 29
58 79 53
81 109 81
36 84 65
75 97 75
57 121 121
47 95 30
22 41 2
42 88 1
19 70 118
2 38 2
23 64 64
7 16 75
15 79 66
45 123 49
67 116 29
47 116 29
97 105 105
27 84 65
104 114 107
64 89 64
82 97 82
92 123 31
24 64 64
1 31 1
19 74 74
63 94 58
46 48 69
75 107 107
2 39 2
13 43 105
103 116 29
65 120 30
50 107 107
27 83 69
64 108 64
35 113 74
11 21 81
13 35 49
22 99 1
43 127 29
15 60 29
36 63 65
15 107 107
30 45 30
80 91 118
44 89 64
67 126 126
80 113 74
1 41 1
30 92 30
74 102 74
53 128 121
54 113 74
105 112 66
15 102 66
86 87 28
105 116 29
60 113 29
8 32 1
101 110 2
62 123 123
66 69 69
55 81 81
29 109 29
74 85 74
41 118 75
122 123 106
81 89 81
58 89 64
28 109 28
58 76 76
58 98 69
1 43 1
37 56 8
18 89 64
7 48 106
35 71 121
8 114 76
51 121 121
47 75 30
48 64 64
2 4 2
36 72 64
40 74 74
9 71 121
51 88 1
39 122 106
67 82 58
13 85 74
1 64 1
76 95 76
20 28 28
3 116 29
29 74 29
9 127 29
92 118 118
28 29 29
53 64 53
49 126 126
49 65 49
15 16 66
46 118 69
14 82 82
97 117 14
3 43 14
41 76 76
1 61 1
75 111 75
39 113 74
21 78 107
30 68 30
27 104 107
61 104 107
28 117 28
43 71 121
47 49 30
10 104 107
53 63 53
25 70 76
41 70 75
4 63 103
11 99 1
99 113 1
23 84 20
101 128 121
28 76 28
35 49 49
8 109 53
23 49 49
39 54 10
29 50 29
30 107 107
21 34 20
99 116 1
11 97 81
65 126 126
3 87 74
78 108 107
8 90 53
38 73 126
24 67 64
40 80 118
74 127 29
29 76 29
72 122 64
59 72 76
47 126 30
59 87 76
75 120 30
29 98 29
11 107 107
70 110 2
25 65 76
29 46 29
46 96 69
13 63 105
10 25 76
67 111 58
28 47 28
53 117 53
48 118 106
11 34 81
76 112 76
49 113 74
23 67 58
52 80 81
49 53 53
66 74 66
81 121 121
17 69 69
14 52 81
16 25 76
93 111 8
60 99 1
19 52 81
7 15 66
12 24 64
44 80 118
19 30 30
4 24 64
7 79 53
9 58 58
76 107 107
8 26 58
1 78 1
40 108 105
103 105 103
123 127 29
5 15 66
121 128 121
30 39 30
94 109 53
18 66 66
13 17 8
17 44 8
64 107 107
14 21 20
82 116 29
53 87 53
18 93 103
4 90 53
4 30 30
10 90 53
46 74 69
20 44 20
111 121 121
15 34 66
20 75 75
48 97 106
60 125 29
27 116 29
20 107 107
32 34 1
93 119 14
64 117 64
125 128 121
59 68 76
2 100 2
58 83 69
17 119 8
1 74 1
2 72 2
57 71 121
19 128 121
116 123 29
53 79 53
30 90 30
23 32 1
108 119 105
77 100 81
67 106 106
51 90 28
15 25 76
63 85 74
55 64 2
85 95 74
53 99 1
17 38 8
16 103 103
74 113 74
97 119 65
53 74 53
15 128 121
31 112 66
80 101 118
95 120 30
71 125 121
36 87 74
11 48 81
75 82 75
4 81 81
3 99 1
16 41 75
95 97 56
54 120 30
2 20 2
17 29 29
91 109 53
5 97 56
64 65 64
10 99 1
63 80 118
24 117 64
56 96 118
4 23 103
1 90 1
38 66 66
77 108 81
6 118 126
35 121 121
29 49 29
38 78 107
14 122 106
7 31 75
39 68 56
68 119 65
70 103 103
68 112 66
26 81 81
21 99 1
8 30 30
69 108 69
43 51 28
27 55 2
108 121 121
56 117 14
34 74 74
30 115 30
101 121 121
22 81 81
30 46 30
110 116 29
8 85 74
41 43 75
91 125 106
40 91 82
28 72 28
58 117 58
1 11 1
70 96 118
63 101 105
35 86 28
37 38 8
59 70 76
77 122 81
26 72 64
17 88 1
40 63 65
27 97 56
14 16 14
17 121 121
14 123 14
58 112 66
95 102 44
71 84 121
97 120 30
20 74 74
43 125 106
97 124 28
36 92 56
16 119 65
29 47 29
51 65 28
31 109 53
38 63 65
8 87 74
4 66 66
44 79 53
27 38 31
32 111 1
51 53 28
41 108 75
12 37 8
117 120 30
13 38 105
45 73 126
1 30 1
30 35 30
121 124 121
59 103 76
35 67 58
28 125 28
56 108 105
29 52 29
52 126 81
77 123 81
57 103 126
66 120 30
27 39 31
5 79 53
55 61 30
37 49 49
59 65 76
17 36 8
76 99 1
92 122 106
118 121 121
21 37 8
37 90 53
33 49 75
93 112 66
85 90 53
1 9 1
74 119 74
7 75 75
40 123 31
32 67 1
81 118 81
19 43 118
68 88 1
64 98 69
13 59 76
93 102 14
26 102 58
45 81 81
80 107 107
23 119 20
28 112 28
69 115 69
76 123 76
2 61 30
78 97 107
48 107 107
61 111 30
92 98 69
14 66 66
38 53 53
8 31 8
37 127 29
1 123 1
86 98 28
42 63 121
18 39 103
96 101 118
4 83 69
19 117 118
29 105 29
72 114 76
55 116 29
33 86 28
3 89 64
89 117 64
14 108 105
54 79 53
112 117 66
60 104 29
7 40 75
13 122 106
22 118 2
35 84 49
50 114 107
73 99 1
86 110 28
89 114 76
41 107 107
15 103 66
1 101 1
4 33 75
26 124 28
13 123 105
37 117 8
93 103 103
11 79 81
13 95 105
81 83 81
45 100 49
10 105 105
72 115 66
5 60 29
28 115 28
22 26 2
58 68 58
52 78 107
42 93 121
76 121 121
50 111 107
63 123 65
71 121 121
114 116 29
108 126 126
8 105 8
24 30 30
30 102 30
22 63 2
10 75 75
5 40 31
55 103 2
61 82 30
67 97 58
14 96 118
6 93 126
10 40 10
65 118 118
60 86 29
8 51 28
5 71 121
41 106 106
87 122 106
1 67 1
51 78 107
9 65 103
16 66 66
60 105 29
73 76 76
66 117 66
21 36 20
85 125 106
48 120 30
88 92 1
13 97 105
42 76 121
49 84 49
66 67 66
27 61 30
1 111 1
29 51 29
32 119 1
75 81 81
99 109 1
5 113 74
2 106 2
49 69 69
54 57 126
9 122 106
17 106 106
1 38 1
74 76 76
3 127 29
2 80 2
34 64 64
52 67 81
29 92 29
35 102 49
28 121 121
102 117 14
1 8 1
11 57 81
16 101 105
8 28 28
41 114 76
24 125 64
24 34 64
21 115 66
92 94 58
51 117 28
121 122 121
52 76 81
58 66 66
53 55 2
29 66 29
46 65 69
53 70 53
53 56 53
18 59 76
30 96 30
114 117 76
2 48 2
64 76 76
56 59 76
75 103 75
17 108 8
73 106 106
89 95 64
63 64 64
18 106 106
80 93 118
15 44 66
70 94 58
32 96 1
9 91 103
61 128 121
65 122 106
43 90 53
80 106 106
49 121 121
70 120 30
19 99 1
18 74 74
15 52 81
41 53 53
91 113 74
70 78 107
34 123 82
16 51 28
23 118 118
38 77 81
76 128 121
52 85 81
1 51 1
1 73 1
91 104 107
44 125 106
5 109 53
29 124 29
28 123 28
40 76 76
7 108 75
67 123 58
34 76 76
6 44 126
4 49 103
100 123 82
35 118 118
5 117 14
45 93 49
87 106 106
13 28 28
54 88 1
18 80 103
4 45 103
10 50 107
32 57 1
22 98 2
20 113 74
65 121 121
21 49 49
45 118 118
6 67 126
13 107 107
46 95 69
44 47 30
58 93 58
14 119 14
57 106 106
41 46 69
22 37 2
25 90 76
54 99 1
17 90 53
23 31 20
91 95 82
3 109 53
64 101 64
3 67 58
18 75 75
9 125 106
47 79 30
26 44 58
41 100 75
23 125 106
17 55 2
35 78 107
73 117 126
36 116 29
80 126 126
37 107 107
27 68 56
81 93 81
100 118 118
54 82 82
80 85 74
9 41 75
19 100 118
15 75 66
12 16 20
45 104 107
10 69 69
17 75 75
50 103 107
100 102 82
55 96 2
68 77 81
52 96 81
34 110 2
2 23 2
56 86 28
116 128 29
59 78 107
9 33 75
4 107 107
57 59 76
76 100 76
54 70 49
3 30 30
16 89 64
24 36 64
4 26 58
28 67 28
35 48 106
72 94 64
6 11 81
41 116 29
76 113 76
30 111 30
58 108 58
93 114 76
83 121 121
27 89 64
69 76 76
40 95 31
48 123 106
39 102 44
92 105 105
89 90 53
88 119 1
100 113 74
49 107 107
30 89 30
57 69 69
20 30 30
21 114 76
84 95 65
102 103 103
1 75 1
75 126 126
70 119 49
20 90 53
39 81 81
107 128 107
14 54 14
57 119 126
12 73 126
20 120 30
1 36 1
54 92 10
85 121 121
30 84 30
9 40 103
2 44 2
106 115 66
95 106 106
59 111 76
14 65 14
66 76 76
93 100 82
79 111 53
55 123 2
90 108 53
27 65 65
66 106 66
36 55 2
42 111 121
15 93 66
36 40 56
87 126 126
109 113 53
12 96 118
3 123 10
22 128 121
87 98 69
55 63 2
40 124 28
43 70 49
34 38 82
53 54 53
76 94 76
28 33 28
64 87 64
21 94 58
33 37 75
7 97 75
66 122 66
13 47 30
72 74 64
39 101 105
3 111 8
29 93 29
52 86 28
2 32 1
11 76 81
29 95 29
8 111 8
79 83 69
22 72 2
57 120 30
26 96 58
21 111 8
27 107 107
56 64 64
4 74 74
9 59 76
33 106 106
33 42 121
6 103 126
83 106 69
46 104 107
31 33 75
16 108 105
54 81 81
31 107 107
107 109 107
39 45 49
4 123 103
16 125 106
4 20 103
126 127 29
108 111 8
2 18 2
71 108 121
6 27 126
72 118 64
37 76 76
16 49 49
93 96 118
117 119 14
39 96 118
15 76 76
39 63 65
44 52 81
53 80 53
38 83 69
18 92 103
89 91 64
26 98 69
1 96 1
29 77 29
23 77 81
7 64 64
7 66 66
80 97 118
66 110 2
48 128 121
31 85 74
12 58 58
40 122 106
78 80 107
84 117 14
20 26 58
27 122 106
10 33 75
56 109 53
61 123 30
63 89 64
38 39 44
49 68 49
31 75 75
79 89 53
15 94 66
41 91 75
4 79 53
59 107 107
13 36 105
44 112 66
52 100 81
31 104 107
45 109 53
63 108 105
13 52 81
86 102 28
26 49 58
47 121 121
49 93 49
2 7 2
37 47 30
81 97 81
103 118 103
21 48 106
4 86 28
27 30 30
7 76 76
9 48 106
104 120 107
81 126 81
119 121 121
10 43 14
63 110 2
58 59 76
1 12 1
81 114 81
82 113 74
33 76 76
65 101 105
31 91 82
80 102 118
61 106 30
40 98 69
13 49 49
34 107 107
10 19 118
103 122 106
2 115 2
38 91 82
24 40 64
44 102 44
92 97 56
41 89 64
44 100 82
68 93 14
82 100 82
82 87 74
56 107 107
61 114 30
28 93 28
44 65 65
2 92 2
72 92 64
3 10 10
12 78 107
94 118 58
19 73 126
90 107 107
37 116 29
84 111 8
2 85 2
33 126 126
102 111 8
21 27 20
54 103 103
15 66 66
28 59 28
19 37 118
81 127 29
57 68 126
68 104 107
1 48 1
19 109 53
68 81 81
35 117 49
32 73 1
31 68 56
39 82 82
16 106 106
41 59 76
37 65 8
14 51 28
41 90 53
96 128 121
23 96 118
51 120 28
52 91 81
26 80 58
7 10 75
28 120 28
98 104 107
68 85 74
7 46 69
114 115 76
54 102 10
35 81 81
98 123 69
87 114 76
7 54 75
38 108 105
4 73 126
79 87 53
41 51 28
73 113 126
6 79 53
88 107 1
113 116 29
24 80 64
32 46 1
2 83 2
43 100 82
94 111 58
19 85 74
5 47 30
46 121 121
30 36 30
49 118 118
28 83 28
56 70 49
56 74 74
18 25 76
71 103 121
66 97 66
10 82 82
85 107 107
46 58 69
31 93 14
44 106 106
79 126 53
16 17 8
48 53 53
70 107 107
91 110 2
15 23 66
34 121 121
3 36 56
40 104 107
38 74 74
64 83 69
78 119 107
65 124 28
12 82 20
34 119 82
2 117 2
5 30 30
36 56 56
45 108 49
6 115 66
15 43 66
119 128 121
36 54 56
29 31 29
90 104 107
114 123 76
78 128 107
65 87 74
5 29 29
31 120 30
48 81 81
40 66 66
12 35 49
8 44 8
61 88 1
9 73 126
34 61 30
37 114 76
49 95 49
29 91 29
98 116 29
1 85 1
10 79 53
24 56 64
54 63 65
55 128 121
22 115 2
33 40 75
96 113 74
33 103 75
5 8 8
82 96 118
103 124 28
5 33 75
30 122 30
61 83 30
43 75 75
4 25 76
53 65 53
25 126 76
19 94 58
26 87 74
64 73 64
2 109 2
92 111 8
9 75 75
59 104 107
44 117 14
49 55 2
3 128 121
32 93 1
7 93 75
24 31 64
61 80 30
64 124 28
78 86 107
43 47 30
72 83 69
22 73 2
77 128 121
10 49 49
20 91 20
85 99 1
65 125 106
76 83 76
61 69 30
10 39 10
30 66 30
7 88 1
18 67 58
20 102 20
35 122 106
107 122 107
60 65 29
29 114 29
7 11 81
36 91 82
12 119 20
16 52 81
25 55 2
26 93 58
25 120 30
14 67 58
31 67 58
6 16 126
10 30 30
35 92 49
58 105 58
49 100 49
45 86 28
68 120 30
90 97 53
21 89 64
18 61 30
47 54 30
11 121 121
85 86 28
43 116 29
3 25 76
20 64 64
57 81 81
18 49 103
6 22 2
78 95 107
39 47 30
91 106 106
60 123 29
68 87 74
16 36 56
60 84 29
35 106 106
12 121 121
30 75 30
24 99 1
47 119 30
28 98 28
26 100 58
9 68 103
53 105 53
1 83 1
74 94 74
76 101 76
32 75 1
47 82 30
75 114 76
47 99 1
29 69 29
102 119 65
63 81 81
72 78 107
33 47 30
10 106 106
64 127 29
36 95 56
96 118 118
45 122 106
93 107 107
33 57 126
35 75 75
29 106 29
68 113 74
54 119 65
18 43 103
77 94 81
33 66 66
13 54 105
46 117 69
66 79 66
87 89 64
47 88 1
61 117 30
49 72 64
2 121 121
101 115 66
107 111 107
77 117 81
40 97 56
2 75 2
45 107 107
85 122 106
2 53 2
46 51 28
29 68 29
1 109 1
40 41 75
27 82 82
52 58 81
53 121 121
66 99 1
96 123 118
120 121 121
27 80 118
64 74 64
30 62 30
28 49 28
3 58 58
16 34 82
64 113 64
2 122 2
82 103 103
102 121 121
52 121 121
26 109 53
10 16 10
52 118 81
56 115 66
30 126 30
34 82 82
34 80 118
16 121 121
11 109 81
15 119 66
42 103 121
39 93 14
28 40 28
6 108 126
54 118 118
41 97 75
27 113 74
38 54 10
119 124 28
50 70 107
14 35 49
4 51 28
31 59 76
48 50 107
37 74 74
31 62 31
81 103 81
21 70 49
28 63 28
43 44 14
86 119 28
19 102 118
45 49 49
81 113 81
51 103 28
21 74 74
50 124 107
69 118 69
33 44 75
22 96 2
8 43 8
88 103 1
73 124 28
26 64 64
44 101 105
55 56 2
68 84 65
51 70 28
5 18 103
13 25 76
48 106 106
24 113 64
12 13 20
4 77 81
18 72 64
22 121 121
40 77 81
2 69 2
38 56 56
10 28 28
55 85 2
35 127 29
84 85 74
9 98 69
36 48 106
66 128 121
103 108 103
73 120 30
92 114 76
1 69 1
45 74 74
9 49 103
112 116 29
106 123 106
94 99 1
54 125 106
46 86 28
24 101 64
15 116 29
7 118 75
78 107 107
24 73 64
21 119 20
5 126 126
19 33 75
51 55 28
5 91 82
30 125 30
79 107 107
73 109 53
53 78 107
11 47 30
6 110 2
53 107 107
16 69 69
43 76 76
81 88 1
5 110 2
71 127 29
51 77 28
43 105 105
49 70 49
39 78 107
39 44 44
4 43 103
9 100 103
2 91 2
58 126 126
69 105 69
58 60 29
75 93 75
8 29 29
30 87 30
85 110 2
75 88 1
41 56 75
6 82 126
35 91 49
58 110 2
31 40 31
61 121 121
18 64 64
34 105 105
28 57 28
17 26 58
37 58 58
94 96 58
16 18 103
3 38 10
20 118 118
40 127 29
48 96 106
63 107 107
36 39 56
81 104 107
13 96 118
7 26 75
4 72 64
45 92 49
61 109 30
25 49 76
57 67 126
35 111 49
10 91 82
70 106 106
26 52 81
33 122 106
3 93 14
35 93 49
47 68 30
94 121 121
69 77 81
64 106 64
20 80 118
97 106 106
47 104 107
17 96 118
37 40 8
81 101 81
3 76 76
6 43 126
98 101 69
81 85 81
12 125 106
34 88 1
54 91 82
76 89 76
7 13 75
2 46 2
13 39 105
34 66 66
41 123 75
28 106 28
68 102 56
39 106 106
6 124 28
33 43 75
65 110 2
41 57 126
115 117 66
9 60 29
57 64 64
53 111 53
11 108 81
63 66 66
92 95 31
17 42 121
37 66 66
95 123 123
65 106 106
67 107 107
1 14 1
3 4 103
16 77 81
102 115 66
61 108 30
1 25 1
20 59 76
75 123 75
7 85 74
67 115 66
93 105 105
105 118 118
112 121 121
102 116 29
30 109 30
45 82 49
17 35 49
64 118 64
32 95 1
18 115 66
59 66 76
69 100 69
43 64 64
13 111 8
69 99 1
10 89 64
30 81 30
1 53 1
73 119 126
60 85 29
10 73 126
16 105 105
20 55 2
88 98 1
105 108 105
81 90 81
46 61 30
55 95 2
2 13 2
73 94 126
107 112 107
34 67 58
39 114 76
3 9 103
29 44 29
74 88 1
39 76 76
97 111 8
63 91 82
3 77 81
44 51 28
92 96 118
112 119 66
95 108 105
53 93 53
14 23 20
5 21 20
23 79 53
102 106 106
5 58 58
33 82 75
29 55 29
80 117 118
4 38 103
11 114 81
5 115 66
37 81 81
37 95 8
23 27 20
43 123 14
23 83 69
85 123 74
16 95 10
2 47 30
39 75 75
2 10 2
29 118 29
58 78 107
112 125 66
6 28 28
44 113 74
54 96 118
8 64 64
55 72 2
96 102 118
10 44 10
87 121 121
65 89 64
19 120 30
16 109 53
33 93 75
2 112 2
38 97 56
65 128 121
71 85 121
43 56 14
30 76 30
39 40 31
18 51 28
74 116 29
60 74 29
30 112 30
24 47 30
51 85 28
31 46 69
6 90 53
74 123 74
6 121 121
107 114 107
6 9 126
50 89 107
1 116 1
27 51 28
37 103 103
39 46 69
81 95 81
23 55 2
27 114 76
8 95 8
1 19 1
93 113 74
6 15 66
43 115 66
27 119 65
2 28 28
24 83 69
11 23 81
48 70 106
6 36 126
34 46 69
37 118 118
32 55 1
8 120 30
94 107 107
39 126 126
6 61 30
22 47 30
80 105 118
29 112 29
48 80 106
38 85 74
57 84 126
10 54 10
25 110 2
28 79 28
66 121 121
7 57 126
1 26 1
38 76 76
60 92 29
1 80 1
36 118 118
60 91 29
2 6 2
70 74 74
29 34 29
11 45 81
21 117 20
25 29 29
71 88 1
67 118 58
61 75 30
101 118 118
28 58 28
117 121 121
13 14 105
25 32 1
22 87 2
70 79 53
81 102 81
9 76 76
14 78 107
68 86 28
80 122 106
71 95 121
91 98 69
15 69 69
18 48 106
65 127 29
66 80 66
14 115 66
63 126 126
65 107 107
40 102 31
23 36 20
59 81 81
6 64 64
2 3 2
29 62 29
27 33 75
36 125 106
28 89 28
111 125 106
117 123 14
2 107 107
65 105 105
38 126 126
42 102 121
87 100 74
75 80 75
70 87 74
30 93 30
30 105 30
68 106 106
70 126 126
107 113 107
8 53 53
42 74 121
15 63 66
86 106 28
80 123 118
26 59 76
45 89 64
36 123 56
56 68 56
11 110 81
46 57 69
43 92 14
35 58 58
51 52 28
78 112 107
17 25 76
6 8 126
80 94 58
66 115 66
98 110 2
46 69 69
66 105 66
105 128 121
66 90 66
29 39 29
5 16 10
72 82 64
24 91 64
76 96 76
5 98 69
19 103 103
116 117 29
37 70 49
18 63 103
79 113 53
7 112 66
21 121 121
40 72 64
116 126 29
77 87 81
30 34 30
71 109 121
54 80 118
90 119 53
37 123 8
2 16 2
10 108 105
70 95 49
49 50 107
26 38 58
28 86 28
1 24 1
29 81 29
3 35 49
1 103 1
6 29 29
2 33 2
4 50 107
71 123 121
42 87 121
22 67 2
12 108 20
77 120 30
31 52 81
13 33 75
39 127 29
10 113 74
55 75 2
2 96 2
29 41 29
19 40 118
12 103 103
114 122 76
59 77 81
92 112 66
22 25 2
83 91 69
26 31 58
25 58 76
30 101 30
64 121 121
107 125 107
9 119 103
56 87 74
19 107 107
48 69 69
42 79 121
55 88 1
23 69 69
30 118 30
47 101 30
95 110 2
83 107 107
1 81 1
99 126 1
27 85 74
44 90 53
37 83 69
45 68 49
73 108 126
33 125 106
14 76 76
6 24 64
93 99 1
15 95 66
42 59 121
35 36 49
65 116 29
108 125 106
6 58 126
20 21 20
40 101 105
29 80 29
46 76 76
17 23 8
43 106 106
10 109 53
7 44 75
26 105 58
50 117 107
13 26 58
31 121 121
9 44 103
38 55 2
41 103 75
32 83 1
14 105 105
64 88 1
14 112 66
73 114 76
16 65 65
32 87 1
75 104 107
9 26 58
17 112 66
6 41 126
55 108 2
17 102 8
69 102 69
48 111 106
38 92 31
12 42 121
4 96 103
39 61 30
30 119 30
13 60 29
28 44 28
38 58 58
40 81 81
23 81 81
33 45 75
9 81 81
46 80 69
46 122 69
10 67 58
26 116 29
43 50 107
11 30 30
46 92 69
69 93 69
8 124 28
87 95 74
84 93 14
84 92 65
53 58 53
43 77 81
39 92 31
69 83 69
23 99 1
27 63 65
4 52 81
3 66 66
18 116 29
48 105 106
21 123 20
60 108 29
90 121 121
15 96 66
116 125 29
23 117 20
76 122 76
49 112 66
27 90 53
29 90 29
3 63 65
22 100 2
61 92 30
2 34 2
22 58 2
45 58 58
66 113 66
113 127 29
15 127 29
47 91 30
16 38 10
44 74 74
67 120 30
109 118 53
37 45 49
11 101 81
87 96 74
1 46 1
2 118 2
60 96 29
17 100 8
57 82 126
32 121 1
21 86 28
81 105 81
32 101 1
34 47 30
17 93 8
23 68 20
44 98 69
114 126 76
29 83 29
3 64 64
31 119 65
5 23 20
49 90 53
44 59 76
29 57 29
75 109 53
44 95 44
71 111 121
6 83 69
104 108 107
88 89 1
70 86 28
6 77 81
17 94 58
69 81 81
19 108 118
18 40 103
3 21 20
10 103 103
6 120 30
69 87 69
30 53 30
8 46 69
57 96 126
93 108 105
35 87 74
11 126 81
118 124 28
29 115 29
42 67 121
15 50 107
33 114 76
13 117 105
67 122 106
11 102 81
79 120 30
75 101 75
19 36 118
15 123 66
1 3 1
61 118 30
2 43 2
69 75 69
40 84 65
27 34 82
19 75 75
46 81 81
67 81 81
14 87 74
18 124 28
27 52 81
42 89 121
74 106 106
58 102 58
20 119 20
29 48 29
87 119 74
110 122 2
78 116 29
4 124 28
64 69 69
102 110 2
44 124 28
50 115 107
14 20 20
46 89 69
57 113 126
4 17 103
94 128 121
54 66 66
90 93 53
50 122 107
55 90 2
84 120 30
91 92 82
16 84 65
12 68 20
91 101 105
11 81 81
12 80 118
70 82 49
7 17 75
93 123 14
1 72 1
80 92 118
7 42 121
6 54 126
39 110 2
39 80 118
92 115 66
6 10 126
30 120 30
43 102 14
10 88 1
10 20 20
7 9 75
85 91 74
10 78 107
14 19 118
5 43 14
1 122 1
30 106 30
30 98 30
47 117 30
86 94 28
21 120 30
95 111 8
27 45 49
5 26 58
110 127 29
50 99 1
73 100 126
9 128 121
7 55 2
41 45 75
13 46 69
7 20 75
18 82 103
86 93 28
34 40 82
6 30 30
93 122 106
15 49 66
23 35 49
32 65 1
48 51 28
36 98 69
47 71 121
20 115 66
24 76 76
31 82 82
28 43 28
29 43 29
3 118 118
29 78 29
93 126 126
4 39 103
15 72 66
25 80 76
115 118 66
12 116 29
107 115 107
77 78 107
45 77 81
86 121 121
1 39 1
97 104 107
39 41 75
30 50 107
55 107 107
46 60 29
5 99 1
103 109 53
67 101 58
48 112 66
77 121 121
32 113 1
72 75 64
30 117 30
32 69 1
37 39 8
69 91 69
5 20 20
68 83 69
64 126 64
26 92 58
15 89 66
88 122 1
54 72 64
7 60 29
18 68 103
40 120 30
20 117 20
5 119 65
11 58 81
52 110 81
13 93 105
13 71 121
27 59 76
31 100 82
42 108 121
11 83 81
36 127 29
28 88 1
23 65 20
4 55 2
34 54 82
29 96 29
2 126 2
82 117 82
41 80 75
6 105 126
19 118 118
8 63 8
61 96 30
38 44 44
6 104 107
44 107 107
12 34 20
25 68 76
97 100 82
40 85 74
14 93 14
19 45 118
80 90 53
74 117 74
40 57 126
53 86 28
22 83 2
85 108 74
40 52 81
5 34 82
74 78 107
18 77 81
86 103 28
33 128 121
111 113 74
38 59 76
69 94 69
45 72 64
13 100 105
43 101 105
101 109 53
8 66 66
66 119 66
1 47 1
34 44 82
12 74 74
14 75 75
5 27 31
7 84 75
52 113 81
47 85 30
35 39 49
46 84 69
24 33 64
8 19 118
36 105 105
7 99 1
7 92 75
25 60 29
19 84 118
35 90 53
50 95 107
5 118 118
7 71 121
50 118 107
19 20 118
102 118 118
71 81 121
36 102 56
31 73 126
17 98 69
99 117 1
36 49 49
1 113 1
22 122 2
36 126 126
96 126 126
30 42 121
17 21 8
103 128 121
3 46 69
31 96 118
26 57 126
124 127 29
79 91 53
56 127 29
81 94 81
3 50 107
84 96 118
12 91 20
43 104 107
66 104 107
64 95 64
56 76 76
93 127 29
13 58 58
89 113 64
115 127 29
2 22 2
2 88 1
75 94 75
54 101 105
76 77 81
8 57 126
34 49 49
72 117 64
31 63 65
5 121 121
12 53 53
42 80 121
51 126 28
33 94 75
101 103 103
58 94 58
10 107 107
22 79 2
26 111 58
98 113 69
16 80 118
70 102 49
17 118 118
21 128 121
33 35 75
38 103 103
21 32 1
57 63 126
102 128 121
17 123 8
15 38 66
59 79 76
30 54 30
96 124 28
26 41 75
45 97 49
9 69 69
28 70 28
46 59 76
28 69 28
92 117 14
40 49 49
25 50 107
34 90 53
12 46 69
48 77 81
50 106 107
51 98 28
25 97 76
25 53 76
51 116 29
19 82 118
60 76 29
10 64 64
9 111 103
2 125 2
29 94 29
2 78 107
9 21 103
27 29 29
26 71 121
44 85 74
24 94 64
48 92 106
8 100 8
33 90 53
88 108 1
17 116 29
66 82 66
7 28 28
56 100 82
77 81 81
25 121 121
53 125 53
44 128 121
27 43 14
28 36 28
30 88 1
83 119 69
87 125 106
21 42 121
15 21 66
49 128 121
26 84 58
9 35 103
99 120 1
21 107 107
57 108 126
89 98 69
12 65 20
4 109 53
74 107 107
4 53 53
31 79 53
12 28 28
94 95 58
55 60 29
26 123 58
31 117 14
26 106 106
40 94 58
1 27 1
10 72 64
27 100 82
51 63 28
55 65 2
32 102 1
6 123 126
10 48 106
19 32 1
57 80 126
16 110 2
9 102 103
11 105 81
1 93 1
23 110 2
21 80 118
69 72 69
71 104 107
1 70 1
81 100 81
92 100 82
70 81 81
9 86 28
76 108 76
4 95 103
51 60 29
56 91 82
9 94 58
24 26 64
14 56 14
27 70 49
21 88 1
101 105 105
35 56 49
80 125 106
54 84 65
6 75 126
38 98 69
5 114 76
9 20 103
1 82 1
104 124 107
106 119 106
4 80 103
28 111 28
41 101 75
78 103 107
28 90 28
18 36 103
101 114 76
10 92 10
39 107 107
77 112 81
18 98 69
69 122 69
45 71 121
24 38 64
36 38 56
64 67 64
8 80 118
67 114 76
36 108 105
58 64 64
21 64 64
1 79 1
31 108 105
58 81 81
18 97 103
63 68 65
89 115 66
11 84 81
74 89 64
19 41 75
55 113 2
13 103 103
66 108 66
44 48 106
9 115 66
88 117 1
113 126 126
10 34 82
55 78 107
29 117 29
94 102 58
7 19 75
58 91 58
13 50 107
83 124 28
44 57 126
15 29 29
28 31 28
17 73 126
25 44 76
38 127 29
68 116 29
75 124 28
3 103 103
34 51 28
63 70 49
20 122 106
30 49 30
8 40 8
94 106 106
107 124 107
26 75 75
21 26 58
14 102 14
28 91 28
26 108 58
17 71 121
26 104 107
58 115 66
60 106 29
75 106 106
22 117 2
90 112 66
34 117 82
16 27 10
50 120 107
19 31 118
40 79 53
74 109 53
13 53 53
3 29 29
2 67 2
19 81 81
98 126 69
15 92 66
48 113 106
17 79 53
53 96 53
51 81 28
6 21 126
21 79 53
83 101 69
101 112 66
91 126 126
85 106 106
50 53 107
18 52 81
68 121 121
38 47 30
53 82 53
80 87 74
2 99 1
95 96 118
14 55 2
5 127 29
1 124 1
6 23 126
33 100 75
38 89 64
1 54 1
58 125 106
7 94 75
1 102 1
11 40 81
54 110 2
24 59 76
6 13 126
84 102 65
48 87 106
110 119 2
22 24 2
46 87 69
50 83 107
4 57 126
31 48 106
13 89 64
28 97 28
35 79 53
57 65 126
24 88 1
96 112 66
35 53 53
45 95 49
12 44 20
3 69 69
34 93 82
22 111 2
18 33 75
1 4 1
16 33 75
36 121 121
1 114 1
7 110 2
17 110 2
31 95 31
31 44 31
63 105 105
6 78 107
74 84 74
26 66 66
96 103 103
44 126 126
20 126 126
21 53 53
83 115 69
54 97 56
33 39 75
41 104 107
77 109 81
15 120 30
20 79 53
13 23 20
40 61 30
29 126 29
16 93 14
30 79 30
59 67 76
25 119 76
82 119 82
22 28 28
19 54 118
76 106 76
27 95 31
23 63 20
1 117 1
20 23 20
42 45 121
40 103 103
21 91 20
94 112 66
68 82 82
16 44 10
96 119 118
66 102 66
115 128 121
23 50 107
121 126 121
43 103 103
52 72 81
103 119 103
17 60 29
16 83 69
15 71 121
11 112 81
32 61 1
17 19 118
47 105 30
88 94 1
12 117 20
4 70 103
19 93 118
22 57 2
79 127 29
44 68 56
86 125 28
88 91 1
68 110 2
15 99 1
12 61 30
88 113 1
19 63 118
49 79 53
7 53 53
35 107 107
9 34 103
44 105 105
12 60 29
4 106 106
5 64 64
9 27 103
27 88 1
82 105 105
77 124 28
96 120 30
83 114 76
101 119 105
2 63 2
30 59 30
9 114 76
23 102 20
23 121 121
11 125 81
65 81 81
20 82 20
19 61 30
3 107 107
83 120 30
14 63 14
13 128 121
20 123 20
38 75 75
31 98 69
59 61 30
78 105 107
20 60 29
7 38 75
47 64 30
4 58 58
39 123 123
67 100 58
47 123 30
43 63 14
14 113 74
22 42 121
42 117 121
7 36 75
33 92 75
26 118 58
79 115 66
84 100 82
45 80 118
67 70 58
77 83 81
16 111 8
28 126 28
87 93 74
5 75 75
57 76 76
31 118 118
28 87 28
55 86 28
31 126 126
71 114 121
40 112 66
97 116 29
23 53 53
25 54 76
79 96 53
49 122 106
92 109 53
87 112 66
66 126 66
1 126 1
14 30 30
22 127 29
48 90 53
15 106 66
21 106 106
49 97 49
6 84 126
73 101 126
45 121 121
64 125 64
25 31 76
54 100 82
1 112 1
14 125 106
7 78 107
18 38 103
39 89 64
103 115 66
2 111 2
14 39 14
58 73 126
83 99 1
22 64 2
35 74 74
39 91 82
8 60 29
59 92 76
15 26 66
16 104 107
21 35 49
5 54 10
86 109 28
20 101 20
33 74 74
79 121 121
55 98 2
17 82 8
1 45 1
17 84 8
61 91 30
51 57 28
47 76 30
10 100 82
23 101 20
11 25 81
27 117 14
1 49 1
105 125 106
34 37 8
36 117 14
2 42 121
47 57 30
109 125 53
9 14 103
70 88 1
78 120 107
32 74 1
4 84 103
42 86 121
17 91 8
50 72 107
76 88 1
86 97 28
31 103 103
66 78 107
40 65 65
72 77 81
69 73 69
21 50 107
75 78 107
74 112 66
21 61 30
35 100 49
56 89 64
23 57 126
19 105 118
72 109 53
71 78 107
49 103 103
35 66 66
32 98 1
20 76 76
20 65 20
15 113 66
68 126 126
28 66 28
80 103 103
9 52 81
14 97 14
43 113 74
6 91 126
23 120 30
30 70 30
105 123 105
2 49 2
7 32 1
72 76 76
18 120 30
92 108 105
69 110 2
62 105 105
95 125 106
80 115 66
72 97 64
89 128 121
1 119 1
27 103 103
69 101 69
50 98 107
111 122 106
77 85 81
32 36 1
22 94 2
58 107 107
33 36 75
7 51 28
1 56 1
9 32 1
26 58 58
61 110 30
98 107 107
93 118 118
23 86 28
69 80 69
74 80 74
3 45 49
14 114 76
12 93 20
7 81 81
31 105 105
4 44 103
70 114 76
111 114 76
3 95 10
68 109 53
28 92 28
27 93 14
116 118 29
33 123 75
32 118 1
53 126 53
59 100 76
16 46 69
95 105 105
40 45 49
12 109 53
46 90 69
42 90 121
38 52 81
22 46 2
44 116 29
10 13 105
43 89 64
49 82 49
95 114 76
5 46 69
68 105 105
10 70 49
87 120 30
19 101 118
49 75 75
88 95 1
7 113 74
21 46 69
8 78 107
42 113 121
10 111 8
65 90 53
48 58 106
3 101 105
16 75 75
12 87 74
10 31 10
82 84 82
45 127 29
10 71 121
37 121 121
101 113 74
35 95 49
7 125 106
75 100 75
6 47 30
14 95 14
2 26 2
47 70 30
51 123 28
68 118 118
107 110 107
61 76 30
41 119 75
22 44 2
28 113 28
3 19 118
13 67 58
20 35 49
99 119 1
18 24 64
106 125 106
4 61 30
44 82 82
81 92 81
63 128 121
27 77 81
8 106 106
35 69 69
79 122 53
48 72 64
9 110 2
23 39 20
4 100 103
37 73 126
51 58 28
28 35 28
110 126 2
21 83 69
8 59 76
59 98 76
47 73 30
13 81 81
98 112 69
76 85 76
46 99 1
97 121 121
59 95 76
19 68 118
33 61 30
55 127 29
95 119 65
89 121 121
65 96 118
1 106 1
52 90 81
6 7 126
109 128 121
49 89 64
77 84 81
3 65 65
78 94 107
11 71 121
51 89 28
50 63 107
109 121 121
68 98 69
82 95 82
28 64 28
93 98 69
10 121 121
57 88 1
2 36 2
50 60 29
88 124 1
49 59 76
51 99 1
76 97 76
28 101 28
29 64 29
97 103 103
20 78 107
42 65 121
27 124 28
90 114 76
13 87 74
28 48 28
6 49 126
106 127 29
23 30 30
33 63 75
54 121 121
85 128 121
46 56 69
88 109 1
12 128 121
43 79 53
21 31 20
69 79 69
50 112 107
7 104 107
21 77 81
19 76 76
30 67 30
74 108 74
39 111 8
23 76 76
28 37 28
20 83 69
35 103 103
1 84 1
2 24 2
18 28 28
64 105 64
27 69 69
21 84 20
2 66 2
53 113 53
43 61 30
19 83 69
2 62 2
6 12 126
37 44 8
65 80 118
84 112 66
16 58 58
12 22 2
65 92 65
49 64 64
26 91 58
41 105 75
87 90 53
74 126 126
118 128 121
13 120 30
11 14 81
16 94 58
6 32 1
96 97 118
3 79 53
27 79 53
46 126 69
18 111 103
87 128 121
8 96 118
13 110 2
57 89 64
25 63 76
4 97 103
36 65 65
66 71 121
33 102 75
26 68 58
48 76 76
82 85 74
43 119 14
56 69 69
13 27 105
29 120 29
3 56 56
84 125 106
24 115 66
84 97 65
66 101 66
44 97 56
22 97 2
