256 6722
188 199 127
30 204 1
107 188 1
29 194 27
81 244 227
119 214 227
70 110 112
154 225 151
31 249 1
213 227 227
141 252 1
1 163 1
12 55 27
100 232 1
19 40 1
1 207 1
114 212 227
127 189 127
63 183 63
189 219 1
66 83 208
101 205 165
59 250 182
36 56 1
41 161 142
113 173 173
62 192 142
162 190 227
42 212 1
76 148 215
20 136 213
167 169 1
175 245 1
36 44 127
3 221 208
59 182 182
65 157 1
139 181 1
181 205 1
11 50 50
32 100 195
37 214 1
178 201 1
148 236 255
28 131 1
1 209 1
51 75 1
100 149 1
76 158 1
127 143 127
154 248 141
102 190 246
33 151 27
36 144 227
74 108 215
49 254 1
63 137 215
126 138 54
156 238 1
123 199 1
81 131 1
43 135 1
113 233 173
38 223 27
1 16 1
3 41 208
125 151 1
53 123 208
78 132 215
60 133 253
65 85 1
220 256 194
131 234 1
155 170 1
1 208 1
98 162 151
222 252 1
79 128 1
8 145 126
1 90 1
4 248 1
11 219 1
178 180 1
87 98 1
33 123 1
23 170 208
4 184 147
24 59 182
65 225 1
1 172 1
192 197 1
77 121 155
149 186 247
82 213 227
105 157 227
93 175 193
6 39 54
60 202 208
89 125 89
42 186 1
157 211 104
109 196 227
33 72 1
109 121 109
19 48 27
58 79 112
56 58 168
183 216 147
50 73 50
160 208 1
53 69 3
34 216 1
131 221 215
48 130 227
169 230 208
65 208 208
141 185 27
100 184 208
227 230 1
116 124 112
78 125 208
108 221 215
80 231 1
61 128 1
107 217 217
223 256 223
55 80 1
87 252 215
59 130 59
211 229 1
126 147 208
180 182 1
22 45 195
9 147 147
30 215 215
52 139 1
212 223 194
83 135 83
1 151 1
38 237 95
16 153 54
1 189 1
38 144 151
20 33 227
1 218 1
70 119 1
13 137 1
1 96 1
58 246 1
59 251 182
1 140 1
78 242 208
158 183 1
24 101 127
125 198 208
2 166 1
61 182 1
113 138 1
111 168 110
27 213 227
167 211 227
148 200 1
64 256 247
64 115 193
94 139 227
75 180 208
3 39 3
160 200 127
195 239 83
1 232 1
175 199 227
91 133 1
2 11 213
80 180 80
112 116 112
25 215 208
175 194 247
177 240 54
100 117 1
46 227 227
8 188 1
86 187 1
121 220 227
45 72 195
33 212 247
51 202 1
50 165 213
139 167 227
199 234 227
25 219 156
9 102 1
95 154 95
110 252 147
105 228 1
201 256 1
63 123 252
18 165 1
119 159 1
24 249 197
27 237 27
148 215 215
162 176 162
78 206 1
3 23 156
160 165 173
73 136 246
23 32 195
20 64 227
92 175 27
107 131 255
142 183 147
192 198 112
92 126 1
3 162 1
124 131 147
27 255 1
197 242 1
57 205 1
209 230 83
80 200 1
129 253 208
14 19 82
21 23 1
24 69 1
78 137 255
183 207 147
143 214 173
82 92 27
11 146 246
22 241 195
66 179 208
154 206 95
148 183 215
20 82 227
131 200 1
122 159 3
48 193 27
102 136 136
81 93 93
97 157 178
27 225 27
167 226 127
80 227 1
249 255 1
157 232 178
102 108 1
82 147 1
47 161 1
161 217 147
65 159 156
53 254 156
8 86 126
44 100 1
22 251 1
35 95 1
153 253 54
18 41 142
118 254 254
10 72 1
93 189 227
150 182 127
1 181 1
61 223 1
101 190 213
48 98 95
142 224 112
210 216 208
66 236 147
113 150 173
48 151 151
227 231 227
204 226 227
7 211 151
92 119 38
133 218 156
164 254 1
1 38 1
41 250 1
7 208 1
93 111 1
46 250 197
101 179 1
172 212 91
150 227 227
87 114 1
80 82 1
109 124 1
20 188 213
16 250 1
129 143 1
159 239 156
84 224 224
9 248 1
50 115 227
74 234 1
111 159 208
131 202 215
48 187 151
95 162 151
221 252 252
123 147 147
5 68 208
22 77 1
9 130 1
9 185 1
182 184 1
114 231 114
117 144 117
78 108 108
124 248 1
81 115 193
79 238 1
113 205 113
128 182 197
41 174 62
1 149 1
8 149 1
75 161 147
1 230 1
1 2 1
36 123 1
17 143 213
11 109 127
15 83 156
31 198 147
161 200 1
113 235 127
97 232 97
150 228 1
107 236 255
75 105 1
76 218 208
34 121 114
76 141 1
11 99 246
149 223 91
156 203 156
73 74 1
192 252 147
131 208 208
92 117 151
227 243 227
225 238 27
86 232 1
120 174 1
66 181 58
132 183 252
36 41 1
101 150 173
119 154 95
49 118 1
150 231 127
149 154 27
198 230 208
53 225 1
7 112 1
139 146 227
156 177 156
88 240 5
21 249 227
133 177 126
16 51 1
194 228 1
156 241 156
89 196 1
137 255 255
55 195 1
29 190 227
168 234 1
140 249 114
1 59 1
3 13 1
8 37 54
50 101 213
92 124 1
170 207 170
41 169 112
189 231 197
126 188 1
83 256 1
55 119 38
109 118 1
94 102 127
27 127 227
65 201 65
125 208 208
5 54 54
212 256 194
201 237 1
60 92 1
208 209 208
72 203 156
17 86 1
67 227 227
69 220 1
39 242 156
6 177 253
8 67 1
57 239 83
124 184 112
104 154 151
1 20 1
59 165 127
16 208 208
8 90 1
174 184 112
137 256 1
194 223 194
1 125 1
73 167 50
142 250 1
218 255 208
6 110 208
76 207 147
55 97 151
85 144 27
190 247 227
119 242 1
120 249 197
137 236 137
15 194 1
37 145 54
109 226 114
107 181 147
84 103 147
162 211 104
35 37 54
10 19 27
29 153 1
213 217 1
127 235 127
201 255 208
69 256 1
155 190 127
51 94 227
11 241 1
195 206 1
65 83 83
86 201 156
79 245 112
129 149 1
30 210 208
26 240 156
49 52 1
103 132 221
67 189 235
137 221 215
168 179 208
11 143 213
60 212 1
74 75 30
69 168 208
104 248 151
66 68 147
162 223 27
32 224 208
131 212 1
25 136 1
114 131 1
28 38 151
56 198 56
1 128 1
97 172 27
21 247 27
33 145 1
105 143 173
52 76 252
105 127 127
24 80 1
60 96 60
231 235 197
79 133 208
6 93 1
27 186 27
107 245 147
80 156 156
4 225 1
171 212 247
6 55 1
108 214 1
13 213 213
65 254 83
116 240 208
193 195 1
46 155 114
24 67 235
158 220 247
14 204 91
152 233 150
10 133 1
208 219 208
59 197 197
78 217 108
22 130 1
153 240 3
80 133 156
199 218 1
145 203 126
136 167 246
20 160 152
34 200 200
199 205 127
151 237 151
134 169 112
88 194 1
212 213 227
139 177 1
174 222 1
197 244 197
14 161 1
169 209 208
30 165 1
76 220 1
37 57 156
9 92 1
119 248 95
89 182 1
61 107 255
7 29 95
44 50 50
169 184 169
41 78 147
87 153 208
29 30 1
81 171 193
185 199 227
69 153 3
98 134 1
61 147 147
63 103 252
56 200 1
11 178 227
26 179 83
15 228 208
165 214 165
122 220 1
98 243 227
174 176 1
8 140 1
161 216 142
30 212 1
48 237 95
11 215 1
120 221 1
96 200 1
94 127 127
1 100 1
123 171 1
4 208 208
94 229 1
116 153 208
48 107 1
154 187 151
57 208 208
7 56 1
206 225 151
7 107 1
115 188 227
13 110 1
80 251 1
89 156 156
27 205 227
39 170 208
19 55 27
24 100 1
66 78 147
79 137 147
9 39 208
165 197 127
72 94 1
70 103 147
50 126 1
12 78 1
55 206 92
13 201 1
130 199 120
42 82 1
119 187 151
10 147 1
64 171 193
84 112 112
113 196 227
162 219 1
1 62 1
25 45 83
85 240 1
135 219 156
118 159 156
107 184 147
22 65 83
70 201 208
123 131 215
6 9 208
67 77 197
182 233 127
129 224 110
72 122 156
1 105 1
188 223 227
113 202 1
69 240 5
51 116 1
74 181 147
110 251 1
92 253 1
176 222 227
7 59 227
118 230 195
179 217 208
172 194 91
73 234 227
75 248 1
106 255 208
26 169 208
182 190 127
139 148 1
93 192 1
78 254 208
203 209 156
91 212 91
210 218 65
205 227 227
35 154 1
43 231 127
127 145 1
213 230 1
1 111 1
182 250 182
25 149 1
142 233 1
96 126 253
35 84 208
40 233 1
55 95 95
1 162 1
55 104 151
5 69 5
28 136 227
131 175 1
121 132 1
9 215 215
105 145 1
250 251 235
156 197 1
147 170 147
102 124 1
142 208 208
2 173 173
16 120 1
160 202 1
5 163 156
109 155 155
96 254 156
113 142 1
97 235 227
5 39 5
12 158 158
188 214 213
46 136 127
2 99 213
106 225 1
104 141 151
8 241 156
41 156 208
2 102 213
130 148 1
98 148 1
241 244 1
107 137 255
33 136 227
110 184 110
212 226 227
53 148 208
165 190 213
109 208 1
213 233 213
179 186 1
197 231 197
10 88 1
80 125 80
11 210 1
67 197 197
25 144 1
2 103 1
137 252 215
11 98 227
49 65 1
45 179 195
174 208 208
75 112 147
27 38 27
21 38 151
13 59 127
129 164 1
42 174 208
156 208 208
51 60 1
175 229 1
183 221 252
161 167 1
225 227 227
9 137 215
20 233 150
73 155 127
70 188 1
43 188 213
132 252 252
28 78 1
27 48 27
3 236 208
124 192 142
60 146 1
74 235 1
148 182 1
118 241 195
3 122 3
67 210 1
150 207 1
153 221 208
21 212 27
136 192 1
42 44 1
1 32 1
25 251 1
54 137 208
28 151 151
42 117 1
22 164 1
101 207 1
58 116 110
3 240 3
17 227 227
7 111 1
88 192 208
15 93 1
104 181 1
175 220 247
1 171 1
93 247 247
36 136 127
14 65 1
35 177 253
135 185 1
174 186 1
115 215 1
141 238 27
124 224 112
142 181 112
124 142 142
24 47 182
109 126 1
140 167 127
26 156 156
161 198 112
6 8 253
89 180 89
95 151 151
14 160 227
50 123 1
205 242 1
148 166 147
44 213 213
99 113 213
149 227 227
18 20 1
124 181 112
134 192 170
162 187 104
160 173 173
51 227 227
114 122 1
156 253 156
215 224 147
181 208 208
17 190 246
164 230 1
13 34 127
47 235 182
8 151 1
44 126 1
178 222 227
89 225 1
127 136 127
89 143 1
8 121 1
102 212 227
88 98 1
14 99 227
87 142 147
53 222 1
27 141 27
28 245 1
111 245 116
136 222 127
84 212 1
192 216 142
74 196 1
19 218 1
186 204 247
70 90 1
28 183 1
64 167 227
121 140 114
37 107 208
76 190 1
1 10 1
140 203 1
140 146 127
14 50 227
48 125 1
145 240 54
101 233 173
34 199 197
80 206 1
169 225 1
112 252 147
185 238 247
52 107 215
98 160 227
21 226 227
51 217 1
143 169 1
2 150 173
65 215 208
123 161 147
128 232 227
4 9 215
130 210 1
141 156 1
196 223 91
168 224 110
66 70 112
62 147 147
144 211 178
23 107 208
121 199 197
59 146 127
79 208 208
175 176 27
56 145 208
63 191 63
36 137 1
16 27 1
79 117 1
172 207 1
93 147 1
120 198 1
191 208 208
7 88 1
174 239 208
177 197 1
139 187 27
126 157 1
51 126 1
201 241 83
164 250 182
198 209 208
29 38 95
120 245 1
21 197 227
4 54 208
110 212 1
77 141 227
66 112 112
14 82 82
15 37 153
15 151 1
136 246 246
26 207 208
74 215 215
173 192 1
139 238 247
46 208 1
126 192 208
47 173 127
104 150 227
71 95 1
20 105 173
189 199 182
234 238 238
45 201 83
174 225 1
22 248 1
44 132 1
1 235 1
43 205 173
95 158 27
15 133 54
176 208 1
169 211 1
2 52 1
182 197 197
58 92 1
213 214 213
84 174 112
124 214 1
237 248 98
40 206 1
49 227 227
104 174 1
116 179 208
101 223 227
227 235 227
79 216 174
33 115 186
13 83 1
89 124 208
115 186 186
129 243 1
17 54 1
144 190 227
48 162 151
149 158 247
33 109 227
15 159 153
42 138 3
97 189 227
142 170 142
41 137 147
134 226 1
153 174 208
11 237 227
109 193 227
186 223 247
32 86 156
55 85 27
5 120 1
13 246 246
149 172 82
110 147 147
242 245 208
60 86 253
168 246 1
56 110 110
123 252 252
63 202 252
162 169 1
62 126 208
109 114 114
148 161 147
58 169 110
193 229 1
26 239 89
30 183 63
109 152 127
234 244 227
24 215 1
108 185 1
167 200 127
105 202 1
179 228 208
48 245 1
64 147 1
198 206 1
205 243 213
1 34 1
16 239 156
116 122 208
9 82 1
110 151 1
75 196 1
49 160 213
1 14 1
8 133 126
13 31 1
26 125 89
3 80 156
77 197 197
93 183 1
72 106 195
38 141 95
1 246 1
19 185 82
67 128 197
109 161 1
146 220 227
146 178 227
39 247 1
6 126 253
105 148 1
58 97 1
8 49 1
52 63 63
80 99 1
29 193 27
179 239 83
27 203 1
116 129 110
15 39 3
79 207 142
47 222 182
189 220 227
88 209 156
1 196 1
160 188 213
62 224 112
41 223 1
171 247 247
30 75 30
134 209 208
108 208 208
104 139 27
32 57 195
20 103 1
105 131 1
11 44 44
74 115 1
115 203 1
37 54 54
33 54 1
105 217 1
150 214 173
18 108 147
36 100 1
32 78 208
71 116 208
22 41 208
166 184 112
10 27 27
144 232 97
10 154 98
83 230 83
84 111 169
52 236 215
110 129 110
7 174 1
35 86 253
69 121 1
117 205 227
112 170 112
158 227 227
159 190 1
40 207 208
27 73 227
120 197 197
6 208 208
180 253 156
19 120 227
193 227 227
32 72 254
96 213 1
111 249 1
238 247 247
188 204 227
83 134 208
37 210 156
169 190 1
20 61 1
46 146 127
66 169 110
19 91 91
139 204 194
98 248 98
48 209 1
100 118 195
44 109 127
37 229 54
53 239 156
147 202 147
9 191 252
58 131 147
40 179 83
143 242 1
35 40 156
149 226 227
171 192 1
35 75 208
86 89 156
146 190 246
25 75 208
123 169 147
22 220 1
22 106 195
36 52 1
29 92 95
51 106 1
147 164 1
25 126 156
78 131 255
3 138 3
169 174 112
148 253 208
114 251 197
140 236 1
104 200 227
79 236 147
57 192 208
43 206 227
25 192 208
46 201 1
10 13 227
54 143 1
95 97 151
38 48 38
114 216 1
9 62 147
60 104 1
65 156 156
121 200 114
78 139 1
48 97 151
86 133 145
78 228 255
99 250 127
105 112 1
152 243 213
96 110 208
57 61 208
69 176 1
112 233 1
30 168 147
48 171 27
113 249 127
81 252 1
22 161 208
94 155 114
24 158 227
17 110 1
61 160 1
11 74 1
74 81 1
38 53 1
1 30 1
143 221 1
17 25 1
35 156 156
1 6 1
33 252 1
42 196 1
16 165 1
26 241 83
77 249 77
181 198 168
164 182 182
151 236 1
127 200 127
91 99 227
47 224 1
136 143 213
65 184 208
121 196 227
97 245 1
1 47 1
1 213 1
67 200 197
127 160 127
92 156 1
123 187 1
155 247 227
85 220 247
90 177 1
75 94 1
161 224 112
135 223 1
19 51 247
76 167 1
52 213 1
204 228 1
80 164 1
92 256 27
5 253 54
139 216 1
145 253 253
31 107 217
59 196 227
70 208 208
56 160 1
4 126 208
132 147 147
133 169 208
91 185 91
92 225 151
27 157 27
25 237 1
85 252 1
82 152 227
95 215 1
1 169 1
99 178 227
25 180 89
173 229 1
86 229 253
104 211 104
42 140 1
168 219 208
123 183 252
98 151 151
3 219 3
31 137 255
132 208 208
69 210 156
73 190 190
102 243 136
28 90 97
18 61 147
27 143 227
58 192 112
140 169 1
90 176 178
55 172 27
1 182 1
72 193 1
90 163 1
171 195 1
163 218 89
42 178 1
173 233 173
91 176 27
222 244 182
26 57 83
136 209 1
17 213 213
96 245 208
155 192 1
58 161 112
112 248 1
29 212 27
30 132 252
24 250 250
89 238 1
52 203 208
59 222 182
16 52 208
102 188 246
70 241 208
176 239 1
101 243 213
42 175 1
5 53 3
22 205 1
125 195 83
1 157 1
3 169 208
132 249 1
115 242 1
49 187 227
19 204 91
93 238 93
10 227 227
238 256 247
73 243 246
154 162 151
37 74 208
111 255 147
114 227 227
33 172 247
1 248 1
74 126 208
95 125 1
70 132 147
224 235 1
99 155 127
130 202 1
28 159 1
14 177 1
55 138 1
42 92 1
99 190 246
101 102 213
66 229 208
16 71 229
200 236 1
8 138 54
161 227 1
25 236 208
234 253 1
54 214 1
35 89 156
45 132 208
34 164 197
143 243 213
74 255 215
74 225 1
114 115 227
15 200 1
251 253 1
93 186 193
72 135 22
24 135 1
34 227 227
89 209 89
132 186 1
145 207 208
19 206 27
50 113 213
119 186 27
99 221 1
165 178 227
181 197 1
95 104 151
73 82 227
63 215 215
1 41 1
13 76 1
59 164 120
57 230 57
21 157 104
13 20 213
39 65 156
96 177 253
86 183 208
70 150 1
8 203 8
53 54 54
104 227 227
103 122 208
32 191 208
54 86 54
58 184 110
196 256 91
125 145 156
34 205 127
2 219 1
135 180 83
51 92 27
105 173 173
61 187 1
124 197 1
69 107 208
34 36 114
79 192 142
5 223 1
135 201 83
146 161 1
75 221 252
149 204 91
4 228 68
106 118 195
99 156 1
189 195 1
26 195 83
92 180 1
79 111 112
46 94 200
2 206 227
90 171 27
37 162 1
112 226 1
3 5 3
134 245 112
196 220 91
1 106 1
94 97 227
23 83 83
115 240 1
141 227 227
64 111 1
32 218 83
2 236 1
125 137 208
113 189 127
53 138 3
4 61 131
98 216 1
40 41 208
46 79 1
233 246 213
51 133 1
98 249 227
4 236 68
4 238 1
157 175 27
175 247 247
42 165 1
17 167 246
20 225 227
47 210 1
38 135 1
55 204 27
10 55 95
56 66 168
92 216 1
114 164 197
57 82 1
21 232 178
102 197 127
65 80 89
239 242 80
161 241 208
226 251 197
44 227 227
214 252 1
21 79 1
36 128 155
52 93 1
100 152 1
28 227 227
30 206 1
112 169 112
220 231 227
72 74 208
50 102 246
7 248 95
48 146 227
130 251 182
20 246 213
67 120 182
109 213 127
156 170 208
41 170 142
215 228 215
109 189 197
7 30 1
18 195 208
120 121 197
115 158 171
30 122 208
115 226 227
85 136 227
122 160 1
48 155 227
123 132 221
29 154 98
90 99 227
206 239 1
37 85 1
57 155 1
158 175 158
145 241 156
92 227 227
34 63 1
56 169 110
62 166 62
69 241 156
83 208 208
90 142 1
103 223 1
41 138 208
96 203 253
75 185 1
131 225 1
8 255 208
12 64 193
3 197 1
33 83 1
57 255 208
19 228 1
1 180 1
73 102 246
32 192 208
50 218 1
87 159 208
5 181 208
7 119 119
85 238 93
8 82 1
95 227 227
3 134 208
37 232 1
11 29 227
3 233 1
1 195 1
54 133 54
27 191 1
14 185 185
192 219 208
113 225 227
27 212 27
69 140 1
190 232 227
1 245 1
100 106 57
149 192 1
27 234 27
98 141 98
18 210 208
149 176 27
6 16 229
75 177 208
127 199 127
22 230 195
97 208 1
92 243 227
110 142 112
57 242 83
1 54 1
37 42 42
189 197 197
94 250 197
26 97 1
26 236 208
93 101 227
167 188 44
20 118 1
7 106 1
139 149 91
2 225 227
187 225 178
143 233 143
146 213 213
35 80 156
130 193 227
61 66 147
49 197 127
147 198 147
57 231 1
7 204 27
139 212 194
111 198 110
34 46 200
97 154 151
166 241 208
88 244 1
27 137 1
90 214 227
166 168 112
3 237 1
21 141 151
122 247 1
6 99 1
7 8 1
45 229 156
53 253 54
125 209 89
153 210 156
1 22 1
64 65 1
58 198 168
65 169 208
114 126 1
86 241 156
156 195 156
20 229 1
176 202 1
20 141 227
113 255 1
235 250 235
17 251 127
98 119 95
8 249 1
2 101 101
172 176 27
186 240 1
181 233 1
28 97 97
168 176 1
55 65 1
172 252 1
86 220 1
98 209 1
9 132 132
187 207 1
14 237 27
117 182 227
7 233 227
10 208 1
81 181 1
175 238 193
66 82 1
120 125 1
226 246 127
44 197 127
111 143 1
51 238 238
42 208 208
22 118 254
66 202 147
57 110 208
209 239 89
238 246 227
128 251 197
50 166 1
115 175 171
76 199 1
107 148 108
114 249 114
6 179 156
148 205 1
104 237 151
37 53 153
97 173 227
148 180 208
1 98 1
65 152 1
83 115 1
6 118 156
136 197 127
127 165 127
37 203 54
52 215 215
160 168 1
164 253 1
6 212 1
135 254 254
127 213 127
43 92 227
64 186 193
47 127 127
2 233 173
65 234 1
47 50 127
92 147 1
140 174 1
32 171 1
156 167 1
44 70 1
187 232 178
108 217 108
8 144 1
8 93 1
144 178 178
158 186 171
10 113 227
199 250 182
60 163 156
94 200 200
25 133 156
2 251 127
63 122 208
129 161 112
147 181 147
78 105 1
128 165 127
82 135 1
128 140 114
68 217 255
19 202 1
33 75 1
52 92 1
33 113 227
97 248 151
9 16 208
187 251 227
16 32 156
122 181 208
111 166 112
57 118 195
40 248 1
27 55 27
84 241 208
163 186 1
2 84 1
22 173 1
151 248 151
70 84 112
1 118 1
140 197 197
190 223 227
70 155 1
12 76 1
117 187 178
3 140 1
162 232 178
80 177 156
97 165 227
8 32 156
205 234 227
36 57 1
178 232 178
76 252 252
22 72 22
58 162 1
6 34 1
17 33 227
181 200 1
22 74 208
13 103 1
101 209 1
8 117 1
159 177 54
20 165 173
53 153 153
32 137 208
43 150 150
26 65 65
51 85 93
99 243 136
72 159 156
93 254 1
89 201 89
29 62 1
23 45 100
108 169 147
48 90 151
156 216 208
63 238 1
67 209 1
151 201 1
5 237 1
65 183 208
97 211 178
136 178 227
107 250 1
42 203 54
49 125 1
63 221 252
69 247 1
27 193 27
82 160 227
51 175 193
140 156 1
65 131 208
112 129 112
1 117 1
74 221 252
168 201 208
166 181 112
19 238 247
24 94 197
150 220 227
30 235 1
95 141 95
57 217 208
147 246 1
98 229 1
32 134 208
13 36 127
111 128 1
215 232 1
12 65 1
36 226 114
202 216 147
168 239 208
133 152 1
217 231 1
49 126 1
93 234 93
129 245 110
27 81 27
148 160 1
82 90 27
81 213 227
178 236 1
22 23 195
89 198 208
114 235 197
117 133 1
51 186 193
1 3 1
41 56 112
81 104 27
40 115 1
129 191 147
108 137 255
151 206 151
100 103 208
32 144 1
35 208 208
12 227 227
54 88 54
1 214 1
80 157 1
14 215 1
34 47 197
40 65 89
66 184 110
36 116 1
25 210 209
34 163 1
19 26 1
17 134 1
3 153 3
18 242 208
111 154 1
41 207 142
2 182 127
130 227 227
26 83 83
55 239 1
31 74 215
23 44 1
189 240 1
183 208 208
169 181 110
140 155 114
194 227 227
190 222 127
113 121 127
11 101 213
144 184 1
157 233 227
77 89 1
137 228 137
40 117 1
153 193 1
64 253 1
212 220 212
133 178 1
113 155 127
82 114 227
66 132 147
108 131 255
161 190 1
146 244 127
114 155 114
136 202 1
121 163 1
24 102 127
27 224 1
51 142 1
103 216 147
99 143 213
1 15 1
20 44 213
54 97 1
163 209 89
46 244 197
173 189 127
21 180 1
66 111 110
82 166 1
23 166 208
112 229 208
193 232 27
183 190 1
78 160 1
8 13 1
1 101 1
124 134 142
199 256 227
13 232 227
23 80 83
128 249 155
146 227 227
147 175 1
98 103 1
60 159 54
91 154 27
49 209 1
182 249 197
159 171 1
72 85 1
43 176 227
203 229 253
121 136 127
86 251 1
75 96 208
54 108 208
141 245 1
54 126 54
92 242 1
75 145 208
11 105 213
165 213 213
32 83 83
28 104 178
92 223 27
81 186 193
96 229 229
202 204 1
144 246 227
102 143 213
173 246 213
18 235 1
171 184 1
53 142 208
172 196 196
34 73 127
94 173 127
99 227 227
58 102 1
58 245 110
21 243 227
140 250 197
52 205 1
155 197 197
140 168 1
174 200 1
84 167 1
61 203 208
73 227 227
90 156 1
130 235 182
129 177 208
152 205 173
160 163 1
134 224 112
30 41 147
6 26 156
143 165 173
145 254 156
19 135 1
144 151 151
105 206 227
209 218 65
106 201 83
64 185 247
130 249 197
160 214 173
36 164 197
40 156 156
42 133 54
146 235 127
31 61 255
166 249 1
67 231 197
32 230 195
19 27 27
116 245 116
122 219 3
142 207 142
163 208 208
122 138 5
155 169 1
149 184 1
44 179 1
116 181 110
97 153 1
208 217 208
133 159 54
68 114 1
41 46 1
222 227 227
128 215 1
72 229 156
112 231 1
221 231 1
162 241 1
199 203 1
1 204 1
29 256 27
51 138 1
43 152 150
91 149 91
29 116 1
7 164 227
87 156 208
60 245 208
23 231 1
158 217 1
149 197 227
6 229 229
54 65 156
178 242 1
9 252 252
167 246 246
72 213 1
20 145 1
29 129 1
12 233 227
158 171 171
65 247 1
178 204 27
176 232 178
1 88 1
38 92 38
2 94 127
52 216 147
175 232 27
47 90 227
30 52 63
14 227 227
44 152 213
36 222 197
194 212 194
104 108 1
121 219 1
4 68 68
26 140 1
152 227 227
125 230 83
32 118 118
65 210 65
54 185 1
53 159 153
69 83 156
69 76 208
23 142 208
19 131 1
139 173 227
67 235 235
180 201 89
179 255 208
116 207 112
77 199 197
23 209 83
14 51 247
43 155 127
120 140 197
129 137 147
93 178 27
55 237 95
67 133 1
46 49 127
25 30 208
94 221 1
135 221 208
104 188 227
33 81 193
41 181 112
169 182 1
13 27 227
166 240 208
29 47 227
208 253 208
54 221 208
26 89 89
93 164 227
59 143 127
5 34 1
161 164 1
188 255 1
170 208 208
57 241 57
66 198 168
44 188 44
54 162 1
33 204 247
68 223 1
84 243 1
40 208 208
1 51 1
170 249 1
150 209 1
2 43 173
112 152 1
181 215 147
63 76 252
89 242 89
212 216 1
21 162 104
177 250 1
230 250 1
49 73 246
180 185 1
104 251 227
27 28 27
138 142 208
18 168 112
66 116 110
122 146 1
58 135 208
10 233 227
229 253 253
69 172 1
82 220 91
87 148 148
83 195 83
38 226 227
136 146 136
10 95 95
34 250 197
1 110 1
80 88 156
172 226 227
3 42 3
98 124 1
1 93 1
109 134 1
83 89 83
125 254 83
95 100 1
38 183 1
64 234 93
180 218 89
147 241 208
62 131 147
110 190 1
27 232 27
49 224 1
31 132 215
46 188 127
1 112 1
77 109 155
129 156 208
31 228 255
109 140 114
167 244 127
4 30 215
41 53 208
19 117 27
1 103 1
140 180 1
116 208 208
29 117 151
55 218 1
47 231 197
9 31 215
24 224 1
73 213 213
5 252 208
132 182 1
107 183 215
93 171 193
49 59 127
1 52 1
111 169 169
39 120 1
9 208 208
8 211 1
74 243 1
139 244 227
37 166 208
15 106 156
1 44 1
147 215 147
13 70 1
94 188 127
3 16 54
1 63 1
61 208 208
157 200 227
102 155 127
131 186 1
11 94 127
100 212 1
8 113 1
164 244 199
56 147 147
5 122 5
125 233 1
127 188 127
31 92 1
205 247 227
59 214 127
70 124 142
59 171 227
63 93 1
172 215 1
49 99 136
122 133 54
238 253 1
32 128 1
108 236 255
52 188 1
161 185 1
100 241 57
227 247 227
148 224 147
209 242 89
104 254 1
77 84 1
137 217 255
135 253 156
71 191 208
165 248 227
188 190 50
63 208 208
213 234 227
71 122 54
93 155 227
7 139 27
108 127 1
97 148 1
54 192 208
193 254 1
159 219 153
131 216 147
224 251 1
72 107 208
14 149 185
103 124 147
118 157 1
132 170 147
42 72 156
34 197 197
200 222 197
49 115 227
226 249 114
16 251 1
212 232 27
42 231 1
190 205 213
24 246 127
94 216 1
22 166 208
91 158 247
120 226 197
80 131 208
173 188 213
46 173 127
1 159 1
80 198 208
110 116 110
78 120 1
13 65 1
60 126 253
109 231 114
94 226 34
1 26 1
128 208 1
1 226 1
47 114 197
166 198 112
191 252 252
41 147 147
9 66 147
61 116 147
151 217 1
126 145 126
129 208 208
50 127 127
3 19 1
78 148 148
26 31 208
49 136 136
9 153 208
96 152 1
73 146 246
107 163 208
38 206 38
138 240 240
6 197 1
6 108 208
36 71 1
101 113 165
27 97 27
42 122 3
54 132 208
87 168 147
17 27 227
31 208 208
78 194 1
58 254 208
12 160 227
83 102 1
190 233 213
54 203 54
141 187 151
21 176 104
97 126 1
15 164 1
2 71 1
205 213 213
110 125 208
62 237 1
60 131 208
10 31 1
193 220 247
37 48 1
10 84 1
93 188 227
85 172 247
3 56 208
24 164 182
43 140 127
157 176 162
41 217 147
25 54 156
22 204 1
25 231 1
179 210 83
167 214 213
39 88 5
27 85 27
135 234 1
171 216 1
141 162 151
88 238 1
101 105 165
160 212 227
112 208 208
119 180 1
22 195 195
1 42 1
64 172 247
70 128 1
21 187 21
182 248 227
26 254 83
37 88 3
9 59 1
60 136 1
9 255 215
212 238 247
59 223 227
25 220 1
103 141 1
17 113 213
50 173 213
179 241 195
68 132 215
127 203 1
13 190 190
81 161 1
41 42 208
95 156 1
22 180 83
141 176 151
8 44 1
56 111 110
51 253 1
194 237 27
41 185 1
128 179 1
212 251 227
35 224 208
65 71 156
86 101 1
46 77 114
186 227 227
18 112 112
185 223 91
140 232 227
186 233 227
76 231 1
62 203 208
22 122 156
16 39 54
153 229 54
243 252 1
56 104 1
14 194 91
117 225 97
8 214 1
5 88 5
72 125 83
71 92 1
38 83 1
124 161 142
23 228 208
13 107 1
184 224 224
169 255 147
64 102 227
159 253 54
86 197 1
247 248 27
169 245 169
85 227 227
222 251 67
142 161 142
151 253 1
230 254 195
172 223 91
76 213 1
38 87 1
3 29 1
5 106 156
117 234 27
105 171 227
46 205 127
113 232 227
83 187 1
121 215 1
94 140 200
38 84 1
68 182 1
43 233 143
119 239 1
136 243 136
48 179 1
119 140 227
48 141 95
148 214 1
26 107 208
110 112 112
151 157 151
131 183 215
12 232 27
118 192 208
14 112 1
81 174 1
127 183 1
30 203 208
162 183 1
163 248 1
193 204 247
63 146 1
78 133 208
175 186 171
75 191 63
227 232 227
1 81 1
47 166 1
12 115 171
1 212 1
48 128 227
233 253 1
38 118 1
70 207 170
117 183 1
114 140 114
1 7 1
45 195 195
154 190 227
85 115 193
109 115 227
51 194 247
78 127 1
19 212 91
92 248 95
50 239 1
115 157 27
162 178 178
135 179 254
131 236 68
10 79 1
102 213 213
15 219 53
35 122 54
161 194 1
204 227 227
5 191 208
29 225 151
38 142 1
59 246 127
174 202 147
5 117 1
101 211 227
14 138 1
99 150 213
10 206 95
196 237 27
88 245 208
88 138 5
105 233 173
50 215 1
127 205 127
11 252 1
128 222 197
38 119 38
8 159 54
170 253 208
40 183 208
31 171 1
216 224 112
99 134 1
28 93 27
122 221 208
129 163 208
94 241 1
98 232 151
88 163 156
34 109 114
23 40 83
46 194 227
246 253 1
12 184 1
56 72 208
204 248 27
15 30 208
122 195 156
15 156 156
101 134 1
19 175 247
67 213 127
53 219 53
106 242 83
2 20 173
25 156 156
9 101 1
16 113 1
73 161 1
47 237 227
67 177 1
28 178 178
185 202 1
101 164 127
12 148 1
114 117 227
196 247 247
74 160 1
71 98 1
8 254 156
99 247 227
12 93 193
149 220 91
195 242 83
139 196 91
13 33 227
49 51 227
117 189 227
35 48 1
101 219 1
75 208 208
136 179 1
4 137 68
181 218 208
123 210 208
128 155 155
39 254 156
147 166 147
1 5 1
30 123 252
26 72 83
62 194 1
38 225 151
83 179 83
71 253 253
41 132 147
117 197 227
26 209 65
116 254 208
174 252 147
66 224 110
204 223 194
113 213 213
9 246 1
8 62 208
40 42 156
83 125 83
56 164 1
61 137 68
59 157 227
32 176 1
162 173 227
18 107 147
144 225 97
182 227 227
7 46 227
48 184 1
186 213 227
62 186 1
54 123 208
30 43 1
20 67 127
31 194 1
38 211 151
53 100 156
222 235 235
81 238 93
42 219 153
130 167 127
2 53 1
91 229 1
125 210 89
178 254 1
122 177 54
146 243 243
41 215 147
2 247 227
21 22 1
92 151 151
27 98 27
113 177 1
59 168 1
45 219 156
119 161 1
57 204 1
77 191 1
182 222 182
99 220 227
150 236 1
50 67 127
173 181 1
43 213 213
187 247 27
36 235 197
96 156 156
140 182 197
28 187 178
115 147 1
70 174 142
80 239 80
166 174 62
56 86 208
26 154 1
53 88 3
91 254 1
79 110 112
159 208 208
130 222 182
4 143 1
140 201 1
50 190 50
69 147 208
42 88 3
71 209 156
241 242 83
148 190 1
5 107 208
163 235 1
47 249 197
94 182 197
178 248 151
189 252 1
154 198 1
18 142 142
235 251 235
62 135 208
27 90 27
182 205 127
39 91 1
7 10 95
13 152 213
43 173 173
213 243 213
115 233 227
80 226 1
72 214 1
153 206 1
127 190 127
225 242 1
90 189 227
18 62 142
21 97 178
37 40 156
83 242 83
108 141 1
54 96 54
16 125 156
134 161 170
108 215 215
143 152 150
11 188 11
17 201 1
92 93 27
108 189 1
127 167 127
152 246 213
27 33 27
120 235 182
12 238 193
98 113 227
27 176 27
64 238 93
36 197 197
1 164 1
238 239 1
53 132 208
89 132 208
54 138 54
130 224 1
130 143 127
54 208 208
131 255 255
20 76 1
67 164 182
20 206 227
73 242 1
2 205 165
136 162 227
34 155 114
16 45 156
40 111 208
64 89 1
36 83 1
10 141 98
36 242 1
21 255 1
132 202 132
32 135 254
11 187 227
110 203 208
105 165 165
110 181 110
48 176 151
79 112 112
1 233 1
54 229 54
22 47 1
82 91 91
33 194 247
26 130 1
8 42 54
57 83 83
53 122 3
121 130 197
152 215 1
65 75 208
161 207 170
57 177 156
122 127 1
188 234 227
92 206 92
146 159 1
84 228 147
178 211 178
115 196 247
45 118 195
8 109 1
111 213 1
32 254 254
32 39 156
2 142 1
214 218 1
60 150 1
159 201 156
9 228 215
1 205 1
15 218 156
33 137 1
1 225 1
39 138 240
106 195 195
129 189 1
67 109 197
13 182 127
15 226 1
36 173 127
83 209 83
42 126 54
34 162 227
95 211 151
119 210 1
27 142 1
112 180 208
12 157 27
4 132 215
39 110 208
28 71 1
21 126 1
71 203 253
180 233 1
39 54 54
21 154 151
65 125 89
134 243 1
64 170 1
133 156 156
41 124 41
99 130 127
90 243 227
51 139 247
102 222 127
12 167 227
58 181 58
139 232 27
9 178 1
158 216 1
12 228 1
223 225 27
164 215 1
83 235 1
4 247 1
34 219 1
131 215 215
186 222 227
153 154 1
66 75 147
30 45 208
119 146 227
240 253 54
120 187 227
146 167 246
100 208 208
186 195 1
219 224 208
38 61 1
210 239 89
30 147 147
75 211 1
188 233 213
72 219 156
224 245 169
167 190 50
135 232 1
73 172 227
12 186 171
76 202 221
244 250 182
173 174 1
33 229 1
188 213 213
48 242 1
38 105 227
110 132 147
245 252 147
194 211 27
85 88 1
153 172 1
37 208 208
66 170 112
239 240 156
82 113 227
142 174 142
8 253 253
29 48 95
19 121 227
51 164 227
162 227 227
142 252 147
29 250 227
4 7 1
213 221 1
73 127 127
3 112 208
118 218 83
35 60 229
41 211 1
140 175 227
55 165 227
99 171 227
77 248 227
40 185 1
185 219 1
219 240 3
24 199 182
19 166 1
15 153 153
80 210 89
38 218 1
24 244 182
124 221 147
143 240 1
78 186 1
162 214 227
167 215 1
77 179 1
112 130 1
33 94 227
6 253 253
82 256 91
76 138 208
28 31 1
38 49 227
105 205 113
67 251 67
228 254 208
44 63 1
1 122 1
86 208 208
35 216 208
143 197 127
63 134 147
34 140 200
144 197 227
42 240 3
161 232 1
165 207 1
129 147 147
74 194 1
127 243 127
134 252 147
115 161 1
158 234 193
151 163 1
23 242 83
136 241 1
19 210 1
62 142 142
38 43 227
17 214 213
3 83 156
54 177 54
9 131 215
2 128 127
122 156 156
244 248 227
68 228 68
76 215 215
26 163 89
128 226 114
177 191 208
173 235 127
119 124 1
165 196 227
1 161 1
81 231 227
143 199 127
60 89 156
59 235 182
130 239 1
204 212 212
101 195 1
106 173 1
8 52 208
27 82 27
33 171 171
111 199 1
70 181 112
84 251 1
111 181 110
123 188 1
7 98 95
157 170 1
56 224 110
47 164 120
58 132 147
127 150 127
57 130 1
120 246 127
143 241 1
131 147 147
56 167 1
12 188 227
50 243 246
68 137 68
130 172 227
169 219 208
120 222 182
1 194 1
102 105 213
228 250 1
182 206 227
116 256 1
172 241 1
29 35 1
20 143 150
123 190 1
106 153 156
123 158 1
97 162 178
24 185 227
12 51 193
61 217 255
11 151 227
41 70 142
59 138 1
87 217 108
64 110 1
110 245 110
156 209 156
190 213 213
9 68 215
18 152 1
18 181 112
12 103 1
129 216 112
162 222 227
8 160 1
6 159 54
1 147 1
48 238 27
25 125 89
79 213 1
35 117 1
138 163 156
50 100 1
73 79 1
202 224 147
38 154 95
22 88 156
55 89 1
80 218 89
71 133 253
10 204 27
244 249 197
72 191 208
27 117 27
84 186 1
31 174 147
3 54 54
32 240 156
2 155 127
37 253 54
149 242 1
147 216 147
165 211 227
95 164 227
148 221 215
196 251 227
115 127 227
4 110 147
11 132 1
75 147 147
29 227 227
129 148 147
87 251 1
16 190 1
31 221 215
10 29 10
30 51 1
35 197 1
110 209 208
45 218 83
59 175 227
55 227 227
12 172 247
11 165 213
1 94 1
86 88 54
110 169 110
26 217 208
18 83 208
100 192 208
25 199 1
156 207 208
1 247 1
59 83 1
108 255 255
19 149 82
56 73 1
119 166 1
2 140 127
78 175 1
95 122 1
68 147 147
75 134 147
130 188 127
205 233 173
122 188 1
27 158 27
1 46 1
230 239 83
57 89 83
45 65 83
65 243 1
59 249 197
115 231 227
152 220 227
120 231 197
66 166 112
72 201 83
47 223 227
99 117 227
4 124 147
1 238 1
96 230 156
17 136 136
112 124 112
124 132 147
48 95 95
1 240 1
183 184 147
113 140 127
1 82 1
6 35 71
39 209 156
194 201 1
109 123 1
113 256 227
47 189 182
58 121 1
226 240 1
111 150 1
117 228 1
1 123 1
48 119 119
91 220 91
64 227 227
117 173 227
208 218 208
45 209 83
217 230 208
54 59 1
42 159 42
23 195 195
2 152 173
29 133 1
178 225 178
49 195 1
80 195 83
23 108 208
199 240 1
59 230 1
3 172 1
95 232 151
15 98 1
157 237 151
47 191 1
19 82 82
72 152 1
107 255 255
11 190 50
192 195 208
58 86 208
70 116 112
5 190 1
56 84 110
179 182 1
3 53 3
234 247 247
79 186 1
53 65 156
138 156 156
59 140 197
47 199 120
127 138 1
84 232 1
205 219 1
6 105 1
29 189 227
1 215 1
82 223 91
97 216 1
26 223 1
201 250 1
16 225 1
160 205 173
65 89 89
118 136 1
74 166 147
215 252 215
39 168 208
223 227 227
1 201 1
99 228 1
48 164 227
85 158 193
54 219 54
147 174 147
195 221 208
42 187 1
35 96 229
89 195 83
74 253 208
52 147 147
92 212 27
181 191 147
81 144 27
151 223 27
12 146 227
53 156 156
246 255 1
14 52 1
40 199 1
52 74 63
169 237 1
43 91 227
39 190 1
161 168 112
68 233 1
90 194 27
66 110 110
71 153 54
51 195 1
27 167 227
68 115 1
98 217 1
155 213 127
32 40 83
54 68 208
55 152 227
1 152 1
89 141 1
25 157 1
162 243 227
31 236 255
110 167 1
147 169 147
5 153 3
115 234 193
194 220 194
151 187 151
79 166 62
50 128 127
66 86 208
31 112 147
80 89 89
115 171 171
66 203 208
23 33 1
25 26 65
210 236 208
46 98 227
1 234 1
87 213 1
112 214 1
182 212 227
50 124 1
77 231 114
149 207 1
147 227 1
10 92 95
200 256 227
17 146 136
52 131 215
87 150 1
154 164 227
58 129 168
91 223 91
109 130 197
78 255 255
2 214 101
235 256 227
94 218 1
151 177 1
76 85 1
70 79 142
86 156 156
83 170 208
184 250 1
134 170 170
167 199 127
83 108 208
30 176 1
239 245 208
83 218 83
40 242 80
27 46 227
118 213 1
120 251 182
42 168 208
241 248 1
66 127 1
32 241 195
33 51 193
124 127 1
2 203 1
127 244 127
35 236 208
16 243 1
73 217 1
25 166 208
9 168 147
101 132 1
150 160 150
133 145 145
145 249 1
117 232 97
87 132 215
143 162 227
57 106 57
5 40 156
123 229 208
26 126 156
91 172 91
1 78 1
178 218 1
30 224 147
128 211 227
67 134 1
17 49 136
32 45 195
51 103 1
136 185 227
166 205 1
142 190 1
40 201 89
180 254 83
15 184 208
68 131 68
14 222 227
73 133 1
139 240 1
210 230 83
72 183 208
120 130 120
66 173 1
34 127 127
68 78 255
66 147 147
19 33 247
13 64 227
114 224 1
77 226 114
42 183 208
42 220 1
21 220 27
63 233 1
32 154 1
96 144 1
60 162 1
42 211 1
102 227 227
10 104 151
51 204 247
90 219 1
55 155 227
172 227 227
20 194 227
91 224 1
179 230 195
173 243 213
83 201 83
154 197 227
46 214 127
131 135 208
61 148 255
148 237 1
139 157 27
107 252 215
69 123 208
178 191 1
191 207 147
64 104 27
97 101 227
44 117 227
141 191 1
140 227 227
40 223 1
4 163 208
130 182 182
168 203 208
15 122 3
124 166 41
109 245 1
33 238 193
192 224 112
60 217 208
66 215 147
9 217 215
223 248 27
1 242 1
11 243 246
20 158 227
20 53 1
184 220 1
1 186 1
8 54 54
72 90 1
1 19 1
107 134 147
65 209 65
14 98 27
49 127 127
78 107 108
52 151 1
102 127 127
78 102 1
102 137 1
31 100 208
28 157 178
42 120 1
126 167 1
127 245 1
46 121 114
137 147 147
11 251 127
56 158 1
26 69 156
140 152 127
15 161 208
194 243 227
125 218 89
40 100 83
22 32 254
13 228 1
165 186 227
105 188 213
58 239 208
154 167 227
22 231 1
29 86 1
136 210 1
29 90 151
156 181 208
127 227 227
113 165 165
102 173 213
100 173 1
181 184 110
140 231 231
17 73 246
191 216 147
32 201 83
25 109 1
16 35 229
69 204 1
46 95 227
51 91 247
147 208 208
12 182 227
42 55 1
188 243 246
15 77 1
193 194 247
176 177 1
196 199 227
137 160 1
16 203 253
88 187 1
54 135 156
62 232 1
13 211 227
64 189 227
206 248 95
84 217 147
7 220 27
151 167 227
41 79 62
101 130 127
35 54 54
35 171 1
184 198 110
115 119 27
92 95 95
164 189 182
113 246 213
168 245 110
18 163 208
6 133 253
103 190 1
105 211 227
122 162 1
19 139 91
1 197 1
110 222 1
95 126 1
60 62 208
132 194 1
3 25 156
7 161 1
175 193 193
100 195 195
104 255 1
48 159 1
71 132 208
62 146 1
56 256 1
44 183 1
50 121 127
5 6 54
1 145 1
96 114 1
78 87 148
33 134 1
113 192 1
153 225 1
34 141 227
131 235 1
173 205 173
102 177 1
87 107 108
34 106 1
3 243 1
58 150 1
37 69 3
127 193 227
91 101 227
78 171 1
64 75 1
163 232 1
218 242 89
135 151 1
145 229 253
180 234 1
18 21 1
20 173 173
18 111 112
120 244 120
100 136 1
58 112 112
50 245 1
126 156 156
90 187 178
68 148 255
19 172 196
134 231 1
59 142 1
149 236 1
67 255 1
214 225 227
60 80 156
193 210 1
200 244 197
4 97 1
97 197 227
40 162 1
21 90 178
2 120 127
11 124 1
93 149 247
52 221 252
27 60 1
27 178 27
57 71 156
146 223 227
4 60 208
212 227 227
202 215 215
226 235 197
116 168 110
165 167 213
9 123 221
72 155 1
32 145 156
84 177 208
152 176 227
64 236 1
94 207 1
83 174 208
121 127 127
28 37 1
127 204 227
8 26 156
188 227 227
24 33 227
23 61 208
139 210 1
8 232 1
23 86 156
114 191 1
83 180 83
42 216 208
170 223 1
55 94 227
32 147 208
81 188 227
93 227 227
85 134 1
6 148 208
30 103 252
4 131 131
224 240 208
46 207 1
128 234 227
57 117 1
13 97 227
66 168 168
49 184 1
112 187 1
28 225 232
127 197 127
139 248 27
106 156 156
59 104 227
103 187 1
96 242 156
85 200 227
43 186 227
14 75 1
26 242 89
38 91 27
200 249 114
162 246 227
109 148 1
120 200 197
88 208 208
133 253 253
74 236 215
61 79 147
49 188 246
40 241 83
53 75 208
139 185 91
17 188 246
169 216 112
9 113 1
1 139 1
70 115 1
129 198 56
145 237 1
49 167 246
143 158 227
79 189 1
125 156 156
9 179 208
5 82 1
211 237 151
37 153 153
8 70 208
106 179 195
119 145 1
50 116 1
34 226 34
144 152 227
6 86 253
176 185 27
203 256 1
187 206 151
29 124 1
159 175 1
52 156 208
123 185 1
217 252 215
115 255 1
132 211 1
57 232 1
227 249 227
1 168 1
89 118 83
8 69 54
36 62 1
88 161 208
8 118 156
37 150 1
38 162 151
21 206 151
3 208 208
61 95 1
56 188 1
100 202 208
227 245 1
87 218 208
110 216 112
143 205 173
70 134 170
224 243 1
135 189 1
24 235 235
60 203 253
1 84 1
7 55 38
15 244 1
31 255 255
100 210 83
6 193 1
49 64 227
130 204 227
147 219 208
32 95 1
71 247 1
97 178 178
228 255 255
119 237 95
152 166 1
59 109 197
35 39 54
99 138 1
43 165 173
21 27 27
123 192 147
60 253 253
101 248 227
105 152 173
15 128 1
220 241 1
9 77 1
65 242 89
204 229 1
17 101 213
175 210 1
217 236 255
137 219 208
208 236 208
66 242 208
20 43 150
33 190 227
147 243 1
93 237 27
109 227 227
66 108 147
112 161 112
164 198 1
98 123 1
35 123 208
35 253 253
123 215 215
26 210 65
105 162 227
112 230 208
118 135 254
185 189 227
3 149 1
13 208 1
157 183 1
93 249 227
101 227 227
38 234 27
134 171 1
175 233 227
10 54 1
74 191 63
128 141 227
118 249 1
76 139 1
45 106 57
1 39 1
78 215 215
28 114 227
98 238 27
168 198 168
53 201 156
91 206 27
197 241 1
200 209 1
24 88 1
45 241 57
66 211 1
103 247 1
15 50 1
154 237 98
60 174 208
80 199 1
74 83 208
26 211 1
68 91 1
85 175 193
75 141 1
108 113 1
70 184 112
164 169 1
16 37 54
58 171 1
161 181 112
115 214 227
159 163 156
134 254 208
6 252 208
166 226 1
140 222 197
149 224 1
92 98 95
13 116 1
85 193 193
9 25 208
110 136 1
106 172 1
216 241 208
200 227 227
118 156 156
7 255 1
30 191 63
77 140 114
212 241 1
65 230 83
13 234 227
42 69 3
117 119 151
41 142 142
165 227 227
55 141 95
47 233 127
67 132 1
1 104 1
70 236 147
19 146 227
76 100 208
207 217 147
24 234 227
153 219 153
6 188 1
63 110 147
27 162 27
28 51 27
44 127 127
176 211 104
91 139 91
158 244 227
1 144 1
133 229 253
59 236 1
86 226 1
1 143 1
95 98 95
106 240 156
15 209 156
16 241 156
17 57 1
156 234 1
98 157 151
159 246 1
47 255 1
197 235 197
25 242 89
227 248 227
76 123 103
82 227 227
88 97 1
104 187 104
34 251 197
16 215 208
107 215 215
46 231 231
148 153 208
42 156 156
94 121 114
35 159 54
38 95 95
135 208 208
59 139 227
56 166 112
48 92 38
75 230 208
112 171 1
135 241 195
104 144 178
63 73 1
80 143 1
96 246 1
194 204 194
19 66 1
204 217 1
83 150 1
13 55 227
15 138 3
24 127 127
49 253 1
49 142 1
134 207 207
64 203 1
119 217 1
67 155 197
61 111 147
34 86 1
52 134 147
163 201 89
82 126 1
30 115 1
79 224 112
130 150 127
52 132 252
82 185 82
189 222 235
50 78 1
121 190 127
84 147 147
22 24 1
22 156 156
29 51 27
73 188 50
22 101 1
126 215 208
47 91 227
155 226 114
246 254 1
76 183 252
116 184 169
46 182 197
15 111 208
35 126 253
138 153 3
83 153 156
52 78 215
180 240 156
76 94 1
93 233 227
156 159 156
8 152 1
27 105 227
70 169 112
71 155 1
38 98 95
87 202 215
225 250 227
16 122 54
40 218 89
208 245 208
96 208 208
1 68 1
11 202 1
17 77 127
116 230 208
152 244 127
173 178 227
1 114 1
18 170 170
43 154 227
147 184 147
201 249 1
4 232 1
80 129 208
134 166 142
171 177 1
7 92 38
29 71 1
16 54 54
1 156 1
26 53 156
198 224 110
191 221 252
69 189 1
12 207 1
111 174 112
185 222 227
26 227 1
130 208 1
57 225 1
8 208 208
102 167 246
61 174 147
57 79 208
104 123 1
73 84 1
139 223 223
35 181 208
150 208 1
5 75 208
48 55 38
234 250 227
49 223 227
2 148 1
79 142 142
152 203 1
13 102 246
77 120 197
93 196 247
27 58 1
7 39 1
42 193 1
22 111 208
31 216 147
50 188 50
114 127 127
84 184 224
109 128 109
27 223 27
129 166 112
17 68 1
41 239 208
25 241 83
1 216 1
14 66 1
156 210 156
1 115 1
80 201 89
8 60 253
75 76 252
75 115 1
2 156 1
133 138 54
223 231 227
108 195 208
32 244 1
132 224 147
43 203 1
137 138 208
56 112 112
72 236 208
10 210 1
79 219 208
1 231 1
37 119 1
186 212 247
62 124 62
199 255 1
128 189 197
53 130 1
166 207 142
132 177 208
177 200 1
46 226 200
82 232 27
114 243 127
107 208 208
13 216 1
18 194 1
48 197 227
118 195 195
22 100 195
148 177 208
97 149 27
1 24 1
37 65 156
186 198 1
21 144 178
67 173 127
156 254 156
14 219 1
4 182 1
196 233 227
112 134 112
204 211 27
135 217 208
1 222 1
71 246 1
31 108 108
26 231 1
24 28 227
87 223 1
20 88 1
120 218 1
151 182 227
74 202 252
75 103 252
118 224 208
1 109 1
11 127 127
42 246 1
30 74 30
32 238 1
21 160 227
97 176 178
181 246 1
106 180 83
5 79 208
58 84 110
94 165 127
112 147 147
12 31 1
68 154 1
43 187 227
68 169 147
217 228 255
10 160 227
56 175 1
13 160 213
137 215 215
17 65 1
18 208 208
72 86 156
59 87 1
78 202 215
129 132 147
202 211 1
70 112 112
181 209 208
14 134 1
49 110 1
76 115 1
35 145 253
59 199 120
134 159 208
30 167 1
76 113 1
122 132 208
74 111 147
12 256 247
89 243 1
36 245 1
62 163 208
86 105 1
108 249 1
213 232 227
25 68 208
24 145 1
30 228 215
182 256 227
51 226 227
101 152 173
138 186 1
156 218 156
59 113 127
93 207 1
79 237 1
179 256 1
35 71 71
24 197 197
192 217 147
57 125 83
5 138 5
114 197 197
103 161 147
98 131 1
60 69 54
188 246 246
51 207 1
209 214 1
157 234 27
228 252 215
37 106 156
28 177 1
126 177 126
129 184 110
20 196 227
4 203 208
156 242 156
51 191 1
208 215 208
54 111 208
81 234 93
122 153 3
55 179 1
24 256 227
79 84 112
1 183 1
79 161 142
4 96 208
43 214 173
123 208 208
14 175 247
117 196 27
71 156 156
74 132 252
80 160 1
182 235 182
90 161 1
109 249 155
31 89 208
178 210 1
82 175 247
46 75 1
143 224 1
109 195 1
135 170 208
91 194 91
193 234 193
32 122 156
38 86 1
47 59 59
125 212 1
138 221 208
48 133 1
11 104 227
6 122 54
5 169 208
54 240 54
23 116 208
9 161 147
147 210 208
148 228 255
62 134 142
138 231 1
110 234 1
169 198 110
1 154 1
102 162 227
25 35 156
46 193 227
1 74 1
1 185 1
136 158 227
103 236 215
178 245 1
169 248 1
108 147 147
151 227 227
187 211 21
28 176 178
144 157 178
18 166 142
16 145 253
35 153 54
22 167 1
1 75 1
101 146 213
215 236 215
5 215 208
90 162 178
130 214 127
61 176 1
80 132 208
109 164 197
40 158 1
1 135 1
107 223 1
218 230 83
54 85 1
157 215 1
112 123 147
223 235 227
56 179 208
80 96 156
75 235 1
62 215 147
29 241 1
169 233 1
40 125 80
72 230 195
10 219 1
110 193 1
2 81 227
70 233 1
1 237 1
15 88 3
107 132 215
2 143 173
167 233 213
34 94 34
217 254 208
231 237 227
102 121 127
28 165 227
9 108 215
147 161 147
151 180 1
165 182 127
40 245 208
33 163 1
19 171 247
142 214 1
85 194 247
109 167 127
22 71 156
42 53 153
81 110 1
5 15 3
186 220 247
33 193 193
144 227 227
8 236 208
99 145 1
198 226 1
91 247 247
58 66 58
49 121 127
77 94 114
111 112 112
1 223 1
98 115 27
102 210 1
199 225 227
17 29 227
205 217 1
45 125 83
37 89 156
147 228 147
208 254 208
72 195 195
62 187 1
130 192 1
23 180 83
24 121 197
103 202 221
33 160 227
105 203 1
40 188 1
6 138 54
173 214 173
127 231 127
106 147 208
220 227 227
70 154 1
11 225 227
60 194 1
8 212 1
14 91 91
130 164 120
27 152 227
1 130 1
160 233 150
189 248 227
79 210 208
124 168 112
61 81 1
127 222 127
82 161 1
26 40 89
29 232 151
11 214 213
99 127 127
203 207 208
141 160 227
82 247 247
185 226 227
45 210 83
75 164 1
30 142 147
3 209 156
13 146 246
188 195 1
1 192 1
17 246 246
9 143 1
23 117 1
40 180 80
128 250 197
42 157 1
1 80 1
196 212 91
4 118 208
16 69 54
180 208 208
24 120 182
1 150 1
53 145 54
127 249 127
140 183 1
34 67 197
140 251 197
101 172 227
149 161 1
82 201 1
21 68 1
167 206 227
167 173 213
6 214 1
171 186 171
71 79 208
61 222 1
166 208 208
75 219 208
82 171 247
101 214 101
101 180 1
157 187 104
111 116 116
16 177 253
14 27 27
147 189 1
1 220 1
50 232 227
182 234 227
11 156 1
65 135 83
85 171 193
64 206 27
47 245 1
14 18 1
97 127 227
184 192 112
67 199 182
210 252 208
171 175 171
1 27 1
46 137 1
38 117 151
113 160 173
57 115 1
128 231 114
47 197 197
205 250 127
98 192 1
50 145 1
4 108 255
56 248 1
98 234 27
21 26 1
186 242 1
33 149 247
15 54 54
110 137 147
135 152 1
98 220 27
163 210 89
1 79 1
153 248 1
181 217 147
1 190 1
3 86 54
53 183 208
153 212 1
3 127 1
53 208 208
129 225 1
54 57 156
50 66 1
48 227 227
53 236 208
223 254 1
150 213 213
25 239 89
66 129 168
39 177 54
48 241 1
67 146 127
88 116 208
208 237 1
92 193 27
211 236 1
6 156 156
49 57 1
231 244 197
184 231 1
176 179 1
16 119 1
9 30 252
26 183 208
132 146 1
77 128 155
60 88 54
16 108 208
58 101 1
121 198 1
144 175 27
104 157 104
11 107 1
101 110 1
209 234 1
71 129 208
147 245 147
189 233 127
139 160 227
8 122 54
81 85 85
145 156 156
34 99 127
204 245 1
58 216 112
183 241 208
118 207 208
68 254 208
31 245 147
221 225 1
48 248 95
137 195 208
66 84 110
4 229 208
74 123 252
61 134 147
90 238 27
3 45 156
149 185 185
29 55 95
12 81 193
29 151 151
37 159 42
20 150 150
63 180 208
26 66 208
87 255 255
14 78 1
64 141 27
131 173 1
40 230 83
4 215 215
97 227 227
66 205 1
39 53 3
239 241 83
25 189 1
170 195 208
41 151 1
37 226 1
158 197 227
222 237 227
45 50 1
19 64 247
112 221 147
39 112 208
115 144 27
184 200 1
3 67 1
112 168 112
21 53 1
64 136 227
50 252 1
19 87 1
123 213 1
16 126 253
58 147 147
15 119 1
23 100 100
2 113 165
50 211 227
84 189 1
39 45 156
78 80 208
65 124 208
9 187 1
93 154 27
23 208 208
18 23 208
60 156 156
127 237 227
27 196 27
44 186 227
29 126 1
204 247 247
169 204 1
13 256 227
117 159 1
87 134 147
173 232 227
114 246 127
190 227 227
16 204 1
210 253 156
119 227 227
147 183 147
89 153 156
27 115 27
151 232 151
121 128 109
186 196 247
37 188 1
20 163 1
28 247 27
69 106 156
55 128 227
201 238 1
29 119 95
27 248 27
26 32 83
82 99 227
94 205 127
138 170 208
24 162 227
27 119 27
88 159 3
145 252 208
84 198 110
129 233 1
125 185 1
166 183 147
1 138 1
47 251 182
54 122 54
150 235 127
164 225 227
68 255 255
16 155 1
94 249 114
133 201 156
14 135 1
74 208 208
137 163 208
59 102 127
64 85 85
127 182 127
188 209 1
127 128 127
149 196 82
107 171 1
48 117 151
72 97 1
5 239 156
105 160 173
67 244 182
16 187 1
22 29 1
168 170 112
44 164 127
158 226 227
83 210 83
186 234 193
1 166 1
9 76 221
46 222 197
108 228 255
14 173 227
145 177 126
37 60 54
80 135 83
190 246 246
196 227 227
34 231 200
43 160 150
194 247 247
13 219 1
121 249 155
15 240 3
14 206 27
43 171 227
114 160 127
12 27 27
186 193 193
54 209 156
156 165 1
144 229 1
115 209 1
69 93 1
76 86 208
118 125 83
124 216 62
60 171 1
42 43 1
174 207 142
35 218 156
8 156 156
75 225 1
113 254 1
9 74 252
91 140 227
54 83 156
158 247 247
95 206 95
38 216 1
2 61 1
78 192 147
2 221 1
71 240 54
117 206 151
18 193 1
107 224 147
161 192 161
32 58 208
18 177 208
99 144 227
58 75 147
160 227 227
144 162 178
161 240 208
36 59 197
5 19 1
47 200 197
134 232 1
37 38 1
27 151 27
77 127 127
27 175 27
103 241 208
129 241 208
46 114 114
207 216 142
235 239 1
31 199 1
53 240 3
127 155 127
138 227 1
122 208 208
81 105 227
1 198 1
168 169 110
74 183 63
79 105 1
45 57 57
18 86 208
92 237 95
30 83 208
110 122 208
211 223 27
88 124 208
25 118 83
45 178 1
113 127 127
56 186 1
12 144 27
106 127 1
139 199 227
18 66 112
93 131 1
171 227 227
30 31 215
101 256 227
12 102 227
9 75 252
5 48 1
66 155 1
13 167 50
89 234 1
45 110 208
115 219 1
14 220 91
12 175 158
97 193 27
18 40 208
18 58 112
194 254 1
162 231 227
59 242 1
33 93 193
38 247 27
6 42 54
91 191 1
14 196 82
115 193 193
140 200 200
149 189 227
117 247 27
26 38 1
216 250 1
11 191 1
150 188 213
144 234 27
8 229 253
38 120 227
18 74 147
13 227 227
231 251 197
44 73 50
81 121 227
98 99 227
19 140 227
26 180 89
22 150 1
249 251 197
140 226 200
62 112 112
12 196 247
157 227 227
56 119 1
197 227 227
106 157 1
63 186 1
103 169 147
138 208 208
7 64 27
156 228 208
26 182 1
17 244 127
59 200 197
168 181 168
36 200 114
240 251 1
47 120 120
50 233 213
92 196 27
11 67 127
67 79 1
69 193 1
72 254 254
79 92 1
76 201 208
54 70 208
1 227 1
156 179 156
1 175 1
119 206 38
72 118 254
59 124 1
132 215 215
129 232 1
71 229 229
66 121 1
113 250 127
119 143 227
125 179 83
89 241 83
28 92 151
6 240 54
56 185 1
18 134 207
123 221 221
24 52 1
129 168 168
159 241 156
113 214 165
36 249 77
103 123 103
20 102 213
106 204 1
39 40 156
15 42 153
22 98 1
161 254 208
56 226 1
186 216 1
43 193 227
14 21 27
21 225 178
168 190 1
176 237 151
176 178 178
90 136 227
123 129 147
79 158 1
61 184 147
69 159 3
178 187 178
32 126 156
1 199 1
165 179 1
112 192 112
108 182 1
13 218 1
110 111 110
119 151 151
74 158 1
19 183 1
14 105 227
145 244 1
13 49 246
97 104 178
107 175 1
161 246 1
20 213 213
32 210 83
163 242 80
72 173 1
222 250 235
1 224 1
215 239 208
70 161 161
92 140 227
12 220 247
29 157 151
57 92 1
16 40 156
36 103 1
143 196 227
72 162 1
55 186 27
72 179 254
29 176 151
17 34 127
87 111 147
138 206 1
128 203 1
159 229 54
197 215 1
81 247 247
123 202 221
69 119 1
44 143 213
168 221 147
47 152 127
150 164 127
27 256 27
54 232 1
138 219 3
27 133 1
19 52 1
43 162 227
14 126 1
92 192 1
76 103 103
180 239 80
120 224 1
25 138 156
144 252 1
101 143 173
132 154 1
27 206 27
119 204 27
99 124 1
148 170 147
62 79 62
185 224 1
80 134 208
47 80 1
109 241 1
134 236 147
25 163 89
45 253 156
93 256 247
70 140 1
56 184 110
10 238 27
66 239 208
56 204 1
232 245 1
177 190 1
102 199 127
111 158 1
70 216 142
7 192 1
1 87 1
110 254 208
44 99 246
7 97 151
45 135 195
14 172 82
1 126 1
17 112 1
160 213 213
36 131 1
18 158 1
37 245 208
106 218 83
59 232 227
100 248 1
36 96 1
187 203 1
173 213 213
109 144 227
18 174 142
67 94 197
60 105 1
57 113 1
18 153 208
11 205 213
63 252 252
120 169 1
180 241 83
7 157 151
129 244 1
52 255 215
82 196 82
26 112 208
39 240 240
53 60 54
1 107 1
7 66 1
24 182 182
73 208 1
59 119 227
73 124 1
32 123 208
11 231 127
209 241 83
30 76 252
18 169 112
49 243 243
34 174 1
215 217 215
203 208 208
81 254 1
141 237 98
10 48 95
210 254 83
93 224 1
223 247 247
111 248 1
128 200 114
158 233 227
18 161 170
198 252 147
133 203 126
10 18 1
14 53 1
131 228 68
16 96 60
148 251 1
101 160 173
83 197 1
40 222 1
194 250 227
157 212 27
76 155 1
127 173 127
94 109 114
113 172 227
82 93 247
52 142 147
125 182 1
141 144 151
24 140 197
156 180 156
137 156 208
125 180 242
213 249 127
86 96 253
131 171 1
92 101 227
95 157 151
36 179 1
14 103 1
1 120 1
115 212 247
112 141 1
23 135 195
171 221 1
145 196 1
29 223 27
53 133 54
54 155 1
112 200 1
158 237 27
132 189 1
5 231 1
226 231 200
51 158 193
4 107 255
28 162 178
83 84 208
150 165 173
24 241 1
40 80 80
50 155 127
6 111 208
82 139 91
3 148 208
36 43 127
162 204 27
52 68 215
1 253 1
120 199 120
1 132 1
137 188 1
15 45 156
40 83 83
219 226 1
13 68 1
110 243 1
11 172 227
34 128 114
113 141 227
7 151 151
6 114 1
97 158 27
73 226 127
78 110 147
82 211 27
95 250 227
7 228 1
12 247 247
103 208 208
44 248 227
103 252 252
11 13 50
204 220 212
138 217 208
19 227 227
214 247 227
183 202 252
27 51 27
73 229 1
36 213 127
173 177 1
41 225 1
111 225 1
19 194 91
75 132 252
71 180 156
219 230 156
62 70 142
109 200 114
7 178 151
158 162 27
141 161 1
83 100 83
32 106 195
49 155 127
21 168 1
90 178 178
49 150 213
22 135 22
73 110 1
156 229 156
119 232 151
62 119 1
231 243 127
22 57 195
178 252 1
59 244 120
8 57 156
70 192 161
195 208 208
115 128 227
111 240 208
173 190 213
57 72 195
79 242 208
72 156 156
86 248 1
98 138 1
146 188 246
224 226 1
49 192 1
84 154 1
100 230 57
24 222 235
43 181 1
140 247 227
81 220 247
126 131 208
177 254 156
227 238 227
175 227 227
18 70 170
1 43 1
244 251 182
74 252 252
167 247 227
29 237 10
91 198 1
68 235 1
87 236 255
154 220 27
180 202 208
40 210 89
109 199 197
161 174 142
155 173 127
48 154 95
115 148 1
172 186 247
1 70 1
231 249 114
66 104 1
12 185 247
119 243 227
101 208 1
122 246 1
30 221 252
154 246 227
161 184 112
202 220 1
111 208 208
64 193 193
111 147 147
27 149 27
110 163 208
175 234 193
178 237 151
3 66 208
193 244 227
77 200 114
3 156 156
77 100 1
11 246 246
16 86 253
82 236 1
45 141 1
124 170 142
70 95 1
2 160 173
129 181 168
74 134 147
173 191 1
94 130 197
183 228 215
100 110 208
74 79 147
82 154 27
220 253 1
195 207 208
167 212 227
146 173 213
180 230 83
6 54 54
83 141 1
157 204 27
36 46 114
116 242 208
31 217 217
1 99 1
53 140 1
177 239 156
46 179 1
112 135 208
17 234 227
35 113 1
70 123 147
143 173 173
59 189 182
46 123 1
7 145 1
197 222 197
193 230 1
38 248 95
227 244 227
149 256 91
80 83 83
23 156 156
24 212 227
143 211 227
50 146 246
188 220 227
11 150 213
208 235 1
15 27 1
73 160 213
55 214 227
33 207 1
79 134 142
50 221 1
11 199 127
195 255 208
166 216 62
70 214 1
3 37 3
122 126 54
151 194 27
100 183 208
154 203 1
33 158 171
22 218 83
98 211 151
121 147 1
179 209 83
185 220 91
89 163 89
94 208 1
49 128 127
70 245 112
7 141 95
24 54 1
161 239 208
14 47 227
74 138 208
21 151 151
156 201 156
199 235 182
54 145 54
7 87 1
90 96 1
112 131 147
40 239 239
40 72 83
183 236 215
143 146 213
24 112 1
208 230 208
13 164 127
99 104 227
186 237 27
102 253 1
1 29 1
18 91 1
84 132 147
39 71 54
201 210 65
150 233 150
167 236 1
38 121 227
102 246 246
180 242 242
15 255 208
31 109 1
33 247 247
6 165 1
146 196 227
81 158 193
108 166 147
119 135 1
115 118 1
109 112 1
157 178 178
14 256 91
174 192 142
94 197 197
19 129 1
184 227 1
26 201 218
1 228 1
66 69 208
27 238 27
54 154 1
185 247 247
83 159 156
104 175 27
95 121 227
58 134 112
59 225 227
44 57 1
102 185 227
130 140 197
69 156 156
58 64 1
217 255 255
68 219 208
12 33 171
140 207 1
62 200 1
155 158 227
120 164 120
230 237 1
53 230 156
1 57 1
36 255 1
142 216 142
10 96 1
20 227 227
24 190 127
131 148 255
100 127 1
162 221 1
180 210 89
12 139 247
116 156 208
26 118 83
170 216 142
59 120 120
80 242 80
156 240 156
1 60 1
185 194 91
226 256 227
163 180 80
48 150 227
139 256 223
159 249 1
50 213 213
184 214 1
90 227 227
156 163 156
44 102 246
206 237 95
25 250 1
128 209 1
46 128 114
20 214 173
73 99 246
1 170 1
66 176 1
78 214 1
158 212 247
153 203 54
229 238 1
211 240 1
5 177 54
100 219 156
70 246 1
196 200 227
218 228 208
149 239 1
160 249 127
3 15 3
32 195 195
14 189 227
92 184 1
93 193 193
12 171 171
173 183 1
7 206 38
29 84 1
41 252 147
6 50 1
89 179 83
24 251 235
129 130 1
63 74 63
224 229 208
90 232 97
82 149 82
187 256 27
132 171 1
53 113 1
163 231 1
42 207 208
71 112 208
98 227 227
27 194 27
38 55 38
20 204 227
6 174 208
45 56 208
97 187 178
11 25 1
110 127 1
150 205 173
7 40 1
22 186 1
195 241 195
106 109 1
69 219 3
19 223 91
13 204 227
62 137 147
162 171 27
84 116 169
206 220 27
56 116 110
214 219 1
112 174 112
71 148 208
24 227 227
169 224 169
18 231 1
245 255 147
102 231 127
1 13 1
62 204 1
4 58 147
154 175 27
127 140 127
29 104 151
166 252 147
203 218 156
1 31 1
177 203 8
237 249 227
167 237 227
82 204 91
62 218 208
125 201 89
123 193 1
201 239 89
5 42 3
31 148 108
51 100 1
9 133 208
74 171 1
98 206 95
95 214 227
136 216 1
43 143 143
44 219 1
142 169 112
119 141 95
22 27 1
19 31 1
108 183 215
146 205 213
19 220 91
5 81 1
172 185 82
147 224 147
125 239 80
152 160 152
118 210 83
10 168 1
61 103 215
28 83 1
147 255 147
59 227 227
40 57 83
5 156 156
213 255 1
53 125 156
58 174 112
30 202 252
43 90 227
114 245 1
166 217 147
76 200 1
47 130 59
69 237 1
154 168 1
11 209 1
46 131 1
123 130 1
24 137 1
108 158 1
117 151 151
152 232 227
80 163 80
75 244 1
176 225 178
64 87 1
23 42 156
201 253 156
81 135 1
56 253 208
9 234 1
139 247 247
20 36 127
79 124 62
187 227 227
1 178 1
30 63 63
91 115 247
118 189 1
193 200 227
70 83 208
60 71 229
211 247 27
7 154 95
55 168 1
145 227 1
90 203 1
106 178 1
84 207 112
87 171 1
69 137 208
139 194 194
51 167 227
25 132 208
113 191 1
52 127 1
96 145 253
200 237 227
19 196 196
54 253 54
2 65 1
105 134 1
29 149 27
22 136 1
136 213 213
103 221 221
117 250 227
3 88 3
57 183 208
191 224 147
12 226 227
77 167 127
105 190 213
38 101 227
99 213 213
44 112 1
176 187 104
90 109 227
130 237 227
61 68 68
140 149 227
44 202 1
35 85 1
18 147 147
152 188 213
147 207 147
215 222 1
99 136 136
5 210 156
32 38 1
6 128 1
34 187 227
58 168 168
43 44 213
82 238 247
40 49 1
11 102 246
74 242 208
13 56 1
190 243 246
211 246 227
167 252 1
105 138 1
7 48 119
146 237 227
55 109 227
135 210 83
105 213 213
124 141 1
85 169 1
41 200 1
32 158 1
153 243 1
10 197 227
17 144 227
164 222 182
3 241 156
37 122 3
117 227 227
68 87 255
11 212 227
176 223 27
51 154 27
92 162 151
53 172 1
71 126 253
108 148 108
93 220 247
172 247 247
103 215 215
65 66 208
66 255 147
165 173 173
97 190 227
43 182 127
94 176 227
230 245 208
25 233 1
11 244 127
104 137 1
26 213 1
73 228 1
208 221 208
31 147 147
35 203 253
92 106 1
169 208 208
7 73 227
113 152 173
96 215 208
100 245 208
14 86 1
118 153 156
52 166 147
34 111 1
86 145 145
210 242 89
82 212 91
139 169 1
3 93 1
67 90 227
5 195 156
3 69 3
86 177 126
48 235 227
7 191 1
85 139 247
151 164 227
58 117 1
141 206 95
1 211 1
92 141 95
65 239 89
166 224 112
160 247 227
83 106 83
207 249 1
97 117 97
195 231 1
154 188 227
49 196 227
145 185 1
185 196 82
72 130 1
65 128 1
85 124 1
119 197 227
83 156 156
106 247 1
72 83 83
95 248 95
45 129 208
65 163 89
206 236 1
190 224 1
13 44 50
117 157 178
5 108 208
166 170 142
171 225 27
163 195 83
52 103 252
86 167 1
223 234 247
121 251 197
50 194 227
110 208 208
61 228 68
148 255 255
46 200 200
161 166 142
1 36 1
186 214 227
241 254 195
188 230 1
1 48 1
90 97 97
125 238 1
36 114 114
93 146 227
114 222 197
103 191 252
52 248 1
187 200 227
51 193 193
201 226 1
69 122 122
3 126 54
56 250 1
30 87 215
17 160 213
1 113 1
32 208 208
94 114 114
139 152 227
80 124 208
64 94 227
76 127 1
92 157 151
38 232 151
37 138 3
101 165 165
151 178 151
36 55 227
147 249 1
55 236 1
7 95 95
23 160 1
79 198 112
93 191 1
44 246 246
11 167 44
123 248 1
71 86 253
157 168 1
89 181 208
31 162 1
139 200 227
151 225 151
59 153 1
84 245 169
151 255 1
15 177 54
41 81 1
4 183 215
110 155 1
26 80 89
51 78 1
48 170 1
117 178 178
132 190 1
105 113 113
214 244 127
21 95 151
51 171 193
46 164 197
100 156 156
195 209 83
136 148 1
16 60 60
37 209 156
38 67 227
95 200 227
48 93 27
22 229 156
34 114 114
178 256 27
42 153 153
47 146 127
31 120 1
18 248 1
76 188 1
178 227 227
1 91 1
41 168 112
63 147 147
132 159 208
158 181 1
93 223 247
123 234 1
11 134 1
227 251 227
1 50 1
46 224 1
192 250 1
45 71 156
200 226 200
67 139 227
220 247 247
9 106 208
127 250 127
148 227 1
121 231 114
32 229 156
10 33 27
145 175 1
49 102 136
82 210 1
91 186 247
87 103 215
228 236 137
1 53 1
75 148 215
25 245 208
23 241 57
102 103 1
173 256 227
55 198 1
1 203 1
25 201 65
33 92 27
30 180 208
133 208 208
185 256 91
14 81 247
164 197 197
1 40 1
44 130 127
79 107 147
157 208 1
18 43 1
5 111 208
221 250 1
87 137 255
14 234 247
86 97 1
180 209 89
95 218 1
23 25 83
97 218 1
29 99 227
76 169 147
58 208 208
196 228 1
139 220 194
133 140 1
1 23 1
16 202 208
236 243 1
20 152 152
21 211 21
43 127 127
205 236 1
47 207 1
22 178 1
136 227 227
114 149 227
67 80 1
120 250 182
64 145 1
174 183 147
1 66 1
146 248 227
14 228 1
2 105 165
153 159 153
119 181 1
141 189 227
8 72 156
30 208 208
32 133 156
32 243 1
12 30 1
77 189 197
116 239 208
52 75 63
27 64 27
18 116 112
141 165 227
94 132 1
79 249 1
103 131 215
131 155 1
196 204 91
137 139 1
110 186 1
207 214 1
115 133 1
82 156 1
118 179 118
69 88 122
159 250 1
90 206 151
21 107 1
73 214 213
51 185 247
43 49 213
149 200 227
155 172 227
108 231 1
170 181 112
212 249 227
53 229 54
24 189 250
46 140 231
31 87 108
93 169 1
182 189 182
31 220 1
37 181 208
40 97 1
151 154 151
36 244 197
47 244 120
38 193 27
223 250 227
73 162 227
18 124 142
184 245 169
50 207 1
47 109 197
27 187 27
145 162 1
98 189 227
38 212 27
186 245 1
179 192 208
134 208 208
73 197 127
227 233 227
61 166 147
116 226 1
188 203 1
77 122 1
25 218 65
53 188 1
103 170 147
82 193 247
219 253 54
18 104 1
157 162 162
150 152 150
45 230 57
149 193 247
100 158 1
21 145 1
36 141 227
40 106 83
4 244 1
41 192 142
61 150 1
72 244 1
112 207 112
61 149 1
63 68 215
11 141 227
46 150 127
11 226 127
45 63 208
59 117 227
99 146 136
133 135 156
76 161 147
28 204 27
63 128 1
122 152 1
135 237 1
191 199 1
5 240 5
46 109 114
90 104 178
110 244 1
27 112 1
60 175 1
21 199 227
17 88 1
1 136 1
72 198 208
12 194 247
199 251 182
39 243 1
40 91 1
104 114 227
204 225 27
19 53 1
208 241 208
75 183 63
170 245 112
59 67 182
46 197 197
50 162 227
98 149 27
5 46 1
51 247 247
153 156 156
15 181 208
43 69 1
164 186 227
116 148 147
181 189 1
37 204 1
3 52 208
49 50 246
162 213 227
156 244 1
2 37 1
106 210 83
21 104 104
181 186 1
72 238 1
61 205 1
135 230 195
24 160 127
161 169 112
179 233 1
30 227 1
4 196 1
11 137 1
1 85 1
168 204 1
52 110 147
1 9 1
63 162 1
4 255 255
1 8 1
25 40 89
29 188 227
167 227 227
152 238 227
5 159 3
33 186 186
8 108 208
90 151 151
121 227 227
21 74 1
82 172 82
126 153 54
24 173 127
1 89 1
59 127 127
1 193 1
78 130 1
234 248 27
20 113 173
181 216 112
34 194 227
51 245 1
4 24 1
63 216 147
215 255 215
8 35 253
125 184 208
127 130 127
186 247 247
70 168 112
183 191 191
6 17 1
34 153 1
133 173 1
232 242 1
86 246 1
44 141 227
15 249 1
142 195 208
185 233 227
3 64 1
104 182 227
9 52 252
44 146 246
198 208 208
33 36 227
1 243 1
17 56 1
119 255 1
217 251 1
131 231 1
114 200 114
65 179 83
1 176 1
33 234 193
210 228 208
231 250 197
1 21 1
90 144 117
4 90 1
154 241 1
121 250 197
22 83 83
64 81 85
44 59 127
85 123 1
165 223 227
46 127 127
35 133 253
90 118 1
47 227 227
62 208 208
13 42 1
155 157 227
1 25 1
154 247 27
145 163 156
54 69 54
80 138 156
12 152 227
28 96 1
67 108 1
17 228 1
17 89 1
6 195 156
26 218 218
236 238 1
152 211 227
165 205 165
40 73 1
70 227 1
63 174 147
67 221 1
105 214 165
110 130 1
30 54 208
209 240 156
75 215 215
85 219 1
148 240 208
82 214 227
208 252 208
61 191 215
44 190 50
19 156 1
24 130 182
104 117 178
163 171 1
187 222 227
112 245 112
135 153 156
174 216 174
39 122 5
15 58 208
11 84 1
139 172 91
115 247 247
23 230 57
70 197 1
163 253 156
36 109 155
182 210 1
213 246 213
13 50 50
10 42 1
117 211 178
55 98 95
1 69 1
151 171 27
5 248 1
181 224 110
136 189 127
63 240 208
29 185 27
103 251 1
9 202 132
36 227 227
45 77 1
168 192 112
22 187 1
169 236 147
122 253 54
32 161 208
9 174 147
45 220 1
98 152 227
144 165 227
67 256 227
8 171 1
150 173 173
133 251 1
93 228 1
38 134 1
84 110 110
59 226 197
15 19 1
39 42 3
51 81 93
88 148 208
68 165 1
151 176 151
15 25 156
9 83 208
54 241 156
151 212 27
120 126 1
17 243 136
87 247 1
36 94 114
69 195 156
34 57 1
128 202 1
55 248 95
39 153 3
139 225 27
63 243 1
74 156 208
29 121 227
113 117 227
29 110 1
160 221 1
60 197 1
61 215 215
95 231 227
196 219 1
25 80 89
132 158 1
109 244 197
160 193 227
120 189 182
20 121 127
126 253 253
210 251 1
177 198 208
72 100 195
102 172 227
226 250 197
66 246 1
165 177 1
82 251 227
44 136 246
52 208 208
39 159 3
74 136 1
50 214 213
66 174 112
64 101 227
22 108 208
8 105 1
9 221 221
80 95 1
92 110 1
146 232 227
166 172 1
211 225 178
25 60 156
131 137 68
1 239 1
64 194 247
31 78 108
156 239 156
91 236 1
75 202 252
62 161 142
42 177 54
157 225 178
9 94 1
71 202 208
106 254 195
206 234 27
69 109 1
110 250 1
55 185 27
58 73 1
18 84 112
1 127 1
61 75 215
64 232 27
6 7 1
199 222 182
56 181 168
94 232 227
45 101 1
108 132 215
5 63 208
30 178 1
112 198 112
193 219 1
110 198 110
7 28 151
70 198 112
73 158 227
85 206 27
207 254 208
132 191 252
4 217 255
60 231 1
80 209 89
8 169 208
29 248 98
138 255 208
251 256 227
85 186 193
163 215 208
1 12 1
201 209 65
110 242 208
80 208 208
10 126 1
5 200 1
40 47 1
120 227 227
68 112 147
38 196 27
57 237 1
122 200 1
125 136 1
10 75 1
177 235 1
181 245 110
64 95 27
1 217 1
156 178 1
11 73 50
139 208 1
130 155 197
29 174 1
73 205 213
73 152 213
148 249 1
160 222 127
41 62 62
110 166 112
71 208 208
174 249 1
124 208 208
7 194 27
56 168 168
203 219 54
94 246 127
10 41 1
1 146 1
67 243 127
79 214 1
70 244 1
145 255 208
1 142 1
1 251 1
45 54 156
71 96 229
76 129 147
2 172 227
17 50 246
57 187 1
8 215 208
206 228 1
157 249 227
77 113 127
253 256 1
197 250 197
27 247 27
143 253 1
204 233 227
2 58 1
121 197 197
29 141 98
116 147 147
128 199 197
153 208 208
103 224 147
67 130 182
2 63 1
1 252 1
202 219 208
89 230 83
193 196 247
34 115 227
22 53 156
57 184 208
27 95 27
61 236 68
76 162 1
34 203 1
22 244 1
78 245 147
44 159 1
79 170 142
62 207 142
111 251 1
145 219 54
125 207 208
19 247 247
16 88 54
61 78 255
37 116 208
151 220 27
172 248 27
45 226 1
117 162 178
47 93 227
124 137 147
186 205 227
85 140 227
48 206 38
135 195 195
69 211 1
143 154 227
108 191 215
39 231 1
52 148 215
33 47 227
75 229 208
99 253 1
118 225 1
116 243 1
8 25 156
136 169 1
85 234 93
38 68 1
81 175 193
57 195 195
101 115 227
65 246 1
193 238 193
142 167 1
142 223 1
44 192 1
139 237 27
129 159 208
138 159 3
79 174 174
28 255 1
99 167 246
67 98 227
27 249 227
32 179 118
74 122 208
37 93 1
1 255 1
189 244 182
90 211 178
111 184 169
170 174 142
109 247 227
64 204 247
89 210 89
11 174 1
1 108 1
25 83 83
11 32 1
13 79 1
110 168 110
2 19 227
33 103 1
2 213 213
45 254 195
64 123 1
140 205 127
245 254 208
120 127 127
3 210 156
9 169 147
1 221 1
96 253 253
29 228 1
28 127 227
126 208 208
25 142 208
234 239 1
100 214 1
109 246 127
31 116 147
38 227 227
92 167 227
30 148 215
49 67 127
163 236 208
63 142 147
234 237 27
131 249 1
44 234 227
117 237 151
104 232 178
41 144 1
157 169 1
8 126 126
23 106 57
58 154 1
226 255 1
71 120 1
82 218 1
66 76 147
47 218 1
113 143 173
5 56 208
15 69 3
42 54 54
47 247 227
68 76 215
33 206 27
33 162 27
163 196 1
73 199 127
148 248 1
81 227 227
54 188 1
155 235 197
76 191 252
123 191 252
159 228 208
34 248 227
87 208 208
185 206 27
1 191 1
76 132 221
208 255 208
139 222 227
139 201 1
112 142 112
87 147 147
30 252 252
95 152 227
75 140 1
92 229 1
149 163 1
42 142 208
33 185 247
33 175 171
81 204 247
136 188 246
105 212 227
97 225 97
1 17 1
47 250 182
7 212 27
107 145 208
9 103 221
13 188 50
15 79 208
68 138 208
164 205 127
70 240 208
127 229 1
24 114 197
45 92 1
96 178 1
34 144 227
166 233 1
73 105 213
66 146 1
56 60 208
25 208 208
100 254 195
36 155 155
5 208 208
23 72 195
85 146 227
29 233 227
103 112 147
7 122 1
247 256 247
6 137 208
93 201 1
45 100 100
16 229 229
164 200 197
33 227 227
124 174 62
10 248 98
49 108 1
24 38 227
189 247 227
78 221 215
1 184 1
83 143 1
56 134 112
179 203 156
13 17 246
1 83 1
28 75 1
62 66 112
179 189 1
28 144 97
97 151 151
109 243 127
192 207 170
24 243 127
127 152 127
137 148 255
142 245 112
72 245 208
38 217 1
24 82 227
165 202 1
64 91 247
194 196 91
99 210 1
108 256 1
55 200 227
4 31 255
129 206 1
23 239 83
36 160 127
12 50 227
158 238 193
45 111 208
202 251 1
30 187 1
101 127 127
128 147 1
1 4 1
171 238 193
141 151 151
68 198 147
36 224 1
49 213 213
72 209 83
130 197 197
50 228 1
138 233 1
40 86 156
45 105 1
20 189 127
22 252 208
189 217 1
63 112 147
191 202 252
6 96 229
77 85 227
138 157 1
189 251 235
214 233 173
129 169 110
1 200 1
51 149 247
127 233 127
6 222 1
65 78 208
35 79 208
92 118 1
23 133 156
12 122 1
14 85 247
1 141 1
172 195 1
152 164 127
142 198 112
125 129 208
192 226 1
171 193 193
127 146 127
64 118 1
134 174 142
135 247 1
1 124 1
62 168 112
57 179 195
57 254 195
174 245 112
67 250 235
51 115 193
112 216 112
72 99 1
45 156 156
17 153 1
99 102 17
198 245 110
33 64 193
94 231 200
16 228 208
21 57 1
87 161 147
90 225 97
69 138 5
6 203 253
19 130 227
84 151 1
43 117 227
17 102 17
58 72 208
243 251 127
90 157 178
134 140 1
169 250 1
107 206 1
55 92 92
10 131 1
130 195 1
1 92 1
64 149 247
124 228 147
16 233 1
44 61 1
54 156 156
144 187 178
139 176 27
133 170 208
81 139 247
204 256 194
42 90 1
31 60 208
197 251 197
117 171 27
128 227 227
25 57 83
51 64 93
54 159 54
21 128 227
92 252 1
40 163 239
154 238 27
137 201 208
145 178 1
93 115 193
225 248 151
87 215 215
164 235 182
202 214 1
66 185 1
25 195 83
161 175 1
43 221 1
86 203 126
69 246 1
152 222 127
131 240 208
73 178 227
15 139 1
174 204 1
52 183 191
229 240 54
19 96 1
27 93 27
73 141 227
89 245 208
127 246 127
36 217 1
40 153 156
18 119 1
37 219 153
58 96 208
142 147 147
95 188 227
43 86 1
147 252 147
41 88 208
79 147 147
20 205 173
79 159 208
1 95 1
82 224 1
118 242 83
60 208 208
154 176 151
110 225 1
43 239 1
1 102 1
91 227 227
112 183 147
125 163 80
77 210 1
215 221 215
96 209 156
134 149 1
119 251 227
23 57 57
74 149 1
150 177 1
101 118 1
54 153 54
103 255 215
127 187 227
51 228 1
6 145 253
83 163 83
203 253 253
114 236 1
35 212 1
94 227 227
15 115 1
137 204 1
27 227 227
31 130 1
211 227 227
154 252 1
70 72 208
117 175 27
55 232 151
49 146 243
52 73 1
40 209 89
33 58 1
40 177 156
8 237 1
50 222 127
130 244 120
58 236 147
92 103 1
226 227 227
42 230 156
5 219 3
223 244 227
33 105 227
92 214 227
93 200 227
113 227 227
85 93 93
134 147 147
48 225 151
81 208 1
76 97 1
41 216 62
1 210 1
109 214 127
69 207 208
180 181 208
94 175 227
33 111 1
37 46 1
52 66 147
31 191 215
14 73 227
56 245 110
88 239 156
64 107 1
110 224 110
122 240 5
149 164 227
85 164 227
42 123 208
67 127 127
13 73 190
84 239 208
3 98 1
24 129 1
4 39 208
16 18 208
47 209 1
28 139 27
102 181 1
99 165 213
2 189 127
4 78 255
220 223 194
36 106 1
55 216 1
84 169 169
52 202 252
7 236 1
38 244 227
168 195 208
11 248 227
1 137 1
98 225 151
2 127 127
116 224 169
51 234 238
75 123 252
66 178 1
4 148 255
143 150 150
6 60 229
138 177 54
169 222 1
68 208 208
172 238 247
131 207 147
56 161 112
59 212 227
106 135 195
230 240 156
79 181 112
28 117 97
174 178 1
56 109 1
142 180 208
160 216 1
111 224 169
36 121 155
5 137 208
102 182 127
45 55 1
8 53 54
124 243 1
179 195 195
185 212 91
136 199 127
55 96 1
163 230 83
102 146 136
99 132 1
17 181 1
5 179 156
143 160 150
39 69 5
15 17 1
103 213 1
106 241 230
36 77 77
109 176 227
21 117 178
66 245 110
78 128 1
13 193 227
229 231 1
23 245 208
92 149 27
115 185 247
7 249 227
76 254 208
84 237 1
14 113 227
86 216 208
205 214 165
64 125 1
63 116 147
91 243 227
221 222 1
104 206 151
198 246 1
60 229 229
18 192 170
104 176 104
22 179 254
130 134 1
62 116 112
168 208 208
1 11 1
50 65 1
28 154 151
81 232 27
10 60 1
155 167 127
67 222 67
72 241 195
40 212 1
221 223 1
27 104 27
3 160 1
179 208 208
43 71 1
148 217 108
197 200 197
63 250 1
39 249 1
109 197 197
142 166 142
144 248 151
