256 6710
192 256 1
160 256 2
192 224 3
144 256 4
160 176 5
192 208 6
224 240 7
136 256 8
144 152 9
160 168 10
176 184 11
192 200 12
208 216 13
224 232 14
240 248 15
132 256 16
136 140 17
144 148 18
152 156 19
160 164 20
168 172 21
176 180 22
184 188 23
192 196 24
200 204 25
208 212 26
216 220 27
224 228 28
232 236 29
240 244 30
248 252 31
130 256 32
132 134 33
136 138 34
140 142 35
144 146 36
148 150 37
152 154 38
156 158 39
160 162 40
164 166 41
168 170 42
172 174 43
176 178 44
180 182 45
184 186 46
188 190 47
192 194 48
196 198 49
200 202 50
204 206 51
208 210 52
212 214 53
216 218 54
220 222 55
224 226 56
228 230 57
232 234 58
236 238 59
240 242 60
244 246 61
248 250 62
252 254 63
129 256 64
130 131 65
132 133 66
134 135 67
136 137 68
138 139 69
140 141 70
142 143 71
144 145 72
146 147 73
148 149 74
150 151 75
152 153 76
154 155 77
156 157 78
158 159 79
160 161 80
162 163 81
164 165 82
166 167 83
168 169 84
170 171 85
172 173 86
174 175 87
176 177 88
178 179 89
180 181 90
182 183 91
184 185 92
186 187 93
188 189 94
190 191 95
192 193 96
194 195 97
196 197 98
198 199 99
200 201 100
202 203 101
204 205 102
206 207 103
208 209 104
210 211 105
212 213 106
214 215 107
216 217 108
218 219 109
220 221 110
222 223 111
224 225 112
226 227 113
228 229 114
230 231 115
232 233 116
234 235 117
236 237 118
238 239 119
240 241 120
242 243 121
244 245 122
246 247 123
248 249 124
250 251 125
252 253 126
254 255 127
68 107 1
89 143 2
209 244 3
35 78 4
23 163 5
196 214 6
119 123 7
130 136 8
73 76 9
41 172 10
91 186 11
101 198 12
111 210 13
225 235 14
247 252 15
131 132 16
139 140 17
147 149 18
154 159 19
80 166 20
85 174 21
45 178 22
46 95 23
97 98 24
203 204 25
52 213 26
57 226 28
58 59 29
126 250 31
64 65 32
66 134 33
140 143 35
144 147 36
74 75 37
77 152 38
156 159 39
82 167 41
85 168 42
86 87 43
177 179 44
90 183 45
92 186 46
188 191 47
96 195 48
201 203 50
102 103 51
104 105 52
213 215 53
217 218 54
110 223 55
112 227 56
229 231 57
233 234 58
118 239 59
240 243 60
244 247 61
125 248 62
126 254 63
128 129 64
49 73 1
129 170 2
94 190 47
248 254 31
32 74 4
79 145 9
201 243 3
87 233 1
61 66 1
40 90 5
185 190 23
173 239 1
64 73 4
174 199 1
34 141 17
114 248 7
1 102 1
104 213 26
103 205 51
70 142 35
73 75 18
100 109 6
203 211 6
3 123 3
7 29 7
35 141 35
48 238 3
62 248 62
2 10 2
68 138 34
1 203 1
237 238 59
102 203 25
51 154 1
67 132 33
8 128 8
78 122 1
122 123 61
26 104 26
55 107 13
18 153 9
97 106 6
63 239 7
50 185 1
14 77 1
225 227 56
3 222 3
24 84 1
21 127 1
115 228 57
35 136 17
63 252 63
2 147 2
2 9 2
3 198 3
2 94 2
153 157 19
208 211 52
3 104 3
118 238 59
164 167 41
206 246 3
3 62 3
10 177 5
21 85 21
227 228 28
124 127 31
171 173 21
42 168 42
2 188 2
3 48 3
3 204 3
55 109 27
3 7 3
121 126 15
66 128 16
33 233 1
40 107 1
70 137 17
173 236 1
79 117 1
158 180 2
56 98 3
97 192 48
101 159 1
211 227 3
6 222 6
71 253 1
184 247 1
39 78 39
59 78 1
199 206 12
30 244 30
46 67 2
47 96 1
3 55 3
2 11 2
4 159 4
16 33 16
250 253 31
83 164 41
120 122 30
88 201 1
28 235 14
150 218 1
89 216 1
66 135 33
143 241 1
112 230 28
65 222 1
98 200 12
37 84 2
1 58 1
114 205 3
103 118 3
66 67 33
15 247 15
227 251 7
234 238 29
28 215 3
34 79 4
53 169 1
40 106 1
29 110 3
87 168 21
1 47 1
1 88 1
103 124 3
185 252 1
13 55 13
116 165 1
72 182 2
1 61 1
1 18 1
78 153 19
96 97 48
81 161 40
77 153 38
108 219 54
3 233 3
236 240 7
77 78 19
102 252 3
126 255 63
220 223 55
78 159 39
61 125 15
66 142 8
181 183 45
53 214 53
132 243 1
9 20 2
109 219 109
17 152 4
12 103 12
35 67 8
39 155 19
26 98 6
34 89 2
2 154 2
84 170 42
130 176 2
119 236 59
86 171 21
100 203 50
169 171 42
212 215 53
11 248 1
25 201 25
129 131 32
162 246 1
124 200 3
100 103 25
58 228 14
36 149 18
6 109 6
109 222 27
7 120 7
71 140 35
13 213 13
15 193 3
67 133 33
26 214 26
101 116 3
39 53 1
157 158 39
16 133 16
41 161 20
94 205 1
119 165 1
2 176 2
5 42 5
1 176 1
72 159 9
96 196 24
86 94 5
115 120 7
49 103 12
3 51 3
65 128 32
42 188 5
100 111 6
123 244 61
46 142 2
125 210 3
18 75 18
85 171 85
106 215 53
241 243 60
76 98 1
58 245 7
89 161 5
1 49 1
76 78 19
52 215 26
24 27 6
16 64 16
127 253 63
39 140 4
100 101 50
20 171 10
68 152 4
61 101 3
1 90 1
48 137 1
106 212 106
12 100 12
159 254 1
51 205 51
31 124 31
133 135 33
183 191 11
249 250 62
38 153 38
131 163 2
80 81 40
72 245 1
17 226 1
6 103 6
2 136 2
40 78 2
64 131 32
134 176 2
17 130 8
82 166 41
6 217 6
31 119 7
3 109 3
41 87 10
71 156 4
15 121 15
24 211 6
106 214 53
171 208 1
9 145 9
6 214 6
40 161 40
205 206 51
14 191 1
151 200 1
12 197 12
11 190 11
33 131 16
99 193 24
27 243 3
136 142 17
43 191 5
101 108 6
71 141 35
1 249 1
95 97 1
1 187 1
160 163 40
2 32 2
19 146 9
1 36 1
12 25 12
245 246 61
213 214 53
112 113 56
204 254 3
89 204 1
114 200 3
49 127 3
14 92 1
227 231 28
57 77 1
92 199 1
78 181 2
102 207 51
1 164 1
18 42 2
2 173 2
7 243 7
165 166 41
78 209 1
38 192 1
14 238 14
123 173 1
178 250 1
7 141 1
111 218 27
1 190 1
99 177 1
27 90 1
18 144 18
12 195 12
2 87 2
173 186 5
104 210 52
94 189 94
51 68 1
20 80 20
4 235 1
104 131 1
121 247 30
3 59 3
119 138 1
56 57 28
79 234 1
111 221 55
117 152 1
14 29 14
126 251 31
189 236 1
112 226 56
222 245 3
116 130 1
200 203 50
84 171 42
1 3 1
106 111 13
54 177 1
42 143 2
8 67 8
127 225 7
99 241 3
11 154 2
68 172 2
111 182 1
5 129 2
170 180 5
6 102 6
10 223 1
38 126 1
1 150 1
6 99 6
3 31 3
115 178 1
7 31 7
20 161 20
1 13 1
84 174 21
108 218 54
22 57 1
76 241 1
149 201 1
29 113 14
11 90 11
1 239 1
111 211 13
1 128 1
1 7 1
17 71 17
8 129 8
32 131 32
21 169 21
253 255 63
50 198 12
81 82 20
2 4 2
49 196 49
4 35 4
8 139 8
201 204 25
47 68 2
105 214 26
141 212 1
8 17 8
67 88 2
44 184 11
64 128 64
34 67 8
121 244 30
70 143 35
47 92 23
121 255 15
68 69 34
159 221 1
124 125 62
216 229 3
43 164 10
97 205 12
115 224 28
192 197 24
87 165 10
5 234 1
136 143 17
3 209 3
82 240 1
17 34 17
17 138 17
170 174 21
6 117 3
3 29 3
41 160 20
4 133 4
174 209 1
68 159 4
181 239 1
74 76 9
48 135 1
139 141 17
1 63 1
49 197 49
81 84 10
94 171 5
27 63 3
89 179 89
89 91 22
190 227 1
70 139 17
96 123 3
119 237 59
72 73 36
3 192 3
89 132 2
48 138 1
56 230 28
105 218 13
6 25 6
23 62 1
166 185 5
43 158 2
202 214 6
58 114 14
1 14 1
1 181 1
131 145 4
1 236 1
36 40 2
57 142 1
2 142 2
132 135 33
124 231 7
2 86 2
53 105 26
32 101 1
7 238 7
18 146 18
92 93 46
98 244 3
59 154 1
55 220 55
236 239 59
170 175 21
219 220 27
167 175 10
15 30 15
122 142 1
6 208 6
163 241 1
13 105 13
24 224 3
47 95 47
16 125 1
47 94 47
62 247 15
77 159 19
189 191 47
1 51 1
8 64 8
229 242 7
134 205 1
45 88 22
124 250 62
153 154 38
46 173 5
70 244 1
1 16 1
63 250 31
119 180 1
77 144 9
154 256 4
5 80 5
8 59 1
2 75 2
12 203 12
113 225 56
172 175 43
124 251 62
2 52 1
121 240 60
69 136 34
229 233 14
5 179 5
16 132 16
59 145 1
100 117 3
18 72 18
64 140 8
77 109 1
49 131 1
107 250 3
1 198 1
232 235 58
31 141 1
40 81 40
3 14 3
9 148 9
26 71 1
173 175 43
117 253 7
169 170 42
31 101 3
106 107 53
205 207 51
17 48 1
73 74 18
205 213 6
9 251 1
32 143 8
199 224 3
60 214 3
235 245 7
78 146 9
6 195 6
101 114 3
1 2 1
169 175 21
1 240 1
32 64 32
16 138 8
91 180 45
75 89 2
118 166 1
46 94 23
52 254 3
132 148 4
214 248 3
13 56 3
97 254 3
116 238 29
145 146 36
55 211 13
95 232 1
2 177 2
15 255 15
1 4 1
11 152 2
24 192 24
184 187 46
130 192 1
39 132 4
75 148 37
1 196 1
117 232 58
26 53 26
83 92 5
70 198 1
211 255 3
38 70 4
52 223 13
1 130 1
79 222 1
152 158 19
64 133 16
23 187 23
125 255 31
44 177 44
15 251 15
136 139 34
85 169 42
106 180 1
189 230 1
180 183 45
76 217 1
27 219 27
73 158 9
221 223 55
18 139 4
63 206 3
65 139 8
248 251 62
19 77 19
216 219 54
81 170 10
1 108 1
2 202 1
7 244 7
89 180 22
15 187 1
5 10 5
16 101 1
91 146 2
217 221 27
102 148 1
16 153 4
1 151 1
12 221 6
214 241 3
21 172 21
96 194 48
80 149 2
25 38 1
33 132 33
151 196 1
68 140 17
241 242 60
194 196 24
205 219 6
101 201 50
72 146 36
90 182 45
40 167 20
88 176 88
24 50 12
158 224 1
51 91 1
144 154 9
2 85 2
5 68 2
28 231 28
83 213 1
228 231 57
75 149 37
39 157 39
111 220 55
41 200 1
29 180 1
87 173 43
3 212 3
113 248 7
1 73 1
78 155 19
41 43 10
194 214 6
96 140 1
195 245 3
39 154 19
13 111 13
81 183 5
157 171 2
8 135 8
194 198 24
126 127 63
94 97 1
100 202 50
23 239 1
139 184 2
253 254 63
69 137 34
28 229 28
127 191 1
132 188 2
72 147 36
187 216 1
3 225 3
1 160 1
88 166 5
10 168 10
106 210 26
105 114 3
156 208 1
7 253 7
50 100 50
96 102 12
1 144 1
63 112 7
14 117 14
246 255 15
224 230 28
102 198 12
116 234 58
106 196 6
83 204 1
99 197 49
102 153 1
3 101 3
60 120 60
44 149 2
93 135 2
4 74 4
5 94 5
108 217 108
25 155 1
76 238 1
54 149 1
53 208 26
26 208 26
109 192 6
138 141 17
3 108 3
15 61 15
168 251 1
107 241 3
185 187 46
135 203 1
144 219 1
14 56 14
13 237 3
23 167 5
124 253 31
117 131 1
122 205 3
107 214 107
36 92 2
64 134 16
97 243 3
21 167 10
6 210 6
57 97 3
1 83 1
15 184 1
91 181 45
14 242 7
148 151 37
39 158 39
131 186 2
2 179 2
63 157 1
86 106 1
3 117 3
59 238 59
16 65 16
137 139 34
6 13 6
251 254 31
161 167 20
9 157 9
23 106 1
145 147 36
14 114 14
123 159 1
177 212 1
93 229 1
195 200 12
28 148 1
146 157 9
2 130 2
138 146 4
65 134 16
134 160 2
20 41 20
85 203 1
63 255 63
10 162 10
20 111 1
105 208 52
2 90 2
183 244 1
40 82 20
108 160 1
123 245 61
233 238 29
81 121 1
146 204 1
68 139 34
1 222 1
116 255 7
112 114 28
74 209 1
72 153 9
13 162 1
109 213 13
10 23 5
125 140 1
138 195 1
42 171 42
55 213 13
3 218 3
157 159 39
2 67 2
4 79 4
1 85 1
193 240 3
18 37 18
241 247 30
29 239 29
43 87 43
77 145 9
25 193 12
34 143 17
167 189 5
58 224 14
183 223 1
129 241 1
45 104 1
113 224 56
19 74 9
61 62 15
97 193 48
78 239 1
137 158 4
32 245 1
45 219 1
138 199 1
11 94 11
34 131 8
50 221 6
1 177 1
79 241 1
18 73 18
93 185 46
97 195 97
137 140 17
65 136 8
50 253 3
88 210 1
133 134 33
17 21 2
179 233 1
127 246 15
101 206 25
25 200 25
120 244 30
164 225 1
249 253 31
4 78 4
124 146 1
198 226 3
24 131 1
1 66 1
13 223 13
10 135 2
18 203 1
61 127 15
226 243 7
5 20 5
124 240 15
121 238 7
57 237 14
73 252 1
12 187 1
120 242 60
146 153 9
2 107 1
1 149 1
20 163 20
7 125 7
176 179 44
89 177 44
63 190 1
188 227 1
69 143 17
104 193 6
147 148 18
130 138 8
68 132 8
10 228 1
50 170 1
111 214 13
104 142 1
4 18 4
105 126 3
4 34 4
95 189 47
31 229 7
16 180 2
15 126 15
20 162 20
249 251 62
97 104 6
1 106 1
34 231 1
5 187 5
197 199 49
121 242 121
25 203 25
11 178 11
56 181 1
188 195 1
88 92 11
200 215 6
12 98 12
116 239 29
50 102 25
5 64 2
202 205 25
1 5 1
95 105 1
139 163 2
81 146 2
36 37 18
103 204 51
1 211 1
108 198 6
58 119 29
62 160 1
55 216 27
79 156 39
137 138 34
52 147 1
6 26 6
43 174 43
1 38 1
95 188 47
80 162 40
116 117 58
108 120 3
95 190 95
43 181 5
145 165 2
5 87 5
107 212 53
209 215 26
82 91 5
66 233 1
71 172 2
7 223 3
10 80 10
51 151 1
183 241 1
114 117 14
169 211 1
239 252 7
1 216 1
3 216 3
194 197 24
116 233 116
34 66 8
19 203 1
30 126 15
55 73 1
223 256 1
160 175 10
32 173 2
51 103 51
141 143 35
3 229 3
181 182 45
8 70 8
153 155 38
12 48 12
39 129 4
122 246 61
3 248 3
77 79 19
19 256 4
196 239 3
1 55 1
84 205 1
51 132 1
175 243 1
2 38 2
60 102 3
8 32 8
244 253 15
74 148 74
6 12 6
148 153 9
45 93 11
186 188 23
7 176 1
113 226 113
33 133 33
98 199 49
31 63 31
68 141 17
85 140 2
201 202 50
17 62 1
9 194 1
227 229 28
140 145 4
98 196 98
125 253 31
49 199 49
81 160 40
1 112 1
192 239 3
81 210 1
36 99 1
11 188 11
128 143 8
22 255 1
119 161 1
2 115 1
27 114 3
1 105 1
2 56 1
73 144 36
9 85 2
130 211 1
111 248 3
52 178 1
131 236 1
55 168 1
8 61 1
100 250 3
145 150 18
92 191 23
157 232 1
207 250 3
103 129 1
29 99 3
9 142 4
199 246 3
160 166 20
40 145 2
4 137 4
213 245 3
30 144 1
135 176 2
8 114 1
10 82 10
2 163 2
2 174 2
87 253 1
27 218 27
1 37 1
224 247 7
17 209 1
81 119 1
43 77 2
135 157 4
5 131 2
114 127 7
76 97 1
144 174 2
135 237 1
13 214 13
108 195 6
70 71 35
67 130 16
153 241 1
5 191 5
55 204 6
27 74 1
14 97 3
131 235 1
30 122 30
182 247 1
80 108 1
18 87 2
99 196 49
23 92 23
33 170 2
31 248 31
252 255 63
98 197 98
3 213 3
83 165 41
35 163 2
9 78 9
79 146 9
99 194 24
19 81 2
35 134 8
9 76 9
1 233 1
54 140 1
163 166 20
12 101 12
85 227 1
20 22 5
219 255 3
22 182 22
148 157 9
1 46 1
97 198 24
24 197 24
36 221 1
63 95 1
49 90 1
8 90 2
148 165 2
98 207 12
2 181 2
1 219 1
87 175 87
6 104 6
103 106 6
113 167 1
102 200 25
115 227 28
13 108 13
2 151 2
176 182 22
113 114 28
9 19 9
180 189 11
1 152 1
1 9 1
4 144 4
48 69 1
7 62 7
73 149 18
110 219 27
47 119 1
14 235 14
35 224 1
29 59 29
1 207 1
64 80 2
80 163 40
130 132 16
75 211 1
13 221 13
65 256 32
221 222 55
37 208 1
1 10 1
116 246 7
78 152 19
172 182 5
1 155 1
1 21 1
149 168 2
153 195 1
9 159 9
55 201 6
4 119 1
173 174 43
202 256 1
108 205 6
1 91 1
25 254 3
75 174 2
162 180 5
220 243 3
1 20 1
231 236 14
206 219 6
48 194 48
53 241 3
82 164 82
195 228 3
15 201 3
34 136 34
11 184 11
170 186 5
4 188 2
98 198 49
188 201 1
41 150 2
49 153 1
3 227 3
37 117 1
128 130 32
12 51 12
66 168 2
50 140 1
30 118 7
107 129 1
60 244 30
129 204 1
200 210 6
175 194 1
63 101 3
16 130 16
88 91 22
52 188 1
55 244 3
197 201 12
40 67 2
210 215 26
140 171 2
119 235 29
123 161 1
144 215 1
41 198 1
207 223 6
187 218 1
113 235 14
7 82 1
76 218 1
106 126 3
132 166 2
109 215 13
92 190 23
37 38 9
60 253 15
46 155 2
195 196 24
136 243 1
2 91 2
98 194 24
21 240 1
1 87 1
120 243 60
2 78 2
196 199 49
158 205 1
14 226 14
3 115 3
41 108 1
6 98 6
1 251 1
80 206 1
60 178 1
85 214 1
84 165 10
4 145 4
155 255 1
60 121 60
144 150 18
88 178 44
169 209 1
101 243 3
207 221 6
7 239 7
143 229 1
9 238 1
108 109 54
2 145 2
56 226 56
92 154 2
61 243 30
44 182 22
46 190 23
137 218 1
92 187 46
86 169 21
75 167 2
4 256 4
80 122 1
145 217 1
73 80 2
1 34 1
10 48 1
11 22 11
1 96 1
43 85 21
136 211 1
35 151 4
20 185 5
19 62 1
159 193 1
127 252 63
97 197 24
1 97 1
193 227 3
23 190 23
51 55 6
3 125 3
82 104 1
6 253 3
31 180 1
129 157 4
100 201 100
78 109 1
113 119 14
194 251 3
82 83 41
5 220 1
86 175 43
71 207 1
11 214 1
4 204 1
103 167 1
45 46 11
211 249 3
162 171 10
101 103 25
181 249 1
58 229 14
53 211 26
2 191 2
106 155 1
129 134 16
72 125 1
59 150 1
42 88 5
105 142 1
216 221 27
47 182 11
140 154 4
76 155 38
48 165 1
19 155 19
59 235 29
5 51 1
110 184 1
30 173 1
192 195 48
119 154 1
22 191 11
1 252 1
170 250 1
4 39 4
87 148 2
73 156 9
23 182 11
79 236 1
117 168 1
71 138 17
23 170 5
141 142 35
161 178 5
89 207 1
10 183 5
6 240 3
198 202 12
17 43 2
203 205 25
193 194 48
149 180 2
76 153 76
72 175 2
3 6 3
8 109 1
114 231 57
97 99 24
10 129 2
46 107 1
89 176 44
17 91 2
132 189 2
10 87 10
48 231 3
89 118 1
84 169 84
57 227 28
106 205 6
147 240 1
18 55 1
40 41 20
24 71 1
86 92 5
7 226 7
84 160 10
55 217 27
97 217 6
31 154 1
64 210 1
146 214 1
150 237 1
163 171 10
65 143 8
21 234 1
95 168 5
3 106 3
54 219 54
7 14 7
121 245 30
127 188 1
40 197 1
96 149 1
28 245 7
52 208 52
2 64 2
41 174 10
124 255 31
21 47 5
5 163 5
122 249 15
177 181 22
206 232 3
21 231 1
10 89 5
178 183 22
13 157 1
27 217 27
80 84 10
1 153 1
148 159 9
64 194 1
9 65 4
12 69 1
138 233 1
157 204 1
26 139 1
23 142 2
19 164 2
146 149 18
2 137 2
209 221 13
52 107 26
208 224 3
7 237 7
64 154 4
129 193 1
32 212 1
48 49 24
33 156 4
1 39 1
27 248 3
94 95 47
53 104 26
225 237 14
90 122 1
217 219 54
57 229 57
163 199 1
110 111 55
44 150 2
138 143 17
28 230 28
60 91 1
18 199 1
31 199 3
30 242 30
142 162 2
52 98 6
75 150 75
50 103 25
98 102 12
6 216 6
60 245 30
17 69 17
226 231 28
13 151 1
64 103 1
209 211 52
14 228 14
235 239 29
93 175 5
52 207 6
72 151 18
245 249 15
100 206 25
166 247 1
105 213 26
1 127 1
66 177 2
139 236 1
47 151 2
21 237 1
25 116 3
155 179 2
4 65 4
2 43 2
30 78 1
1 200 1
5 190 5
3 127 3
111 255 3
57 230 57
55 111 55
138 142 17
129 130 32
172 237 1
27 58 3
122 126 15
10 41 10
40 164 20
211 252 3
40 242 1
128 166 2
13 137 1
8 16 8
124 244 15
13 106 13
24 223 6
59 165 1
105 198 6
109 220 27
8 65 8
169 173 21
115 146 1
3 202 3
65 150 4
132 212 1
1 163 1
108 136 1
242 245 30
2 17 2
196 205 12
48 100 12
90 188 11
116 235 58
94 223 1
5 170 5
105 161 1
99 195 24
25 206 25
58 233 58
93 94 23
195 198 24
90 163 5
135 228 1
149 158 9
13 52 13
37 151 37
48 192 48
27 78 1
7 106 3
109 216 54
90 129 2
19 158 19
131 179 2
130 199 1
65 114 1
80 190 5
72 233 1
155 159 19
63 98 3
121 246 30
15 241 15
53 63 3
241 246 30
212 228 3
44 243 1
36 144 36
88 89 44
1 158 1
229 243 7
98 252 3
22 44 22
22 88 22
185 186 46
117 196 3
54 64 1
36 147 36
83 247 1
141 146 4
50 204 25
82 130 2
55 87 1
13 54 13
114 243 7
141 240 1
70 140 70
161 187 5
171 180 5
2 83 2
197 198 49
137 157 4
15 39 1
14 113 14
38 210 1
69 149 4
189 242 1
76 85 2
109 217 54
66 226 1
15 132 1
144 162 2
206 235 3
74 182 2
16 136 8
86 174 43
164 203 1
146 202 1
34 82 2
15 60 15
80 213 1
25 194 12
23 183 11
60 247 30
98 99 49
2 33 2
77 120 1
21 170 21
38 158 19
149 154 9
44 118 1
141 165 2
21 175 21
2 68 2
48 107 6
72 253 1
23 177 11
189 190 47
93 184 46
33 129 16
12 150 1
213 254 3
197 251 3
106 131 1
82 223 1
128 131 32
1 137 1
6 49 6
120 123 30
231 234 14
78 79 39
45 144 2
6 200 6
76 204 1
84 85 42
169 225 1
1 206 1
98 195 24
165 254 1
34 137 34
7 63 7
70 117 1
1 32 1
102 201 25
27 108 27
117 187 1
196 200 12
115 116 14
230 235 14
181 255 1
194 201 12
20 36 2
87 172 43
70 132 8
61 237 7
45 79 2
3 253 3
3 195 3
1 201 1
100 241 3
26 123 3
19 148 9
145 244 1
77 156 19
1 68 1
92 135 2
31 62 31
68 136 68
1 123 1
110 218 27
22 91 22
60 124 15
7 245 7
93 164 5
41 94 5
125 249 62
50 194 12
135 166 2
24 104 6
95 175 5
20 241 1
70 156 4
1 237 1
129 137 8
170 214 1
94 186 23
82 236 1
71 88 2
171 190 5
60 243 60
141 219 1
47 90 11
25 221 6
29 58 29
144 226 1
44 121 1
15 124 15
42 247 1
25 250 3
26 209 26
2 45 2
56 115 28
22 90 22
165 223 1
103 207 103
15 245 15
168 171 42
8 142 8
4 31 1
46 77 2
31 242 15
86 130 2
107 209 26
7 112 7
44 89 44
146 195 1
3 97 3
10 172 10
18 212 1
26 210 26
88 180 22
30 61 30
59 118 59
100 205 25
113 115 28
2 5 2
139 181 2
1 52 1
3 119 3
41 212 1
23 111 1
36 56 1
121 153 1
42 231 1
35 109 1
2 19 2
145 156 9
138 238 1
77 155 77
42 43 21
79 201 1
7 114 7
14 67 1
39 79 39
45 78 2
160 244 1
231 237 14
33 163 2
11 170 5
18 145 18
2 169 2
78 211 1
36 157 9
67 128 16
172 210 1
20 240 1
161 163 40
35 251 1
24 49 24
107 213 53
32 67 16
129 222 1
200 220 6
24 196 24
84 161 10
138 222 1
12 28 3
240 245 30
178 238 1
2 192 1
50 59 3
36 127 1
183 221 1
70 246 1
24 99 24
245 251 15
28 224 28
135 141 8
1 146 1
121 123 30
111 162 1
208 245 3
76 117 1
96 218 6
1 246 1
145 148 18
1 197 1
243 244 30
126 234 7
27 223 27
153 238 1
193 239 3
7 124 7
189 221 1
5 81 5
22 177 22
10 121 1
4 220 1
45 180 45
227 253 7
67 214 1
115 236 14
10 164 10
2 93 2
85 179 5
51 192 12
82 237 1
3 113 3
61 216 3
136 210 1
33 181 2
83 152 2
98 227 3
145 181 2
10 125 1
144 175 2
1 54 1
122 207 3
57 63 7
65 130 65
161 165 20
28 228 28
134 137 8
25 62 3
26 203 6
20 40 20
140 165 2
116 230 14
172 250 1
125 127 31
19 200 1
35 99 1
229 230 57
11 166 5
74 123 1
177 206 1
1 242 1
67 138 8
24 118 3
44 88 44
54 109 54
86 213 1
4 158 4
31 215 3
5 82 5
92 180 11
8 137 8
35 91 2
114 115 57
2 185 2
88 184 11
12 200 12
15 127 15
211 213 26
209 213 26
7 240 7
58 100 3
78 149 9
130 223 1
152 155 38
205 240 3
71 162 2
16 56 1
11 69 2
75 79 9
202 206 25
32 130 32
27 110 27
7 24 3
148 212 1
59 234 29
9 35 4
1 247 1
9 227 1
4 32 4
164 174 10
37 184 2
139 165 2
1 67 1
4 93 2
43 80 10
45 182 45
85 161 10
22 145 2
52 76 1
45 185 11
4 132 4
18 69 4
177 228 1
4 151 4
226 236 14
11 186 11
18 120 1
19 157 19
178 184 11
218 221 27
7 92 1
1 111 1
86 160 10
109 253 3
104 117 3
190 214 1
93 95 23
127 242 15
166 178 5
101 102 25
57 115 57
113 217 3
102 206 51
48 199 24
10 170 10
61 220 3
105 221 13
86 168 21
13 211 13
7 249 7
79 142 4
72 76 9
82 242 1
166 200 1
93 253 1
3 193 3
232 237 29
88 177 88
6 179 1
95 181 11
131 232 1
153 156 19
22 67 2
211 229 3
34 195 1
2 36 2
232 238 29
162 164 20
54 210 13
235 236 29
11 26 1
123 242 30
59 249 7
122 127 15
122 220 3
81 111 1
3 15 3
99 134 1
210 212 26
100 220 6
113 228 28
52 100 6
97 204 12
22 75 2
105 205 6
226 229 28
153 196 1
8 254 1
11 164 5
115 225 28
123 195 3
95 216 1
46 185 46
116 198 3
96 103 12
46 111 1
96 113 3
194 200 12
18 36 18
227 240 7
22 185 11
146 178 2
28 179 1
46 189 23
214 236 3
83 84 10
16 62 1
91 172 5
8 66 8
36 45 2
54 170 1
101 203 101
74 149 74
80 161 80
5 11 5
95 177 11
124 126 31
41 246 1
105 209 52
55 108 27
6 221 6
52 219 13
49 77 1
186 189 23
97 253 3
69 209 1
104 211 52
209 210 52
15 167 1
94 157 2
125 197 3
139 142 17
2 46 2
83 160 20
66 121 1
175 242 1
76 159 19
245 247 61
62 113 7
1 125 1
94 191 47
133 173 2
118 237 118
90 91 45
2 222 1
111 217 27
106 228 3
120 158 1
13 209 13
46 250 1
60 127 15
59 119 59
196 235 3
15 88 1
128 236 1
91 138 2
44 183 22
170 190 5
22 203 1
67 211 1
26 75 1
14 138 1
92 112 1
42 145 2
2 217 1
109 163 1
117 233 58
82 147 2
109 165 1
126 200 3
120 121 60
63 208 3
196 221 6
90 178 22
4 226 1
25 256 1
193 225 3
34 138 34
2 76 2
97 160 1
106 211 26
63 94 1
162 239 1
75 249 1
187 190 23
9 86 2
126 160 1
133 197 1
30 227 7
49 231 3
37 255 1
225 234 14
24 30 3
71 215 1
7 254 7
4 73 4
90 197 1
134 228 1
7 18 1
34 134 8
47 188 47
151 236 1
2 79 2
43 69 2
15 120 15
76 167 2
58 230 14
107 128 1
55 219 27
154 163 2
5 46 5
90 106 1
1 169 1
87 90 5
50 206 25
94 199 1
107 202 6
84 103 1
112 254 7
7 30 7
134 249 1
75 146 18
36 146 36
54 171 1
86 198 1
50 248 3
19 63 1
83 220 1
125 166 1
105 160 1
26 108 13
30 165 1
52 92 1
1 72 1
38 72 9
36 72 36
57 117 14
50 98 12
16 201 1
128 199 1
166 193 1
199 216 6
187 191 23
114 224 28
84 164 10
80 105 1
63 127 63
206 242 3
80 164 20
214 221 13
29 224 14
29 207 3
2 74 2
110 243 3
26 118 3
181 211 1
10 171 10
22 168 5
3 120 3
64 112 1
93 187 93
33 44 2
73 111 1
82 205 1
25 100 25
86 216 1
26 216 13
36 158 9
63 176 1
78 154 19
76 77 38
129 152 4
20 82 20
67 101 1
82 151 2
1 228 1
2 80 2
221 224 3
2 89 2
133 155 4
64 136 8
194 205 12
44 190 11
2 81 2
62 95 1
76 245 1
89 181 22
40 80 40
31 120 15
2 180 2
179 181 22
9 153 9
95 131 2
198 204 12
133 203 1
1 170 1
128 233 1
1 99 1
90 171 5
8 130 8
88 202 1
4 17 4
115 154 1
31 75 1
153 249 1
1 44 1
34 200 1
170 218 1
4 23 2
59 236 59
157 225 1
126 196 3
193 196 24
34 50 1
95 179 11
44 175 5
92 183 11
126 174 1
119 233 29
3 58 3
19 156 19
96 112 3
105 129 1
81 193 1
107 175 1
100 102 25
136 179 2
97 208 6
111 195 6
58 116 58
1 28 1
87 123 1
124 249 124
2 146 2
138 181 2
1 93 1
149 150 37
26 113 3
8 134 8
57 90 1
184 237 1
129 133 16
67 81 2
120 161 1
9 36 9
9 79 9
21 229 1
16 58 1
147 204 1
76 157 19
120 245 30
3 196 3
1 183 1
52 127 3
121 252 15
11 95 11
59 74 1
7 235 7
116 224 14
109 110 27
187 220 1
82 191 5
41 86 10
13 216 13
32 77 4
47 217 1
60 147 1
131 133 16
154 229 1
28 116 14
22 176 22
134 236 1
119 250 7
1 41 1
120 207 3
204 219 6
18 249 1
199 231 3
93 189 23
2 150 2
31 162 1
1 226 1
11 46 11
185 228 1
5 186 5
61 249 15
129 169 2
176 235 1
213 220 13
13 191 1
7 198 3
30 204 3
96 98 24
77 177 2
110 128 1
89 140 2
31 246 15
85 200 1
51 203 25
110 194 6
106 208 26
123 231 7
134 256 16
96 188 1
85 170 85
121 193 3
164 212 1
26 142 1
166 242 1
225 230 28
119 195 3
10 24 1
143 176 2
81 194 1
127 176 1
16 203 1
165 256 2
3 52 3
71 83 2
106 213 106
128 153 4
9 221 1
114 145 1
67 243 1
242 246 30
102 129 1
118 139 1
163 230 1
132 219 1
133 178 2
32 141 8
105 235 3
148 238 1
30 72 1
60 168 1
30 223 3
32 133 16
3 217 3
30 206 3
21 134 2
49 96 24
56 239 14
95 183 11
52 106 26
207 216 6
56 114 28
1 255 1
64 100 1
134 226 1
9 150 9
97 110 6
41 146 2
14 116 14
4 164 2
161 164 20
31 255 31
1 62 1
30 239 7
135 165 2
142 156 4
83 94 5
25 96 12
143 153 4
86 111 1
1 33 1
150 250 1
13 41 1
73 177 2
19 47 2
85 172 21
118 119 59
93 207 1
111 219 27
26 134 1
14 59 14
38 159 19
94 143 2
66 239 1
5 8 2
46 177 11
4 142 4
226 241 7
40 166 20
2 144 2
38 77 38
106 240 3
204 234 3
36 159 9
1 191 1
30 247 30
155 158 19
207 253 3
113 231 28
53 85 1
137 172 2
182 253 1
201 205 25
1 110 1
38 214 1
121 241 60
98 100 12
23 130 2
4 68 4
47 69 2
66 234 1
57 231 57
4 147 4
60 181 1
47 181 11
4 153 4
4 28 1
28 225 28
105 109 13
195 207 12
144 238 1
46 125 1
121 122 30
32 71 8
16 188 2
124 227 7
42 196 1
101 204 25
21 82 10
136 202 1
101 200 50
64 165 2
45 181 45
124 252 31
106 146 1
73 145 36
96 99 24
205 245 3
119 226 14
67 218 1
72 122 1
125 254 31
30 47 1
4 115 1
70 219 1
21 168 21
225 226 56
2 183 2
71 136 17
2 143 2
57 242 7
39 200 1
7 56 7
123 233 7
63 237 7
62 125 62
223 241 3
66 138 8
120 247 30
55 112 3
165 189 5
62 196 3
61 115 7
64 256 64
37 201 1
68 105 1
13 107 13
185 224 1
75 77 9
11 45 11
95 222 1
125 251 125
201 252 3
37 147 18
140 192 1
32 40 2
122 253 15
226 228 28
65 135 16
51 197 12
18 151 18
102 159 1
89 212 1
70 250 1
1 188 1
1 229 1
174 228 1
5 90 5
114 254 7
1 248 1
117 234 117
209 217 13
48 142 1
167 188 5
64 67 16
224 244 7
159 194 1
122 240 30
11 168 5
137 153 4
41 251 1
187 247 1
35 69 17
176 215 1
38 142 4
10 165 10
74 249 1
11 44 11
142 148 4
3 56 3
131 171 2
29 68 1
99 202 12
81 149 2
134 148 4
71 144 4
152 208 1
82 155 2
46 161 5
21 88 5
3 12 3
21 244 1
7 58 7
49 218 6
233 237 29
3 135 1
1 8 1
3 245 3
129 218 1
18 223 1
172 193 1
77 176 2
67 95 2
112 118 14
50 203 50
181 187 11
31 181 1
123 178 1
67 189 2
10 207 1
56 100 3
155 181 2
90 203 1
186 216 1
40 160 40
155 161 2
94 147 2
116 195 3
117 236 29
28 93 1
108 223 27
179 214 1
30 170 1
67 68 8
166 175 10
49 80 1
27 255 3
22 183 22
3 138 1
91 179 22
57 120 7
87 194 1
8 138 8
9 161 2
15 249 15
43 210 1
52 210 52
39 228 1
128 189 2
80 188 5
22 132 2
174 255 1
19 162 2
1 17 1
71 197 1
225 228 28
1 202 1
11 40 5
2 141 2
41 173 10
107 167 1
24 152 1
13 96 6
51 107 6
91 177 22
1 232 1
122 243 30
70 144 4
2 39 2
4 37 4
192 201 12
32 121 1
103 200 25
78 143 4
229 248 7
160 204 1
41 113 1
65 230 1
139 194 1
6 24 6
130 159 4
28 114 28
156 185 2
12 156 1
62 232 7
30 120 30
29 227 14
95 184 23
3 206 3
19 250 1
3 49 3
189 203 1
31 249 31
4 47 2
17 35 17
140 234 1
57 113 28
74 77 9
80 98 1
8 132 8
243 255 15
164 248 1
38 200 1
59 233 29
116 164 1
6 27 6
74 152 9
154 245 1
50 60 3
97 159 1
1 22 1
27 241 3
90 108 1
55 245 3
1 243 1
50 90 1
64 89 2
42 172 21
36 66 4
56 232 14
9 156 9
116 211 3
41 122 1
69 179 2
96 205 12
90 230 1
7 8 1
64 135 16
123 252 15
6 188 1
149 151 37
178 188 11
128 190 2
167 177 5
61 230 7
55 130 1
49 98 49
213 240 3
82 106 1
25 199 12
118 157 1
203 206 25
147 252 1
2 100 1
111 118 3
70 202 1
214 233 3
193 198 24
37 61 1
53 213 53
121 243 121
91 187 11
186 232 1
62 124 62
18 105 1
69 71 17
52 224 3
56 221 3
31 107 3
37 144 18
75 82 2
19 143 4
1 224 1
19 172 2
54 224 3
81 163 81
206 220 6
83 166 83
50 137 1
32 129 32
10 85 10
48 197 24
148 256 4
89 226 1
58 172 1
62 252 31
133 191 2
66 256 16
177 178 44
68 137 68
105 210 105
200 206 25
88 182 22
193 217 6
47 103 1
27 66 1
175 233 1
138 191 2
106 171 1
161 230 1
36 247 1
28 49 3
113 210 3
22 27 1
233 242 7
30 124 15
6 97 6
29 153 1
204 231 3
155 242 1
134 156 4
31 99 3
34 132 8
85 112 1
59 117 29
56 62 7
193 195 48
12 24 12
15 70 1
38 68 4
81 83 20
83 162 20
31 66 1
220 245 3
16 32 16
75 151 75
111 186 1
3 18 1
77 158 19
140 146 4
26 237 3
64 84 2
92 165 5
17 136 17
77 122 1
12 199 12
108 204 6
196 236 3
61 81 1
63 124 31
67 155 4
115 201 3
6 80 1
169 172 21
74 160 2
178 246 1
86 241 1
126 252 126
174 176 5
1 253 1
40 169 10
1 113 1
248 255 31
143 148 4
24 97 24
28 115 28
87 174 87
50 188 1
2 8 2
78 134 4
88 170 5
67 136 8
134 140 8
49 163 1
133 234 1
15 75 1
80 252 1
122 202 3
164 173 10
64 129 64
1 174 1
90 185 11
115 232 14
8 140 8
12 72 1
12 99 12
33 182 2
131 256 32
120 150 1
19 39 19
37 150 37
203 207 25
36 73 36
75 230 1
46 187 46
119 239 119
115 229 57
50 68 1
150 222 1
2 92 2
2 41 2
135 154 4
119 249 7
31 105 3
196 250 3
88 198 1
1 178 1
98 193 24
32 120 1
28 51 3
6 53 6
220 231 3
140 162 2
92 176 11
24 142 1
22 89 22
107 199 6
54 220 27
31 210 3
16 145 4
206 217 6
179 199 1
70 199 1
21 141 2
79 232 1
105 195 6
27 222 27
146 237 1
92 132 2
65 66 16
14 232 14
1 94 1
5 21 5
21 199 1
28 112 28
39 153 19
105 212 26
229 246 7
176 183 22
144 157 9
12 211 6
1 12 1
98 206 12
83 98 1
38 249 1
80 83 20
145 184 2
6 202 6
32 256 32
5 41 5
32 43 2
6 91 1
30 189 1
165 213 1
41 226 1
50 136 1
29 147 1
9 131 4
240 247 30
61 244 61
10 169 10
192 202 12
51 89 1
41 152 2
63 126 63
35 183 2
185 199 1
81 154 2
113 241 7
49 64 1
132 247 1
73 159 9
51 200 25
12 205 12
178 240 1
72 149 18
39 221 1
15 220 3
230 243 7
176 223 1
55 161 1
41 190 5
60 140 1
14 230 14
3 205 3
20 74 2
207 224 3
116 229 14
110 220 110
82 221 1
19 119 1
72 148 18
74 147 18
210 214 26
31 204 3
62 117 7
55 91 1
33 65 16
125 165 1
58 176 1
185 189 23
52 87 1
114 128 1
108 214 13
180 209 1
18 67 4
74 150 37
165 240 1
3 124 3
7 15 7
146 247 1
2 168 2
61 232 7
39 214 1
93 190 23
19 153 19
48 226 3
13 26 13
156 161 2
150 240 1
71 129 8
35 198 1
3 249 3
10 149 2
39 159 39
149 193 1
24 32 1
67 79 4
70 74 4
1 136 1
191 241 1
18 95 2
140 150 4
145 232 1
24 175 1
102 183 1
50 205 25
27 174 1
29 235 29
10 173 10
52 55 13
168 174 21
79 168 2
65 196 1
179 241 1
128 191 2
6 182 1
14 118 14
154 225 1
168 182 5
19 49 1
48 250 3
117 151 1
75 78 9
93 172 5
33 54 1
164 218 1
155 204 1
182 187 11
34 175 2
123 172 1
96 226 3
112 132 1
139 214 1
107 228 3
144 149 18
24 46 1
85 165 10
78 158 39
128 256 128
13 32 1
31 106 3
144 168 2
109 155 1
42 195 1
3 201 3
29 118 29
138 226 1
51 206 51
25 79 1
96 236 3
1 65 1
21 151 2
3 176 1
2 167 2
70 155 4
5 204 1
5 22 5
183 205 1
47 163 5
18 244 1
1 235 1
9 149 9
192 229 3
29 112 14
91 95 11
87 226 1
100 141 1
84 179 5
16 73 4
86 124 1
5 178 5
102 202 25
13 53 13
75 90 2
172 249 1
152 163 2
122 161 1
160 221 1
113 156 1
1 29 1
1 217 1
114 233 14
24 215 6
120 241 120
115 216 3
121 225 7
110 249 3
79 165 2
228 238 14
133 154 4
43 247 1
69 231 1
68 91 2
157 198 1
17 225 1
1 119 1
2 175 2
1 171 1
164 184 5
42 170 42
55 222 55
154 161 2
230 242 7
51 211 6
136 233 1
75 200 1
180 187 11
16 174 2
6 219 6
24 98 24
47 67 2
83 174 10
27 105 13
85 102 1
86 117 1
65 129 32
174 239 1
83 173 10
35 139 17
123 137 1
227 252 7
37 143 4
5 85 5
42 44 5
224 227 56
166 174 10
225 253 7
43 240 1
74 151 37
52 146 1
162 210 1
35 229 1
29 195 3
113 222 3
25 122 3
44 188 11
128 134 16
86 108 1
118 142 1
43 156 2
215 220 13
131 210 1
125 126 31
22 115 1
112 229 28
134 211 1
110 125 3
137 159 4
86 177 5
15 27 3
25 204 25
10 245 1
219 254 3
105 141 1
1 42 1
132 239 1
159 160 2
88 171 5
66 251 1
210 223 13
145 190 2
1 19 1
179 180 22
67 98 1
53 247 3
162 169 10
184 217 1
89 136 2
117 229 14
1 103 1
21 165 10
102 192 12
33 35 8
98 148 1
103 235 3
77 195 1
108 222 27
225 240 7
1 53 1
37 78 9
187 254 1
45 91 45
24 101 12
70 133 8
4 76 4
63 149 1
200 241 3
217 237 3
48 99 24
38 177 2
23 242 1
1 31 1
139 149 4
3 224 3
212 218 13
153 233 1
60 96 3
93 191 23
9 205 1
160 197 1
103 211 6
13 245 3
116 140 1
16 67 16
9 146 9
48 149 1
66 85 2
50 51 25
14 234 14
13 203 6
10 69 2
49 75 1
114 149 1
233 235 58
55 218 27
3 25 3
185 188 23
159 223 1
67 185 2
80 174 10
181 245 1
46 109 1
134 136 8
12 144 1
198 209 6
121 173 1
2 218 1
16 66 16
110 170 1
1 165 1
1 114 1
10 160 10
117 237 29
206 236 3
74 158 9
84 86 21
175 237 1
14 218 3
102 204 102
18 205 1
13 222 13
195 202 12
190 204 1
18 159 9
150 201 1
89 153 2
78 254 1
9 15 1
58 232 58
11 91 11
126 198 3
4 154 4
70 174 2
41 168 10
80 160 80
25 192 12
100 126 3
28 226 28
31 136 1
1 157 1
196 233 3
63 155 1
82 135 2
50 207 25
16 225 1
6 194 6
227 247 7
251 255 31
111 207 6
182 217 1
5 167 5
89 100 1
54 111 27
4 117 1
21 247 1
87 179 5
88 124 1
35 215 1
71 154 4
2 233 1
5 23 5
64 161 2
5 177 5
105 234 3
107 210 26
70 87 2
36 55 1
103 206 103
13 249 3
6 110 6
86 229 1
17 124 1
10 84 10
218 229 3
25 211 6
113 123 7
10 21 10
142 150 4
99 206 12
35 143 35
23 198 1
2 22 2
1 15 1
231 233 14
64 145 4
160 167 20
49 84 1
110 201 6
16 252 1
221 232 3
130 185 2
173 210 1
180 188 11
89 184 11
113 198 3
244 254 15
77 181 2
79 83 2
3 24 3
79 157 39
6 114 3
110 117 3
149 226 1
13 219 13
72 81 2
246 250 15
140 251 1
128 204 1
2 40 2
84 185 5
47 218 1
30 115 7
12 230 3
141 235 1
122 199 3
6 209 6
50 196 12
121 251 15
34 71 17
6 156 1
4 64 4
35 70 35
14 224 14
106 119 3
13 98 6
33 66 33
60 126 15
1 59 1
1 86 1
63 148 1
176 191 11
37 101 1
10 184 5
48 60 3
156 252 1
68 239 1
165 167 41
75 107 1
155 228 1
93 174 5
57 145 1
20 72 2
52 104 52
1 141 1
42 173 21
76 177 2
91 206 1
3 26 3
21 160 10
64 182 2
26 249 3
170 172 21
195 197 24
20 83 20
2 71 2
231 232 14
34 76 4
118 143 1
187 188 23
3 63 3
75 80 2
188 192 1
70 148 4
67 171 2
65 217 1
42 152 2
5 235 1
58 169 1
102 130 1
166 171 10
81 229 1
59 220 3
24 195 24
121 187 1
5 183 5
112 120 7
3 53 3
104 214 26
125 169 1
116 205 3
72 107 1
115 131 1
28 35 1
81 164 20
22 251 1
96 217 6
65 251 1
71 187 2
159 174 2
29 114 14
81 139 2
65 67 16
209 214 26
33 98 1
16 41 2
1 109 1
76 170 2
89 182 22
69 171 2
59 116 29
75 163 2
13 212 13
23 87 5
96 110 6
89 188 11
43 209 1
11 47 11
86 237 1
179 252 1
116 240 7
84 182 5
161 162 40
7 61 7
134 212 1
3 197 3
51 56 3
1 70 1
44 68 2
39 120 1
51 180 1
38 122 1
40 154 2
168 212 1
6 129 1
123 229 7
217 220 27
23 155 2
128 135 16
207 222 6
70 183 2
64 147 4
113 227 113
75 228 1
74 144 18
118 216 3
29 225 14
10 38 2
79 217 1
50 202 50
44 253 1
1 27 1
24 198 24
28 251 7
85 254 1
12 224 3
109 251 3
44 95 11
64 130 32
71 128 8
132 136 8
176 188 11
35 142 35
4 138 4
223 243 3
31 253 31
72 157 9
8 35 8
29 98 3
3 121 3
86 210 1
18 85 2
84 181 5
63 125 31
165 181 5
26 220 13
219 243 3
14 88 1
21 96 1
181 224 1
6 248 3
58 106 3
199 232 3
80 238 1
5 244 1
27 129 1
160 200 1
55 179 1
51 101 25
149 197 1
55 212 13
114 221 3
20 68 2
10 233 1
43 84 21
86 197 1
102 133 1
161 166 20
47 190 47
8 179 2
126 239 7
2 182 2
78 157 78
117 138 1
86 176 5
29 238 29
1 192 1
3 136 1
96 109 6
20 148 2
118 236 118
30 241 30
27 109 27
29 70 1
69 141 17
5 241 1
43 147 2
64 195 1
77 148 9
68 98 1
213 223 13
164 253 1
114 225 28
1 193 1
4 150 4
14 95 1
67 254 1
164 170 10
242 248 15
63 214 3
67 129 16
211 215 26
61 231 7
15 31 15
2 160 2
76 156 19
59 84 1
153 158 19
72 132 4
15 92 1
33 175 2
118 217 3
53 190 1
94 184 23
58 239 29
145 149 18
113 238 14
6 192 6
64 151 4
86 162 10
122 254 15
122 251 15
35 147 4
4 156 4
184 214 1
30 51 3
56 184 1
39 44 2
107 146 1
44 65 2
26 213 26
123 232 7
9 84 2
197 202 12
17 68 17
26 189 1
77 143 4
94 128 2
81 101 1
6 54 6
59 177 1
71 178 2
88 167 5
222 226 3
40 238 1
149 190 2
3 238 3
13 152 1
88 255 1
123 247 123
195 251 3
85 245 1
49 198 49
62 235 7
107 208 26
88 168 5
62 253 31
186 191 23
111 185 1
99 132 1
183 187 11
11 92 11
182 215 1
15 119 7
71 170 2
103 164 1
15 231 7
74 145 18
120 130 1
52 78 1
153 203 1
38 80 2
95 201 1
70 170 2
73 129 4
216 227 3
19 131 4
26 135 1
243 246 30
52 157 1
72 89 2
181 191 11
160 178 5
96 202 12
59 87 1
249 254 31
11 201 1
6 52 6
67 167 2
25 209 6
97 183 1
139 174 2
96 192 96
187 226 1
72 93 2
21 57 1
161 231 1
46 104 1
41 162 20
7 228 7
3 61 3
26 255 3
10 65 2
127 251 31
82 85 10
1 69 1
44 181 22
210 231 3
27 236 3
57 86 1
84 173 21
59 178 1
93 123 1
49 100 12
178 190 11
43 101 1
45 254 1
114 230 57
45 231 1
43 51 1
162 182 5
71 106 1
8 201 1
32 107 1
139 204 1
71 201 1
130 191 2
183 247 1
72 150 18
91 182 91
3 200 3
73 214 1
142 243 1
3 244 3
178 182 22
212 248 3
69 177 2
163 212 1
142 209 1
7 229 7
29 135 1
20 23 5
133 247 1
3 28 3
38 143 4
78 175 2
51 98 12
109 116 3
31 139 1
129 136 8
21 157 2
101 207 25
1 80 1
2 54 1
169 250 1
82 161 20
66 170 2
85 223 1
1 74 1
163 165 20
35 209 1
7 236 7
6 201 6
14 231 14
51 85 1
234 239 29
112 231 28
53 209 26
128 245 1
90 196 1
82 116 1
33 68 8
37 75 37
177 182 22
7 117 7
15 248 15
69 80 2
41 77 2
27 216 27
3 207 3
14 129 1
120 189 1
123 207 3
1 48 1
51 58 3
99 103 12
73 201 1
107 143 1
119 227 14
47 131 2
75 132 4
92 185 92
83 176 5
5 174 5
51 251 3
174 203 1
110 222 55
144 249 1
64 120 1
1 189 1
227 244 7
136 201 1
67 183 2
70 216 1
1 30 1
34 140 17
179 223 1
1 60 1
156 247 1
86 173 86
122 138 1
43 82 10
116 144 1
58 185 1
7 83 1
80 92 5
151 168 2
108 243 3
50 124 3
117 214 3
35 187 2
7 126 7
21 207 1
8 45 2
93 116 1
68 210 1
30 167 1
75 162 2
8 69 8
105 216 13
1 173 1
62 106 3
48 186 1
3 57 3
24 48 24
141 243 1
197 200 12
100 207 25
33 34 8
35 219 1
43 167 10
55 121 3
12 198 12
2 62 1
30 31 15
48 87 1
52 109 13
199 205 12
60 240 60
5 140 2
31 126 31
10 237 1
83 229 1
136 181 2
50 201 50
76 154 38
121 190 1
160 183 5
80 82 20
150 157 9
84 210 1
2 165 2
44 211 1
208 213 26
179 182 22
222 238 3
21 40 10
77 185 2
7 251 7
18 34 4
104 252 3
45 103 1
53 234 3
58 103 3
15 169 1
14 201 3
11 176 11
212 222 13
92 221 1
3 254 3
131 226 1
74 146 18
5 89 5
5 110 1
13 123 3
74 141 4
150 174 2
99 172 1
112 115 28
122 247 61
18 184 2
49 107 6
80 126 1
52 95 1
6 211 6
200 209 6
127 250 31
104 195 6
55 206 6
96 177 1
2 157 2
48 108 6
51 155 1
126 247 15
132 145 4
216 230 3
27 220 27
2 18 2
84 215 1
28 107 3
15 240 15
11 84 5
3 103 3
122 245 122
227 255 7
96 105 6
104 208 104
62 254 31
42 174 21
119 238 119
108 150 1
150 202 1
175 225 1
15 62 15
3 81 1
27 111 27
24 56 3
129 175 2
38 221 1
66 110 1
66 133 66
54 55 27
79 211 1
18 215 1
106 201 6
45 175 5
91 166 5
85 205 1
67 237 1
131 238 1
208 256 1
143 207 1
52 184 1
112 122 7
6 96 6
146 162 2
5 83 5
48 217 6
156 256 4
24 166 1
126 232 7
31 212 3
2 82 2
100 200 100
11 16 2
43 169 21
133 139 8
3 230 3
96 173 1
90 181 90
117 119 29
109 117 3
154 156 19
56 112 56
27 123 3
82 251 1
2 155 2
6 205 6
112 206 3
94 187 23
171 172 21
109 121 3
114 203 3
70 185 2
34 120 1
92 95 23
6 82 1
39 212 1
1 145 1
83 186 5
48 102 12
156 212 1
133 136 8
6 50 6
3 126 3
120 199 3
207 208 6
21 43 21
76 152 76
28 57 28
191 251 1
66 162 2
178 229 1
204 207 51
203 248 3
43 160 10
144 165 2
30 123 30
176 240 1
97 194 97
24 33 1
70 79 4
59 171 1
114 152 1
199 217 6
58 118 29
7 113 7
103 172 1
23 217 1
94 141 2
210 250 3
28 113 28
207 238 3
108 211 13
25 205 25
88 207 1
228 233 14
91 160 5
41 163 20
21 196 1
219 221 27
16 131 16
109 225 3
179 193 1
12 229 3
91 115 1
134 153 4
166 187 5
51 198 12
8 143 8
18 19 9
9 77 9
23 47 23
57 87 1
42 161 10
116 226 14
168 175 21
70 138 17
23 143 2
85 173 21
92 189 23
46 186 46
15 246 15
23 78 2
60 194 3
1 6 1
200 208 6
88 179 44
63 248 31
33 143 8
13 25 6
195 250 3
5 176 5
89 178 89
181 248 1
136 145 4
69 70 17
190 209 1
46 154 2
242 254 15
241 245 30
27 210 13
49 243 3
170 241 1
83 155 2
26 28 3
44 241 1
201 206 25
10 131 2
95 114 1
1 182 1
93 247 1
64 90 2
40 249 1
20 43 10
141 153 4
82 112 1
11 60 1
118 227 14
62 126 31
2 72 2
85 175 21
12 36 1
14 248 7
54 104 13
147 219 1
206 241 3
67 135 67
186 218 1
12 127 3
117 206 3
52 211 52
58 237 29
229 238 14
79 159 79
71 103 1
8 193 1
158 222 1
135 245 1
123 153 1
190 220 1
112 224 112
233 236 29
125 151 1
114 227 28
48 193 48
128 225 1
12 194 12
118 204 3
27 125 3
68 212 1
28 87 1
72 98 1
51 230 3
8 256 8
138 140 17
138 172 2
3 131 1
38 98 1
218 245 3
4 36 4
175 241 1
52 117 3
91 229 1
123 129 1
12 75 1
48 97 48
50 119 3
14 207 3
1 135 1
6 206 6
87 131 2
66 130 16
210 238 3
133 142 8
62 120 15
6 197 6
20 112 1
180 185 11
36 131 4
98 228 3
52 212 26
68 226 1
72 224 1
60 74 1
133 225 1
178 180 22
107 222 13
137 205 1
12 61 3
12 49 12
16 143 8
35 179 2
59 166 1
3 107 3
3 114 3
66 143 8
73 103 1
36 64 4
2 149 2
111 244 3
2 153 2
84 247 1
74 245 1
116 218 3
52 89 1
18 155 9
6 203 6
14 112 14
202 236 3
95 214 1
2 189 2
45 177 22
85 235 1
54 222 27
7 48 3
47 209 1
82 224 1
55 232 3
35 97 1
94 194 1
73 210 1
112 251 7
187 189 23
249 256 1
9 248 1
104 106 26
40 50 1
76 246 1
45 170 5
121 233 7
21 107 1
194 203 12
73 229 1
61 120 30
174 240 1
71 91 2
9 122 1
166 218 1
20 42 10
146 150 18
2 20 2
127 172 1
49 192 24
1 212 1
15 123 15
41 82 41
121 231 7
34 69 34
5 175 5
38 78 19
63 212 3
108 149 1
150 178 2
89 186 11
8 89 2
37 86 2
138 212 1
117 200 3
46 184 46
73 146 73
42 175 21
192 214 6
243 253 15
93 111 1
61 189 1
1 147 1
19 150 9
79 153 19
97 248 3
8 211 1
127 249 31
49 209 6
46 63 1
21 236 1
130 244 1
154 173 2
22 130 2
4 155 4
75 135 4
137 142 17
143 205 1
26 105 26
184 189 23
192 203 12
9 75 9
213 217 13
90 162 5
114 118 14
91 140 2
97 239 3
160 186 5
61 239 7
1 154 1
58 235 58
60 99 3
38 129 4
7 232 7
17 114 1
48 221 6
11 185 11
149 152 9
3 235 3
65 71 8
236 256 1
80 173 10
101 202 101
1 71 1
60 224 7
176 222 1
209 216 13
160 234 1
145 224 1
169 203 1
170 234 1
158 209 1
3 231 3
7 247 7
132 225 1
184 191 23
91 132 2
89 221 1
87 170 21
127 255 127
48 131 1
12 247 3
13 220 13
26 107 26
73 199 1
151 159 9
132 169 2
172 189 5
15 96 3
2 187 2
77 161 2
99 251 3
108 110 27
95 180 11
143 186 2
22 180 22
25 234 3
57 235 14
38 157 19
45 155 2
24 228 3
169 174 21
17 99 1
24 209 6
85 224 1
41 207 1
39 173 2
139 246 1
112 256 1
187 202 1
23 46 23
5 181 5
38 207 1
23 89 11
69 78 4
164 217 1
97 203 12
65 185 2
22 147 2
46 152 2
77 134 4
123 132 1
8 86 2
139 144 4
1 234 1
68 142 17
138 157 4
37 76 9
136 188 2
73 108 1
11 183 11
25 215 6
13 24 6
41 164 41
63 254 63
65 79 4
10 102 1
1 82 1
170 178 5
25 48 12
27 34 1
35 107 1
184 255 1
54 197 6
33 134 33
46 110 1
130 152 4
133 140 8
100 171 1
28 32 1
3 247 3
31 178 1
75 183 2
177 183 22
41 49 1
199 202 12
4 14 1
59 242 7
237 239 59
8 145 4
1 256 1
105 124 3
48 50 12
118 122 7
29 155 1
156 192 1
216 223 27
135 153 4
17 59 1
2 129 2
189 212 1
5 84 5
6 75 1
73 116 1
85 241 1
41 95 5
36 77 9
20 170 10
190 198 1
209 212 26
110 195 6
251 252 31
47 195 1
164 205 1
100 197 12
60 241 60
24 35 1
91 224 1
59 127 7
79 154 19
38 152 38
11 21 5
1 116 1
61 96 3
156 240 1
47 177 11
123 200 3
53 70 1
128 200 1
55 221 55
62 230 7
193 207 12
25 124 3
60 142 1
123 241 30
70 136 17
93 171 5
166 236 1
1 100 1
23 180 11
158 177 2
12 210 6
44 180 22
163 164 20
35 94 2
71 102 1
167 248 1
168 189 5
51 87 1
165 225 1
204 252 3
12 214 6
71 143 71
61 245 61
233 247 7
68 79 4
80 102 1
124 238 7
193 221 6
1 156 1
68 73 4
26 130 1
193 238 3
180 230 1
145 226 1
13 21 1
89 225 1
10 81 10
2 44 2
7 242 7
19 33 4
134 203 1
99 104 6
82 152 2
111 116 3
103 125 3
22 245 1
35 120 1
94 238 1
48 196 24
30 121 30
132 235 1
118 158 1
32 195 1
12 202 12
35 140 35
192 210 6
133 230 1
7 246 7
163 236 1
156 187 2
104 173 1
13 217 13
35 59 1
164 175 10
7 225 7
144 221 1
163 179 5
1 115 1
135 185 2
8 226 1
77 191 2
7 191 1
23 28 1
94 175 5
96 209 6
10 37 2
187 213 1
165 172 10
5 113 1
5 173 5
13 205 6
31 247 15
203 243 3
35 130 8
163 208 1
214 217 13
104 191 1
134 139 8
57 224 28
84 147 2
167 184 5
3 98 3
39 152 19
99 198 99
25 105 6
114 234 14
26 38 1
28 119 14
54 238 3
117 145 1
145 151 18
60 123 30
66 246 1
85 182 5
6 37 1
38 251 1
114 165 1
3 255 3
62 134 1
133 194 1
92 188 23
49 247 3
1 218 1
8 60 1
35 150 4
127 228 7
125 195 3
4 8 4
126 248 31
126 242 15
224 245 7
46 106 1
19 78 19
88 194 1
74 153 9
177 213 1
126 215 3
11 80 5
102 194 12
4 9 4
102 195 12
95 123 1
7 42 1
126 207 3
46 183 11
117 176 1
32 132 16
127 236 7
22 178 22
30 84 1
182 213 1
2 70 2
16 176 2
98 106 6
37 72 18
60 200 3
150 175 2
63 253 63
215 225 3
64 207 1
32 134 16
25 196 12
178 232 1
58 192 3
15 122 15
82 162 20
18 64 4
1 225 1
23 238 1
94 176 11
72 167 2
58 122 7
73 150 18
73 89 2
117 118 29
174 220 1
28 105 3
248 253 31
5 47 5
25 52 6
32 182 2
156 211 1
83 175 10
111 139 1
7 250 7
84 206 1
22 85 5
239 250 7
1 241 1
50 209 6
158 249 1
12 50 12
65 151 4
197 243 3
33 83 2
118 235 29
47 74 2
52 221 13
209 228 3
18 255 1
1 124 1
132 155 4
141 163 2
40 76 2
28 59 14
32 220 1
62 89 1
1 204 1
5 184 5
145 154 9
165 187 5
35 235 1
75 181 2
40 73 2
54 221 27
1 118 1
188 249 1
50 95 1
97 175 1
100 249 3
130 160 2
31 250 31
166 233 1
17 145 4
161 200 1
190 205 1
155 207 1
5 43 5
43 58 1
90 255 1
29 232 29
93 223 1
105 211 105
58 205 3
35 171 2
80 167 20
245 252 15
55 230 3
100 233 3
51 240 3
61 240 30
70 186 2
39 230 1
225 232 14
14 135 1
24 86 1
162 199 1
173 205 1
194 199 24
195 244 3
3 256 1
56 70 1
65 172 2
49 149 1
66 129 16
124 128 1
5 188 5
9 82 2
109 210 13
92 184 92
8 99 1
208 214 26
206 215 6
95 185 23
194 252 3
22 45 22
1 244 1
30 73 1
34 129 8
36 136 4
54 243 3
18 147 18
188 204 1
36 126 1
69 122 1
13 210 13
50 114 3
28 227 28
96 193 96
4 190 2
66 155 4
93 156 2
6 100 6
53 251 3
3 208 3
90 127 1
215 222 13
27 249 3
46 188 23
79 124 1
54 208 13
93 163 5
9 37 9
2 84 2
74 159 9
103 201 25
91 92 11
51 201 25
27 55 27
54 132 1
92 161 5
1 23 1
26 95 1
93 186 93
50 106 6
122 167 1
26 238 3
241 251 15
107 215 107
10 194 1
81 103 1
102 199 12
29 119 29
217 242 3
72 82 2
146 151 18
32 156 4
220 226 3
131 143 8
150 189 2
71 93 2
241 244 30
139 143 17
45 176 22
8 33 8
71 244 1
56 225 56
42 240 1
132 139 8
206 213 6
6 152 1
47 191 47
96 253 3
236 255 7
122 177 1
107 217 13
81 175 10
123 189 1
67 103 1
212 227 3
86 217 1
22 181 22
226 233 14
99 218 6
9 12 1
48 203 12
120 252 15
14 204 3
24 28 3
96 158 1
127 196 3
151 170 2
37 146 18
201 223 6
84 105 1
67 206 1
130 218 1
3 27 3
55 208 13
53 221 13
203 224 3
57 58 14
36 183 2
78 84 2
225 242 7
14 236 14
71 134 8
218 223 27
122 194 3
34 105 1
83 111 1
12 97 12
166 244 1
101 162 1
59 225 14
62 122 15
138 192 1
130 209 1
19 244 1
137 178 2
126 171 1
27 96 6
175 187 5
65 158 4
25 82 1
6 48 6
27 106 13
121 125 15
175 186 5
223 248 3
4 72 4
2 166 2
58 254 7
14 126 7
136 229 1
14 78 1
2 134 2
42 46 5
56 224 56
162 177 5
11 85 5
182 244 1
49 195 24
80 165 20
55 59 3
90 169 5
112 228 28
24 199 24
76 232 1
17 132 8
204 214 6
36 161 2
157 173 2
33 72 4
29 32 1
17 137 17
98 241 3
7 122 7
145 219 1
58 88 1
83 255 1
165 173 10
22 46 11
18 45 2
38 134 4
11 48 1
146 233 1
39 75 9
34 61 1
90 210 1
89 149 2
9 49 1
94 104 1
113 229 28
73 90 2
62 155 1
121 161 1
160 165 20
121 208 3
114 228 114
79 158 79
62 255 31
98 145 1
51 99 12
8 71 8
84 241 1
5 88 5
92 150 2
19 79 19
23 134 2
113 191 1
96 146 1
82 86 10
22 26 1
126 241 15
177 185 11
20 174 10
17 135 8
106 221 13
85 153 2
16 144 4
29 208 3
84 98 1
36 116 1
64 66 16
12 44 1
16 140 8
99 199 99
115 157 1
225 231 28
37 157 9
67 139 8
35 138 17
64 155 4
234 241 7
65 93 2
9 113 1
115 161 1
68 71 17
1 133 1
173 238 1
78 111 1
25 50 25
71 132 8
101 213 6
136 180 2
132 178 2
68 221 1
13 215 13
186 190 23
73 249 1
79 112 1
171 175 21
99 215 6
32 160 2
33 159 4
119 140 1
123 196 3
46 235 1
37 77 9
25 92 1
41 231 1
56 113 56
193 247 3
3 239 3
102 149 1
11 179 11
81 179 5
40 118 1
4 148 4
193 231 3
164 238 1
66 131 16
68 222 1
1 210 1
9 38 9
17 156 4
1 180 1
134 239 1
28 207 3
36 218 1
179 190 11
27 221 27
16 134 16
43 124 1
55 90 1
64 168 2
81 167 20
142 168 2
100 254 3
26 223 13
120 163 1
102 154 1
154 192 1
66 71 8
21 87 21
75 152 9
235 237 29
108 221 27
138 152 4
242 256 1
46 86 5
17 192 1
42 109 1
130 170 2
119 147 1
45 167 5
145 192 1
43 130 2
118 184 1
28 164 1
42 166 10
50 216 6
246 252 15
50 230 3
16 68 8
25 102 25
79 151 9
22 215 1
4 38 4
14 250 7
10 240 1
144 218 1
61 65 1
166 188 5
175 222 1
2 35 2
79 155 19
30 60 30
1 35 1
2 42 2
97 164 1
33 235 1
26 29 3
171 245 1
103 197 12
113 201 3
13 27 13
74 256 4
215 230 3
113 117 14
240 246 30
48 248 3
130 195 1
47 154 2
1 107 1
131 194 1
25 151 1
103 111 6
104 209 104
34 35 17
214 216 13
152 159 19
134 193 1
16 128 16
3 194 3
113 154 1
190 229 1
30 63 15
66 224 1
59 255 7
51 59 3
129 212 1
45 85 5
44 239 1
6 51 6
81 89 5
203 208 6
43 91 5
29 72 1
10 167 10
88 227 1
15 222 3
104 108 13
2 164 2
44 45 22
156 217 1
96 129 1
99 192 24
44 173 5
7 115 7
96 198 24
17 148 4
52 53 26
145 216 1
37 104 1
13 251 3
99 236 3
20 160 20
39 77 19
109 184 1
207 230 3
75 195 1
20 167 20
20 92 5
32 225 1
200 213 6
31 148 1
20 89 5
33 222 1
62 141 1
62 107 3
47 122 1
144 233 1
92 108 1
19 138 4
63 179 1
34 63 1
58 121 7
251 253 31
18 24 1
34 80 2
66 190 2
38 155 38
186 247 1
61 122 61
61 140 1
49 170 1
35 83 2
23 138 2
12 77 1
153 219 1
72 199 1
94 142 2
32 125 1
74 133 4
56 60 7
31 190 1
21 173 21
120 169 1
50 57 3
98 205 12
80 179 5
240 255 15
30 97 3
43 168 21
62 127 31
12 149 1
3 210 3
82 113 1
37 137 4
123 216 3
219 223 27
1 140 1
104 247 3
164 222 1
135 142 8
4 143 4
1 166 1
224 255 7
41 238 1
17 143 17
3 105 3
189 250 1
22 174 5
18 178 2
221 234 3
223 227 3
95 243 1
85 87 21
17 182 2
3 100 3
23 176 11
87 162 10
200 252 3
176 232 1
154 202 1
57 114 57
138 149 4
43 86 43
5 63 1
211 222 13
14 34 1
1 194 1
105 172 1
81 159 2
65 228 1
51 102 51
9 23 2
25 115 3
39 171 2
7 118 7
115 135 1
141 157 4
12 89 1
1 120 1
12 67 1
156 193 1
131 134 16
62 225 7
106 169 1
57 150 1
51 100 25
109 252 3
58 222 3
198 235 3
97 117 3
9 17 4
90 155 2
104 107 26
127 149 1
192 228 3
128 149 4
8 133 8
32 199 1
96 104 6
81 166 20
45 133 2
56 173 1
16 158 4
101 256 1
45 179 22
245 250 15
4 22 2
32 247 1
70 141 70
3 188 1
57 108 3
176 231 1
221 230 3
28 68 1
117 248 7
57 67 1
162 217 1
42 56 1
35 123 1
187 235 1
38 112 1
208 243 3
88 181 22
30 230 7
47 83 5
70 131 8
120 209 3
112 197 3
72 178 2
4 116 1
68 130 8
89 220 1
1 104 1
60 134 1
131 206 1
25 106 6
61 76 1
48 198 24
56 75 1
150 246 1
58 115 14
43 96 1
76 236 1
165 178 5
224 231 28
25 97 12
23 91 11
145 212 1
98 225 3
162 205 1
66 136 8
31 146 1
127 153 1
116 118 29
64 119 1
3 223 3
211 214 26
34 185 2
168 236 1
197 244 3
152 181 2
4 176 2
139 156 4
55 231 3
178 248 1
11 128 2
17 129 8
63 118 7
117 135 1
130 235 1
148 183 2
30 62 15
41 254 1
157 167 2
89 198 1
49 157 1
73 216 1
7 119 7
115 226 28
39 160 2
20 244 1
2 103 1
32 66 16
224 238 14
18 130 4
34 109 1
23 85 5
91 244 1
67 226 1
99 255 3
64 201 1
81 162 81
29 229 14
4 140 4
23 86 5
115 183 1
116 219 3
28 48 3
104 147 1
61 242 30
157 210 1
101 110 6
184 256 2
83 239 1
233 239 29
34 70 17
67 158 4
116 171 1
19 71 4
82 177 5
46 163 5
136 159 4
1 81 1
42 87 21
43 110 1
158 213 1
25 198 12
49 194 24
22 50 1
34 247 1
176 181 22
121 164 1
35 176 2
198 244 3
60 179 1
93 113 1
65 103 1
110 216 27
29 228 14
212 241 3
70 104 1
127 199 3
148 170 2
7 38 1
224 239 14
45 207 1
132 154 4
56 121 7
29 136 1
6 69 1
64 106 1
101 165 1
12 238 3
59 217 3
53 215 53
197 204 12
133 256 16
53 218 13
127 202 3
109 113 3
148 216 1
5 208 1
3 232 3
39 131 4
135 204 1
20 216 1
6 107 6
3 5 1
179 247 1
1 143 1
104 221 13
56 231 28
48 126 3
250 254 31
20 184 5
137 245 1
138 164 2
123 239 7
89 108 1
161 222 1
110 241 3
30 125 15
2 69 2
57 234 14
148 210 1
105 185 1
32 58 1
40 246 1
162 235 1
39 67 4
182 199 1
167 231 1
59 202 3
102 179 1
84 249 1
19 196 1
94 188 94
8 131 8
40 51 1
100 154 1
92 139 2
233 245 7
20 81 20
30 243 30
80 224 1
20 181 5
71 142 71
6 144 1
198 212 6
6 55 6
98 158 1
29 222 3
11 23 11
67 157 4
109 223 27
195 218 6
121 226 7
227 232 14
93 213 1
81 171 10
122 219 3
42 131 2
90 220 1
91 193 1
41 92 5
97 249 3
44 179 44
67 234 1
155 162 2
118 233 29
59 232 29
5 7 1
22 79 2
224 233 14
55 234 3
110 192 6
96 197 24
46 256 2
130 215 1
24 130 1
79 148 9
58 120 7
144 247 1
77 91 2
37 140 4
29 117 29
226 253 7
50 101 50
28 201 3
1 75 1
132 241 1
13 39 1
199 235 3
37 74 37
103 127 3
31 164 1
158 168 2
12 95 1
14 137 1
118 232 29
1 185 1
167 178 5
94 153 2
89 130 2
11 253 1
108 254 3
181 242 1
48 98 24
57 163 1
166 196 1
81 87 10
5 164 5
17 151 4
134 187 2
95 101 1
141 145 4
72 115 1
6 212 6
149 206 1
106 152 1
76 187 2
31 125 31
75 105 1
176 187 11
83 253 1
83 87 10
230 238 14
140 248 1
26 88 1
42 222 1
60 103 3
90 94 11
73 171 2
125 233 7
47 89 11
20 96 1
90 224 1
36 145 36
196 243 3
178 199 1
199 214 6
72 195 1
24 63 3
33 67 33
13 160 1
70 158 4
216 222 27
113 116 14
6 150 1
118 218 3
1 89 1
49 250 3
100 222 6
49 224 3
84 163 10
33 112 1
25 83 1
1 26 1
169 179 5
43 139 2
77 227 1
15 81 1
119 205 3
14 183 1
67 215 1
34 181 2
79 249 1
123 234 7
19 80 2
158 178 2
198 224 3
72 242 1
134 167 2
6 108 6
74 253 1
128 212 1
218 246 3
179 251 1
39 148 9
31 151 1
8 190 2
78 253 1
50 182 1
45 147 2
4 49 1
69 132 8
154 199 1
153 159 19
103 203 25
45 196 1
217 238 3
30 182 1
73 148 18
16 173 2
8 87 2
226 230 28
62 100 3
30 100 3
47 167 5
90 95 11
67 131 16
145 187 2
183 211 1
54 200 6
117 231 14
21 159 2
74 241 1
1 221 1
41 81 20
44 90 22
220 238 3
62 156 1
2 256 2
32 239 1
11 93 11
84 190 5
75 216 1
103 119 3
18 149 18
205 223 6
107 115 3
28 45 1
50 69 1
30 217 3
201 207 25
67 256 16
29 236 29
186 209 1
86 134 2
49 106 6
24 203 12
123 240 30
155 175 2
24 146 1
156 171 2
56 210 3
165 236 1
134 151 4
147 155 9
14 16 1
38 76 38
113 150 1
46 174 5
38 39 19
20 188 5
48 195 48
104 207 6
123 152 1
54 218 54
58 117 58
227 246 7
132 140 8
74 169 2
196 207 12
25 217 6
136 141 17
103 247 3
35 199 1
206 209 6
9 56 1
13 138 1
34 118 1
41 42 10
48 251 3
73 114 1
37 88 2
109 243 3
88 174 5
59 81 1
129 246 1
34 222 1
131 137 8
147 181 2
113 158 1
213 247 3
122 150 1
153 242 1
170 188 5
51 213 6
1 175 1
53 92 1
38 54 1
218 254 3
4 124 1
177 188 11
105 215 26
205 210 6
119 202 3
205 214 6
4 128 4
17 72 4
212 231 3
24 202 12
3 30 3
19 210 1
29 234 29
36 75 18
47 187 23
74 248 1
232 244 7
144 179 2
38 73 9
154 248 1
29 254 7
30 229 7
2 61 1
170 242 1
112 233 14
3 246 3
42 92 5
114 229 114
97 166 1
182 191 11
155 245 1
59 253 7
8 152 4
123 171 1
193 234 3
151 176 2
164 226 1
154 157 19
8 74 4
137 201 1
83 196 1
103 202 25
147 150 18
4 131 4
149 192 1
3 111 3
9 18 9
95 110 1
89 222 1
136 246 1
149 176 2
33 70 8
42 68 2
118 127 7
11 228 1
127 226 7
175 236 1
73 120 1
30 205 3
192 242 3
130 148 4
104 122 3
7 256 1
25 182 1
54 213 13
65 113 1
37 152 9
61 165 1
71 95 2
170 237 1
154 233 1
43 140 2
36 194 1
78 199 1
195 205 12
71 131 8
57 73 1
9 190 2
10 221 1
167 221 1
122 193 3
19 35 4
148 199 1
28 127 7
2 184 2
12 145 1
48 121 3
79 99 1
165 204 1
185 254 1
17 216 1
36 110 1
2 131 2
21 195 1
150 226 1
137 185 2
159 214 1
36 232 1
54 115 3
121 253 15
235 238 29
105 241 3
168 209 1
125 247 15
115 223 3
144 177 2
156 205 1
230 236 14
98 229 3
16 122 1
97 209 6
77 222 1
120 183 1
137 176 2
120 212 3
1 148 1
184 206 1
127 162 1
163 219 1
24 94 1
70 96 1
114 235 14
232 246 7
119 246 7
77 157 19
89 116 1
71 137 17
15 162 1
5 210 1
16 78 4
5 168 5
31 163 1
14 217 3
122 203 3
80 146 2
58 68 1
56 153 1
100 253 3
112 191 1
154 158 19
52 217 13
98 176 1
198 215 6
39 220 1
10 98 1
66 252 1
187 211 1
218 250 3
32 150 4
4 152 4
65 80 2
181 222 1
134 229 1
74 129 4
245 248 15
68 147 4
219 251 3
61 215 3
136 238 1
63 141 1
9 14 1
3 203 3
142 189 2
148 175 2
104 192 6
32 139 8
7 224 7
104 199 6
37 138 4
110 210 13
148 158 9
122 144 1
1 79 1
10 40 10
3 251 3
44 131 2
150 158 9
69 134 8
160 181 5
18 78 9
54 196 6
47 184 23
26 106 26
77 146 9
81 138 2
193 249 3
179 213 1
161 225 1
85 156 2
61 203 3
57 179 1
152 171 2
9 158 9
21 108 1
13 46 1
117 170 1
40 127 1
31 227 7
38 149 9
88 190 11
21 163 10
154 177 2
143 223 1
75 176 2
7 116 7
88 220 1
7 123 7
238 250 7
53 206 6
54 175 1
226 237 14
94 140 2
40 121 1
26 52 26
22 179 22
102 205 102
6 111 6
47 91 11
6 95 1
60 165 1
84 244 1
56 64 1
127 193 3
8 22 2
106 117 3
112 255 7
214 219 13
27 149 1
67 117 1
89 217 1
136 239 1
16 129 16
48 79 1
203 242 3
138 251 1
146 148 18
235 249 7
105 106 26
41 83 41
42 77 2
16 72 4
62 102 3
63 241 15
73 113 1
5 249 1
3 215 3
107 168 1
218 227 3
161 179 5
137 236 1
196 218 6
124 248 124
21 42 21
51 204 51
95 196 1
71 124 1
143 179 2
5 123 1
177 224 1
96 252 3
136 164 2
38 222 1
14 233 14
5 166 5
214 251 3
71 165 2
163 177 5
4 134 4
21 55 1
15 224 7
80 189 5
29 255 7
14 122 7
89 248 1
11 187 11
11 142 2
100 204 25
50 200 50
97 115 3
5 44 5
159 243 1
200 227 3
75 177 2
3 21 1
14 18 1
97 144 1
7 199 3
103 234 3
73 152 9
216 240 3
1 43 1
29 142 1
83 116 1
209 246 3
134 206 1
155 169 2
146 185 2
61 252 15
122 195 3
18 79 9
168 253 1
16 160 2
43 224 1
86 100 1
89 175 5
11 180 11
39 64 4
97 246 3
63 222 3
96 207 12
15 83 1
92 195 1
52 241 3
111 135 1
11 160 5
57 225 28
147 178 2
59 224 14
194 224 3
142 174 2
43 170 21
10 16 2
155 163 2
81 102 1
59 246 7
10 199 1
66 118 1
69 172 2
4 139 4
47 189 47
60 70 1
6 101 6
27 214 13
68 156 4
124 217 3
72 154 9
35 217 1
56 228 28
17 41 2
131 223 1
127 229 7
181 203 1
139 206 1
128 221 1
130 190 2
9 144 9
91 173 5
84 203 1
56 162 1
82 230 1
9 72 9
28 60 7
1 11 1
26 170 1
57 176 1
32 34 8
124 145 1
127 231 7
10 202 1
56 91 1
163 174 10
26 119 3
83 95 5
147 177 2
85 86 21
12 79 1
42 85 42
125 244 15
7 213 3
1 172 1
123 203 3
1 245 1
39 156 39
92 126 1
140 178 2
79 149 9
232 243 7
174 178 5
52 162 1
51 209 6
82 95 5
157 188 2
156 196 1
129 182 2
196 224 3
38 82 2
32 164 2
53 177 1
151 211 1
234 254 7
14 237 14
155 156 19
7 34 1
177 180 22
116 236 29
179 183 22
145 202 1
25 130 1
29 79 1
14 57 14
250 252 31
75 159 9
89 156 2
75 182 2
249 252 31
66 75 4
32 33 16
116 119 29
50 193 12
245 253 15
7 25 3
140 239 1
13 206 6
43 159 2
49 82 1
189 219 1
76 110 1
173 189 5
2 139 2
123 136 1
103 181 1
36 41 2
163 232 1
54 217 54
9 74 9
53 165 1
128 184 2
62 250 62
30 240 30
27 122 3
65 234 1
62 90 1
2 170 2
147 158 9
117 224 14
5 95 5
79 205 1
80 129 2
3 99 3
33 71 8
21 123 1
53 106 53
153 169 2
25 103 25
143 192 1
29 237 29
10 64 2
159 222 1
39 61 1
59 130 1
138 230 1
104 250 3
211 219 13
50 62 3
14 206 3
78 177 2
89 191 11
86 195 1
116 169 1
23 113 1
4 16 4
15 242 15
22 144 2
218 239 3
63 76 1
182 254 1
81 98 1
65 78 4
91 183 91
128 203 1
70 218 1
247 250 15
93 179 11
3 182 1
62 73 1
157 195 1
59 229 14
99 146 1
172 223 1
13 174 1
102 216 6
72 231 1
23 245 1
20 168 10
162 165 20
94 209 1
88 115 1
151 241 1
55 120 3
53 67 1
98 234 3
191 193 1
150 163 2
28 200 3
20 253 1
207 245 3
85 93 5
22 93 11
113 134 1
154 218 1
195 240 3
10 175 10
172 209 1
12 192 12
41 203 1
69 256 8
55 251 3
41 165 41
5 221 1
97 103 12
16 162 2
241 253 15
99 207 12
151 234 1
130 137 8
23 42 5
162 189 5
4 88 2
84 172 21
167 172 10
21 29 1
10 93 5
123 255 15
29 231 14
64 75 4
232 239 29
129 135 16
204 236 3
11 71 2
171 207 1
115 174 1
44 237 1
117 252 7
29 233 29
127 130 1
114 208 3
23 221 1
46 175 5
52 59 3
58 227 14
139 160 2
186 213 1
95 250 1
135 162 2
161 254 1
165 182 5
131 135 16
10 79 2
103 210 6
18 248 1
144 196 1
5 160 5
24 116 3
4 240 1
134 196 1
2 16 2
88 140 2
124 153 1
89 199 1
242 244 30
88 164 5
53 210 26
4 19 4
96 208 6
12 106 6
194 227 3
46 191 23
226 244 7
63 70 1
137 252 1
33 88 2
20 166 20
87 160 10
73 254 1
235 242 7
13 84 1
242 250 15
23 126 1
6 246 3
14 239 14
148 193 1
139 248 1
9 116 1
13 226 3
2 161 2
135 137 8
29 60 7
69 130 8
130 212 1
58 243 7
97 130 1
8 185 2
93 139 2
23 132 2
43 171 21
127 135 1
31 254 31
149 243 1
187 236 1
84 156 2
1 121 1
139 225 1
101 196 12
4 141 4
69 115 1
155 178 2
9 176 2
34 151 4
103 165 1
14 223 3
1 139 1
109 201 6
55 78 1
227 230 28
50 147 1
90 176 22
21 106 1
11 251 1
93 178 11
192 199 24
46 204 1
73 101 1
1 98 1
13 109 13
79 214 1
45 115 1
145 256 4
130 161 2
79 248 1
62 170 1
143 170 2
218 220 27
31 86 1
68 238 1
72 137 4
131 213 1
100 137 1
38 240 1
21 171 21
48 220 6
17 20 2
119 152 1
149 217 1
16 195 1
3 241 3
53 232 3
209 249 3
49 72 1
28 117 14
5 180 5
70 256 8
8 159 4
36 141 4
185 191 23
180 199 1
19 154 19
69 150 4
61 162 1
179 191 11
17 33 8
46 148 2
19 51 1
132 167 2
225 229 28
80 183 5
103 208 6
9 39 9
35 135 8
82 227 1
130 238 1
86 189 5
242 247 30
22 95 11
1 199 1
10 20 10
3 163 1
119 234 29
207 242 3
206 237 3
45 95 11
32 59 1
10 83 10
4 129 4
92 149 2
4 63 1
88 183 22
37 70 4
12 207 12
26 124 3
162 178 5
80 168 10
43 142 2
87 243 1
6 137 1
52 252 3
183 202 1
9 40 2
56 160 1
86 170 21
39 235 1
102 251 3
21 84 21
77 219 1
70 78 4
50 199 12
6 230 3
22 153 2
39 56 1
109 118 3
7 221 3
10 190 5
171 194 1
65 166 2
83 112 1
61 102 3
24 29 3
16 182 2
2 138 2
131 172 2
25 186 1
182 252 1
132 221 1
5 40 5
62 136 1
37 158 9
22 209 1
29 203 3
128 133 16
24 216 6
137 143 17
38 93 2
13 104 13
6 42 1
44 178 44
48 242 3
36 38 9
23 188 23
18 102 1
11 254 1
1 186 1
1 134 1
184 190 23
133 180 2
5 118 1
80 119 1
105 112 3
13 90 1
151 224 1
45 250 1
52 226 3
33 64 16
31 74 1
141 150 4
16 113 1
9 13 1
122 244 122
38 181 2
8 153 4
11 158 2
13 103 6
169 231 1
104 222 13
78 180 2
119 156 1
74 237 1
21 70 2
175 198 1
54 102 6
162 166 20
28 253 7
183 214 1
185 204 1
44 50 1
98 101 12
53 125 3
144 212 1
222 225 3
6 227 3
235 251 7
124 246 15
69 142 17
48 212 6
6 213 6
95 99 1
117 195 3
9 155 9
2 66 2
163 172 10
15 174 1
140 160 2
193 213 6
57 112 28
11 72 2
25 117 3
72 217 1
172 221 1
19 32 4
194 209 6
170 212 1
146 173 2
2 23 2
6 193 6
30 129 1
61 151 1
212 217 13
15 125 15
110 221 110
95 186 23
221 242 3
3 102 3
14 163 1
176 201 1
25 93 1
31 216 3
180 211 1
93 160 5
60 256 1
32 46 2
120 135 1
2 73 2
81 243 1
90 186 11
93 98 1
53 107 53
43 127 1
15 71 1
12 102 12
57 175 1
33 130 16
17 178 2
19 40 2
2 65 2
22 238 1
57 191 1
3 118 3
2 7 1
13 34 1
216 239 3
165 241 1
167 176 5
90 184 11
129 167 2
71 238 1
93 254 1
19 87 2
213 224 3
21 52 1
97 255 3
56 161 1
1 122 1
71 139 17
188 233 1
106 242 3
168 246 1
74 80 2
220 237 3
108 220 27
86 166 10
83 139 2
19 152 19
20 245 1
220 234 3
2 190 2
63 198 3
48 200 12
46 172 5
8 173 2
181 198 1
209 247 3
123 251 15
149 184 2
144 186 2
34 238 1
120 170 1
4 59 1
195 199 24
72 74 18
225 244 7
25 99 12
6 76 1
75 144 18
60 69 1
53 77 1
24 201 12
50 139 1
60 63 15
54 86 1
103 126 3
1 50 1
115 245 7
3 211 3
226 235 14
116 221 3
161 226 1
35 189 2
45 230 1
21 137 2
21 71 2
48 104 6
40 165 20
88 165 5
25 161 1
163 178 5
149 157 9
155 195 1
22 38 2
94 146 2
125 242 15
23 94 23
33 135 33
35 133 8
95 137 2
16 91 2
65 182 2
47 78 2
189 198 1
120 254 15
234 256 1
45 90 45
115 192 3
220 241 3
93 154 2
23 65 2
65 239 1
10 201 1
77 187 2
19 76 19
21 213 1
143 157 4
109 171 1
80 138 2
31 57 7
56 69 1
6 19 1
12 96 12
33 256 16
56 118 14
33 151 4
121 131 1
5 33 2
7 77 1
95 161 5
146 209 1
56 229 28
55 214 13
99 203 12
47 185 23
75 156 9
161 174 10
54 135 1
50 84 1
241 249 15
167 186 5
84 175 21
114 253 7
102 152 1
56 182 1
15 63 15
90 161 5
16 233 1
99 100 12
34 213 1
153 184 2
4 67 4
83 178 5
47 93 23
86 110 1
30 246 30
169 191 5
135 187 2
24 122 3
4 42 2
63 120 15
129 192 1
72 229 1
74 222 1
42 157 2
115 150 1
105 128 1
68 128 8
51 136 1
104 132 1
135 146 4
34 142 17
155 189 2
12 152 1
147 223 1
2 249 1
90 137 2
20 135 2
165 201 1
243 250 15
137 154 4
24 26 6
53 212 53
52 105 52
58 236 29
111 157 1
16 181 2
211 234 3
114 171 1
183 222 1
157 199 1
142 198 1
12 122 3
60 252 15
23 117 1
99 204 12
6 199 6
6 229 3
105 107 26
123 191 1
18 187 2
202 211 6
16 248 1
153 245 1
166 169 10
29 162 1
119 252 7
77 84 2
7 248 7
190 230 1
38 156 19
37 130 4
99 163 1
10 91 5
4 214 1
105 181 1
76 191 2
117 165 1
164 247 1
138 221 1
9 154 9
39 76 19
147 151 18
75 193 1
54 110 27
110 193 6
14 225 14
20 73 2
95 219 1
69 101 1
175 245 1
47 176 11
34 256 8
56 249 7
15 205 3
125 234 7
59 126 7
17 142 17
96 100 12
207 214 6
183 212 1
90 205 1
117 213 3
75 215 1
123 211 3
129 132 16
157 251 1
81 134 2
103 154 1
40 213 1
96 166 1
7 10 1
1 220 1
30 163 1
109 206 6
9 152 9
15 107 3
141 186 2
156 164 2
121 194 3
77 201 1
33 241 1
55 143 1
52 81 1
50 183 1
30 238 7
92 217 1
49 219 6
73 197 1
90 228 1
90 189 11
28 56 28
97 199 24
224 234 14
197 211 6
14 187 1
108 183 1
64 199 1
74 119 1
143 245 1
126 235 7
196 204 12
61 123 61
7 121 7
50 52 6
94 228 1
132 209 1
112 129 1
60 237 7
4 146 4
162 183 5
106 164 1
47 156 2
141 171 2
185 243 1
144 159 9
68 187 2
36 74 18
1 195 1
140 236 1
195 206 12
106 209 26
3 13 3
166 225 1
174 232 1
99 115 3
186 245 1
2 148 2
76 158 19
166 184 5
83 126 1
88 221 1
200 207 25
15 101 3
1 215 1
12 116 3
32 91 2
44 91 22
7 207 3
84 108 1
38 151 9
82 93 5
140 207 1
43 234 1
13 69 1
166 181 5
147 233 1
66 254 1
7 127 7
29 104 3
153 204 1
171 225 1
25 61 3
26 62 3
44 139 2
15 73 1
130 133 16
76 88 2
61 250 15
2 21 2
46 141 2
76 221 1
21 180 5
2 178 2
196 220 6
66 84 2
96 240 3
9 169 2
15 155 1
55 209 13
177 233 1
38 128 4
103 147 1
119 240 7
186 252 1
5 245 1
182 202 1
61 71 1
165 217 1
38 190 2
130 245 1
83 161 20
48 122 3
38 71 4
34 112 1
67 230 1
40 48 1
42 214 1
124 159 1
82 136 2
