128 4748
2 3 1
4 5 2
6 7 4
8 9 6
10 11 8
12 13 10
14 15 12
16 17 14
18 19 16
20 21 18
22 23 20
24 25 22
26 27 24
28 29 26
30 31 28
32 33 30
34 35 32
36 37 34
38 39 36
40 41 38
42 43 40
44 45 42
46 47 44
48 49 46
50 51 48
52 53 50
54 55 52
56 57 54
58 59 56
60 61 58
62 63 60
64 65 62
66 67 64
68 69 66
70 71 68
72 73 70
74 75 72
76 77 74
78 79 76
80 81 78
82 83 80
84 85 82
86 87 84
88 89 86
90 91 88
92 93 90
94 95 92
96 97 94
98 99 96
100 101 98
102 103 100
104 105 102
106 107 104
108 109 106
110 111 108
112 113 110
114 115 112
116 117 114
118 119 116
120 121 118
122 123 120
124 125 122
126 127 124
1 128 1
2 128 2
4 128 4
6 128 6
8 128 8
10 128 10
12 128 12
14 128 14
16 128 16
18 128 18
20 128 20
22 128 22
24 128 24
26 128 26
28 128 28
30 128 30
32 128 32
34 128 34
36 128 36
38 128 38
40 128 40
42 128 42
44 128 44
46 128 46
48 128 48
50 128 50
52 128 52
54 128 54
56 128 56
58 128 58
60 128 60
62 128 62
64 128 64
66 128 66
68 128 68
70 128 70
72 128 72
74 128 74
76 128 76
78 128 78
80 128 80
82 128 82
84 128 84
86 128 86
88 128 88
90 128 90
92 128 92
94 128 94
96 128 96
98 128 98
100 128 100
102 128 102
104 128 104
106 128 106
108 128 108
110 128 110
112 128 112
114 128 114
116 128 116
118 128 118
120 128 120
122 128 122
124 128 124
126 128 126
3 128 1
5 128 2
7 128 4
9 128 6
11 128 8
13 128 10
15 128 12
17 128 14
19 128 16
21 128 18
23 128 20
25 128 22
27 128 24
29 128 26
31 128 28
33 128 30
35 128 32
37 128 34
39 128 36
41 128 38
43 128 40
45 128 42
47 128 44
49 128 46
51 128 48
53 128 50
55 128 52
57 128 54
59 128 56
61 128 58
63 128 60
65 128 62
67 128 64
69 128 66
71 128 68
73 128 70
75 128 72
77 128 74
79 128 76
81 128 78
83 128 80
85 128 82
87 128 84
89 128 86
91 128 88
93 128 90
95 128 92
97 128 94
99 128 96
101 128 98
103 128 100
105 128 102
107 128 104
109 128 106
111 128 108
113 128 110
115 128 112
117 128 114
119 128 116
121 128 118
123 128 120
125 128 122
127 128 124
111 116 108
20 62 20
29 34 26
99 114 96
8 15 8
5 79 2
8 57 8
58 122 58
30 46 30
38 99 38
6 107 6
58 73 58
95 99 92
49 109 46
77 121 74
105 126 102
2 91 2
4 13 4
1 15 1
41 89 38
3 104 1
91 118 88
2 99 2
10 107 10
1 18 1
14 28 14
94 124 94
8 27 8
1 81 1
79 99 76
20 25 20
70 104 70
99 104 96
12 25 12
23 101 20
46 84 46
43 48 40
45 70 42
95 96 92
21 123 18
8 30 8
10 68 10
85 87 82
52 56 52
10 18 10
19 79 16
77 80 74
16 55 16
3 9 1
113 124 110
75 86 72
76 100 76
1 4 1
32 53 32
27 123 24
89 99 86
61 125 58
7 48 4
55 69 52
12 78 12
26 49 26
39 72 36
55 90 52
81 105 78
37 105 34
12 28 12
1 3 1
17 76 14
59 98 56
125 127 122
29 30 26
82 120 82
12 42 12
53 125 50
29 74 26
26 41 26
13 34 10
40 84 40
79 100 76
25 108 22
81 108 78
46 53 46
103 110 100
101 110 98
22 42 22
67 84 64
88 94 88
26 107 26
46 118 46
6 97 6
41 47 38
101 107 98
12 71 12
3 117 1
45 89 42
66 121 66
5 16 2
58 76 58
8 19 8
71 102 68
4 24 4
65 113 62
58 62 58
89 127 86
24 118 24
57 71 54
11 88 8
41 65 38
17 80 14
123 125 120
20 46 20
4 23 4
1 7 1
26 66 26
119 121 116
121 125 118
43 96 40
79 112 76
97 105 94
71 108 68
6 59 6
44 92 44
111 123 108
15 99 12
36 125 36
42 126 42
67 127 64
30 99 30
17 94 14
1 45 1
2 16 2
73 105 70
105 119 102
44 79 44
87 105 84
20 76 20
18 87 18
97 98 94
6 21 6
86 110 86
6 106 6
28 46 28
10 54 10
4 21 4
42 64 42
7 22 4
87 107 84
18 22 18
91 101 88
115 116 112
50 118 50
26 61 26
4 8 4
97 111 94
8 24 8
32 112 32
31 69 28
121 126 118
95 112 92
23 53 20
99 115 96
89 116 86
65 74 62
2 4 2
6 65 6
109 114 106
31 35 28
31 109 28
93 106 90
12 21 12
3 39 1
92 119 92
87 118 84
85 105 82
109 124 106
27 69 24
62 89 62
28 51 28
92 126 92
16 33 16
52 106 52
14 70 14
18 69 18
84 94 84
12 14 12
12 118 12
18 66 18
43 79 40
19 51 16
6 13 6
6 12 6
51 127 48
51 74 48
38 66 38
45 76 42
24 59 24
8 75 8
14 27 14
43 127 40
2 7 2
14 85 14
41 122 38
2 68 2
17 55 14
64 75 64
37 125 34
108 120 108
15 35 12
65 101 62
95 104 92
79 96 76
31 76 28
13 26 10
28 69 28
11 45 8
6 24 6
6 95 6
73 125 70
27 117 24
44 71 44
10 67 10
82 84 82
66 107 66
54 97 54
73 106 70
38 106 38
83 98 80
58 77 58
1 127 1
83 91 80
53 74 50
32 51 32
103 126 100
17 122 14
25 83 22
68 123 68
67 120 64
119 127 116
10 13 10
63 108 60
81 109 78
46 72 46
103 113 100
32 115 32
67 115 64
28 39 28
117 125 114
115 119 112
12 45 12
99 125 96
32 40 32
37 72 34
27 127 24
63 116 60
1 25 1
39 116 36
43 122 40
17 63 14
83 89 80
26 30 26
14 37 14
95 121 92
17 104 14
95 123 92
9 42 6
62 96 62
45 72 42
12 81 12
55 127 52
6 8 6
29 92 26
54 122 54
19 34 16
22 71 22
6 110 6
12 89 12
41 58 38
37 56 34
105 114 102
103 108 100
38 70 38
89 104 86
8 122 8
5 15 2
53 85 50
92 108 92
2 69 2
36 72 36
28 74 28
16 106 16
11 30 8
65 89 62
16 116 16
107 112 104
39 57 36
18 20 18
17 102 14
6 123 6
45 99 42
31 114 28
14 102 14
63 85 60
71 104 68
51 68 48
97 118 94
66 104 66
28 40 28
5 119 2
41 46 38
33 76 30
38 67 38
103 111 100
101 124 98
15 45 12
19 99 16
53 122 50
21 39 18
1 12 1
37 68 34
51 58 48
77 91 74
12 72 12
27 64 24
53 55 50
18 88 18
88 120 88
95 122 92
21 42 18
26 40 26
4 81 4
49 60 46
30 42 30
4 124 4
12 15 12
54 63 54
44 52 44
55 99 52
50 68 50
42 76 42
76 93 76
40 71 40
83 123 80
28 55 28
15 101 12
7 41 4
62 107 62
20 26 20
8 26 8
49 117 46
9 21 6
53 115 50
97 104 94
93 107 90
69 72 66
45 51 42
11 94 8
34 105 34
23 58 20
28 38 28
1 6 1
83 125 80
68 81 68
23 54 20
95 106 92
63 114 60
24 45 24
10 35 10
42 115 42
77 104 74
19 123 16
18 48 18
9 43 6
73 100 70
22 24 22
52 54 52
33 125 30
19 50 16
4 26 4
18 80 18
65 83 62
85 97 82
6 72 6
116 121 116
37 100 34
79 121 76
59 115 56
57 111 54
71 118 68
41 60 38
107 124 104
28 31 28
47 94 44
51 100 48
31 67 28
66 114 66
93 112 90
1 5 1
45 65 42
32 105 32
54 56 54
86 98 86
8 16 8
68 112 68
31 75 28
8 56 8
7 95 4
29 102 26
34 68 34
47 54 44
9 16 6
17 113 14
20 29 20
117 126 114
59 68 56
15 23 12
97 124 94
12 69 12
9 65 6
18 43 18
99 124 96
88 126 88
30 62 30
105 124 102
20 49 20
47 81 44
19 95 16
73 127 70
13 81 10
37 113 34
47 126 44
25 49 22
92 94 92
66 113 66
88 96 88
10 25 10
37 98 34
53 64 50
2 51 2
19 111 16
31 81 28
113 122 110
113 116 110
31 82 28
60 88 60
85 104 82
115 117 112
73 80 70
12 87 12
1 41 1
103 122 100
17 68 14
5 83 2
58 84 58
109 123 106
121 127 118
32 43 32
53 91 50
63 124 60
12 74 12
50 119 50
10 74 10
51 62 48
24 49 24
91 123 88
105 123 102
1 115 1
16 58 16
29 108 26
23 29 20
60 79 60
26 56 26
73 111 70
18 28 18
86 89 86
36 45 36
93 109 90
29 45 26
51 107 48
69 115 66
39 84 36
1 10 1
97 103 94
15 105 12
39 123 36
47 102 44
27 40 24
49 50 46
93 117 90
21 101 18
107 117 104
38 61 38
53 112 50
14 63 14
36 117 36
16 44 16
89 93 86
79 106 76
91 119 88
1 125 1
103 106 100
29 46 26
6 20 6
71 90 68
71 84 68
4 18 4
45 123 42
22 30 22
12 77 12
12 20 12
19 116 16
69 94 66
102 104 102
36 40 36
69 87 66
84 100 84
27 85 24
47 117 44
51 53 48
33 92 30
81 102 78
57 116 54
38 86 38
13 88 10
9 87 6
46 57 46
38 48 38
5 20 2
52 66 52
111 115 108
109 112 106
81 124 78
57 123 54
18 75 18
10 52 10
79 101 76
37 85 34
67 124 64
34 86 34
32 87 32
102 123 102
20 30 20
21 86 18
4 41 4
28 36 28
2 19 2
115 121 112
76 118 76
16 18 16
64 100 64
2 10 2
85 98 82
43 81 40
98 105 98
69 121 66
113 123 110
19 21 16
6 9 6
6 10 6
89 117 86
38 46 38
4 31 4
18 94 18
56 83 56
21 63 18
18 121 18
42 62 42
80 86 80
20 50 20
2 5 2
10 14 10
75 121 72
44 122 44
24 81 24
79 110 76
86 100 86
80 95 80
42 60 42
8 54 8
8 123 8
60 126 60
46 50 46
13 15 10
81 84 78
7 28 4
34 81 34
44 91 44
64 84 64
62 91 62
41 49 38
113 126 110
53 94 50
103 107 100
4 39 4
87 115 84
11 113 8
12 73 12
33 110 30
47 52 44
43 104 40
83 119 80
46 108 46
71 86 68
19 66 16
71 119 68
53 98 50
22 74 22
81 111 78
7 47 4
51 98 48
26 96 26
23 59 20
23 94 20
15 123 12
56 120 56
106 121 106
58 104 58
45 103 42
44 76 44
40 58 40
92 99 92
59 97 56
28 47 28
32 78 32
55 82 52
68 99 68
67 105 64
77 127 74
34 93 34
14 64 14
67 98 64
13 86 10
6 23 6
83 103 80
13 16 10
41 59 38
26 119 26
59 96 56
107 125 104
1 34 1
49 113 46
28 79 28
67 108 64
95 114 92
1 67 1
56 81 56
55 87 52
74 97 74
71 72 68
2 34 2
107 114 104
9 32 6
24 85 24
2 9 2
63 83 60
43 62 40
95 109 92
38 95 38
18 25 18
85 91 82
18 82 18
102 126 102
95 103 92
69 106 66
4 19 4
29 121 26
15 21 12
8 119 8
1 62 1
3 48 1
61 99 58
102 119 102
95 115 92
14 39 14
108 112 108
36 58 36
28 99 28
70 85 70
34 46 34
7 119 4
2 23 2
39 81 36
61 97 58
65 104 62
17 29 14
88 103 88
21 30 18
15 95 12
68 118 68
79 113 76
3 115 1
46 81 46
17 77 14
18 115 18
94 115 94
57 84 54
107 113 104
42 122 42
93 113 90
16 56 16
35 41 32
29 124 26
3 61 1
69 80 66
21 27 18
18 21 18
45 52 42
34 49 34
3 81 1
6 45 6
8 34 8
12 37 12
16 120 16
58 112 58
68 114 68
88 93 88
69 111 66
12 70 12
30 56 30
77 97 74
55 108 52
10 77 10
19 52 16
119 126 116
35 125 32
114 127 114
2 116 2
13 24 10
45 50 42
54 72 54
75 110 72
4 7 4
113 127 110
13 59 10
77 118 74
10 53 10
18 29 18
34 38 34
13 53 10
32 41 32
9 109 6
90 94 90
53 71 50
4 104 4
1 8 1
81 104 78
39 127 36
2 37 2
74 100 74
23 69 20
48 79 48
35 127 32
92 112 92
66 122 66
111 122 108
37 73 34
51 116 48
11 69 8
3 110 1
42 121 42
72 99 72
60 112 60
15 63 12
98 110 98
31 53 28
81 120 78
90 112 90
123 127 120
33 102 30
93 126 90
27 80 24
40 64 40
40 104 40
11 17 8
70 91 70
114 125 114
21 96 18
37 111 34
31 112 28
32 49 32
73 78 70
2 8 2
42 119 42
22 61 22
29 100 26
1 13 1
57 75 54
83 120 80
99 112 96
51 77 48
95 110 92
85 107 82
12 52 12
38 42 38
35 113 32
35 52 32
18 51 18
7 56 4
27 35 24
38 105 38
117 118 114
38 81 38
19 98 16
3 94 1
77 88 74
109 126 106
38 122 38
45 56 42
47 119 44
93 99 90
4 64 4
99 109 96
41 85 38
40 74 40
105 109 102
20 90 20
36 103 36
50 95 50
19 41 16
12 36 12
21 33 18
102 111 102
19 39 16
39 40 36
91 96 88
61 92 58
16 96 16
29 112 26
80 92 80
47 53 44
25 123 22
11 33 8
43 111 40
31 78 28
67 85 64
87 91 84
64 116 64
14 111 14
105 108 102
65 110 62
24 26 24
2 20 2
49 112 46
92 106 92
89 126 86
42 63 42
74 76 74
50 56 50
83 115 80
55 88 52
74 120 74
73 120 70
4 11 4
22 81 22
34 95 34
117 122 114
36 51 36
94 104 94
12 41 12
2 29 2
22 116 22
121 124 118
59 107 56
53 70 50
12 75 12
38 127 38
20 38 20
74 115 74
76 107 76
23 28 20
36 52 36
13 91 10
90 120 90
53 90 50
57 61 54
97 116 94
14 16 14
43 101 40
39 108 36
23 87 20
10 33 10
83 99 80
32 35 32
6 80 6
71 82 68
75 84 72
9 91 6
6 62 6
63 89 60
69 75 66
40 90 40
6 115 6
22 117 22
77 105 74
2 39 2
40 106 40
25 35 22
58 119 58
4 12 4
24 51 24
40 97 40
18 84 18
24 57 24
19 26 16
66 87 66
19 101 16
111 114 108
4 9 4
87 111 84
40 86 40
89 98 86
59 72 56
101 104 98
82 102 82
7 93 4
85 92 82
117 120 114
2 85 2
105 112 102
121 122 118
2 76 2
38 62 38
63 96 60
70 97 70
34 64 34
45 97 42
96 115 96
34 43 34
16 113 16
2 27 2
76 108 76
28 41 28
74 91 74
48 98 48
10 60 10
100 116 100
16 90 16
23 56 20
47 71 44
32 107 32
30 100 30
37 106 34
109 118 106
34 53 34
27 125 24
33 117 30
41 113 38
119 120 116
56 95 56
9 121 6
71 110 68
97 99 94
17 110 14
54 65 54
103 105 100
49 80 46
16 34 16
75 117 72
14 46 14
21 104 18
16 89 16
36 48 36
28 82 28
31 120 28
12 64 12
7 117 4
21 50 18
74 116 74
83 100 80
49 103 46
97 100 94
29 127 26
107 126 104
60 97 60
49 100 46
60 95 60
37 50 34
33 70 30
23 71 20
58 87 58
1 9 1
26 87 26
49 104 46
9 111 6
20 65 20
27 105 24
61 127 58
86 105 86
24 38 24
25 98 22
21 26 18
4 17 4
26 57 26
71 111 68
15 80 12
1 23 1
115 118 112
81 107 78
113 120 110
19 45 16
68 94 68
55 126 52
8 60 8
83 112 80
72 108 72
118 122 118
68 111 68
95 120 92
17 118 14
119 123 116
9 34 6
11 40 8
117 121 114
26 117 26
48 60 48
85 114 82
63 112 60
35 63 32
8 25 8
24 102 24
103 117 100
39 99 36
35 82 32
3 37 1
69 113 66
8 46 8
23 121 20
1 47 1
19 46 16
59 82 56
39 79 36
15 48 12
7 72 4
39 69 36
25 60 22
100 112 100
15 57 12
10 12 10
30 78 30
10 17 10
12 29 12
21 51 18
51 126 48
20 94 20
31 99 28
87 121 84
39 86 36
1 43 1
64 82 64
49 62 46
17 43 14
47 79 44
24 42 24
110 113 110
34 69 34
17 117 14
123 126 120
42 86 42
6 93 6
86 120 86
55 101 52
75 96 72
54 108 54
67 107 64
88 119 88
101 103 98
2 11 2
24 58 24
14 51 14
87 113 84
15 122 12
76 103 76
24 125 24
91 104 88
4 74 4
7 77 4
103 125 100
10 119 10
4 6 4
6 39 6
11 98 8
87 124 84
57 120 54
1 2 1
77 84 74
80 115 80
81 106 78
103 115 100
43 61 40
95 102 92
6 22 6
31 117 28
101 114 98
60 72 60
32 77 32
90 109 90
29 60 26
25 116 22
27 63 24
51 59 48
24 28 24
21 87 18
16 23 16
23 115 20
93 118 90
97 115 94
50 115 50
52 118 52
26 69 26
31 60 28
64 121 64
18 78 18
27 78 24
109 125 106
50 88 50
74 123 74
25 42 22
22 66 22
66 96 66
35 122 32
53 107 50
119 122 116
16 86 16
76 116 76
41 98 38
10 19 10
21 22 18
54 103 54
46 61 46
105 121 102
63 120 60
58 71 58
3 36 1
6 26 6
27 91 24
97 120 94
41 53 38
55 115 52
82 91 82
51 60 48
8 13 8
47 89 44
47 106 44
2 61 2
7 109 4
39 41 36
85 117 82
125 126 122
63 70 60
118 123 118
44 100 44
25 96 22
15 73 12
72 79 72
61 117 58
26 71 26
27 39 24
7 100 4
25 106 22
44 106 44
57 78 54
14 126 14
112 126 112
86 96 86
91 94 88
78 106 78
52 126 52
66 119 66
28 72 28
68 74 68
31 43 28
72 110 72
2 6 2
24 68 24
73 90 70
82 124 82
66 92 66
40 101 40
100 125 100
13 52 10
51 90 48
57 70 54
49 77 46
62 64 62
13 95 10
14 54 14
13 80 10
7 40 4
19 24 16
12 95 12
97 125 94
11 105 8
85 96 82
7 58 4
2 52 2
14 96 14
20 51 20
5 66 2
26 38 26
56 62 56
36 42 36
67 78 64
16 81 16
71 101 68
20 118 20
11 55 8
102 122 102
47 83 44
25 77 22
121 123 118
99 116 96
87 102 84
31 89 28
19 43 16
13 44 10
65 84 62
56 61 56
53 109 50
5 14 2
1 89 1
36 59 36
48 54 48
52 81 52
68 119 68
123 124 120
13 99 10
84 97 84
54 68 54
26 31 26
52 103 52
21 84 18
47 91 44
1 84 1
7 104 4
93 100 90
15 81 12
12 18 12
16 66 16
102 114 102
34 39 34
98 102 98
39 88 36
19 42 16
65 97 62
69 120 66
73 124 70
34 56 34
47 61 44
62 68 62
111 126 108
1 22 1
113 114 110
47 108 44
25 94 22
63 91 60
4 48 4
46 86 46
75 99 72
3 120 1
11 56 8
4 14 4
47 123 44
21 38 18
31 73 28
30 80 30
50 87 50
59 62 56
115 120 112
62 93 62
113 119 110
59 125 56
49 99 46
99 123 96
7 63 4
52 104 52
73 84 70
24 108 24
35 53 32
22 37 22
52 73 52
51 64 48
31 85 28
101 120 98
64 110 64
74 96 74
69 71 66
36 113 36
79 90 76
113 115 110
34 122 34
79 108 76
35 123 32
14 55 14
86 111 86
23 81 20
16 27 16
96 103 96
52 79 52
87 89 84
77 85 74
26 93 26
35 105 32
63 92 60
41 90 38
91 99 88
42 57 42
71 103 68
28 33 28
1 111 1
87 110 84
30 111 30
66 68 66
56 65 56
16 32 16
64 106 64
7 12 4
88 99 88
63 76 60
24 69 24
9 46 6
107 119 104
81 119 78
58 103 58
15 91 12
76 112 76
16 22 16
48 67 48
88 90 88
66 124 66
57 69 54
48 101 48
58 63 58
26 51 26
37 109 34
56 60 56
71 105 68
22 57 22
92 109 92
54 77 54
1 65 1
14 92 14
44 99 44
77 82 74
40 99 40
45 54 42
71 83 68
13 116 10
73 114 70
2 97 2
83 110 80
103 109 100
38 94 38
90 99 90
13 75 10
32 37 32
24 126 24
107 120 104
67 114 64
81 97 78
41 107 38
45 112 42
60 108 60
1 51 1
25 50 22
9 26 6
47 65 44
74 126 74
79 105 76
57 59 54
79 88 76
87 92 84
86 126 86
12 38 12
30 43 30
15 65 12
61 121 58
2 25 2
33 57 30
72 87 72
16 105 16
17 125 14
75 112 72
44 60 44
28 125 28
93 108 90
89 90 86
7 11 4
92 100 92
69 96 66
24 99 24
7 44 4
77 109 74
48 70 48
71 107 68
63 80 60
107 118 104
2 79 2
30 77 30
105 110 102
25 64 22
8 55 8
21 47 18
7 23 4
22 119 22
32 116 32
29 72 26
6 64 6
42 48 42
2 118 2
49 69 46
32 114 32
45 108 42
15 106 12
62 102 62
105 125 102
47 75 44
94 109 94
80 126 80
9 48 6
11 51 8
77 107 74
60 96 60
3 75 1
99 103 96
89 96 86
61 91 58
1 85 1
5 88 2
2 45 2
50 64 50
103 121 100
4 42 4
9 115 6
8 84 8
4 32 4
16 64 16
41 92 38
20 116 20
66 101 66
37 64 34
82 88 82
3 105 1
67 83 64
10 66 10
11 91 8
72 92 72
17 46 14
14 127 14
17 58 14
54 66 54
32 65 32
45 58 42
79 85 76
26 123 26
47 51 44
1 24 1
111 124 108
81 91 78
73 82 70
105 122 102
5 37 2
69 107 66
119 124 116
46 52 46
75 115 72
60 74 60
3 90 1
43 84 40
48 51 48
1 114 1
37 101 34
21 85 18
6 32 6
49 53 46
59 61 56
10 121 10
25 102 22
61 111 58
14 34 14
45 124 42
64 68 64
15 88 12
76 91 76
87 125 84
43 67 40
79 103 76
61 84 58
103 112 100
99 126 96
93 111 90
101 121 98
54 69 54
53 106 50
8 45 8
10 15 10
20 84 20
41 108 38
36 54 36
43 57 40
108 122 108
26 34 26
66 99 66
55 119 52
38 44 38
111 121 108
22 121 22
58 124 58
1 113 1
86 109 86
52 127 52
19 61 16
9 15 6
68 73 68
97 112 94
40 61 40
23 49 20
1 44 1
5 56 2
28 48 28
29 116 26
43 92 40
21 100 18
65 75 62
109 121 106
79 84 76
37 121 34
67 68 64
20 119 20
43 108 40
26 52 26
115 126 112
87 119 84
4 29 4
19 91 16
32 63 32
50 76 50
94 122 94
82 103 82
27 96 24
35 118 32
3 14 1
9 23 6
8 40 8
59 100 56
33 69 30
71 85 68
98 120 98
21 118 18
9 71 6
38 103 38
32 101 32
8 14 8
89 120 86
50 83 50
55 98 52
57 73 54
74 121 74
107 116 104
12 103 12
44 126 44
117 124 114
27 33 24
2 58 2
79 102 76
59 69 56
61 112 58
10 85 10
89 108 86
97 123 94
29 49 26
6 11 6
41 115 38
15 32 12
2 18 2
77 115 74
71 121 68
113 125 110
16 98 16
29 61 26
7 122 4
18 111 18
7 78 4
83 93 80
20 55 20
81 127 78
95 127 92
76 79 76
86 97 86
102 110 102
96 105 96
40 53 40
27 32 24
61 110 58
104 108 104
68 97 68
36 85 36
48 82 48
51 56 48
5 28 2
34 121 34
79 125 76
47 95 44
80 83 80
49 82 46
78 92 78
27 108 24
3 34 1
73 112 70
75 125 72
20 110 20
53 97 50
57 102 54
26 109 26
24 30 24
18 122 18
18 34 18
1 112 1
92 104 92
57 112 54
22 110 22
105 107 102
48 75 48
8 29 8
71 94 68
8 58 8
11 124 8
16 30 16
79 95 76
49 87 46
107 121 104
36 47 36
36 66 36
10 28 10
33 85 30
36 102 36
10 73 10
109 127 106
16 76 16
31 86 28
53 81 50
10 61 10
61 114 58
26 83 26
25 78 22
29 96 26
26 85 26
83 109 80
13 100 10
33 98 30
4 37 4
95 125 92
44 78 44
38 58 38
97 113 94
60 109 60
59 114 56
10 22 10
27 122 24
63 97 60
13 115 10
27 29 24
1 78 1
95 100 92
23 34 20
9 38 6
35 69 32
32 61 32
111 113 108
57 66 54
10 96 10
66 77 66
18 30 18
18 35 18
43 50 40
55 84 52
20 24 20
16 19 16
49 72 46
117 123 114
83 124 80
75 116 72
19 64 16
51 105 48
6 46 6
93 98 90
15 34 12
20 47 20
13 60 10
28 81 28
19 93 16
19 110 16
9 82 6
22 26 22
75 90 72
20 27 20
86 107 86
97 114 94
87 123 84
6 125 6
6 74 6
27 84 24
43 74 40
27 73 24
7 53 4
5 55 2
38 75 38
40 66 40
41 97 38
31 63 28
7 91 4
63 115 60
25 69 22
11 19 8
27 121 24
73 99 70
50 55 50
43 116 40
107 110 104
65 81 62
66 125 66
23 120 20
2 14 2
97 107 94
68 95 68
17 79 14
42 59 42
85 90 82
98 126 98
24 37 24
75 95 72
2 103 2
29 101 26
23 37 20
12 26 12
72 82 72
13 40 10
106 126 106
45 117 42
39 45 36
17 28 14
9 84 6
4 90 4
61 62 58
34 97 34
40 73 40
30 93 30
95 116 92
32 46 32
66 111 66
55 111 52
41 68 38
87 120 84
63 68 60
79 91 76
38 91 38
82 106 82
73 79 70
14 60 14
44 51 44
117 127 114
1 11 1
26 28 26
60 102 60
62 101 62
3 82 1
35 114 32
11 73 8
47 113 44
61 75 58
11 36 8
52 101 52
5 110 2
101 105 98
29 64 26
52 67 52
67 117 64
43 103 40
61 109 58
19 40 16
80 105 80
35 90 32
22 122 22
99 120 96
9 92 6
60 98 60
70 120 70
59 110 56
69 110 66
4 34 4
4 78 4
7 70 4
56 98 56
43 49 40
57 96 54
30 115 30
47 72 44
18 85 18
111 118 108
61 80 58
73 123 70
30 50 30
44 96 44
82 89 82
113 121 110
59 88 56
97 102 94
4 72 4
51 119 48
59 123 56
91 127 88
11 70 8
1 46 1
12 31 12
29 99 26
91 124 88
1 28 1
41 106 38
49 86 46
11 58 8
45 96 42
87 90 84
15 109 12
13 51 10
86 115 86
85 123 82
57 103 54
38 77 38
63 71 60
15 107 12
10 49 10
10 117 10
25 80 22
29 39 26
20 100 20
36 53 36
20 112 20
59 60 56
10 111 10
8 53 8
26 58 26
89 97 86
6 18 6
21 102 18
9 93 6
89 102 86
20 36 20
19 87 16
49 89 46
69 79 66
24 113 24
103 118 100
36 84 36
85 126 82
49 94 46
8 51 8
65 68 62
2 24 2
48 120 48
104 121 104
85 124 82
37 52 34
33 37 30
1 19 1
67 70 64
13 58 10
20 35 20
93 125 90
77 78 74
13 20 10
61 102 58
47 97 44
84 99 84
24 75 24
15 31 12
27 62 24
7 82 4
2 124 2
15 110 12
73 126 70
29 54 26
66 109 66
96 99 96
24 114 24
47 101 44
8 37 8
27 37 24
44 57 44
56 90 56
12 115 12
23 97 20
75 118 72
1 77 1
62 109 62
62 67 62
8 22 8
61 69 58
25 66 22
107 108 104
89 103 86
63 122 60
9 101 6
18 44 18
50 52 50
69 108 66
30 122 30
79 109 76
29 77 26
75 101 72
54 60 54
26 48 26
11 75 8
19 60 16
54 59 54
35 42 32
41 63 38
77 86 74
90 95 90
112 127 112
1 33 1
1 66 1
77 111 74
45 80 42
27 111 24
32 56 32
5 49 2
115 123 112
12 24 12
45 94 42
54 115 54
58 68 58
55 77 52
26 35 26
28 49 28
3 26 1
53 95 50
19 48 16
96 98 96
5 50 2
36 46 36
30 38 30
59 101 56
81 110 78
3 29 1
1 14 1
52 90 52
66 118 66
25 107 22
3 6 1
49 78 46
97 127 94
2 26 2
33 114 30
89 101 86
8 113 8
23 46 20
59 119 56
72 81 72
84 101 84
90 110 90
69 84 66
53 108 50
5 74 2
16 43 16
101 122 98
71 120 68
44 89 44
79 98 76
16 69 16
45 109 42
39 106 36
58 96 58
65 96 62
84 93 84
9 14 6
47 98 44
33 119 30
34 99 34
52 105 52
64 78 64
18 79 18
81 83 78
7 84 4
81 123 78
61 71 58
83 104 80
17 73 14
24 94 24
103 123 100
77 94 74
53 124 50
21 82 18
15 125 12
52 68 52
67 90 64
1 101 1
4 28 4
62 70 62
48 119 48
72 86 72
54 70 54
112 124 112
39 66 36
38 116 38
27 66 24
99 100 96
29 97 26
13 85 10
50 108 50
27 98 24
58 69 58
26 67 26
36 100 36
28 57 28
5 81 2
12 105 12
91 110 88
13 67 10
22 27 22
8 18 8
62 125 62
44 101 44
34 123 34
51 93 48
11 61 8
15 18 12
14 59 14
31 65 28
100 117 100
12 99 12
14 77 14
71 115 68
68 86 68
67 126 64
85 121 82
44 86 44
17 61 14
36 105 36
19 65 16
73 107 70
5 10 2
3 23 1
33 105 30
30 68 30
49 121 46
21 105 18
58 60 58
10 56 10
43 93 40
104 111 104
47 93 44
75 114 72
27 115 24
39 102 36
1 63 1
48 87 48
99 118 96
7 13 4
70 94 70
66 73 66
42 69 42
10 32 10
43 73 40
95 101 92
6 57 6
47 100 44
35 99 32
61 122 58
78 88 78
47 49 44
64 87 64
31 124 28
61 96 58
5 78 2
39 60 36
107 109 104
107 122 104
77 100 74
91 108 88
7 37 4
45 98 42
49 125 46
40 45 40
52 80 52
7 126 4
10 78 10
59 79 56
25 85 22
101 123 98
87 104 84
10 51 10
26 43 26
107 123 104
41 116 38
99 110 96
17 114 14
49 64 46
82 111 82
12 61 12
31 74 28
68 80 68
10 57 10
10 24 10
115 122 112
81 92 78
4 38 4
78 121 78
51 104 48
4 20 4
14 94 14
25 99 22
93 94 90
1 57 1
34 76 34
46 51 46
65 87 62
35 45 32
76 83 76
49 123 46
116 125 116
69 81 66
57 63 54
3 74 1
40 102 40
9 123 6
62 77 62
88 118 88
26 37 26
55 97 52
3 69 1
117 119 114
3 38 1
9 47 6
71 97 68
74 122 74
67 123 64
51 111 48
51 115 48
53 120 50
69 88 66
57 119 54
12 121 12
57 93 54
52 59 52
32 39 32
31 94 28
25 34 22
27 77 24
29 86 26
74 108 74
67 72 64
26 64 26
6 52 6
101 116 98
36 75 36
103 120 100
43 44 40
57 77 54
23 48 20
119 125 116
37 120 34
8 35 8
29 31 26
42 45 42
65 76 62
36 119 36
48 76 48
9 113 6
58 80 58
93 104 90
39 119 36
22 103 22
76 101 76
98 117 98
91 92 88
29 89 26
46 99 46
28 30 28
23 32 20
57 88 54
111 125 108
62 120 62
79 104 76
36 110 36
75 87 72
58 117 58
43 70 40
29 111 26
27 81 24
33 99 30
30 92 30
109 117 106
11 99 8
22 104 22
8 12 8
34 59 34
75 109 72
7 106 4
28 45 28
65 108 62
4 22 4
14 47 14
34 77 34
52 116 52
51 113 48
37 93 34
40 108 40
12 19 12
106 108 106
16 29 16
77 106 74
109 110 106
5 54 2
62 71 62
79 87 76
46 89 46
69 95 66
45 78 42
32 64 32
20 88 20
11 80 8
71 126 68
52 93 52
18 42 18
46 88 46
10 95 10
4 27 4
30 34 30
57 79 54
78 83 78
29 88 26
4 36 4
34 42 34
55 122 52
63 126 60
94 121 94
52 77 52
28 94 28
21 70 18
21 81 18
46 55 46
64 120 64
74 79 74
10 110 10
92 111 92
76 121 76
45 77 42
50 127 50
1 60 1
40 57 40
10 46 10
55 116 52
70 124 70
4 40 4
89 91 86
16 31 16
115 124 112
19 68 16
99 117 96
92 101 92
90 98 90
64 95 64
18 24 18
37 60 34
1 116 1
71 73 68
53 78 50
38 59 38
26 36 26
87 116 84
63 95 60
107 115 104
37 88 34
32 110 32
48 88 48
1 26 1
32 95 32
13 105 10
57 105 54
49 118 46
36 97 36
94 111 94
71 92 68
16 39 16
63 107 60
53 59 50
59 126 56
35 92 32
50 75 50
19 107 16
68 107 68
28 83 28
54 91 54
67 69 64
28 124 28
93 110 90
32 100 32
4 10 4
79 92 76
1 35 1
70 79 70
30 126 30
14 33 14
21 93 18
43 113 40
35 106 32
45 121 42
46 62 46
51 84 48
46 117 46
32 72 32
29 79 26
61 126 58
91 117 88
50 65 50
75 91 72
9 75 6
65 125 62
30 47 30
69 89 66
62 88 62
46 119 46
67 112 64
45 67 42
1 53 1
4 30 4
93 123 90
16 79 16
49 73 46
28 113 28
54 101 54
84 88 84
10 43 10
4 25 4
87 106 84
59 91 56
35 73 32
74 81 74
48 127 48
6 120 6
2 115 2
39 92 36
33 121 30
89 110 86
11 59 8
81 103 78
8 21 8
33 88 30
27 116 24
75 93 72
25 54 22
36 88 36
88 127 88
32 36 32
31 36 28
41 50 38
74 83 74
48 99 48
19 103 16
59 122 56
26 54 26
17 19 14
39 42 36
9 70 6
7 10 4
20 72 20
59 103 56
43 66 40
21 29 18
41 126 38
22 70 22
29 57 26
59 64 56
4 15 4
55 107 52
11 22 8
31 102 28
49 110 46
25 53 22
10 42 10
32 45 32
55 68 52
111 117 108
1 86 1
29 80 26
41 42 38
24 52 24
39 49 36
12 27 12
71 81 68
82 126 82
3 126 1
21 25 18
14 53 14
47 66 44
20 79 20
5 12 2
105 115 102
31 51 28
61 120 58
34 90 34
23 66 20
45 120 42
5 96 2
77 116 74
33 83 30
91 125 88
29 65 26
91 95 88
5 61 2
25 72 22
67 118 64
35 80 32
13 62 10
64 67 64
39 46 36
59 85 56
2 101 2
25 28 22
64 74 64
61 101 58
4 75 4
32 89 32
11 112 8
13 50 10
39 64 36
54 126 54
71 106 68
7 73 4
24 39 24
35 38 32
16 72 16
70 83 70
72 74 72
29 122 26
84 122 84
48 96 48
69 126 66
29 66 26
55 59 52
7 33 4
22 54 22
10 109 10
53 63 50
15 72 12
33 108 30
23 89 20
64 91 64
36 123 36
87 127 84
39 65 36
8 33 8
32 69 32
49 56 46
29 67 26
95 126 92
5 58 2
65 79 62
60 117 60
10 45 10
17 42 14
23 122 20
65 112 62
51 121 48
45 75 42
90 117 90
59 111 56
31 50 28
53 73 50
80 117 80
64 102 64
77 90 74
108 124 108
86 122 86
69 118 66
115 125 112
104 118 104
12 113 12
33 40 30
26 121 26
19 72 16
6 36 6
47 85 44
12 91 12
37 40 34
31 47 28
65 105 62
24 53 24
61 86 58
33 89 30
39 47 36
31 66 28
29 98 26
25 127 22
25 79 22
49 54 46
14 31 14
59 112 56
73 117 70
38 96 38
43 88 40
55 94 52
99 119 96
55 103 52
62 103 62
22 111 22
101 115 98
101 102 98
110 127 110
49 107 46
21 28 18
44 50 44
47 68 44
9 117 6
41 55 38
13 118 10
27 100 24
109 122 106
95 105 92
82 108 82
16 114 16
16 37 16
45 100 42
51 83 48
32 74 32
73 116 70
4 93 4
74 105 74
64 83 64
72 94 72
19 115 16
44 65 44
8 86 8
12 85 12
11 12 8
1 17 1
30 51 30
21 62 18
35 117 32
101 111 98
57 118 54
50 59 50
99 121 96
48 95 48
8 50 8
5 53 2
89 121 86
29 76 26
62 69 62
63 111 60
51 80 48
34 54 34
83 86 80
2 13 2
65 70 62
13 125 10
46 58 46
55 74 52
33 54 30
29 41 26
25 101 22
61 93 58
8 68 8
110 121 110
65 85 62
20 113 20
74 78 74
18 41 18
70 98 70
28 50 28
21 34 18
65 82 62
93 103 90
19 80 16
57 127 54
109 115 106
2 49 2
46 113 46
48 100 48
6 63 6
46 78 46
12 86 12
46 109 46
19 89 16
16 109 16
62 118 62
23 73 20
15 124 12
60 81 60
71 114 68
53 65 50
33 91 30
17 64 14
57 100 54
50 120 50
15 118 12
9 35 6
7 120 4
85 127 82
34 47 34
35 93 32
9 28 6
17 72 14
52 72 52
83 107 80
112 114 112
7 20 4
54 71 54
5 69 2
64 80 64
62 117 62
30 58 30
43 71 40
58 123 58
37 116 34
56 101 56
54 67 54
63 106 60
27 42 24
4 98 4
25 90 22
22 97 22
108 125 108
61 119 58
40 50 40
57 81 54
2 114 2
22 69 22
13 47 10
32 57 32
30 53 30
8 11 8
53 84 50
12 17 12
51 52 48
23 74 20
23 104 20
9 67 6
39 73 36
89 109 86
41 51 38
4 125 4
34 44 34
22 55 22
40 119 40
51 79 48
6 15 6
67 116 64
43 107 40
56 58 56
53 126 50
45 74 42
23 67 20
5 59 2
60 65 60
30 63 30
8 110 8
15 17 12
27 118 24
40 42 40
76 94 76
27 54 24
79 118 76
18 49 18
57 85 54
4 16 4
85 122 82
2 83 2
10 70 10
16 26 16
7 39 4
48 112 48
64 81 64
47 90 44
6 17 6
84 125 84
89 111 86
5 126 2
107 127 104
38 121 38
69 125 66
22 56 22
24 41 24
54 87 54
66 97 66
29 47 26
19 54 16
72 127 72
74 82 74
88 114 88
91 109 88
30 64 30
30 49 30
10 16 10
44 68 44
45 116 42
64 77 64
14 21 14
13 37 10
10 99 10
69 86 66
59 89 56
17 59 14
3 50 1
15 127 12
98 106 98
32 91 32
41 93 38
21 75 18
78 110 78
90 100 90
30 33 30
34 67 34
64 98 64
81 101 78
13 25 10
76 80 76
14 83 14
15 36 12
58 78 58
44 46 44
67 102 64
50 103 50
18 65 18
35 126 32
61 79 58
72 90 72
99 108 96
53 103 50
53 113 50
85 109 82
37 66 34
51 117 48
33 82 30
18 110 18
54 61 54
2 62 2
63 75 60
93 119 90
22 40 22
43 99 40
99 102 96
39 75 36
4 121 4
47 57 44
59 102 56
13 127 10
14 18 14
18 32 18
4 69 4
75 106 72
85 120 82
27 101 24
19 83 16
25 31 22
83 85 80
63 94 60
7 32 4
17 83 14
29 119 26
22 59 22
25 104 22
28 67 28
5 34 2
35 48 32
8 52 8
18 81 18
64 92 64
23 127 20
35 116 32
25 115 22
8 28 8
5 62 2
22 31 22
6 75 6
9 25 6
8 10 8
9 100 6
71 79 68
27 93 24
61 108 58
2 35 2
82 123 82
20 43 20
5 94 2
53 92 50
18 92 18
6 44 6
1 20 1
43 98 40
30 87 30
63 69 60
15 71 12
37 77 34
11 68 8
34 94 34
5 23 2
6 43 6
46 93 46
36 56 36
22 108 22
65 114 62
51 88 48
37 127 34
50 110 50
81 115 78
2 70 2
43 95 40
20 82 20
83 106 80
70 82 70
47 116 44
4 50 4
33 41 30
56 100 56
65 111 62
118 120 118
99 122 96
82 92 82
31 79 28
75 104 72
48 122 48
84 113 84
16 53 16
81 117 78
32 34 32
69 123 66
50 86 50
27 97 24
53 100 50
9 80 6
97 108 94
39 107 36
61 87 58
15 53 12
67 94 64
110 124 110
18 56 18
25 57 22
61 74 58
23 126 20
44 62 44
44 77 44
18 58 18
102 112 102
37 115 34
4 111 4
1 49 1
23 84 20
7 86 4
49 74 46
22 50 22
87 108 84
14 25 14
67 80 64
23 27 20
49 61 46
16 35 16
43 82 40
19 53 16
25 73 22
18 125 18
6 27 6
55 110 52
85 108 82
12 124 12
22 38 22
51 85 48
14 24 14
54 116 54
14 105 14
8 69 8
6 37 6
2 84 2
18 39 18
20 54 20
21 69 18
55 70 52
17 81 14
75 105 72
80 99 80
12 116 12
107 111 104
7 16 4
28 108 28
31 110 28
81 116 78
59 87 56
55 63 52
59 124 56
17 44 14
91 107 88
43 120 40
93 101 90
15 78 12
48 84 48
11 90 8
85 93 82
101 118 98
19 109 16
41 105 38
10 23 10
27 89 24
31 126 28
24 64 24
30 36 30
105 118 102
6 35 6
56 123 56
81 98 78
4 70 4
48 71 48
91 103 88
4 101 4
43 121 40
63 84 60
16 67 16
64 117 64
93 124 90
51 102 48
81 121 78
25 109 22
15 68 12
7 62 4
71 95 68
37 82 34
89 124 86
73 94 70
12 16 12
22 76 22
10 65 10
3 71 1
91 97 88
3 44 1
93 95 90
14 110 14
23 33 20
40 77 40
55 113 52
111 112 108
83 96 80
9 102 6
66 85 66
95 119 92
60 69 60
1 42 1
70 96 70
87 96 84
50 122 50
102 107 102
2 123 2
92 127 92
53 110 50
35 60 32
59 73 56
37 108 34
61 98 58
51 66 48
18 26 18
47 107 44
54 125 54
11 49 8
8 48 8
37 83 34
31 103 28
25 87 22
33 38 30
84 106 84
13 17 10
50 66 50
70 84 70
8 42 8
110 116 110
34 104 34
3 12 1
77 123 74
5 25 2
80 85 80
7 66 4
85 125 82
122 127 122
57 58 54
59 99 56
83 87 80
37 39 34
22 79 22
9 64 6
22 29 22
17 97 14
24 117 24
18 72 18
74 106 74
60 94 60
52 58 52
46 59 46
43 76 40
110 114 110
46 75 46
94 101 94
95 98 92
19 30 16
72 122 72
27 65 24
71 127 68
13 111 10
28 76 28
46 123 46
77 103 74
91 100 88
61 78 58
11 65 8
78 101 78
44 67 44
48 56 48
59 121 56
45 115 42
9 57 6
98 104 98
51 57 48
4 49 4
74 86 74
83 121 80
79 93 76
44 119 44
11 106 8
10 86 10
3 89 1
111 120 108
18 91 18
39 87 36
60 103 60
13 28 10
69 91 66
20 102 20
45 66 42
33 72 30
38 82 38
28 43 28
13 66 10
24 107 24
28 80 28
24 61 24
71 75 68
4 52 4
6 14 6
25 55 22
38 50 38
33 34 30
55 73 52
31 48 28
88 110 88
26 74 26
57 72 54
69 112 66
36 43 36
52 112 52
71 99 68
33 44 30
50 84 50
74 124 74
62 85 62
84 102 84
11 108 8
12 76 12
11 21 8
44 84 44
18 54 18
4 95 4
4 33 4
101 126 98
57 91 54
33 63 30
27 52 24
7 108 4
105 127 102
26 68 26
58 88 58
85 101 82
72 115 72
68 122 68
14 50 14
99 106 96
53 121 50
11 13 8
118 127 118
45 82 42
61 63 58
80 104 80
34 111 34
19 124 16
73 110 70
116 118 116
79 107 76
2 28 2
16 41 16
99 101 96
43 45 40
84 121 84
9 103 6
35 96 32
15 61 12
84 119 84
61 123 58
50 102 50
87 93 84
103 119 100
6 126 6
32 59 32
34 36 34
32 47 32
65 123 62
14 103 14
71 78 68
85 102 82
3 51 1
97 110 94
6 108 6
37 86 34
62 122 62
4 88 4
19 120 16
8 82 8
6 33 6
90 103 90
14 29 14
76 90 76
14 44 14
97 122 94
13 32 10
63 86 60
43 115 40
24 90 24
27 110 24
29 43 26
93 127 90
21 99 18
12 83 12
46 104 46
95 107 92
6 114 6
95 113 92
5 32 2
4 118 4
35 75 32
62 79 62
1 90 1
24 27 24
51 122 48
16 95 16
45 126 42
75 122 72
15 64 12
17 47 14
94 96 94
9 86 6
41 75 38
45 68 42
2 54 2
66 79 66
57 99 54
87 122 84
17 84 14
47 115 44
41 77 38
20 22 20
89 115 86
103 116 100
46 64 46
101 112 98
16 108 16
91 111 88
54 75 54
75 82 72
80 94 80
17 40 14
31 55 28
63 110 60
16 124 16
93 120 90
41 120 38
44 109 44
42 77 42
24 103 24
33 107 30
16 87 16
24 33 24
52 119 52
59 75 56
6 19 6
94 118 94
22 124 22
36 63 36
61 73 58
31 46 28
54 96 54
21 83 18
35 62 32
74 113 74
15 55 12
22 89 22
79 127 76
28 98 28
18 123 18
92 103 92
43 123 40
102 117 102
14 22 14
18 70 18
53 127 50
8 87 8
41 104 38
20 101 20
1 32 1
28 37 28
3 17 1
68 75 68
36 106 36
36 83 36
42 70 42
25 41 22
65 66 62
101 106 98
30 65 30
87 126 84
55 123 52
14 49 14
61 67 58
51 69 48
24 55 24
12 65 12
24 70 24
21 79 18
60 127 60
5 42 2
61 76 58
24 31 24
63 118 60
47 86 44
54 62 54
71 109 68
45 95 42
58 61 58
9 58 6
47 105 44
34 126 34
15 52 12
18 55 18
24 104 24
1 69 1
42 118 42
83 117 80
60 77 60
31 95 28
29 48 26
31 92 28
50 61 50
53 105 50
33 71 30
39 125 36
49 68 46
37 62 34
79 94 76
20 71 20
45 53 42
47 110 44
71 76 68
13 14 10
72 89 72
13 42 10
8 72 8
1 80 1
16 49 16
115 127 112
35 44 32
30 40 30
101 109 98
25 125 22
6 98 6
13 35 10
68 102 68
19 73 16
79 82 76
59 93 56
62 66 62
30 60 30
54 80 54
37 102 34
19 33 16
44 90 44
38 117 38
18 38 18
89 114 86
72 85 72
52 92 52
45 88 42
17 45 14
81 122 78
24 116 24
36 57 36
98 101 98
56 66 56
109 116 106
5 51 2
33 78 30
103 124 100
38 45 38
27 55 24
38 107 38
58 109 58
10 31 10
24 109 24
92 113 92
45 101 42
28 44 28
24 82 24
61 89 58
65 122 62
12 56 12
59 105 56
73 118 70
60 80 60
92 102 92
53 88 50
73 119 70
48 74 48
52 61 52
105 116 102
1 36 1
19 62 16
81 99 78
54 100 54
41 64 38
58 116 58
67 89 64
82 87 82
67 76 64
89 119 86
6 60 6
16 97 16
83 114 80
71 117 68
41 94 38
77 117 74
75 119 72
76 124 76
45 119 42
113 118 110
35 36 32
39 101 36
70 73 70
101 127 98
60 82 60
37 53 34
20 86 20
82 96 82
52 63 52
28 112 28
38 43 38
16 54 16
84 91 84
17 41 14
44 64 44
56 92 56
47 59 44
59 116 56
49 108 46
17 99 14
52 71 52
75 127 72
7 71 4
51 81 48
61 106 58
6 85 6
81 113 78
4 44 4
43 112 40
28 96 28
9 41 6
98 124 98
60 68 60
38 119 38
77 89 74
56 108 56
71 113 68
75 108 72
66 89 66
48 117 48
47 127 44
70 92 70
22 49 22
29 42 26
48 83 48
30 88 30
55 100 52
13 39 10
27 114 24
64 99 64
61 104 58
8 127 8
33 56 30
31 62 28
30 81 30
46 54 46
79 83 76
41 78 38
48 126 48
26 42 26
11 107 8
33 66 30
66 94 66
14 32 14
21 35 18
29 106 26
10 75 10
35 56 32
61 70 58
20 95 20
65 106 62
16 62 16
69 114 66
65 95 62
5 29 2
34 55 34
38 92 38
37 43 34
39 54 36
14 123 14
99 107 96
6 41 6
54 64 54
65 107 62
32 42 32
45 84 42
21 76 18
26 59 26
25 120 22
35 121 32
21 61 18
76 119 76
11 111 8
38 51 38
82 97 82
14 26 14
17 101 14
30 98 30
27 67 24
41 114 38
5 22 2
97 119 94
67 82 64
92 124 92
65 124 62
46 115 46
57 62 54
31 77 28
23 86 20
94 99 94
20 39 20
90 93 90
73 81 70
2 80 2
65 100 62
24 47 24
33 35 30
23 62 20
3 46 1
30 83 30
53 123 50
18 33 18
10 114 10
85 95 82
37 91 34
1 50 1
16 42 16
60 101 60
55 91 52
35 61 32
106 116 106
3 43 1
78 95 78
35 94 32
85 86 82
16 80 16
75 77 72
58 95 58
23 124 20
42 127 42
19 104 16
32 44 32
50 74 50
38 124 38
26 97 26
39 58 36
56 79 56
49 79 46
18 46 18
7 97 4
14 118 14
42 105 42
21 46 18
2 22 2
22 92 22
35 85 32
24 77 24
79 120 76
25 105 22
27 95 24
54 95 54
47 99 44
62 114 62
93 105 90
11 78 8
73 86 70
12 22 12
79 89 76
45 118 42
44 48 44
10 55 10
46 105 46
1 104 1
4 62 4
35 81 32
6 25 6
1 16 1
7 38 4
39 114 36
6 89 6
67 100 64
64 72 64
22 82 22
72 80 72
90 122 90
55 83 52
5 113 2
84 108 84
10 72 10
28 100 28
65 109 62
88 112 88
52 55 52
61 95 58
23 117 20
77 83 74
18 112 18
62 105 62
67 96 64
67 88 64
5 33 2
2 47 2
55 85 52
22 109 22
54 120 54
99 127 96
6 73 6
14 81 14
13 108 10
58 118 58
57 122 54
14 35 14
7 81 4
45 79 42
31 32 28
26 45 26
53 60 50
40 125 40
10 27 10
9 106 6
3 95 1
13 106 10
8 92 8
51 71 48
84 112 84
18 31 18
59 63 56
33 123 30
35 97 32
66 108 66
42 80 42
20 42 20
57 125 54
1 38 1
7 60 4
62 127 62
78 124 78
7 35 4
8 64 8
43 118 40
24 123 24
39 105 36
30 94 30
37 44 34
55 96 52
4 106 4
79 126 76
67 81 64
19 25 16
120 123 120
13 36 10
49 122 46
42 50 42
11 118 8
37 75 34
40 83 40
77 112 74
100 114 100
45 61 42
29 115 26
3 79 1
77 124 74
69 74 66
65 88 62
38 65 38
22 32 22
71 112 68
89 113 86
63 90 60
2 43 2
16 73 16
70 113 70
26 72 26
24 80 24
28 91 28
9 51 6
14 38 14
1 120 1
56 73 56
19 56 16
94 103 94
34 73 34
41 44 38
21 52 18
106 124 106
26 46 26
68 71 68
8 38 8
67 99 64
69 124 66
23 106 20
21 108 18
47 50 44
33 113 30
28 54 28
7 87 4
27 119 24
49 91 46
68 124 68
30 86 30
73 96 70
80 107 80
5 17 2
87 103 84
32 60 32
6 67 6
47 103 44
73 122 70
13 94 10
109 111 106
6 31 6
47 125 44
56 75 56
17 91 14
74 80 74
69 101 66
7 17 4
87 97 84
2 53 2
64 69 64
25 93 22
31 37 28
87 109 84
12 60 12
3 41 1
34 119 34
26 82 26
21 78 18
33 81 30
52 97 52
22 51 22
33 116 30
18 71 18
58 83 58
33 53 30
87 95 84
29 82 26
61 115 58
2 15 2
34 52 34
6 55 6
30 44 30
32 50 32
3 33 1
3 47 1
38 90 38
87 100 84
44 61 44
57 67 54
33 122 30
36 92 36
41 87 38
35 104 32
77 81 74
4 112 4
32 54 32
30 39 30
114 121 114
28 35 28
97 121 94
15 94 12
35 65 32
15 25 12
61 77 58
35 55 32
56 63 56
34 116 34
8 62 8
22 60 22
67 71 64
5 116 2
27 90 24
1 117 1
37 96 34
11 85 8
41 73 38
17 107 14
79 115 76
15 26 12
86 95 86
14 65 14
79 123 76
20 34 20
16 104 16
2 50 2
81 100 78
76 115 76
70 76 70
20 60 20
29 40 26
19 67 16
69 100 66
67 106 64
67 77 64
19 92 16
100 115 100
56 67 56
56 85 56
73 103 70
54 105 54
1 31 1
35 83 32
8 104 8
23 68 20
30 127 30
19 29 16
62 111 62
68 127 68
42 68 42
31 80 28
6 53 6
31 34 28
42 124 42
5 125 2
22 36 22
42 110 42
82 85 82
34 70 34
25 65 22
46 122 46
73 98 70
83 88 80
17 75 14
42 99 42
89 92 86
25 84 22
55 65 52
39 43 36
68 104 68
21 127 18
3 86 1
53 117 50
104 106 104
4 100 4
17 34 14
45 57 42
34 89 34
8 41 8
6 34 6
82 112 82
58 120 58
75 111 72
90 105 90
1 58 1
54 112 54
49 66 46
23 65 20
91 114 88
37 119 34
44 83 44
76 104 76
62 82 62
50 94 50
12 32 12
18 36 18
14 75 14
59 113 56
6 81 6
79 124 76
43 90 40
40 51 40
11 64 8
41 118 38
62 104 62
5 127 2
12 55 12
67 75 64
4 43 4
6 118 6
109 120 106
14 23 14
44 47 44
35 120 32
30 95 30
19 81 16
95 111 92
78 115 78
9 125 6
5 82 2
66 88 66
4 61 4
9 99 6
37 47 34
41 99 38
56 87 56
21 113 18
17 69 14
64 88 64
1 61 1
19 70 16
71 125 68
5 90 2
52 74 52
88 106 88
82 98 82
39 68 36
16 36 16
17 123 14
58 91 58
90 126 90
70 125 70
75 85 72
89 118 86
21 92 18
23 63 20
66 69 66
29 62 26
8 95 8
1 48 1
22 25 22
24 34 24
79 114 76
13 18 10
12 57 12
14 87 14
5 67 2
66 112 66
43 124 40
105 113 102
9 69 6
7 124 4
74 125 74
110 118 110
36 71 36
11 74 8
63 78 60
20 117 20
16 71 16
28 60 28
47 69 44
43 119 40
31 58 28
21 64 18
5 64 2
1 64 1
55 112 52
30 35 30
58 113 58
58 81 58
41 86 38
43 97 40
4 96 4
28 111 28
61 66 58
85 113 82
31 70 28
31 96 28
8 36 8
12 59 12
31 45 28
60 90 60
8 44 8
69 119 66
32 71 32
26 80 26
10 113 10
101 117 98
39 71 36
50 57 50
28 73 28
103 104 100
111 119 108
25 103 22
3 7 1
14 122 14
71 87 68
27 76 24
49 67 46
8 47 8
5 76 2
28 104 28
53 114 50
48 55 48
51 108 48
56 76 56
12 125 12
21 54 18
88 113 88
62 94 62
18 99 18
70 72 70
102 116 102
72 111 72
25 82 22
49 84 46
15 116 12
15 79 12
55 121 52
90 96 90
57 101 54
28 59 28
17 36 14
37 92 34
64 97 64
3 55 1
94 112 94
11 32 8
74 111 74
114 120 114
6 116 6
68 76 68
103 114 100
18 57 18
26 75 26
12 97 12
36 77 36
8 17 8
20 28 20
67 87 64
24 73 24
89 107 86
15 27 12
52 117 52
40 78 40
54 117 54
21 90 18
91 105 88
52 111 52
78 119 78
37 49 34
78 80 78
83 116 80
39 91 36
72 125 72
20 121 20
22 44 22
65 102 62
52 65 52
15 20 12
48 110 48
30 57 30
78 125 78
44 105 44
72 126 72
4 120 4
83 126 80
42 85 42
17 21 14
7 80 4
29 52 26
35 89 32
11 116 8
15 98 12
2 98 2
106 110 106
60 75 60
10 38 10
47 76 44
4 57 4
35 74 32
65 126 62
78 108 78
16 93 16
93 115 90
53 99 50
36 109 36
40 81 40
36 120 36
36 96 36
7 69 4
37 104 34
45 125 42
75 83 72
32 97 32
2 21 2
105 120 102
17 54 14
78 97 78
101 125 98
84 104 84
51 103 48
84 86 84
59 92 56
25 29 22
68 106 68
41 62 38
22 45 22
53 119 50
85 110 82
33 103 30
3 56 1
54 74 54
32 90 32
30 48 30
25 45 22
2 100 2
42 47 42
23 107 20
49 115 46
76 113 76
14 19 14
70 74 70
38 68 38
62 95 62
1 103 1
33 68 30
77 98 74
100 108 100
24 101 24
85 111 82
22 67 22
4 91 4
32 126 32
4 82 4
25 26 22
34 61 34
12 54 12
40 80 40
53 67 50
54 109 54
29 59 26
33 84 30
6 111 6
60 104 60
17 119 14
38 57 38
1 94 1
83 101 80
22 63 22
16 28 16
33 90 30
28 102 28
88 97 88
104 110 104
66 86 66
16 112 16
75 113 72
9 63 6
58 79 58
2 106 2
54 73 54
55 114 52
64 90 64
16 127 16
71 116 68
23 102 20
48 124 48
43 80 40
81 126 78
18 37 18
18 64 18
54 99 54
46 66 46
63 113 60
48 93 48
39 56 36
34 110 34
52 122 52
65 99 62
68 79 68
65 119 62
40 96 40
38 98 38
30 70 30
15 22 12
8 39 8
67 73 64
100 103 100
3 80 1
4 54 4
45 91 42
17 112 14
111 127 108
20 127 20
50 104 50
58 64 58
65 92 62
50 116 50
27 107 24
4 92 4
34 37 34
19 27 16
26 60 26
84 126 84
11 97 8
33 58 30
20 41 20
31 119 28
61 85 58
33 87 30
1 92 1
6 124 6
35 37 32
46 92 46
43 64 40
13 43 10
14 42 14
12 23 12
5 39 2
12 46 12
25 58 22
43 105 40
82 119 82
77 119 74
26 33 26
4 122 4
100 124 100
16 100 16
83 113 80
69 104 66
8 106 8
44 124 44
79 122 76
59 90 56
10 39 10
60 105 60
19 36 16
59 70 56
8 79 8
83 92 80
83 108 80
54 88 54
74 110 74
44 97 44
36 55 36
54 113 54
22 120 22
30 73 30
24 79 24
6 29 6
87 112 84
37 97 34
44 81 44
35 108 32
62 72 62
14 52 14
44 95 44
28 85 28
46 103 46
58 72 58
95 118 92
8 100 8
108 121 108
16 85 16
44 112 44
64 76 64
42 94 42
22 100 22
87 114 84
5 107 2
20 92 20
38 74 38
45 90 42
17 60 14
8 112 8
27 58 24
32 99 32
27 79 24
42 46 42
9 61 6
24 84 24
18 50 18
44 54 44
96 100 96
120 126 120
70 127 70
36 64 36
75 102 72
35 57 32
95 117 92
74 99 74
46 74 46
58 67 58
44 94 44
61 100 58
31 52 28
4 51 4
42 83 42
73 75 70
70 89 70
25 37 22
41 67 38
58 86 58
61 83 58
93 97 90
32 88 32
62 100 62
65 73 62
14 88 14
45 110 42
80 87 80
60 113 60
36 73 36
57 86 54
34 72 34
7 121 4
63 79 60
4 127 4
2 66 2
33 120 30
37 59 34
48 52 48
81 85 78
16 94 16
38 71 38
23 26 20
56 118 56
12 53 12
28 123 28
37 79 34
46 56 46
40 65 40
6 112 6
41 43 38
21 115 18
35 98 32
43 47 40
23 118 20
14 43 14
20 33 20
97 101 94
15 69 12
25 44 22
8 61 8
57 97 54
15 97 12
43 46 40
32 118 32
40 100 40
82 101 82
24 67 24
42 103 42
92 95 92
9 73 6
1 105 1
94 113 94
89 100 86
94 100 94
30 61 30
56 112 56
51 54 48
59 71 56
53 96 50
44 72 44
67 125 64
40 49 40
59 86 56
13 27 10
41 101 38
28 105 28
17 74 14
72 104 72
83 84 80
57 108 54
4 45 4
73 93 70
33 74 30
3 24 1
63 109 60
109 119 106
76 122 76
20 78 20
21 77 18
54 81 54
54 83 54
7 29 4
16 75 16
39 117 36
33 60 30
10 30 10
73 88 70
11 86 8
48 62 48
44 56 44
17 23 14
77 95 74
66 70 66
1 27 1
73 83 70
6 121 6
42 67 42
7 96 4
42 117 42
67 97 64
56 116 56
3 122 1
71 93 68
9 120 6
22 28 22
42 90 42
10 88 10
56 105 56
50 69 50
49 76 46
26 108 26
84 90 84
20 37 20
37 84 34
14 120 14
35 77 32
13 38 10
85 89 82
57 115 54
40 127 40
45 93 42
13 57 10
8 115 8
74 102 74
66 81 66
26 29 26
7 31 4
112 115 112
11 42 8
80 118 80
23 51 20
51 70 48
50 101 50
5 115 2
14 117 14
38 64 38
35 51 32
63 87 60
5 89 2
28 101 28
100 109 100
1 39 1
10 87 10
75 123 72
86 103 86
16 111 16
52 114 52
81 87 78
83 90 80
31 71 28
14 80 14
32 124 32
69 99 66
34 66 34
83 127 80
30 59 30
3 109 1
24 43 24
38 83 38
41 74 38
48 113 48
51 86 48
51 109 48
31 54 28
3 32 1
42 111 42
18 53 18
33 97 30
22 52 22
101 108 98
65 69 62
88 107 88
15 51 12
56 78 56
7 88 4
40 54 40
38 54 38
2 17 2
29 87 26
30 120 30
14 84 14
48 57 48
36 67 36
69 73 66
91 93 88
7 92 4
17 120 14
61 105 58
21 121 18
14 71 14
55 60 52
104 113 104
8 66 8
49 90 46
18 23 18
13 76 10
7 14 4
17 57 14
4 108 4
42 53 42
71 80 68
11 82 8
46 110 46
33 42 30
113 117 110
22 53 22
57 89 54
77 101 74
16 21 16
118 126 118
60 70 60
78 90 78
66 83 66
36 114 36
68 88 68
12 50 12
29 38 26
14 41 14
12 48 12
32 55 32
5 105 2
73 97 70
2 104 2
41 121 38
14 99 14
55 75 52
28 118 28
36 80 36
11 120 8
84 110 84
68 120 68
106 117 106
5 93 2
9 24 6
9 40 6
9 85 6
85 103 82
85 116 82
3 58 1
30 110 30
14 104 14
91 121 88
61 94 58
15 126 12
13 49 10
5 99 2
19 119 16
11 62 8
67 110 64
94 119 94
24 93 24
92 125 92
27 59 24
31 33 28
55 61 52
3 40 1
69 116 66
33 96 30
32 58 32
73 109 70
71 123 68
89 94 86
22 101 22
6 48 6
42 93 42
19 63 16
49 96 46
25 75 22
47 112 44
49 114 46
57 92 54
56 103 56
46 76 46
66 117 66
32 67 32
26 78 26
24 71 24
68 116 68
34 51 34
34 57 34
11 100 8
21 67 18
86 106 86
68 70 68
57 104 54
15 59 12
33 109 30
47 73 44
29 75 26
31 98 28
74 103 74
91 106 88
72 109 72
8 43 8
33 49 30
51 67 48
17 20 14
56 126 56
32 109 32
52 76 52
16 65 16
25 88 22
35 88 32
40 60 40
45 122 42
59 109 56
37 63 34
56 96 56
25 68 22
50 71 50
65 117 62
1 71 1
23 95 20
2 38 2
19 118 16
21 31 18
21 97 18
9 11 6
41 54 38
27 71 24
30 121 30
61 72 58
34 63 34
96 117 96
27 102 24
7 116 4
40 111 40
41 56 38
26 62 26
90 111 90
45 73 42
3 68 1
91 113 88
26 104 26
43 72 40
11 125 8
8 73 8
59 65 56
8 32 8
