256 6352
27 180 1
9 241 1
39 80 227
97 231 227
158 248 127
223 245 127
140 199 27
199 219 27
37 158 156
14 185 147
5 67 147
19 164 213
168 210 213
16 117 197
40 246 151
96 119 54
192 252 83
75 234 112
102 182 215
82 135 215
110 157 182
55 236 114
4 236 114
42 117 178
15 211 91
32 46 91
104 217 193
85 177 110
48 194 142
48 155 142
56 115 255
13 194 255
101 250 50
79 234 136
167 202 165
51 148 120
52 90 38
90 135 38
39 153 104
41 186 171
163 251 171
87 249 93
70 249 93
42 160 126
10 169 126
45 124 5
45 185 5
19 146 254
146 218 254
6 109 80
18 133 65
23 256 169
25 159 62
159 228 62
222 244 170
67 239 63
29 234 44
74 143 190
58 175 190
58 134 17
58 121 17
203 232 243
14 239 152
175 242 143
141 224 143
71 149 250
19 145 77
87 216 109
8 70 231
4 175 141
42 184 92
75 137 162
160 187 196
49 148 85
2 81 60
15 66 122
2 139 230
183 241 100
13 106 209
35 103 209
125 154 41
204 244 174
135 214 73
45 245 237
84 149 211
76 134 181
95 213 213
22 161 227
231 254 227
88 227 227
31 152 136
152 179 63
173 237 1
186 230 147
84 210 127
20 195 195
124 156 127
4 242 143
23 151 127
69 233 1
171 227 227
41 148 147
3 56 1
64 119 127
69 155 155
29 152 44
133 223 127
223 227 227
1 82 1
54 213 213
2 254 127
193 247 247
104 184 227
35 191 1
26 69 1
142 252 1
145 218 254
139 232 1
117 184 178
83 108 1
1 27 1
152 200 127
91 222 91
1 185 1
4 86 141
12 127 127
134 135 147
185 226 147
72 90 38
24 187 196
29 179 63
47 137 162
18 242 65
183 232 1
52 126 147
20 183 100
14 234 152
61 168 213
108 147 147
127 171 127
211 224 127
145 210 254
11 105 227
84 101 50
56 118 255
141 190 190
44 248 127
1 135 1
25 174 62
220 222 170
117 147 147
80 216 80
213 253 1
7 87 227
53 222 91
13 48 142
86 255 1
38 214 38
159 174 62
132 204 91
23 92 169
1 15 1
127 205 127
2 120 147
12 147 147
177 235 215
12 16 147
89 197 197
42 256 92
157 230 147
78 159 127
13 103 209
1 83 1
23 248 127
39 234 227
131 175 143
68 87 93
5 195 1
2 65 147
88 246 151
17 58 17
166 227 227
67 136 136
9 131 1
22 80 227
47 72 147
72 227 227
133 240 190
1 233 1
6 135 227
156 248 127
23 184 169
86 226 114
79 179 136
99 106 1
40 222 127
58 147 147
183 218 1
1 103 1
1 3 1
97 235 215
61 201 213
157 167 182
106 111 209
6 87 80
144 209 1
27 57 1
2 172 147
16 26 197
147 189 147
227 246 227
120 215 215
41 102 147
95 201 213
73 127 127
127 141 127
248 254 127
1 199 1
6 216 80
85 157 182
85 98 98
190 205 114
205 236 114
32 146 127
66 211 91
49 177 110
119 141 127
35 198 1
78 177 110
86 101 127
4 143 143
220 244 174
174 220 174
59 169 147
6 227 227
1 219 1
132 148 127
71 84 250
49 120 120
123 236 114
54 221 227
30 39 104
51 98 120
70 227 227
109 147 227
120 157 182
141 222 127
49 157 182
11 163 147
149 186 127
178 227 227
92 212 227
172 244 127
71 98 127
55 227 227
45 139 5
81 139 60
23 117 178
91 220 91
43 123 227
147 185 147
118 155 142
122 127 127
119 254 54
153 217 193
120 177 110
34 247 247
147 227 227
51 57 215
13 255 255
21 58 17
100 132 1
65 240 65
6 242 227
13 227 1
32 170 170
78 133 147
108 197 197
101 149 50
64 75 147
30 144 227
12 45 147
1 153 1
77 164 213
164 228 127
40 166 151
115 241 1
53 132 53
84 90 127
1 32 1
103 118 255
77 168 213
154 171 171
200 250 50
18 58 65
112 227 227
22 200 227
127 185 127
113 114 147
84 127 127
65 74 65
150 161 150
115 216 1
114 171 114
239 240 147
96 210 254
42 155 1
157 165 182
1 5 1
107 111 1
82 127 127
147 214 147
127 179 127
91 101 91
12 185 147
1 65 1
156 158 156
164 168 213
61 254 213
106 209 209
44 67 63
81 85 147
92 160 126
129 255 255
74 133 190
62 189 127
25 233 1
21 133 190
66 214 127
184 206 126
54 95 213
232 243 243
47 112 112
23 42 169
16 89 197
117 169 178
14 79 136
136 250 127
109 161 227
10 92 126
10 125 114
8 93 93
29 239 44
98 110 110
147 184 147
141 237 147
148 167 165
112 234 112
66 127 127
149 203 1
127 229 127
53 127 127
43 217 193
10 184 126
31 181 147
165 177 110
98 167 165
66 91 91
1 120 1
121 144 17
81 230 60
49 167 165
73 226 147
147 241 1
116 234 63
43 58 227
97 135 215
78 109 227
30 95 227
65 190 65
1 247 1
127 204 127
76 185 147
184 256 92
129 139 1
41 94 197
44 237 147
71 101 50
13 142 142
15 91 91
14 31 136
82 110 215
1 195 1
31 127 127
58 144 17
82 227 227
218 227 227
1 191 1
71 211 250
57 141 147
209 255 255
67 234 63
125 172 41
123 225 147
92 227 227
137 147 147
89 132 127
50 211 50
140 219 27
198 220 170
32 126 127
62 186 127
67 177 147
25 207 62
77 92 127
15 198 91
29 143 147
31 67 136
116 137 112
34 105 193
32 207 174
94 208 1
53 230 127
81 237 5
159 204 62
3 149 1
1 150 1
127 223 127
44 132 127
56 155 142
7 225 215
147 160 147
53 169 127
36 253 253
127 222 127
91 122 91
197 227 227
107 181 127
1 203 1
14 179 63
148 177 110
94 140 1
105 217 193
79 147 147
165 227 227
105 118 1
182 227 227
1 94 1
1 172 1
93 245 227
2 5 5
82 225 82
16 256 197
92 240 114
68 93 93
214 255 1
26 54 127
1 67 1
2 11 230
25 241 1
81 252 1
103 106 209
89 114 114
123 226 114
11 81 60
44 179 63
124 214 147
59 244 127
32 86 127
46 122 91
71 250 250
120 126 147
46 256 127
72 135 73
19 218 254
58 154 114
55 226 114
93 249 93
17 197 197
13 111 209
84 251 127
127 130 127
84 200 50
96 145 254
91 198 91
121 134 17
92 205 114
14 152 152
27 116 1
185 248 127
49 127 127
16 39 227
105 193 193
49 85 85
56 250 1
12 81 147
101 182 127
178 210 127
31 44 136
17 136 147
133 207 127
65 158 127
121 147 147
6 93 93
47 116 112
1 140 1
149 200 50
142 194 142
1 236 1
146 158 127
73 90 38
112 176 147
114 154 114
72 133 147
164 177 127
70 80 93
205 255 1
76 121 17
110 229 110
157 204 127
29 150 227
75 162 162
125 236 114
118 129 255
83 200 1
35 69 142
131 242 143
223 228 127
88 166 151
1 118 1
143 147 147
66 122 122
112 137 112
77 213 213
181 197 197
22 150 227
91 149 91
153 163 227
117 187 178
47 90 147
117 228 127
24 127 127
155 255 142
78 157 182
37 116 127
119 218 54
128 210 1
46 84 91
163 186 171
127 207 127
30 193 193
1 230 1
92 178 178
191 207 1
92 218 127
212 240 227
10 23 126
36 232 1
1 142 1
221 249 93
114 227 227
200 211 50
24 59 147
65 147 147
116 152 63
123 232 1
6 178 227
148 157 182
25 251 127
190 226 114
45 176 147
1 132 1
31 137 112
183 235 1
15 45 127
109 173 1
95 164 213
54 133 127
110 212 227
159 227 227
153 193 193
1 243 1
25 198 62
110 215 215
76 231 227
81 121 147
48 69 142
18 181 65
105 178 227
128 188 1
163 210 127
42 183 1
26 147 147
113 167 215
25 35 1
6 107 227
39 217 193
52 57 38
67 150 227
74 141 190
136 152 136
51 85 120
103 255 255
39 227 227
19 119 54
100 183 100
38 51 215
32 159 62
108 201 127
92 192 1
131 147 147
180 191 191
144 197 197
94 171 197
127 248 127
61 164 213
64 125 147
237 240 147
81 239 147
47 209 1
150 206 227
82 219 1
56 211 1
178 242 114
181 238 127
2 114 147
20 165 1
1 190 1
133 224 190
127 227 227
31 109 227
98 220 127
103 141 1
59 138 1
64 147 147
33 104 193
55 125 41
9 191 1
101 132 91
157 172 147
10 206 126
9 38 1
58 210 127
59 72 147
136 148 147
172 226 114
110 210 127
120 229 120
104 153 104
2 64 5
59 81 5
47 67 112
12 178 147
119 127 127
37 46 127
24 52 147
24 227 227
33 217 217
225 242 147
29 116 63
33 227 227
14 29 44
15 177 127
192 224 1
70 140 1
33 105 193
212 227 227
210 254 254
22 205 227
147 251 147
241 244 1
174 222 170
103 138 255
25 69 1
119 210 54
56 189 1
44 152 44
69 209 142
43 105 105
149 250 250
21 121 17
32 198 170
207 222 170
6 55 227
15 88 127
37 65 127
88 248 127
173 256 1
7 61 127
39 87 227
102 176 215
144 236 114
104 247 247
48 138 142
82 143 147
37 219 1
147 177 147
1 206 1
1 56 1
15 62 91
227 235 227
1 250 1
74 157 147
194 200 1
101 167 127
119 135 127
226 236 114
77 142 1
186 251 171
83 187 1
188 191 191
116 182 147
123 188 1
44 79 136
53 81 127
104 128 1
63 128 1
1 96 1
187 189 196
217 247 247
177 182 182
190 256 114
39 43 104
57 187 147
116 122 127
6 42 227
86 240 190
65 141 65
170 213 127
41 62 127
1 173 1
28 90 38
76 144 144
156 203 1
96 170 127
78 98 120
127 242 127
1 226 1
29 67 63
32 127 127
18 76 65
59 215 147
147 169 147
97 127 127
54 146 54
179 187 147
110 167 110
1 156 1
101 180 1
139 200 127
1 220 1
107 167 127
19 54 54
25 66 91
129 155 142
127 244 127
210 227 227
73 125 147
138 155 142
163 242 114
1 41 1
9 141 1
50 145 127
1 232 1
127 132 127
103 128 1
129 220 1
43 63 227
151 227 227
70 131 227
56 69 142
39 105 104
16 17 197
127 167 127
32 244 174
89 206 89
63 179 63
126 250 127
35 153 1
123 251 171
104 254 227
1 136 1
145 213 213
127 178 127
111 128 1
98 177 110
227 247 227
28 91 127
15 255 1
64 81 5
17 222 127
127 164 127
35 209 209
65 175 65
74 242 190
161 227 227
2 112 147
55 168 127
25 132 91
207 220 174
1 22 1
55 161 227
8 175 227
179 239 63
94 156 127
52 214 38
69 126 1
101 211 50
144 149 127
83 140 1
1 208 1
18 114 114
186 256 114
10 66 127
75 127 127
30 89 227
2 34 227
113 235 235
253 255 1
12 187 147
14 116 63
204 207 174
7 98 215
91 127 127
1 128 1
140 244 1
44 117 147
1 168 1
38 53 127
1 175 1
16 108 197
182 202 182
147 162 147
39 253 1
207 244 207
125 163 41
43 102 227
63 67 63
116 225 147
30 105 30
16 215 147
161 240 227
167 191 1
143 224 143
103 253 1
79 155 1
13 69 142
70 220 227
156 198 127
45 230 5
126 227 227
1 212 1
121 135 147
47 239 112
126 183 1
97 173 1
77 218 254
126 160 126
80 208 1
80 249 93
227 249 227
8 212 93
97 153 227
160 184 126
127 139 127
19 163 127
167 229 165
1 227 1
85 222 127
105 148 227
130 210 127
63 147 147
72 74 147
79 237 147
68 249 93
35 125 1
110 127 127
147 225 147
62 107 62
13 82 1
51 110 110
22 23 227
166 249 227
177 229 110
44 162 112
62 86 127
142 204 1
18 152 147
6 118 1
60 141 147
17 133 190
46 137 127
242 245 147
204 220 220
1 253 1
129 197 1
74 181 190
169 226 114
127 235 127
74 240 190
187 227 227
21 207 127
21 125 114
1 255 1
18 93 227
21 201 127
33 43 193
222 227 227
68 221 68
106 121 1
102 192 1
43 247 247
164 213 213
146 213 213
87 212 93
78 182 182
5 139 5
118 195 1
192 241 1
114 117 114
6 104 227
10 239 147
99 191 191
68 217 227
25 88 127
11 244 127
243 252 1
177 202 110
164 248 127
31 179 136
28 227 227
10 89 89
68 171 227
205 227 227
178 189 178
98 164 127
66 251 127
15 220 91
18 86 65
164 210 213
8 187 227
78 165 165
134 197 197
16 227 227
1 95 1
160 178 178
117 160 178
146 254 254
62 207 62
31 194 1
114 197 197
2 108 147
87 228 227
178 206 178
145 146 254
150 227 227
1 13 1
38 91 127
24 89 89
6 9 1
172 195 1
98 202 165
1 170 1
58 181 17
61 76 127
2 92 147
221 227 227
25 46 91
133 188 1
175 229 147
30 204 227
227 238 227
134 186 114
73 225 215
6 231 93
28 42 147
115 151 1
227 254 227
176 235 215
74 224 190
174 198 170
127 156 127
1 59 1
118 255 255
71 108 127
1 14 1
65 203 1
85 147 147
127 174 127
28 147 147
62 177 127
63 127 127
14 242 147
212 251 227
1 108 1
45 213 127
1 79 1
128 138 1
22 227 227
8 221 93
46 107 91
101 217 227
1 39 1
15 127 127
44 63 63
1 210 1
120 202 165
1 11 1
20 100 100
70 93 93
127 135 127
16 225 147
127 214 127
72 124 147
55 154 154
28 88 127
111 118 255
1 147 1
198 207 170
29 251 147
117 126 178
26 94 197
127 175 127
133 144 190
83 252 83
25 104 227
78 148 120
121 250 127
85 202 165
55 251 171
161 241 1
22 33 227
6 68 93
1 171 1
151 198 127
1 209 1
32 222 170
162 179 112
5 59 5
74 214 147
150 207 227
28 135 73
95 113 127
72 113 215
16 51 147
131 212 227
4 131 143
182 254 127
185 189 147
10 197 197
85 110 110
89 139 147
139 191 1
16 164 127
21 65 65
82 102 215
81 146 127
129 245 1
142 255 142
179 227 227
157 161 227
16 251 197
69 255 142
161 218 227
43 227 227
115 155 142
2 35 1
13 68 1
57 135 57
154 163 154
5 124 5
23 196 126
204 252 1
43 203 1
110 147 147
19 96 254
63 79 136
4 190 190
85 104 227
112 171 147
166 217 227
108 251 171
130 205 205
149 239 127
77 210 254
103 231 1
93 187 227
1 100 1
127 196 127
74 127 127
173 238 1
94 196 197
51 147 147
127 146 127
212 241 1
137 160 147
27 203 1
189 222 127
135 147 147
230 250 127
70 95 227
170 205 127
1 211 1
1 9 1
85 215 215
48 55 1
5 185 5
146 169 127
173 232 1
1 151 1
118 194 255
111 200 1
99 115 1
43 193 193
23 107 127
224 236 114
198 204 170
218 254 254
67 75 112
176 202 215
26 197 197
21 181 17
13 209 209
119 145 54
212 238 227
1 192 1
47 191 1
47 173 1
25 218 127
33 212 227
115 142 142
168 201 213
32 227 227
44 239 44
12 224 147
186 240 114
1 184 1
197 226 197
159 222 62
69 111 142
178 226 114
16 191 1
1 73 1
46 53 91
164 201 213
17 114 114
10 75 147
52 196 147
5 73 147
196 224 114
12 65 147
120 156 127
13 141 1
34 43 193
74 144 190
17 65 65
23 223 127
77 185 127
19 210 254
205 251 171
94 251 197
133 154 114
53 131 127
38 215 215
25 127 127
73 102 215
138 194 255
156 250 127
22 153 227
127 220 127
163 205 171
99 180 99
15 218 127
212 249 93
3 243 3
213 250 127
73 135 73
169 178 178
40 248 127
57 215 215
107 244 62
29 188 1
94 125 197
122 200 91
38 147 147
1 34 1
1 24 1
241 253 1
1 235 1
123 218 127
132 133 127
57 79 147
166 233 1
171 197 197
1 223 1
123 227 227
182 201 127
117 189 178
198 244 170
51 246 127
5 147 147
88 121 127
116 208 1
69 121 1
108 125 171
68 148 227
133 190 190
18 23 114
91 204 91
101 198 91
46 127 127
206 238 127
28 57 57
9 103 1
12 135 147
17 18 65
148 172 147
27 73 1
32 204 204
32 203 1
138 238 1
83 239 1
59 157 147
146 157 127
44 116 63
29 31 136
119 146 54
64 136 147
62 127 127
1 66 1
33 94 227
133 171 114
95 168 213
46 132 91
102 250 127
1 180 1
195 219 1
180 254 1
56 158 1
77 146 254
103 209 209
107 131 127
122 244 91
121 240 190
51 229 229
170 227 227
63 162 112
218 230 127
199 230 1
22 105 227
4 58 190
148 153 227
14 227 227
1 109 1
109 237 227
25 59 127
225 244 127
79 256 147
127 147 127
169 203 1
127 187 127
157 225 215
137 234 112
214 240 147
104 227 227
28 52 38
60 115 1
170 181 127
83 197 1
80 226 227
49 196 147
93 227 227
121 143 190
202 236 147
28 139 147
127 176 127
49 229 120
8 49 227
44 147 147
1 165 1
178 248 127
13 36 1
132 177 127
127 170 127
7 233 1
50 101 50
1 193 1
60 162 147
1 80 1
161 190 227
75 196 147
43 71 227
4 224 143
12 86 147
186 227 227
12 202 147
30 34 193
161 215 227
30 116 227
1 225 1
176 215 215
49 51 120
151 242 127
202 248 127
73 227 227
201 249 227
92 117 178
157 227 227
16 27 1
12 29 147
75 227 227
176 214 215
60 120 147
77 201 213
6 244 227
143 242 143
28 163 147
63 116 63
13 75 1
5 228 127
118 142 142
142 207 1
94 189 197
46 165 127
1 114 1
12 234 147
1 158 1
27 33 1
64 189 147
127 138 1
169 219 1
13 115 255
42 244 127
59 124 5
109 196 227
1 119 1
27 128 1
11 116 147
41 205 171
1 18 1
202 237 147
64 140 1
22 87 227
4 197 197
17 68 227
47 152 112
56 142 142
72 241 1
73 181 147
40 228 127
183 233 1
98 138 1
29 228 127
47 91 127
197 242 197
102 225 215
5 80 227
205 226 114
78 249 227
1 127 1
32 72 127
118 138 255
102 184 147
218 242 127
80 231 93
1 48 1
7 157 215
36 255 1
102 124 147
43 95 227
16 18 197
49 184 147
26 232 1
1 20 1
157 168 127
95 254 213
58 133 190
16 41 197
21 147 147
64 95 127
97 221 227
34 120 227
44 127 127
63 112 112
166 181 127
7 73 215
37 224 127
26 92 126
112 179 112
42 131 114
213 254 213
183 195 195
46 66 91
10 42 126
51 157 182
31 75 112
130 236 114
75 80 227
131 200 127
128 250 1
149 211 211
4 94 197
43 212 227
39 224 227
66 98 127
163 166 127
1 194 1
165 215 215
69 104 1
71 129 1
112 136 112
1 182 1
36 135 1
8 117 227
11 251 147
8 249 93
51 146 127
157 188 1
81 127 127
206 256 126
89 92 89
199 240 1
178 197 197
146 204 127
127 165 127
48 120 1
91 200 91
78 120 120
1 155 1
1 123 1
82 120 215
172 227 227
131 137 147
10 24 126
8 75 227
172 251 171
125 227 227
52 127 127
25 142 1
59 237 59
40 88 88
6 80 80
64 204 127
29 79 136
18 134 65
1 46 1
89 126 89
1 104 1
22 34 227
65 114 114
21 144 17
4 133 190
140 247 1
16 123 197
190 240 190
112 127 127
196 197 197
201 218 213
18 190 65
12 23 147
127 239 127
100 162 1
186 194 1
31 239 136
17 256 114
127 238 127
68 191 1
86 147 147
21 107 127
120 169 147
111 138 255
14 161 227
1 179 1
41 251 171
20 252 1
102 215 215
10 196 126
133 147 147
63 136 136
156 166 127
121 186 114
101 200 200
121 153 227
54 145 54
83 253 1
86 203 1
13 56 255
83 195 1
18 240 65
18 21 65
224 245 147
151 217 227
79 152 136
93 247 227
21 190 190
34 39 193
36 100 1
13 79 1
78 202 165
54 214 127
20 196 1
1 64 1
1 249 1
97 142 1
95 227 227
7 135 215
228 244 62
10 114 114
116 202 147
231 249 93
35 106 209
97 176 97
18 205 114
14 147 147
47 235 147
88 252 1
113 182 215
98 229 120
16 243 1
30 33 193
219 220 1
121 123 114
167 177 110
125 191 1
239 254 127
36 54 1
121 181 17
81 126 147
1 200 1
212 231 93
88 161 227
25 192 1
15 164 127
135 215 215
83 235 1
29 38 147
142 183 1
104 223 227
60 230 60
41 123 171
173 191 1
54 201 213
94 241 1
1 47 1
20 210 1
103 246 1
94 197 197
107 122 91
207 228 62
109 212 93
1 37 1
58 128 1
122 227 227
107 227 227
57 244 127
131 222 127
1 174 1
26 196 126
25 228 25
48 128 1
18 143 65
147 245 147
147 236 147
39 135 227
147 176 147
46 50 91
80 93 93
115 162 1
38 135 38
41 137 147
95 218 213
224 242 242
1 177 1
152 222 127
127 149 127
141 242 143
148 202 165
28 181 147
92 157 147
215 245 147
41 172 41
113 135 215
2 185 5
112 165 147
24 26 126
68 212 68
122 174 91
1 105 1
35 95 1
28 87 227
33 234 227
131 190 190
118 188 1
23 127 127
62 222 62
76 240 190
79 212 227
5 227 227
82 129 1
1 115 1
54 61 213
1 189 1
40 83 1
108 114 114
66 198 91
45 137 147
46 83 1
55 114 114
211 229 127
35 118 255
140 203 1
102 113 215
35 111 209
12 177 147
211 253 1
38 166 127
31 192 1
33 222 227
62 87 227
157 177 182
76 227 227
71 200 50
92 223 127
158 227 227
173 187 1
200 227 227
81 110 147
79 116 136
172 236 114
58 197 197
121 249 227
48 142 142
38 52 38
52 73 38
147 216 227
48 129 142
53 244 91
156 210 127
215 225 215
5 196 147
156 174 127
127 137 127
221 231 93
230 245 5
27 77 1
152 184 147
96 164 213
24 36 1
89 227 227
152 227 227
42 187 126
197 236 197
189 226 114
148 229 120
18 175 65
2 127 127
193 251 227
3 201 1
1 25 1
175 253 1
160 228 127
36 224 1
8 171 227
214 219 1
108 144 114
98 227 227
55 253 1
135 217 227
173 181 1
27 140 27
109 249 93
172 247 227
26 70 227
91 228 91
38 102 215
43 153 153
64 124 64
11 237 5
176 241 1
65 144 65
178 205 114
132 238 127
41 151 127
108 237 147
154 251 171
26 169 126
57 237 147
16 190 197
147 256 147
165 173 1
127 254 127
92 147 147
172 193 227
68 219 1
23 94 197
101 128 1
120 245 147
166 240 127
20 233 1
122 181 127
36 252 1
16 181 197
17 121 17
178 225 147
34 153 193
198 222 222
131 255 1
1 93 1
1 81 1
221 247 227
1 62 1
29 52 147
42 227 227
85 240 147
43 150 227
45 64 5
1 121 1
1 129 1
1 7 1
74 93 227
90 120 215
58 114 114
68 175 227
50 63 127
20 52 1
1 217 1
15 46 91
163 172 172
67 152 63
37 69 1
117 206 178
68 216 93
42 206 126
176 229 215
98 165 165
139 230 230
1 30 1
81 185 5
65 76 65
23 245 147
199 225 1
27 219 27
50 250 50
41 163 41
31 108 147
27 48 1
180 188 180
7 215 215
83 192 83
143 150 227
50 71 50
23 26 126
10 256 126
101 244 91
49 227 227
116 239 63
151 246 151
131 224 143
113 178 147
73 196 147
145 201 213
2 103 1
150 190 227
193 217 193
1 166 1
1 2 1
227 240 227
1 38 1
18 141 65
11 227 227
55 163 55
8 80 93
53 239 127
66 99 1
86 242 143
116 230 147
29 162 112
141 143 143
55 152 147
18 160 114
189 206 126
156 213 127
169 184 169
168 170 127
76 127 127
37 227 227
162 227 227
8 10 227
165 176 215
169 233 1
222 237 127
1 163 1
26 42 126
130 252 1
114 209 1
2 230 230
233 252 1
2 189 147
24 112 147
7 112 147
10 60 147
74 114 114
109 195 1
1 6 1
34 149 227
12 197 147
86 108 114
60 152 147
88 151 151
166 246 246
54 184 127
94 187 197
12 167 147
213 226 127
86 202 147
132 170 91
176 224 147
71 227 227
176 249 227
100 215 1
51 225 215
227 251 227
79 239 136
60 164 127
164 230 127
14 127 127
5 245 5
36 130 1
90 215 215
9 248 1
1 117 1
1 91 1
208 230 1
165 235 215
46 227 227
142 231 1
1 176 1
61 251 127
178 244 127
147 229 147
123 172 171
103 111 209
23 187 126
156 193 227
34 63 227
19 213 213
168 213 213
127 226 127
102 147 147
20 219 1
148 227 227
12 205 147
94 206 197
87 144 227
36 120 1
124 147 147
53 256 127
170 204 170
113 176 215
154 193 227
23 32 127
25 220 62
58 236 114
18 144 65
8 231 231
21 134 17
42 178 178
51 177 110
70 109 93
47 147 147
215 239 147
84 189 127
37 127 127
155 185 1
147 178 147
111 194 255
1 251 1
127 210 127
212 221 221
131 234 147
51 202 165
137 227 227
25 222 62
12 141 147
110 163 147
155 249 1
150 236 227
1 99 1
3 36 1
50 135 127
78 106 1
95 180 1
28 102 215
40 190 127
14 194 1
62 204 62
59 87 227
223 247 227
101 227 227
16 192 1
77 145 77
5 128 1
116 160 147
80 143 227
72 254 127
114 244 127
58 89 114
114 212 227
108 117 114
131 141 143
96 223 127
104 193 193
51 167 165
108 171 171
166 223 127
56 110 1
62 159 62
167 232 1
20 82 1
109 112 227
119 159 127
82 160 147
129 142 142
1 29 1
53 228 91
106 142 142
78 85 120
253 256 1
108 130 108
12 171 147
85 169 147
4 54 127
57 204 127
57 178 147
32 179 127
57 214 57
73 251 147
123 130 130
123 125 171
166 210 127
145 254 254
65 201 127
132 149 91
28 244 127
2 15 127
227 242 227
80 134 227
166 186 127
9 208 208
146 199 1
69 172 1
38 86 147
85 146 127
63 97 147
133 172 114
154 233 1
22 244 227
127 246 127
4 18 65
126 197 197
130 251 171
9 52 1
91 170 91
136 227 227
96 226 127
142 209 142
86 173 1
202 229 165
170 174 170
54 210 54
54 96 54
42 246 127
168 211 127
104 146 227
8 137 227
147 247 227
127 151 127
122 154 127
22 30 227
46 106 1
1 74 1
159 179 127
3 183 1
169 227 227
45 238 127
96 254 254
39 191 1
144 227 227
61 125 127
62 179 127
1 181 1
106 194 255
38 101 127
201 213 213
103 213 1
12 250 127
59 185 5
125 171 171
30 54 227
68 227 227
181 186 114
1 40 1
7 13 1
58 138 1
1 88 1
79 227 227
51 142 1
152 223 127
71 127 127
53 96 127
153 168 227
196 226 114
17 37 127
54 119 54
181 226 114
156 227 227
32 106 1
61 79 127
163 253 1
15 98 127
1 205 1
45 106 1
42 127 127
19 169 127
146 198 127
87 154 227
13 240 1
115 198 1
25 197 127
149 254 127
131 176 147
161 221 227
99 100 1
3 203 3
15 238 127
67 133 147
33 163 227
1 198 1
3 158 1
1 248 1
33 39 193
160 212 227
6 22 227
52 135 38
44 47 112
14 134 147
16 86 197
31 226 147
133 242 190
134 227 227
173 208 1
114 147 147
175 224 143
80 109 80
13 118 255
37 186 127
17 144 17
238 248 127
133 175 190
99 206 1
12 111 1
159 252 1
111 192 1
26 226 114
175 238 127
119 213 213
65 85 147
52 147 147
136 146 127
5 63 147
77 119 54
5 64 5
32 160 127
75 105 227
93 119 227
48 255 142
102 133 147
76 120 147
7 17 147
77 122 127
34 104 193
53 156 127
73 74 147
217 223 227
8 227 227
68 223 227
77 247 227
126 127 127
53 147 127
63 137 112
67 173 1
80 236 227
147 215 147
28 98 215
144 182 147
89 117 178
63 64 147
22 39 227
185 234 147
75 135 147
18 147 147
29 47 112
98 223 127
55 245 147
74 154 114
160 236 114
40 96 127
102 235 215
126 246 127
127 250 127
55 218 127
227 244 227
114 187 114
57 65 147
12 199 1
37 43 227
12 245 147
14 137 112
113 161 227
17 29 147
121 159 127
153 210 227
1 252 1
14 67 63
53 172 127
125 151 127
1 113 1
109 200 227
194 217 1
72 183 1
93 189 227
80 227 227
174 207 174
187 196 196
109 216 109
1 116 1
39 182 227
59 84 127
210 218 254
31 234 136
97 174 127
77 179 127
41 121 114
125 197 197
97 225 215
123 171 171
58 227 227
65 227 227
28 31 147
122 155 1
171 186 171
10 243 1
16 125 197
74 86 190
10 26 126
50 127 127
113 208 1
90 214 38
227 256 227
112 157 147
184 217 227
94 227 227
91 107 91
170 222 170
47 179 112
65 87 227
175 243 1
11 59 5
23 194 1
25 137 127
42 218 127
1 106 1
1 167 1
40 61 127
79 136 136
6 8 93
161 166 227
94 178 197
57 188 1
30 178 227
4 21 190
31 148 147
76 92 114
85 229 120
130 172 171
1 69 1
6 212 93
67 127 127
125 251 171
107 159 62
110 113 215
60 127 127
159 244 62
48 58 1
18 70 227
7 139 147
174 204 174
33 153 193
16 197 197
25 213 127
14 122 127
94 117 197
7 102 215
5 114 147
225 227 227
60 254 127
137 239 112
120 218 127
63 234 63
37 77 127
18 121 65
74 207 127
110 148 110
222 229 127
64 118 1
22 102 227
1 21 1
71 229 127
43 155 1
103 129 255
30 181 227
53 227 227
54 127 127
88 127 127
73 158 127
70 154 227
190 224 190
74 150 227
121 227 227
84 102 127
22 217 227
127 218 127
20 81 1
216 249 93
87 109 109
114 149 127
111 209 209
52 194 1
110 225 215
147 171 147
163 228 127
89 104 227
1 89 1
1 214 1
50 209 1
41 42 114
92 95 127
16 242 197
137 185 147
64 237 5
110 192 1
23 24 126
211 243 1
46 154 127
73 214 73
58 62 127
98 180 1
53 122 91
91 157 127
17 227 227
178 209 1
74 190 190
104 105 104
115 157 1
45 110 147
129 214 1
49 202 165
58 158 127
85 220 127
13 80 1
20 104 1
115 255 255
12 63 147
7 82 215
54 209 1
61 117 127
29 133 147
24 69 1
142 214 1
14 97 147
56 221 1
152 239 152
11 122 127
22 58 227
189 230 147
1 63 1
77 96 254
141 236 114
72 107 127
41 125 41
163 171 171
36 141 1
16 126 197
44 234 44
1 42 1
69 182 1
46 250 91
3 39 1
4 194 1
60 112 147
197 216 227
124 224 147
7 208 1
35 217 1
13 122 1
60 218 127
183 239 1
105 226 227
30 234 227
64 253 1
151 221 227
39 166 227
125 157 147
222 240 127
216 227 227
144 252 1
125 198 127
75 190 147
38 65 147
36 219 1
127 251 127
128 219 1
188 190 1
127 136 127
62 232 1
57 73 57
83 102 1
24 94 197
42 223 127
69 142 142
68 80 93
38 133 147
173 177 1
147 191 1
106 146 1
161 175 227
120 198 127
37 48 1
126 236 114
47 234 112
36 203 1
107 223 127
210 213 213
146 224 127
91 159 91
37 166 127
149 226 127
102 172 147
130 237 147
1 57 1
2 12 147
69 244 1
42 197 197
209 237 1
1 45 1
89 169 89
129 148 1
3 237 1
185 222 127
67 108 147
124 164 127
71 126 127
148 251 147
212 216 93
88 245 127
89 146 127
171 210 127
60 161 227
1 159 1
169 243 1
104 161 227
5 60 5
17 240 190
78 147 147
107 174 62
120 167 165
64 227 227
84 227 227
147 222 127
64 141 147
139 237 5
54 77 54
9 133 1
34 109 227
52 215 215
102 227 227
6 249 93
65 121 65
3 253 1
103 182 1
17 182 147
6 14 227
89 153 227
186 214 147
93 212 93
75 116 112
181 248 127
41 114 114
76 211 127
203 229 1
70 202 227
62 220 62
202 227 227
3 234 1
4 188 1
15 227 227
86 143 143
72 214 214
14 237 147
81 231 227
150 153 227
53 108 127
59 126 147
54 68 227
45 54 127
67 90 147
61 227 227
19 174 127
70 78 227
26 41 114
1 8 1
48 144 1
4 167 147
68 150 227
77 199 1
48 193 1
179 186 147
48 164 1
51 78 51
196 216 227
5 33 227
83 134 1
59 245 59
93 216 93
167 227 227
194 209 255
32 213 127
126 169 126
102 110 215
226 250 127
142 208 1
202 215 215
19 77 77
4 144 190
10 117 178
117 127 127
16 42 197
46 131 127
100 256 1
90 177 215
177 227 227
130 186 186
59 67 147
45 50 127
144 157 147
191 233 1
157 235 215
93 234 227
23 189 126
1 112 1
98 235 215
18 104 227
2 101 127
180 185 1
183 207 1
12 75 147
120 127 127
33 238 227
161 212 227
1 87 1
58 240 190
40 142 1
114 181 114
30 161 227
7 72 215
117 183 1
14 82 147
92 114 114
127 133 127
62 170 62
118 206 1
21 76 17
1 107 1
33 138 1
97 147 147
147 182 147
103 142 142
57 72 57
3 173 1
90 227 227
22 250 227
115 118 255
11 185 5
1 221 1
117 223 127
174 244 174
46 244 91
114 175 114
7 238 127
1 254 1
12 122 127
65 127 127
103 132 1
108 233 1
21 114 114
87 209 1
26 117 178
35 142 142
176 227 227
96 227 227
9 137 1
88 105 227
15 165 127
117 178 178
6 149 227
30 142 1
131 143 143
80 212 93
32 158 127
24 156 127
236 242 114
158 161 227
1 161 1
113 127 127
40 159 127
27 191 1
110 202 110
97 188 1
33 108 227
70 113 227
123 186 186
226 227 227
11 88 127
39 159 227
33 186 227
127 197 127
115 194 255
93 231 93
33 111 1
145 227 227
163 236 114
153 247 247
113 225 215
161 198 227
48 103 142
14 44 44
31 161 227
220 247 227
84 211 211
221 224 227
210 223 127
50 200 50
133 141 190
167 207 127
24 206 126
97 201 127
160 227 227
31 227 227
22 77 227
102 127 127
40 177 127
29 44 44
69 132 1
18 224 65
15 67 127
33 247 247
67 139 147
89 187 89
1 52 1
22 231 227
127 152 127
32 91 91
164 244 127
5 81 5
89 102 147
32 62 62
136 196 147
26 200 127
1 78 1
243 248 1
26 155 1
173 253 1
42 188 1
147 197 147
227 245 227
29 62 127
100 155 1
158 183 1
68 154 227
35 117 1
119 243 1
154 172 154
12 18 147
16 45 147
139 181 147
161 223 227
157 180 1
84 254 127
75 147 147
2 236 147
184 227 227
1 133 1
78 242 147
1 240 1
15 122 122
12 225 147
64 89 147
37 254 127
2 45 5
73 148 215
10 20 1
49 78 120
127 206 127
40 229 127
54 137 127
87 150 227
25 200 91
46 71 91
20 203 1
25 62 62
17 248 127
77 189 127
179 234 63
65 143 65
41 171 171
63 217 227
44 137 112
144 190 190
17 21 17
117 256 178
28 73 73
135 219 1
72 231 227
147 172 147
11 131 147
77 85 127
22 256 227
58 74 190
75 141 147
76 197 197
207 247 227
197 251 197
128 198 1
8 103 1
35 194 255
126 131 114
30 227 227
176 225 215
63 186 147
134 206 114
206 230 147
192 250 1
78 88 127
166 254 127
1 201 1
223 238 223
195 241 195
80 87 80
37 129 1
195 208 1
186 237 147
129 209 255
203 226 1
130 171 171
29 137 112
163 168 127
110 244 127
120 165 165
123 128 1
195 215 1
8 48 1
127 225 127
94 131 197
31 147 147
89 240 114
72 73 73
107 138 1
158 196 127
110 177 110
31 200 127
18 131 65
9 246 1
108 134 114
1 229 1
74 134 190
100 195 195
1 141 1
55 110 147
115 242 1
26 57 147
113 218 127
103 194 255
92 131 114
13 59 1
36 163 1
72 167 215
76 118 1
88 156 127
45 140 1
130 147 147
8 252 1
138 148 1
107 207 62
86 201 127
114 160 114
150 164 227
64 194 1
54 175 127
31 136 136
93 202 227
84 124 127
129 233 1
133 137 147
18 197 197
9 243 1
82 235 215
146 227 227
60 227 227
103 238 1
76 212 227
67 252 1
203 224 1
13 189 1
11 45 5
24 162 147
15 149 91
28 33 227
1 138 1
126 184 126
19 160 127
91 135 127
104 150 227
37 54 127
187 251 114
58 64 147
20 214 1
27 255 1
123 238 127
45 130 147
89 147 147
62 244 62
104 168 227
105 174 227
227 250 227
85 167 165
79 162 112
28 172 147
3 148 1
198 228 62
58 76 17
1 75 1
181 227 227
209 225 1
11 230 230
58 226 114
108 136 147
71 226 127
150 186 227
83 177 1
79 112 112
13 87 1
82 215 215
65 172 114
21 127 127
1 36 1
48 118 142
34 58 227
47 125 147
182 233 1
26 256 126
57 147 147
13 64 1
190 227 227
23 206 126
198 238 127
47 78 147
176 244 127
188 208 1
118 213 1
135 223 127
111 115 255
85 102 215
162 182 147
57 160 147
114 236 114
76 113 147
4 248 127
113 138 1
31 63 136
34 227 227
149 227 227
86 123 114
127 237 127
207 223 127
5 230 5
12 31 147
23 27 1
37 64 127
106 116 1
118 187 1
223 248 127
94 232 1
85 236 147
186 197 197
48 91 1
134 226 114
44 219 1
93 228 227
1 35 1
13 221 1
103 215 1
112 147 147
162 254 127
5 84 127
65 234 147
101 127 127
167 237 147
119 124 127
164 254 213
112 248 127
25 250 91
95 156 127
123 249 227
209 230 1
22 211 227
27 64 1
98 157 182
46 129 1
132 227 227
40 183 1
152 177 147
219 232 1
79 141 147
190 196 114
19 127 127
173 190 1
64 127 127
36 222 1
22 123 227
139 183 1
66 74 127
59 64 5
85 127 127
66 149 91
159 171 127
97 213 127
143 189 114
94 163 197
119 161 227
69 118 142
164 242 127
58 68 227
94 234 147
144 240 190
37 141 127
125 205 171
137 153 227
167 215 215
174 248 127
16 37 127
51 138 1
185 245 5
72 182 215
26 46 127
105 113 227
33 54 227
1 218 1
203 213 1
81 138 1
229 238 127
134 143 190
4 196 114
86 131 143
126 164 127
146 160 127
123 205 205
43 162 227
47 63 112
30 247 247
148 165 165
19 51 127
114 226 114
37 95 127
93 109 93
130 197 197
21 227 227
100 241 100
38 184 147
53 94 127
217 251 227
213 247 227
37 88 127
24 98 147
127 215 127
28 157 215
57 139 147
17 126 114
109 118 1
11 174 127
37 246 127
141 149 127
130 136 147
109 242 227
124 250 127
85 88 127
175 232 1
171 205 171
53 55 127
113 227 227
37 119 127
29 75 112
152 162 112
9 188 1
28 177 215
50 149 50
19 201 213
186 226 114
138 236 1
52 66 127
159 211 91
45 60 5
15 151 127
104 189 227
114 125 114
83 121 1
86 127 127
227 231 227
38 54 127
46 159 91
150 231 227
43 235 227
202 225 215
11 112 147
197 256 197
105 112 227
67 162 112
199 222 1
126 177 147
82 96 127
17 110 147
34 177 227
16 130 197
79 186 147
78 127 127
78 200 127
125 192 1
24 147 147
4 16 197
74 158 127
121 196 114
94 205 197
192 233 1
169 236 114
181 209 1
61 96 213
215 235 215
1 186 1
110 124 147
115 129 115
39 193 193
11 96 127
60 208 1
52 205 147
50 84 50
92 167 147
51 102 215
182 203 1
109 227 227
169 206 126
47 162 162
54 161 227
25 158 127
130 163 171
33 155 1
96 245 127
157 218 127
173 204 1
12 154 147
12 148 147
48 113 1
138 142 142
183 243 1
110 182 182
175 197 197
123 146 127
92 214 147
91 120 127
204 248 127
197 229 147
75 151 127
20 145 1
105 214 227
122 132 91
28 34 227
28 103 1
43 232 1
48 225 1
11 156 127
61 222 127
29 225 147
162 224 147
95 152 127
165 184 147
119 120 127
105 231 227
150 228 227
32 79 127
111 157 1
133 181 190
7 66 127
123 169 114
70 116 227
210 251 127
75 239 112
178 195 1
7 147 147
13 65 1
201 239 127
91 227 227
161 214 227
67 192 1
48 185 1
40 236 127
49 54 127
107 210 127
7 148 215
7 38 215
24 88 127
84 167 127
110 213 127
15 139 127
108 249 227
1 70 1
56 111 255
5 239 147
116 179 116
140 146 1
46 203 1
115 138 115
46 164 127
147 152 147
13 39 1
126 211 127
31 79 79
100 232 1
121 252 1
54 160 127
121 133 190
140 158 1
147 179 147
173 252 1
98 209 1
114 123 114
165 167 165
21 155 1
120 227 227
30 203 1
57 192 1
92 211 127
16 183 1
12 123 147
104 181 227
52 235 215
78 101 127
63 152 63
103 149 1
89 193 227
67 180 1
1 122 1
81 227 227
22 74 227
170 244 170
125 181 114
29 220 127
49 97 215
12 230 147
97 227 227
76 181 181
116 256 147
105 162 227
91 132 91
32 251 127
144 181 144
106 145 1
50 222 91
89 229 147
19 45 127
105 151 227
193 227 227
1 188 1
57 90 38
1 144 1
49 197 147
68 214 227
81 232 1
167 206 147
154 201 127
7 235 235
83 132 1
6 186 227
87 93 93
86 90 147
1 97 1
7 222 127
3 180 1
159 170 62
21 193 227
56 209 255
12 59 147
64 177 147
22 71 227
148 182 182
20 173 1
16 143 197
115 144 1
58 125 114
25 91 91
84 109 227
166 248 127
24 197 197
33 144 227
12 37 127
94 127 127
11 64 5
19 137 127
42 44 147
105 134 227
160 221 227
89 196 89
178 245 147
37 256 127
3 179 1
48 235 1
31 116 136
60 197 147
47 244 127
129 138 138
61 95 95
92 169 169
150 247 227
130 191 1
68 169 227
32 228 62
39 65 227
7 174 127
100 104 1
25 54 127
82 139 147
78 102 215
133 236 114
52 157 215
16 172 197
99 188 99
107 222 62
55 225 147
27 115 1
111 142 142
62 92 127
102 162 147
16 163 197
53 250 91
53 220 91
56 255 255
165 182 182
109 199 1
110 243 1
57 255 1
12 76 147
121 197 197
147 235 147
20 41 1
171 206 114
109 256 227
172 204 127
65 102 147
51 176 215
215 227 227
95 122 127
60 156 127
24 169 126
1 125 1
128 149 1
26 236 114
30 43 30
75 244 127
136 147 147
141 147 147
1 33 1
125 127 127
61 182 127
114 242 114
118 189 1
127 157 127
7 219 1
2 158 127
87 239 227
112 166 127
147 175 147
83 127 1
174 227 227
82 147 147
86 208 1
36 126 1
66 202 127
76 133 190
3 50 1
56 138 255
147 230 147
94 165 147
23 160 126
55 128 1
42 219 1
22 84 227
90 147 147
70 231 231
34 41 227
139 147 147
12 124 147
114 196 114
16 226 197
48 56 142
112 192 1
210 252 1
147 190 147
138 255 255
62 227 227
145 249 227
97 215 215
65 184 114
13 129 255
225 247 227
89 160 89
143 144 190
118 205 1
66 227 227
63 69 1
52 156 127
64 218 127
208 209 1
54 226 127
209 241 1
172 186 171
135 176 215
145 245 127
82 152 147
164 205 127
141 176 147
90 102 215
227 234 227
138 227 1
17 33 227
38 57 38
160 196 196
37 40 127
198 217 227
55 183 1
125 134 114
83 87 1
131 151 127
47 89 147
41 131 114
136 158 127
72 249 227
124 237 5
31 43 227
36 90 1
111 155 142
146 176 127
40 227 227
21 31 147
43 230 227
214 227 227
193 205 227
57 223 127
49 108 147
181 189 114
38 227 227
64 113 147
156 197 127
126 217 227
114 205 114
213 218 213
29 246 127
93 224 227
145 163 127
17 88 127
43 244 227
103 155 142
35 255 255
38 73 38
85 227 227
73 215 215
201 227 227
97 216 227
44 163 147
121 242 190
64 135 147
170 220 170
163 206 114
27 74 1
154 227 227
6 125 227
63 193 227
42 205 114
6 146 227
91 133 127
44 180 1
6 221 93
95 127 127
114 256 114
105 181 227
147 196 147
113 211 127
143 240 190
144 217 227
132 174 91
107 246 127
182 210 127
98 148 98
84 248 127
17 170 127
55 205 171
12 158 127
1 16 1
132 222 91
59 139 5
59 153 227
61 146 213
3 233 1
159 220 62
31 246 127
5 127 127
120 138 1
39 106 1
183 229 1
77 127 127
7 249 227
32 161 227
40 158 127
32 107 62
100 198 1
21 174 127
11 209 1
8 144 227
219 222 1
178 187 178
155 193 1
1 143 1
1 228 1
234 240 147
238 246 127
16 147 147
60 132 127
92 237 147
115 215 1
239 244 127
92 135 147
26 227 227
18 227 227
92 175 114
154 167 147
197 254 127
49 129 1
172 197 197
35 63 1
86 236 114
192 246 1
89 175 114
33 70 227
40 127 127
102 224 147
49 130 147
44 255 1
112 178 147
26 114 114
226 251 114
65 128 1
204 211 91
79 85 147
24 42 126
84 107 91
59 208 1
224 235 147
122 221 227
230 237 5
152 224 147
50 78 127
24 212 227
129 244 1
66 76 127
31 89 147
25 227 227
69 106 142
80 221 93
15 187 127
82 222 127
55 92 114
108 186 108
139 152 147
163 226 114
119 147 127
22 216 227
35 133 1
221 225 227
2 251 147
186 242 114
96 127 127
176 221 227
69 88 1
97 157 215
115 209 255
89 236 114
84 114 127
46 207 91
114 184 114
13 35 13
112 116 112
19 40 127
1 246 1
119 162 127
53 202 127
143 227 227
87 118 1
102 213 127
159 177 127
37 195 1
153 212 227
48 236 1
9 153 1
126 192 1
75 180 1
181 200 127
60 150 227
1 238 1
29 130 147
65 152 147
10 129 1
46 124 127
71 91 91
98 147 147
54 227 227
11 139 11
84 134 127
126 189 126
130 232 1
12 44 147
142 188 1
137 195 1
103 206 1
14 162 112
168 227 227
77 184 127
10 30 227
95 100 1
184 236 114
83 144 1
67 147 147
203 209 1
20 175 1
65 185 147
91 207 91
126 156 127
133 134 190
107 220 62
11 107 127
138 226 1
4 249 227
207 221 227
8 215 227
165 247 227
36 38 1
157 202 182
118 140 1
40 66 127
50 218 127
69 207 1
169 201 127
96 213 213
38 120 215
97 190 147
3 172 1
87 227 227
117 196 178
1 234 1
85 212 227
47 217 227
6 192 1
145 159 127
35 160 1
68 231 93
112 204 127
183 223 1
70 128 1
108 154 171
10 215 147
159 202 127
5 40 127
155 190 1
18 163 114
19 206 127
59 147 147
70 110 227
36 113 1
55 178 114
94 130 197
1 215 1
234 237 147
83 179 1
7 78 215
30 135 227
115 196 1
79 137 112
1 84 1
107 110 127
16 121 197
67 155 1
66 242 127
61 127 127
107 148 127
37 74 127
185 210 127
60 144 147
91 92 127
6 243 1
6 165 227
152 154 147
39 206 227
89 124 147
53 75 127
122 152 127
31 162 112
75 136 112
46 62 91
136 137 112
102 249 227
2 105 227
9 31 1
44 50 127
185 202 147
55 130 171
32 195 1
35 138 255
63 233 1
7 155 1
59 130 147
187 256 126
114 121 114
2 131 147
9 48 1
183 191 1
41 147 147
62 198 62
76 114 114
64 139 5
9 228 1
193 236 227
11 158 127
8 237 227
1 92 1
81 197 147
175 245 147
11 127 127
1 54 1
5 92 147
70 216 93
137 162 162
82 126 147
12 33 227
19 48 1
104 211 227
56 86 1
99 253 1
189 197 197
35 48 142
95 200 127
93 108 227
1 10 1
3 114 1
120 182 182
113 222 127
147 166 127
26 184 126
38 127 127
160 226 114
85 120 120
29 136 136
14 54 127
102 135 215
1 154 1
29 185 147
22 59 227
51 127 127
167 226 147
176 234 147
19 152 127
79 129 1
164 218 213
39 212 227
37 93 227
53 200 91
77 230 127
55 247 227
170 171 127
128 203 1
88 160 127
40 64 127
16 232 1
135 236 147
121 190 190
217 245 227
81 248 127
135 164 127
156 238 127
173 175 1
171 174 127
69 170 1
98 108 147
98 150 227
237 245 237
25 34 227
110 248 127
55 213 127
16 202 147
22 136 227
26 31 147
18 65 65
78 235 215
115 148 1
7 85 215
131 135 147
65 137 147
109 213 227
5 145 127
12 93 227
33 75 227
126 226 114
55 219 1
224 240 190
86 175 175
160 206 126
141 156 127
69 176 1
63 82 147
1 145 1
1 241 1
147 167 147
11 119 127
147 224 147
95 232 1
38 87 227
74 166 127
7 80 227
127 154 127
94 254 127
99 156 1
229 251 147
17 101 127
19 202 127
56 188 1
97 113 215
195 200 1
75 179 112
14 163 147
136 240 147
57 151 127
12 210 127
64 101 127
178 231 227
43 249 227
42 139 147
99 104 1
37 128 1
41 86 114
114 144 114
46 91 91
14 144 147
65 181 65
41 226 114
196 256 126
43 239 227
105 247 247
4 171 114
31 61 127
187 245 147
147 165 147
35 113 1
42 231 227
51 76 147
141 161 227
72 191 1
80 177 227
36 83 1
70 88 227
37 180 1
88 187 127
156 164 127
30 217 193
244 250 91
124 167 147
3 160 1
18 235 147
104 108 227
1 85 1
34 158 227
60 237 5
157 229 182
166 216 227
50 116 127
124 185 185
121 229 147
98 127 127
22 104 227
26 231 227
4 247 227
19 26 127
25 157 127
73 229 215
81 124 5
142 155 142
78 138 1
5 179 147
109 115 1
12 120 147
66 166 127
105 234 227
15 132 91
30 104 104
25 149 91
124 138 1
112 144 147
79 124 147
14 136 136
104 114 227
73 110 215
111 225 1
66 250 91
15 85 127
32 53 91
63 239 63
56 109 1
91 99 1
1 111 1
68 225 227
159 248 127
127 131 127
145 164 213
12 103 1
194 255 255
43 181 227
38 225 215
58 190 190
50 165 127
53 238 127
29 238 127
107 170 62
96 248 127
222 228 62
109 172 227
56 194 194
97 228 127
44 112 112
16 140 1
56 93 1
95 162 127
131 172 114
140 180 1
136 153 227
11 97 147
115 119 1
200 220 91
67 171 147
127 168 127
141 185 147
109 197 227
66 95 127
27 114 1
135 247 227
188 199 1
46 210 127
26 47 147
100 197 1
144 248 127
45 215 147
154 254 127
158 226 127
169 240 114
116 180 1
46 77 127
98 207 127
232 255 1
147 237 147
41 242 114
119 168 213
164 198 127
120 152 147
45 147 147
45 151 127
18 33 227
91 179 127
79 224 147
114 115 1
81 188 1
70 104 227
28 127 127
197 215 147
227 228 227
34 163 227
96 168 213
130 164 127
5 181 147
31 220 127
192 198 1
83 91 1
200 213 127
121 199 1
38 151 127
106 118 255
64 102 147
33 193 193
107 217 227
47 133 147
16 196 197
200 236 127
142 233 1
92 193 227
134 231 227
35 219 1
7 113 113
65 242 65
137 221 227
102 138 1
15 184 127
41 130 171
114 216 227
30 165 227
106 109 1
22 172 227
241 256 1
193 221 227
43 231 227
105 182 227
1 31 1
123 237 147
61 107 127
45 86 147
49 195 1
114 178 114
1 139 1
63 102 147
10 90 147
198 200 91
127 256 127
49 191 1
1 256 1
136 202 147
12 165 147
129 194 255
10 46 127
136 139 147
107 204 62
179 236 147
157 215 215
60 129 1
209 217 1
56 129 255
85 114 147
139 179 147
39 175 227
201 210 213
57 127 127
1 131 1
179 233 1
89 234 147
34 144 227
90 163 147
44 202 147
84 177 127
29 248 127
118 207 1
45 59 59
41 189 114
15 181 127
142 250 1
2 52 147
61 223 127
13 107 1
2 111 1
93 121 227
9 154 1
69 154 1
123 147 147
13 138 255
64 250 127
42 150 227
74 79 147
54 168 213
44 66 127
48 191 1
136 162 112
204 238 127
77 156 127
25 123 127
5 11 5
91 250 91
7 97 215
191 195 1
63 250 127
29 256 147
17 74 190
190 236 114
70 91 227
127 169 127
8 151 227
174 176 127
78 233 1
31 141 147
213 227 227
9 142 1
8 140 1
116 204 127
190 208 1
93 167 227
169 198 127
37 85 127
119 255 1
95 116 127
96 157 127
196 206 126
55 172 55
84 247 227
47 64 147
11 147 147
65 79 147
127 158 127
173 243 1
16 187 197
83 107 1
15 90 127
187 233 1
87 251 227
59 252 1
132 198 91
71 104 227
214 230 147
123 215 147
159 212 227
65 86 65
45 237 237
39 209 1
138 160 1
1 146 1
172 220 127
130 253 1
23 229 147
67 79 136
17 141 190
37 73 127
39 167 227
69 95 1
184 197 197
60 195 1
82 97 215
114 122 127
30 150 227
62 146 127
112 141 147
3 83 1
72 85 215
7 194 1
216 231 93
227 236 227
12 157 147
92 156 127
15 194 1
122 133 127
156 246 127
1 58 1
75 207 127
154 186 171
8 211 227
156 206 127
167 231 227
94 144 197
80 118 1
127 148 127
1 19 1
34 126 227
36 149 1
32 73 127
147 242 147
101 111 1
8 241 1
26 217 227
8 22 227
4 114 114
96 146 254
61 88 127
82 113 215
44 235 147
91 174 91
114 224 114
76 254 127
13 137 1
24 196 196
134 212 227
64 197 147
30 249 227
160 168 127
153 227 227
182 225 215
124 189 147
38 47 147
35 56 255
38 154 147
41 197 197
23 89 89
59 60 5
44 126 147
88 97 127
249 251 227
83 202 1
2 147 147
56 179 1
127 245 127
4 15 127
207 227 227
60 245 5
124 229 147
246 253 1
143 190 190
147 187 147
87 162 227
26 110 147
75 145 127
18 74 65
39 60 227
26 179 147
129 177 1
14 189 147
130 132 127
177 189 147
34 217 34
63 133 147
78 128 1
134 166 127
180 253 1
69 210 1
106 218 1
70 87 93
4 35 1
198 246 127
24 189 189
123 152 147
13 169 1
9 185 1
8 191 1
65 197 197
70 228 227
58 146 127
33 204 227
77 95 213
52 172 147
98 190 147
106 253 1
54 135 127
117 234 147
137 188 1
86 114 114
42 169 169
121 127 127
86 248 127
12 47 147
1 110 1
1 164 1
140 215 1
227 237 227
29 201 127
44 124 147
12 189 147
96 133 127
12 227 227
102 166 127
36 60 1
109 190 227
113 137 147
78 247 227
108 230 147
64 220 127
56 160 1
14 66 127
166 215 127
185 227 227
37 248 127
38 212 227
20 128 1
2 60 60
142 216 1
1 149 1
127 192 1
5 215 147
63 222 127
38 72 38
63 89 147
115 226 1
31 163 147
17 168 127
37 47 127
141 227 227
86 152 147
12 125 147
66 176 127
61 210 213
108 165 147
227 230 227
204 222 170
133 218 127
223 225 127
48 179 1
136 178 147
110 227 227
220 253 1
184 189 126
27 239 1
16 55 197
74 147 147
67 116 67
147 157 147
131 240 190
23 96 127
81 128 1
65 116 147
17 94 197
64 185 185
131 250 127
111 154 1
90 219 1
1 98 1
26 206 206
161 239 227
73 79 147
1 68 1
163 225 147
49 205 147
14 63 63
3 112 1
20 34 1
180 244 1
107 136 127
150 215 227
199 203 1
73 206 147
165 194 1
15 93 227
66 132 91
28 138 1
1 50 1
86 133 190
208 213 1
40 100 1
24 151 127
36 245 1
200 249 227
127 162 127
164 179 127
43 206 227
20 227 1
99 203 1
4 105 227
182 213 127
196 205 114
128 233 233
25 215 127
97 182 215
187 197 197
80 245 227
65 228 127
23 169 169
92 208 1
123 150 227
66 187 127
141 148 147
55 173 1
57 231 227
105 227 227
78 110 110
50 227 227
85 113 215
26 116 147
155 203 1
140 213 1
76 163 114
16 131 197
17 181 17
117 204 127
4 141 141
34 127 227
66 68 227
35 122 1
63 73 147
63 227 227
100 135 1
75 79 112
4 113 147
1 12 1
163 202 147
168 204 127
5 99 1
75 197 147
69 229 1
11 124 5
170 185 127
127 213 127
17 195 1
144 191 1
202 238 127
44 89 147
1 244 1
189 227 227
197 225 147
2 126 147
23 226 114
90 97 215
118 144 1
9 209 1
75 152 112
28 215 215
12 82 147
165 245 147
127 190 127
139 245 5
70 112 227
32 200 91
197 213 127
111 199 1
64 171 147
192 217 1
33 229 227
2 245 5
25 120 127
127 230 127
80 200 227
81 136 147
215 240 147
30 180 1
43 166 227
18 253 1
118 247 1
151 253 1
15 226 127
98 131 147
82 185 147
27 199 27
147 239 147
153 246 227
94 147 147
57 217 227
37 76 127
40 238 127
72 143 147
86 187 114
74 156 127
152 220 127
29 203 1
211 220 91
33 49 227
74 131 190
51 114 147
111 176 1
19 254 254
24 119 127
21 45 147
212 237 227
39 231 227
68 235 227
93 221 93
67 164 127
20 243 1
59 230 5
10 142 1
34 141 227
40 71 127
38 252 1
50 62 91
159 201 127
134 181 181
143 198 127
10 160 126
7 110 215
159 241 1
123 133 114
16 134 197
35 154 1
19 246 127
206 223 127
217 230 227
21 213 127
23 93 227
44 57 147
39 89 227
143 255 1
126 206 126
62 91 91
166 238 127
77 254 254
10 227 227
38 46 127
14 112 112
245 253 1
22 221 227
60 147 147
5 237 5
180 221 1
20 188 1
86 145 127
190 232 1
15 200 91
72 112 147
179 214 147
84 250 250
55 86 114
12 139 147
38 183 1
198 233 1
11 152 147
92 198 127
108 110 147
125 226 114
186 204 127
126 147 147
24 135 147
98 141 147
51 243 1
81 223 127
4 200 127
181 236 114
5 82 147
149 159 91
90 109 227
2 102 147
13 70 1
36 164 1
3 169 1
41 129 1
11 120 147
119 223 127
22 45 227
79 117 147
160 208 1
1 61 1
78 167 165
119 250 127
220 248 127
87 222 227
29 63 63
169 251 114
77 252 1
9 195 1
40 151 151
203 243 243
105 249 227
52 134 147
9 233 1
14 86 147
41 187 114
73 197 147
108 132 127
89 226 114
71 202 127
73 97 215
84 193 227
56 103 255
197 231 227
97 206 147
88 116 127
123 187 114
16 189 197
72 147 147
173 189 1
71 116 127
23 44 147
30 153 153
102 202 215
116 254 127
15 256 127
140 248 1
108 163 171
30 224 227
8 208 1
48 106 142
90 169 147
51 87 227
1 222 1
36 214 1
71 135 127
133 225 147
18 127 127
30 122 227
15 249 227
164 227 227
28 176 215
4 255 1
56 234 1
101 124 127
116 127 127
167 173 1
48 245 1
8 25 227
70 83 1
123 185 147
193 219 1
38 130 147
33 140 1
104 149 227
42 138 1
6 150 227
94 169 197
79 110 147
41 92 114
83 120 1
77 204 127
10 189 126
3 77 1
31 249 227
78 81 147
12 217 227
162 206 147
204 206 127
110 165 110
109 150 227
213 246 127
53 140 1
52 227 227
122 232 1
117 173 1
162 248 127
15 94 127
140 187 1
31 120 147
162 222 127
43 135 227
52 72 38
134 144 144
117 244 127
108 166 127
47 200 127
12 131 147
12 239 147
31 206 147
8 68 93
124 245 5
178 223 127
156 216 227
160 189 160
5 177 147
197 240 197
30 80 227
27 238 1
69 200 1
27 145 1
49 82 215
87 207 227
29 170 127
92 103 1
181 192 1
106 172 1
175 190 190
45 227 227
3 232 3
5 93 227
67 209 1
226 256 114
52 220 127
132 187 127
108 185 147
13 193 1
127 211 127
95 144 127
64 152 147
13 172 1
150 195 1
90 201 127
84 243 1
4 74 190
26 76 114
51 165 165
154 197 197
17 186 114
66 134 127
65 71 127
24 140 1
165 229 165
131 155 1
78 229 229
187 206 126
143 195 1
29 227 227
88 91 127
99 143 1
119 227 227
105 168 227
68 113 227
2 124 5
206 227 227
127 184 127
62 134 127
34 70 227
57 148 215
26 160 126
53 148 127
90 189 147
143 158 127
45 222 127
58 132 127
82 124 147
122 208 1
77 183 1
12 126 147
20 64 1
43 54 227
46 158 127
24 107 127
139 184 147
79 170 127
145 207 127
13 232 1
59 171 147
58 86 190
127 183 1
129 196 1
106 255 255
14 20 1
9 75 1
157 246 127
36 142 1
33 36 1
9 14 1
113 210 127
27 240 1
136 191 1
94 236 197
49 225 215
73 165 215
3 255 1
134 169 114
11 39 227
212 236 227
120 176 215
24 154 114
78 234 147
181 232 1
204 227 227
7 227 227
163 227 227
50 53 91
134 216 227
115 233 1
43 104 104
5 113 147
73 242 147
181 253 1
12 208 1
6 70 93
169 231 227
81 208 1
42 216 227
45 209 1
10 12 147
19 244 127
15 250 91
57 195 1
197 243 1
54 248 127
40 196 127
19 151 127
3 197 1
16 205 197
36 116 1
24 117 178
36 104 1
1 101 1
48 177 1
210 222 127
89 256 89
7 131 147
131 252 1
28 85 215
89 178 178
3 73 1
89 184 89
187 222 127
180 182 1
146 196 127
192 195 1
65 94 197
10 78 147
1 204 1
115 227 1
47 75 47
1 169 1
16 74 197
34 234 227
139 185 5
11 165 147
134 140 1
16 175 197
38 90 38
209 252 1
39 244 227
27 173 1
196 227 227
144 246 127
53 133 127
43 139 227
161 169 227
197 238 127
4 227 227
220 241 1
125 189 114
151 230 127
102 160 147
103 150 1
207 241 1
54 247 227
10 235 147
181 240 190
70 253 1
133 226 114
92 126 126
12 136 147
127 198 127
17 134 17
12 188 1
6 188 1
43 161 227
196 214 147
6 214 227
78 225 215
134 185 147
72 106 1
154 248 127
17 200 127
173 250 1
85 165 165
178 181 114
104 239 227
41 144 114
94 108 197
107 198 62
39 125 227
4 46 127
62 214 127
62 228 62
53 170 91
128 252 1
80 147 227
127 182 127
28 180 1
14 90 147
4 226 114
19 120 127
117 224 114
29 174 127
16 133 197
171 242 114
34 162 227
161 164 227
83 118 1
16 186 197
1 76 1
230 248 127
208 218 1
6 73 227
174 228 62
10 237 147
105 180 1
91 211 91
45 210 127
54 88 127
51 245 147
72 250 127
23 163 114
127 200 127
14 251 147
19 166 127
69 169 1
15 131 127
14 139 147
41 127 127
173 233 1
140 207 1
113 192 1
98 102 215
74 75 147
180 202 1
7 229 215
21 131 190
12 85 147
11 167 147
102 204 127
53 149 91
46 177 127
245 254 127
42 114 114
127 186 127
82 121 147
85 93 227
22 173 1
7 59 147
65 230 147
195 205 1
127 181 127
104 212 227
12 238 127
53 174 91
108 146 127
62 169 127
162 239 112
58 73 147
1 49 1
8 52 227
1 44 1
1 71 1
92 121 114
46 114 127
9 139 1
74 235 147
224 229 147
49 57 215
62 158 127
94 226 197
57 134 147
158 216 227
46 101 91
238 251 127
42 189 126
123 164 127
43 113 227
21 28 147
1 134 1
177 239 147
59 83 1
8 254 227
90 174 127
97 255 1
44 227 227
31 47 112
75 185 147
53 66 91
136 149 127
147 226 147
80 138 1
85 204 127
150 217 227
69 204 1
79 144 147
80 190 227
55 94 197
60 63 147
128 248 1
6 110 227
35 129 255
49 231 227
163 197 197
5 197 147
119 236 127
1 137 1
126 210 127
141 238 127
41 46 127
115 171 1
13 110 1
31 130 147
246 248 127
100 127 1
4 124 147
114 131 114
51 154 147
28 217 227
168 250 127
26 183 1
248 253 1
82 93 227
15 84 91
128 192 1
220 228 62
186 205 186
155 204 1
9 92 1
119 180 1
165 246 127
95 221 227
97 169 147
154 203 1
68 88 227
15 115 1
53 91 91
46 197 127
225 248 127
3 134 1
2 90 147
44 136 136
227 239 227
101 151 127
202 251 147
187 236 114
37 187 127
29 85 147
34 174 227
17 25 127
43 46 227
22 90 227
198 235 127
223 235 127
2 219 1
33 72 227
37 49 127
93 164 227
182 229 182
158 208 1
201 243 1
1 197 1
105 130 227
11 219 1
103 235 1
20 67 1
43 213 227
189 195 1
7 27 1
22 137 227
65 182 147
44 59 147
51 116 147
83 142 1
59 80 227
70 193 227
173 197 1
219 244 1
46 204 91
69 192 1
22 31 227
22 249 227
133 143 190
10 104 227
39 178 227
54 149 127
234 239 239
223 244 127
35 85 1
28 255 1
184 214 147
108 239 147
116 166 127
10 188 1
211 217 227
1 43 1
85 124 147
65 133 65
86 249 227
127 188 1
106 173 1
8 219 1
126 145 127
49 159 127
137 152 112
153 234 227
152 189 147
125 238 127
19 131 127
72 125 147
37 156 156
143 154 114
73 124 147
64 242 147
69 98 1
28 182 215
1 213 1
167 182 182
102 125 147
133 203 1
167 186 147
27 202 1
48 163 1
135 210 127
210 228 127
42 113 147
7 108 147
42 103 1
147 223 127
50 181 127
178 256 178
7 176 215
141 189 114
234 236 147
98 182 182
113 229 215
31 125 147
16 114 197
168 212 227
1 124 1
199 242 1
117 197 197
24 181 114
70 76 227
31 124 147
46 150 227
2 59 5
19 37 127
92 256 92
113 234 147
118 209 255
190 247 227
124 243 1
99 247 1
6 37 227
69 208 1
89 127 127
82 246 127
177 230 147
14 104 227
37 108 127
76 187 114
80 244 227
73 81 147
94 126 197
119 142 1
172 215 147
194 250 1
28 153 227
187 254 127
31 229 147
84 121 127
20 153 1
239 241 1
114 134 114
82 197 147
138 200 1
102 214 215
7 167 215
14 177 147
70 77 227
77 117 127
42 156 127
1 4 1
36 192 1
101 150 227
113 215 215
4 127 127
63 198 127
114 188 1
90 244 127
71 231 227
67 132 127
214 235 215
7 40 127
197 206 197
34 187 227
14 87 227
99 172 1
30 156 227
33 211 227
144 168 127
2 227 227
45 188 1
141 203 1
108 190 114
92 229 147
142 217 1
178 196 178
23 114 114
22 178 227
9 66 1
84 151 127
159 207 62
57 227 227
178 252 1
50 252 1
16 52 147
207 217 227
19 25 127
79 191 1
78 215 215
167 246 127
36 197 1
157 200 127
26 127 127
5 176 147
159 250 91
42 106 1
23 61 127
25 168 127
12 143 147
131 236 114
54 218 54
21 166 127
133 227 227
73 147 147
144 165 147
36 173 1
25 133 127
42 126 126
205 211 127
89 130 114
1 152 1
156 222 127
18 100 1
55 197 197
94 134 197
63 75 112
29 244 127
134 201 127
56 132 1
38 248 127
29 127 127
17 236 114
12 74 147
48 61 1
139 238 127
48 250 1
1 102 1
20 221 1
77 231 227
6 44 227
114 163 114
96 125 127
65 236 114
106 155 142
125 182 147
55 145 127
30 207 227
38 226 147
8 195 1
125 243 1
6 7 227
18 66 127
41 132 127
127 224 127
71 113 127
147 163 147
14 170 127
57 84 127
45 175 147
220 232 1
113 126 147
55 123 171
121 219 1
135 222 127
14 188 1
95 151 127
9 244 1
77 178 127
191 241 1
20 182 1
109 209 1
48 162 1
139 186 147
194 237 1
160 248 127
1 77 1
225 240 147
226 242 114
50 153 227
98 217 227
211 247 227
105 122 227
101 209 1
170 217 227
207 214 127
7 122 127
201 238 127
11 84 127
80 169 227
31 199 1
42 196 126
189 256 126
37 107 127
44 192 1
101 194 1
70 115 1
108 121 114
43 215 227
132 181 127
124 139 5
154 255 1
200 229 127
87 184 227
60 182 147
189 236 114
21 94 197
41 108 171
105 238 227
174 236 127
90 138 1
216 241 1
36 188 1
27 133 1
44 208 1
18 210 127
210 244 127
33 90 227
17 51 147
20 241 20
227 229 227
51 137 147
131 227 227
40 119 127
8 204 227
10 236 114
40 60 127
171 177 147
197 204 127
142 241 1
86 209 1
123 163 171
24 184 126
169 196 126
17 76 17
41 140 1
134 170 127
35 183 1
4 147 147
170 207 170
180 243 1
123 154 171
99 145 1
155 194 142
232 252 1
89 207 127
99 242 1
59 156 127
5 246 127
6 209 1
62 217 227
26 165 147
19 227 227
64 149 127
30 31 227
43 196 227
50 74 127
65 224 65
64 117 147
83 243 1
43 176 227
98 134 147
41 55 41
141 197 197
173 183 1
98 120 120
21 189 114
84 132 91
23 162 147
4 91 127
82 232 1
107 127 127
66 256 127
52 188 1
82 86 147
71 125 127
61 174 127
40 188 1
60 185 5
168 173 1
32 142 1
38 83 1
52 114 147
14 50 127
119 175 127
99 231 1
21 245 147
95 207 127
187 215 147
38 162 147
214 221 227
27 218 1
29 189 147
165 249 227
207 249 227
4 225 147
56 166 1
67 256 147
226 255 1
1 224 1
25 38 127
115 232 1
24 168 127
176 185 147
85 170 127
15 102 127
88 119 127
75 230 147
204 226 127
121 215 147
190 223 127
37 234 127
180 240 1
194 206 1
116 227 227
24 130 114
29 231 227
47 231 227
90 195 1
56 243 1
172 235 147
149 163 127
73 178 147
53 79 127
20 58 1
35 81 1
126 178 178
215 229 215
142 195 1
109 144 227
145 191 1
144 208 1
64 153 227
143 176 147
101 241 1
71 164 127
12 67 147
140 186 1
121 193 227
21 176 147
205 219 1
194 243 1
41 154 41
177 256 147
50 221 227
10 13 1
91 171 127
202 231 227
81 168 127
128 174 1
22 251 227
106 127 1
1 216 1
10 73 147
67 210 127
83 141 1
153 221 227
171 192 1
46 198 91
151 234 127
29 211 127
154 241 1
38 117 147
64 230 5
144 146 127
71 79 127
1 207 1
136 179 136
8 87 93
28 214 214
137 244 127
103 187 1
108 174 127
2 133 147
112 222 127
142 178 1
125 179 147
57 130 147
17 115 1
12 182 147
150 178 227
129 203 1
40 206 127
19 248 127
107 112 127
163 185 147
182 215 215
9 253 1
55 147 147
2 157 147
23 35 1
130 239 147
4 39 227
6 17 227
75 238 127
50 91 91
4 83 1
13 223 1
114 245 147
71 106 1
47 118 1
38 160 147
86 167 147
60 140 1
41 218 127
73 176 215
3 198 1
7 32 127
55 127 127
144 166 127
158 217 227
152 176 147
217 246 227
43 187 227
42 203 1
140 253 1
133 229 147
18 90 147
7 144 147
198 227 227
60 64 5
5 163 147
118 218 1
66 70 227
206 239 147
33 233 1
37 244 127
64 68 227
66 205 127
66 79 127
134 164 127
5 231 227
99 173 1
30 206 227
81 161 227
69 196 1
102 155 1
97 238 127
13 121 1
15 19 127
21 255 1
205 248 127
110 199 1
136 186 147
72 92 147
7 127 127
87 119 227
35 197 1
73 188 1
47 136 112
78 206 147
102 210 127
10 187 126
14 75 112
70 233 1
107 108 127
162 234 112
90 136 147
199 243 1
211 250 250
111 129 255
88 134 127
8 20 1
79 249 227
51 91 127
85 133 147
168 246 127
16 141 197
82 247 227
129 156 1
20 130 1
62 174 62
214 215 215
57 225 215
46 95 127
75 177 147
105 202 227
54 164 213
138 209 255
115 188 1
170 209 1
129 189 1
220 227 227
39 190 227
10 61 127
11 135 147
237 238 127
79 229 147
110 151 127
3 43 1
8 248 227
137 179 112
83 84 1
88 217 227
175 247 227
24 178 178
32 133 127
86 94 197
43 92 227
144 147 147
96 114 127
133 197 197
182 204 127
52 54 127
11 250 127
94 246 127
18 38 147
66 244 91
65 179 147
51 54 127
108 234 147
81 256 147
176 177 215
84 174 91
19 251 127
111 184 1
66 108 127
12 114 147
135 201 127
57 209 1
5 223 127
182 250 127
205 252 1
139 204 127
84 158 127
69 191 1
74 121 190
9 63 1
25 139 127
55 214 147
22 247 227
12 116 147
25 190 127
22 98 227
171 187 114
111 143 1
217 231 227
80 124 227
129 144 1
3 13 1
80 131 227
166 213 127
89 133 114
94 224 197
122 219 1
38 121 147
35 245 1
198 245 127
62 155 1
66 170 91
179 199 1
59 120 147
34 111 1
117 230 147
128 235 1
56 157 1
38 217 227
15 174 91
22 212 227
87 114 227
111 255 255
175 233 1
12 55 147
151 233 1
134 171 114
19 225 127
1 17 1
61 213 213
126 209 1
15 81 127
40 43 227
222 223 127
61 148 127
48 209 142
15 89 127
94 203 1
227 248 227
135 252 1
159 198 62
91 183 1
97 253 1
148 215 215
102 229 215
97 102 215
137 230 147
25 244 62
12 91 127
24 114 114
137 241 1
13 241 1
17 147 147
182 235 215
36 47 1
118 153 1
64 236 147
7 256 147
92 226 114
25 166 127
114 190 114
79 167 147
24 217 227
69 141 1
77 226 127
114 141 114
108 123 108
63 236 147
18 72 147
13 125 1
102 212 227
81 135 147
123 252 1
57 246 127
92 118 1
51 59 147
42 57 147
47 227 227
22 230 227
134 138 1
74 80 227
26 178 178
6 235 227
18 91 127
211 237 127
155 184 1
105 111 1
75 211 127
51 75 147
24 83 1
104 238 227
162 203 1
7 143 147
28 38 38
135 238 127
108 126 114
104 140 1
176 247 227
10 113 147
8 118 1
188 252 1
9 169 1
201 250 127
130 227 227
52 109 227
125 149 127
111 169 1
22 170 227
16 144 197
6 35 1
132 249 227
23 69 1
60 146 127
8 32 227
63 78 147
199 217 1
58 230 147
132 158 127
78 227 227
175 227 227
54 93 227
76 186 114
175 194 1
117 250 127
92 253 1
11 241 1
22 68 227
62 203 1
174 184 127
49 110 110
35 65 1
42 230 147
140 182 1
80 133 227
29 49 147
99 138 1
144 224 190
10 27 1
18 236 114
98 168 127
8 185 227
107 218 127
8 33 227
45 156 127
163 194 1
68 202 227
97 148 215
39 169 227
169 171 114
206 217 227
43 86 227
40 213 127
149 181 127
37 72 127
96 224 127
29 153 227
124 230 5
37 167 127
41 128 1
78 254 127
213 255 1
224 227 227
96 103 1
119 197 127
148 225 215
55 80 227
48 196 1
11 213 127
101 110 127
40 91 127
18 40 127
78 160 147
5 79 147
124 131 147
96 218 218
7 43 227
5 45 5
217 254 227
176 242 147
11 60 60
196 230 147
23 126 126
174 239 127
87 171 227
62 141 127
76 190 190
132 250 91
5 202 147
36 230 1
42 137 147
9 17 1
16 92 197
48 60 1
15 53 91
166 170 127
16 94 94
29 99 1
152 204 127
7 111 1
8 113 227
2 19 127
89 141 114
1 55 1
13 236 1
61 196 127
67 254 127
106 203 1
98 99 1
83 99 1
105 145 227
42 147 147
188 195 1
142 193 1
168 199 1
86 155 1
193 195 1
63 176 147
92 206 126
1 245 1
38 182 215
59 123 147
92 184 92
127 143 127
30 91 227
97 208 1
49 119 127
90 161 227
100 148 1
30 242 227
9 35 1
170 182 127
138 152 1
34 223 227
104 154 227
6 217 227
21 236 114
131 211 127
168 219 1
64 192 1
110 120 110
14 106 1
16 32 127
234 241 1
5 191 1
138 158 1
160 169 126
171 236 114
36 168 1
185 255 1
78 186 147
129 173 1
46 98 127
63 256 147
14 241 1
48 76 1
113 254 127
100 248 1
72 243 1
42 116 147
28 225 215
152 203 1
8 130 227
37 255 1
40 243 1
59 119 127
80 239 227
177 215 215
165 205 147
72 130 147
157 182 182
69 168 1
120 147 147
48 112 1
139 149 127
47 166 127
68 198 227
150 208 1
230 240 147
148 240 147
71 182 127
119 235 127
153 243 1
169 181 114
80 150 227
108 111 1
26 89 89
168 243 1
39 249 227
41 214 147
179 230 147
69 129 142
90 216 227
11 243 1
9 147 1
96 190 127
127 202 127
133 152 147
57 115 1
15 167 127
12 232 1
7 88 127
69 193 1
96 246 127
240 251 114
40 233 1
81 202 147
145 180 1
14 85 147
57 155 1
20 140 1
216 221 93
47 79 112
125 186 171
69 140 1
13 55 1
117 133 114
67 112 112
9 83 1
166 194 1
152 166 127
20 95 1
68 151 227
8 123 227
125 136 147
85 148 85
57 176 215
177 237 147
119 217 227
140 179 1
86 105 227
127 189 127
107 187 127
49 117 147
93 172 227
17 228 127
35 84 1
26 53 127
19 71 127
123 199 1
14 47 112
147 206 147
143 153 227
63 243 1
136 236 147
29 235 147
43 137 227
89 243 1
106 204 1
4 60 147
58 111 1
171 188 1
3 187 1
1 187 1
53 58 127
222 247 227
5 153 227
76 94 197
173 219 1
52 150 227
22 215 227
180 181 1
65 171 114
113 154 147
53 84 91
64 245 5
41 88 127
57 71 127
1 178 1
53 198 91
6 208 1
139 164 127
51 94 147
201 211 127
20 107 1
107 146 127
73 100 1
30 183 1
104 133 227
139 234 147
17 86 190
99 157 1
76 107 127
36 179 1
72 236 147
11 231 227
108 224 114
71 118 1
150 248 227
221 250 227
26 112 147
205 242 114
17 190 190
102 165 215
38 110 215
114 143 114
31 86 147
112 152 112
46 194 1
60 124 5
178 184 178
70 129 1
28 219 1
204 228 62
139 160 147
157 242 147
126 196 126
150 220 227
169 230 147
147 154 147
197 205 197
22 210 227
40 223 127
26 152 147
87 153 227
91 244 91
241 252 1
187 200 127
103 222 1
9 199 1
225 231 227
75 219 1
33 102 227
57 105 227
125 147 147
116 156 127
102 222 127
138 231 1
38 142 1
85 180 1
29 84 127
60 231 227
94 221 227
21 240 190
108 127 127
32 38 127
125 206 114
19 224 127
79 238 127
150 243 1
98 163 147
143 226 114
148 189 147
109 247 227
79 213 127
13 42 1
125 145 127
10 210 127
20 141 1
28 71 127
24 226 114
74 99 1
55 75 147
53 71 91
48 228 1
66 237 127
198 226 127
33 148 227
80 204 227
63 150 227
34 94 227
54 59 127
128 147 1
27 152 1
88 244 127
21 187 114
103 133 1
13 215 1
19 102 127
132 213 127
2 74 147
84 208 1
43 74 227
113 216 227
226 240 114
76 155 1
116 220 127
141 184 114
96 143 127
58 160 114
86 141 141
76 97 147
23 188 1
94 204 127
111 113 1
10 126 126
149 172 127
61 165 127
83 194 1
215 232 1
176 182 215
160 193 227
48 165 1
213 215 127
147 208 1
62 248 127
56 104 1
22 63 227
3 256 1
29 126 147
61 242 127
122 246 127
185 224 147
20 229 1
73 217 227
36 144 1
93 207 227
23 50 127
181 254 127
108 169 114
100 229 1
4 206 114
45 63 147
47 127 127
87 89 227
155 175 1
48 115 142
45 101 127
169 189 126
96 230 127
58 94 197
59 127 127
82 224 147
19 117 127
76 250 127
153 206 227
1 162 1
193 199 1
175 181 190
156 160 127
33 73 227
69 235 1
15 107 91
65 196 114
92 243 1
163 218 127
131 245 147
112 149 127
50 126 127
90 127 127
119 208 1
61 73 127
17 224 190
27 253 1
94 154 197
94 223 127
46 80 227
3 219 1
52 93 227
18 20 1
35 181 1
57 230 147
131 244 127
167 187 147
106 196 1
236 256 114
15 112 127
132 228 91
73 255 1
128 228 1
61 160 127
118 221 1
12 194 1
104 157 227
245 255 1
135 185 147
26 154 114
143 236 114
37 162 127
170 198 170
54 222 127
152 252 1
24 220 127
132 182 127
32 128 1
133 221 227
70 222 227
43 154 227
11 43 227
28 183 1
161 232 1
37 252 1
141 225 147
94 183 1
7 145 127
46 120 127
112 146 127
89 110 147
82 114 147
128 212 1
90 98 215
16 23 197
47 52 147
80 108 227
43 223 227
13 27 1
45 181 147
153 256 227
109 130 227
22 202 227
167 223 127
127 159 127
226 233 1
49 216 227
53 114 127
173 246 1
158 202 127
169 237 147
98 243 1
106 108 1
79 194 1
131 181 190
86 100 1
74 111 1
45 74 147
90 165 215
205 220 127
59 223 127
138 176 1
89 179 147
70 123 227
65 131 65
49 94 147
44 54 127
61 137 127
27 55 1
158 238 127
84 94 127
123 233 1
3 205 1
17 131 190
136 169 147
120 225 215
161 243 1
163 184 114
44 210 127
114 251 114
33 151 227
2 240 147
17 226 114
47 187 147
79 252 1
165 204 127
193 223 227
151 236 127
115 161 1
92 101 127
44 108 147
174 211 91
178 254 127
93 146 227
65 69 1
65 198 127
179 212 227
76 169 114
21 74 190
111 249 1
96 201 213
150 249 227
89 245 147
62 216 227
59 164 127
108 205 108
177 190 147
31 142 1
107 134 127
58 131 190
57 186 147
63 144 147
113 243 1
85 174 127
137 256 147
68 157 227
38 84 127
23 136 147
105 140 1
121 132 127
103 223 1
51 191 1
185 237 5
11 73 147
162 237 147
24 241 1
13 155 142
163 201 127
49 255 1
109 221 93
2 150 227
116 194 1
24 44 147
149 158 127
46 140 1
203 233 1
93 214 227
33 235 227
95 179 127
160 256 126
52 96 127
78 82 215
174 196 127
47 204 127
172 238 127
62 184 127
77 154 127
173 176 1
29 112 112
113 173 1
2 247 227
24 218 127
107 139 127
107 209 1
20 74 1
69 212 1
198 236 127
24 73 147
198 211 91
161 231 227
130 209 1
126 203 1
195 242 1
143 221 227
57 92 147
82 176 215
135 227 227
106 227 1
61 206 127
12 64 147
71 95 127
54 154 127
81 149 127
165 213 127
81 104 227
1 242 1
53 190 127
10 16 197
156 218 127
126 244 127
6 128 1
180 197 1
1 231 1
4 181 190
122 207 91
69 234 1
72 94 147
97 200 127
51 227 227
54 83 1
151 255 1
58 150 227
180 232 1
32 140 1
118 225 1
113 147 147
127 134 127
161 172 227
152 160 147
71 123 127
127 228 127
33 149 227
36 109 1
171 189 114
68 179 227
38 245 147
188 217 1
56 133 1
109 162 227
69 108 1
156 224 127
62 162 127
147 234 147
51 159 127
50 65 127
138 185 1
52 249 227
180 234 1
26 141 114
10 226 114
126 182 147
6 210 227
174 181 127
76 234 147
77 177 127
110 238 127
67 227 227
42 89 89
36 205 1
33 53 227
51 97 215
31 118 1
10 51 147
19 64 127
141 206 114
116 250 127
96 109 227
185 190 147
123 124 147
12 121 147
104 134 227
58 65 65
246 256 127
175 234 147
143 196 114
22 139 227
129 241 1
194 196 1
137 197 147
74 236 114
3 30 1
31 112 112
60 248 127
23 252 1
45 159 127
58 61 127
121 225 147
114 240 114
45 136 147
68 114 227
10 205 114
26 171 114
43 237 227
171 252 1
13 245 1
28 125 147
164 222 127
4 163 114
43 88 227
125 169 114
52 139 147
68 109 93
217 250 227
167 197 147
88 209 1
117 144 114
95 188 1
26 189 126
37 245 127
46 136 127
154 225 147
31 217 227
156 170 127
22 186 227
217 227 227
67 237 147
171 251 171
98 244 127
146 155 1
45 55 147
16 228 127
130 161 227
63 240 147
134 182 147
80 94 227
106 247 1
88 145 127
180 218 1
61 184 127
230 236 147
8 109 93
113 239 147
7 255 1
30 187 227
124 208 1
53 60 127
245 252 1
12 176 147
212 230 227
54 153 227
14 169 147
102 156 127
130 140 1
3 9 1
100 250 1
57 74 147
135 166 127
125 170 127
83 168 1
75 112 112
165 207 127
63 122 127
36 217 1
23 236 114
226 237 147
149 162 127
102 207 127
40 145 127
81 152 147
153 205 227
7 91 127
155 167 1
83 189 1
41 119 127
155 209 142
67 197 147
58 245 147
180 196 1
1 237 1
1 160 1
9 215 1
124 157 147
150 166 227
58 188 1
97 105 227
59 214 147
123 157 147
38 149 127
132 244 91
107 193 227
2 77 127
103 123 1
5 51 147
37 250 127
20 50 1
148 171 147
22 109 227
74 243 1
20 199 1
3 93 1
62 145 127
109 154 227
18 96 127
39 247 247
2 125 147
88 250 127
98 205 147
183 208 1
69 145 1
63 232 1
171 244 127
149 238 127
62 147 127
155 242 1
43 179 227
24 223 127
124 151 127
80 228 227
12 26 147
138 157 1
129 134 1
34 134 227
184 203 1
183 247 1
72 91 127
141 175 141
26 201 127
