128 4647
65 128 1
66 128 2
67 128 3
68 128 4
69 128 5
70 128 6
71 128 7
72 128 8
73 128 9
74 128 10
75 128 11
76 128 12
77 128 13
78 128 14
79 128 15
80 128 16
81 128 17
82 128 18
83 128 19
84 128 20
85 128 21
86 128 22
87 128 23
88 128 24
89 128 25
90 128 26
91 128 27
92 128 28
93 128 29
94 128 30
95 128 31
96 128 32
97 128 33
98 128 34
99 128 35
100 128 36
101 128 37
102 128 38
103 128 39
104 128 40
105 128 41
106 128 42
107 128 43
108 128 44
109 128 45
110 128 46
111 128 47
112 128 48
113 128 49
114 128 50
115 128 51
116 128 52
117 128 53
118 128 54
119 128 55
120 128 56
121 128 57
122 128 58
123 128 59
124 128 60
125 128 61
126 128 62
127 128 63
1 128 1
3 128 3
5 128 5
7 128 7
9 128 9
11 128 11
13 128 13
15 128 15
17 128 17
19 128 19
21 128 21
23 128 23
25 128 25
27 128 27
29 128 29
31 128 31
33 128 33
35 128 35
37 128 37
39 128 39
41 128 41
43 128 43
45 128 45
47 128 47
49 128 49
51 128 51
53 128 53
55 128 55
57 128 57
59 128 59
61 128 61
63 128 63
59 119 55
98 121 34
25 125 25
118 124 54
63 116 52
106 107 42
8 57 8
60 127 60
63 108 44
64 123 59
6 116 6
49 109 45
102 124 38
64 116 52
109 115 45
75 88 11
25 67 3
64 127 63
125 126 61
64 126 62
68 124 4
54 117 53
55 104 40
6 72 6
9 66 2
19 22 19
4 116 4
64 72 8
62 116 52
81 93 17
25 85 21
36 86 22
49 111 47
74 125 10
79 127 15
20 104 20
52 56 52
11 18 11
19 79 15
77 80 13
18 55 18
65 68 1
63 120 56
44 101 37
76 100 12
5 66 2
119 124 55
108 113 44
61 125 61
55 69 5
66 95 2
26 72 8
30 100 30
46 91 27
104 116 40
82 116 18
12 28 12
39 72 8
50 93 29
126 127 62
16 78 14
76 82 12
62 85 21
29 117 29
57 115 51
84 126 20
23 115 23
57 101 37
55 76 12
19 103 19
57 120 56
56 115 51
56 114 50
37 82 18
56 110 46
61 111 47
99 112 35
69 118 5
99 104 35
81 102 17
54 109 45
60 118 54
15 31 15
50 98 34
108 127 44
8 118 8
57 71 7
45 69 5
84 96 20
41 72 8
21 46 21
75 78 11
30 36 30
21 36 21
124 126 60
49 85 21
57 103 39
112 116 48
55 99 35
44 115 44
96 111 32
56 116 52
52 108 44
93 120 29
29 127 29
25 50 25
65 115 1
79 105 15
19 59 19
15 27 15
18 127 18
64 75 11
7 54 7
7 83 7
19 46 19
3 90 3
78 106 14
27 82 18
93 99 29
12 53 12
11 79 11
49 78 14
112 119 48
8 24 8
57 85 21
104 113 40
53 92 28
4 23 4
123 126 59
73 87 9
17 72 8
27 85 21
103 110 39
42 98 34
20 24 20
79 81 15
79 118 15
54 110 46
12 21 12
65 83 1
43 119 43
58 121 57
60 107 43
106 116 42
63 118 54
77 98 13
19 89 19
29 51 29
46 126 46
17 33 17
52 106 42
3 70 3
18 69 5
6 94 6
20 76 12
12 14 12
2 118 2
36 97 33
67 92 3
22 114 22
98 107 34
28 84 20
73 74 9
7 14 7
53 85 21
101 124 37
53 106 42
89 123 25
69 83 5
85 105 21
55 98 34
18 116 18
117 123 53
21 98 21
15 35 15
96 114 32
95 104 31
49 103 39
39 79 15
13 26 13
28 69 5
69 86 5
7 24 7
6 95 6
73 125 9
77 122 13
6 71 6
19 66 2
53 65 1
1 67 1
4 7 4
59 84 20
73 106 9
63 117 53
62 93 29
10 95 10
31 83 19
94 119 30
50 66 2
11 38 11
61 97 33
123 127 59
11 13 11
63 126 62
55 95 31
104 118 40
46 72 8
115 120 51
32 115 32
97 121 33
28 39 28
122 126 58
121 123 57
87 125 23
113 126 49
33 40 33
77 127 13
59 95 31
51 103 39
1 25 1
39 116 39
72 95 8
105 108 41
14 77 13
57 79 15
79 101 15
48 50 48
56 87 23
111 125 47
22 68 4
62 96 32
37 86 22
1 81 1
91 127 27
35 68 4
82 123 18
10 97 10
18 21 18
37 56 37
58 116 52
55 115 51
38 70 6
53 108 44
2 122 2
66 71 2
90 106 26
1 11 1
36 92 28
2 102 2
92 122 28
62 63 62
62 125 61
81 109 17
65 89 1
3 116 3
107 112 43
83 92 19
18 20 18
52 72 8
6 123 6
45 99 35
58 79 15
9 102 9
17 49 17
16 86 16
61 90 26
35 89 25
97 118 33
22 104 22
28 40 28
5 119 5
42 105 41
41 46 41
39 80 16
3 67 3
115 119 51
63 114 50
71 86 7
73 113 9
62 90 26
74 83 10
6 12 6
55 74 10
46 101 37
51 58 51
102 109 38
1 72 1
33 77 13
90 91 26
7 88 7
63 124 60
62 111 47
22 74 10
23 84 20
27 96 27
15 66 2
115 121 51
29 112 29
19 33 19
90 117 26
1 66 1
29 105 29
97 124 33
79 92 15
5 72 5
71 108 7
56 96 32
67 84 3
22 107 22
20 25 20
3 7 3
45 49 45
9 26 9
88 122 24
68 74 4
123 124 59
120 127 56
5 123 5
43 102 38
93 107 29
37 98 34
86 89 22
48 69 5
93 108 29
67 95 3
69 91 5
2 75 2
110 120 46
43 100 36
58 95 31
26 45 26
10 35 10
16 115 16
53 102 38
93 117 29
9 43 9
51 100 36
39 76 12
42 96 32
76 106 12
46 48 46
124 127 60
91 93 27
4 96 4
14 23 14
3 69 3
16 105 16
18 35 18
103 124 39
93 121 29
92 119 28
60 99 35
31 84 20
30 31 30
47 94 30
51 89 25
79 97 15
27 114 27
57 110 46
2 5 2
86 96 22
6 105 6
55 56 55
23 126 23
45 79 15
58 103 39
18 56 18
12 68 4
99 118 35
52 78 14
2 68 2
47 54 47
9 68 4
72 120 8
56 58 56
64 122 58
35 93 29
15 23 15
63 112 48
2 69 2
9 65 1
84 90 20
63 113 49
88 126 24
30 62 30
95 105 31
87 104 23
73 111 9
100 127 36
70 104 6
82 120 18
64 87 23
76 88 12
92 94 28
60 120 56
52 89 25
63 119 55
68 99 4
79 104 15
113 122 49
59 120 56
42 79 15
2 88 2
23 113 23
7 27 7
58 101 37
50 117 50
69 74 5
23 124 23
58 119 55
46 76 12
65 79 1
4 107 4
105 124 41
63 104 40
33 43 33
90 109 26
63 95 31
1 6 1
101 119 37
51 52 51
51 111 47
91 95 27
109 125 45
116 125 52
12 115 12
106 125 42
60 81 17
100 119 36
53 73 9
25 89 25
31 88 24
110 118 46
78 86 14
89 117 25
43 83 19
8 16 8
17 59 17
85 122 21
94 120 30
75 117 11
39 74 10
56 117 53
17 21 17
26 88 24
110 122 46
74 114 10
117 122 53
40 61 40
57 90 26
14 63 14
16 85 16
66 114 2
9 86 9
47 106 42
82 99 18
24 105 24
29 46 29
37 97 33
46 99 35
43 99 35
4 18 4
86 125 22
58 61 58
6 77 6
13 20 13
59 73 9
48 98 34
40 104 40
37 40 37
29 103 29
87 122 23
51 53 51
47 80 16
52 104 40
2 12 2
59 115 51
11 86 11
13 88 13
25 73 9
32 63 32
27 74 10
40 95 31
99 123 35
4 71 4
63 98 34
60 78 14
92 125 28
5 75 5
11 52 11
103 114 39
82 106 18
63 97 33
14 25 14
107 119 43
44 74 10
78 80 14
97 105 33
48 111 47
60 114 50
33 82 18
6 79 6
8 90 8
24 115 24
23 88 23
20 68 4
42 52 42
79 113 15
69 112 5
1 38 1
18 68 4
57 66 2
59 116 52
107 110 43
52 87 23
16 94 16
122 124 58
7 121 7
42 62 42
21 86 21
98 118 34
66 81 2
33 115 33
44 57 44
71 123 7
27 87 23
4 123 4
60 103 39
40 67 3
7 25 7
68 117 4
36 73 9
98 105 34
102 123 38
89 91 25
67 111 3
53 114 50
27 47 27
95 116 31
64 84 20
21 91 21
84 88 20
64 120 56
48 90 26
60 123 59
115 117 51
6 39 6
87 115 23
69 120 5
2 73 2
56 80 16
11 113 11
12 16 12
105 123 41
14 108 14
44 99 35
34 73 9
50 90 26
35 101 35
119 127 55
48 99 35
50 89 25
54 112 48
24 68 4
11 111 11
76 77 12
58 104 40
86 115 22
64 114 50
90 118 26
28 47 28
4 78 4
7 20 7
46 102 38
21 99 21
97 116 33
102 127 38
15 93 15
16 64 16
44 70 6
8 23 8
105 115 41
9 70 6
84 93 20
120 125 56
10 119 10
49 93 29
90 126 26
117 126 53
66 113 2
67 124 3
93 103 29
42 108 42
42 45 42
91 107 27
74 97 10
37 99 35
65 126 1
58 117 53
17 68 4
60 106 42
32 85 21
111 118 47
8 95 8
25 82 18
18 97 18
51 126 51
111 115 47
54 98 34
36 103 36
78 124 14
14 45 14
15 21 15
46 121 46
41 69 5
7 53 7
82 84 18
34 80 16
9 50 9
81 101 17
32 99 32
11 89 11
25 109 25
72 85 8
45 90 26
67 123 3
43 121 43
3 76 3
108 114 44
44 83 19
101 117 37
53 96 32
72 78 8
33 103 33
16 74 10
71 111 7
42 91 27
58 100 36
101 102 37
11 107 11
44 84 20
69 84 5
70 92 6
29 101 29
121 122 57
43 92 28
117 120 53
19 122 19
16 56 16
81 84 17
63 78 14
65 94 1
41 98 34
74 77 10
51 82 18
20 21 20
61 124 60
45 52 45
36 49 36
65 104 1
66 88 2
71 91 7
5 120 5
58 112 48
28 114 28
8 28 8
56 123 56
113 116 49
104 127 40
1 28 1
101 127 37
63 123 59
10 77 10
27 73 9
81 126 17
114 127 50
28 116 28
42 102 38
104 119 40
26 86 22
54 72 8
75 110 11
6 7 6
13 59 13
60 102 38
46 104 40
102 108 38
52 114 50
47 65 1
79 112 15
39 40 39
38 45 38
111 120 47
12 101 12
20 26 20
53 104 40
81 96 17
29 79 15
51 112 48
34 51 34
44 105 41
62 119 55
82 100 18
59 89 25
11 69 5
56 65 1
50 125 50
23 112 23
71 95 7
98 110 34
79 90 15
61 104 40
43 97 33
26 63 26
10 51 10
27 99 27
14 55 14
33 38 33
21 75 11
42 107 42
90 103 26
69 72 5
23 91 23
29 76 12
3 17 3
34 49 34
40 100 36
13 95 13
42 119 42
24 61 24
51 78 14
23 59 23
55 77 13
44 68 4
11 81 11
57 113 49
6 23 6
89 102 25
95 110 31
106 117 42
12 52 12
39 42 39
35 113 35
46 116 46
27 81 17
20 51 20
29 67 3
77 81 13
9 105 9
60 122 58
23 81 17
46 117 46
45 91 27
92 116 28
45 102 38
64 118 54
17 122 17
29 86 22
47 119 47
110 113 46
4 64 4
113 118 49
10 128 10
84 106 20
6 74 6
116 118 52
20 90 20
40 64 40
1 95 1
26 73 9
13 36 13
74 80 10
102 111 38
73 83 9
21 83 19
57 100 36
7 110 7
53 111 47
23 32 23
53 60 53
100 120 36
122 125 58
76 125 12
69 80 5
85 119 21
40 79 15
97 106 33
107 109 43
14 111 14
55 116 52
1 18 1
25 26 25
125 127 61
37 69 5
55 86 22
120 122 56
22 42 22
79 100 15
76 124 12
2 76 2
26 93 26
46 78 14
55 88 24
83 84 19
13 93 13
40 94 30
53 116 52
16 106 16
97 102 33
57 119 55
96 126 32
63 125 61
37 51 37
54 116 52
80 120 16
51 88 24
9 62 9
108 120 44
59 82 18
15 75 11
37 52 37
70 109 6
57 75 11
35 36 35
47 74 10
8 72 8
21 89 21
114 116 50
79 116 15
55 83 19
23 87 23
10 33 10
83 99 19
5 68 4
7 100 7
9 91 9
82 121 18
62 65 1
62 97 33
14 109 14
102 116 38
3 39 3
2 10 2
10 106 10
25 88 24
76 81 12
26 119 26
22 125 22
89 107 25
14 73 9
4 19 4
19 87 19
114 117 50
19 101 19
48 68 4
34 47 34
41 105 41
3 15 3
121 124 57
29 102 29
67 110 3
61 122 58
1 85 1
57 116 52
62 124 60
105 126 41
38 62 38
49 95 31
21 97 21
49 64 49
57 118 54
86 112 22
96 115 32
27 84 20
50 99 35
29 108 29
29 41 29
4 30 4
29 58 29
7 9 7
54 128 54
119 126 55
20 44 20
3 30 3
43 85 21
52 90 26
11 80 11
54 101 37
84 120 20
61 123 59
22 95 22
71 75 7
56 99 35
112 113 48
17 110 17
1 65 1
103 105 39
41 88 24
17 34 17
101 122 37
89 127 25
53 74 10
44 94 30
78 105 14
101 125 37
67 122 3
26 74 10
37 83 19
47 68 4
7 67 3
82 104 18
64 77 13
90 114 26
31 72 8
3 6 3
49 94 30
71 72 7
96 116 32
6 91 6
16 117 16
92 120 28
2 71 2
34 44 34
43 96 32
29 92 28
21 26 21
5 17 5
28 57 28
99 119 35
41 71 7
12 25 12
10 43 10
85 118 21
66 79 2
8 9 8
73 86 9
2 94 2
8 55 8
57 122 57
28 83 19
63 110 46
59 121 57
24 90 24
88 120 24
87 109 23
94 127 30
48 94 30
51 83 19
57 95 31
81 95 17
10 25 10
24 102 24
115 122 51
39 99 35
42 81 17
65 82 1
98 120 34
8 46 8
75 124 11
1 47 1
24 73 9
28 91 27
15 48 15
37 67 3
83 98 19
31 76 12
43 112 43
71 92 7
32 80 16
55 105 41
28 31 28
2 43 2
34 53 34
84 121 20
1 9 1
87 103 23
49 113 49
98 111 34
23 74 10
42 95 31
21 57 21
88 99 24
36 57 36
13 53 13
12 64 12
74 84 10
68 104 4
41 119 41
114 115 50
97 108 33
19 118 19
90 120 26
3 113 3
61 110 46
10 47 10
70 115 6
4 119 4
54 100 36
50 108 44
53 109 45
9 22 9
21 80 16
25 70 6
64 109 45
63 107 43
61 92 28
2 27 2
80 115 16
67 127 3
72 115 8
64 107 43
82 88 18
11 12 11
79 122 15
58 114 50
2 77 2
26 112 26
114 123 50
46 98 34
55 66 2
25 104 25
107 113 43
42 44 42
38 128 38
60 110 46
112 121 48
106 126 42
81 118 17
31 79 15
1 14 1
90 111 26
27 97 27
15 88 15
20 59 20
61 108 44
89 101 25
94 126 30
37 39 37
76 116 12
50 84 20
11 19 11
12 74 10
54 103 39
7 72 7
47 61 47
116 124 52
21 42 21
15 91 15
35 118 35
52 99 35
16 49 16
95 97 31
40 50 40
60 79 15
109 123 45
12 99 12
10 13 10
87 108 23
54 87 23
94 100 30
51 123 51
89 96 25
102 113 38
33 86 22
15 81 15
68 79 4
9 11 9
49 76 12
71 100 7
72 79 8
94 122 30
10 87 10
58 81 17
17 29 17
81 87 17
86 111 22
42 59 42
42 110 42
72 74 8
112 126 48
28 96 28
48 109 45
66 119 2
3 72 3
28 110 28
67 99 3
24 42 24
1 69 1
101 120 37
3 77 3
108 110 44
48 120 48
13 52 13
46 89 25
88 102 24
23 64 23
80 100 16
2 4 2
63 79 15
68 100 4
13 80 13
21 67 3
13 73 9
4 6 4
29 83 19
11 90 11
19 61 19
48 117 48
1 15 1
54 114 50
101 104 37
7 107 7
106 113 42
25 96 25
87 88 23
64 73 9
45 103 39
67 78 3
16 34 16
1 2 1
99 114 35
20 118 20
7 26 7
49 122 49
87 105 23
25 77 13
124 125 60
59 113 49
2 119 2
52 107 43
79 108 15
73 85 9
23 70 6
56 94 30
1 89 1
43 106 42
7 29 7
61 89 25
107 116 43
84 97 20
4 68 4
29 59 29
23 122 23
63 99 35
97 103 33
112 120 48
9 97 9
15 84 15
49 108 44
71 104 7
12 18 12
11 21 11
8 76 8
98 127 34
75 77 11
66 92 2
22 80 16
80 123 16
63 100 36
34 56 34
87 94 23
62 68 4
64 119 55
34 42 34
62 87 23
96 112 32
55 87 23
25 94 25
63 91 27
4 48 4
44 107 43
78 127 14
119 122 55
20 74 10
103 113 39
4 80 4
50 87 23
32 93 29
61 121 57
7 66 2
17 73 9
113 125 49
15 104 15
45 66 2
34 114 34
105 116 41
33 89 25
79 106 15
61 114 50
64 110 46
8 89 8
20 48 20
52 93 29
40 93 29
120 121 56
15 122 15
55 103 39
81 125 17
45 47 45
30 75 11
62 121 57
102 119 38
1 7 1
46 49 46
97 98 33
102 106 38
3 93 3
78 98 14
90 123 26
43 82 18
39 70 6
27 40 27
109 113 45
56 111 47
99 115 35
14 115 14
30 33 30
42 111 42
58 80 16
59 122 58
39 95 31
104 123 40
38 101 37
71 109 7
76 112 12
16 22 16
4 35 4
43 57 43
25 113 25
39 52 39
75 82 11
106 120 42
92 99 28
82 118 18
13 118 13
99 116 35
22 111 22
100 125 36
119 120 55
7 99 7
45 54 45
99 105 35
59 70 6
65 108 1
107 123 43
44 108 44
44 60 44
108 111 44
38 94 30
70 101 6
87 107 23
18 59 18
95 103 31
104 112 40
84 117 20
57 86 22
13 21 13
96 99 32
45 61 45
33 72 8
25 127 25
49 83 19
87 92 23
29 57 29
68 94 4
56 100 36
4 25 4
80 92 16
27 34 27
85 126 21
39 87 23
48 108 44
29 65 1
2 72 2
8 59 8
71 74 7
102 118 38
48 70 6
99 117 35
41 95 31
60 117 53
1 79 1
3 9 3
58 120 56
33 76 12
9 55 9
21 47 21
7 23 7
61 116 52
18 78 14
49 55 49
88 101 24
26 90 26
88 98 24
54 88 24
57 81 17
38 111 38
70 125 6
50 101 37
103 127 39
20 45 20
97 99 33
3 25 3
52 96 32
69 89 5
102 117 38
60 96 32
3 75 3
113 115 49
10 70 6
94 109 30
62 123 59
106 110 42
5 33 5
115 124 51
111 124 47
60 121 57
4 42 4
68 121 4
49 106 42
22 75 11
47 84 20
20 116 20
67 93 3
22 76 12
48 76 12
5 76 5
29 50 29
60 86 22
30 85 21
17 80 16
13 55 13
86 99 22
79 94 15
60 67 3
13 99 13
12 59 12
72 114 8
38 80 16
4 16 4
79 85 15
12 123 12
87 89 23
46 92 28
58 108 44
104 109 40
73 82 9
66 82 2
39 112 39
27 49 27
98 117 34
51 114 50
46 52 46
101 121 37
9 74 9
46 65 1
43 84 20
49 51 49
1 114 1
13 79 13
82 114 18
74 106 10
9 72 8
62 99 35
88 90 24
93 94 29
3 121 3
25 102 25
41 125 41
14 34 14
45 124 45
45 71 7
26 65 1
45 57 45
28 93 28
85 97 21
103 115 39
43 94 30
66 103 2
64 113 49
110 119 46
114 124 50
57 114 50
73 107 9
10 105 10
55 84 20
37 54 37
85 92 21
52 122 52
26 34 26
21 23 21
1 68 1
121 126 57
38 89 25
68 73 4
97 112 33
64 117 53
10 44 10
44 97 33
7 64 7
59 78 14
47 85 21
51 74 10
96 101 32
43 103 39
79 95 15
82 124 18
67 68 3
62 122 58
7 119 7
55 85 21
26 52 26
64 121 57
113 121 49
28 87 23
14 46 14
17 46 17
5 29 5
73 109 9
52 75 11
71 113 7
27 124 27
33 94 30
109 112 45
46 71 7
38 71 7
66 110 2
68 108 4
16 42 16
102 103 38
54 104 40
4 44 4
3 4 3
94 124 30
60 74 10
11 51 11
48 87 23
4 21 4
56 127 56
31 82 18
46 77 13
55 67 3
71 116 7
19 24 19
2 46 2
14 86 14
1 76 1
32 56 32
8 96 8
76 93 12
37 72 8
80 113 16
21 70 6
2 58 2
52 103 39
8 77 8
24 91 24
93 98 29
57 94 30
74 121 10
5 14 5
23 34 23
112 125 48
78 88 14
7 11 7
15 32 15
3 18 3
102 121 38
34 40 34
76 119 12
48 84 20
19 88 19
62 67 3
2 111 2
57 105 41
83 93 19
20 55 20
101 118 37
65 69 1
34 88 24
50 88 24
23 78 14
118 119 54
20 28 20
8 19 8
68 85 4
23 83 19
55 118 54
40 114 40
92 107 28
17 95 17
23 30 23
103 126 39
87 111 23
19 83 19
49 82 18
78 92 14
18 65 1
56 105 41
101 126 37
117 127 53
39 109 39
29 69 5
92 115 28
44 112 44
21 52 21
15 64 15
10 83 10
51 73 9
43 93 29
58 115 51
31 96 31
63 69 5
16 30 16
103 111 39
88 107 24
117 124 53
37 47 37
47 97 33
110 123 46
64 102 38
27 44 27
11 66 2
50 105 41
44 79 15
90 104 26
68 120 4
17 23 17
12 105 12
78 85 14
54 59 54
37 71 7
48 80 16
55 102 38
40 96 32
95 125 31
103 107 39
44 95 31
65 93 1
52 73 9
121 127 57
73 123 9
37 89 25
81 88 17
114 126 50
30 113 30
5 7 5
27 79 15
45 67 3
22 24 22
77 86 13
2 8 2
13 86 13
18 75 11
9 38 9
81 98 17
34 92 28
66 77 2
89 104 25
117 125 53
64 124 60
43 50 43
10 28 10
105 125 41
43 91 27
5 26 5
21 24 21
73 80 9
63 105 41
59 101 37
33 73 9
89 116 25
6 46 6
47 89 25
42 90 26
85 111 21
5 71 5
56 73 9
8 60 8
42 68 4
77 107 13
46 97 33
39 58 39
60 109 45
39 97 33
1 88 1
97 123 33
58 107 43
38 85 21
56 119 55
77 100 13
67 90 3
34 112 34
19 97 19
24 72 8
3 86 3
3 99 3
67 109 3
63 115 51
76 98 12
90 112 26
69 73 5
77 124 13
73 99 9
52 55 52
59 85 21
96 104 32
66 125 2
61 75 11
26 121 26
32 53 32
15 59 15
112 117 48
52 111 47
9 10 9
59 93 29
3 57 3
75 95 11
2 103 2
16 82 16
13 40 13
53 126 53
45 117 45
39 45 39
5 42 5
15 72 8
43 68 4
76 80 12
118 121 54
58 64 58
55 100 36
113 124 49
55 107 43
34 52 34
32 46 32
26 111 26
91 119 27
35 84 20
61 107 43
63 68 4
75 98 11
103 109 39
38 91 27
22 30 22
47 58 47
63 121 57
100 103 36
1 3 1
102 126 38
13 67 3
55 96 32
23 94 23
42 65 1
11 14 11
5 24 5
11 73 9
5 55 5
87 120 23
94 101 30
19 69 5
47 96 32
13 56 13
29 85 21
52 105 41
52 67 3
67 117 3
85 115 21
94 118 30
19 40 19
80 105 16
46 81 17
22 122 22
54 70 6
16 98 16
62 109 45
18 123 18
29 96 29
114 119 50
56 98 34
15 77 13
66 117 2
5 78 5
36 67 3
43 49 43
67 114 3
49 92 28
10 115 10
37 87 23
18 85 18
35 72 8
60 119 55
41 94 30
1 90 1
31 50 31
7 96 7
24 89 24
120 124 56
45 93 29
52 112 48
3 105 3
63 82 18
52 53 52
122 123 58
28 82 18
32 77 13
89 93 25
3 112 3
36 85 21
63 109 45
4 28 4
50 61 50
115 118 51
39 54 39
46 107 43
49 77 13
71 118 7
70 89 6
37 88 24
38 77 13
95 99 31
15 107 15
72 96 8
25 112 25
88 91 24
109 116 45
21 102 21
68 110 4
61 69 5
4 31 4
6 10 6
77 105 13
43 48 43
88 108 24
98 103 34
24 113 24
60 115 51
106 109 42
56 113 49
8 79 8
79 83 15
62 66 2
50 121 50
63 106 42
8 11 8
13 25 13
80 82 16
116 117 52
2 19 2
10 114 10
77 93 13
13 58 13
13 51 13
21 35 21
93 125 29
41 77 13
40 102 38
11 70 6
52 94 30
87 112 23
29 99 29
64 106 42
42 67 3
2 124 2
15 110 15
64 100 36
82 94 18
10 26 10
3 74 3
35 99 35
44 110 44
77 82 13
41 112 41
32 68 4
13 68 4
61 109 45
84 100 20
5 69 5
59 98 34
29 91 27
84 99 20
30 106 30
10 40 10
59 83 19
17 126 17
4 111 4
40 46 40
111 127 47
108 115 44
70 91 6
41 103 39
62 95 31
68 114 4
86 97 22
73 93 9
21 106 21
13 122 13
103 118 39
78 102 14
58 111 47
23 46 23
101 114 37
54 60 54
26 48 26
69 101 5
12 95 12
31 73 9
24 88 24
55 108 44
117 121 53
42 123 42
18 29 18
9 93 9
84 95 20
44 102 38
23 117 23
51 55 51
4 95 4
90 110 26
51 105 41
7 70 6
50 59 50
1 10 1
5 90 5
74 99 10
8 54 8
29 32 29
53 94 30
54 107 43
52 115 51
70 108 6
45 118 45
53 77 13
14 65 1
96 98 32
61 120 56
5 50 5
2 66 2
32 74 10
11 55 11
93 114 29
56 104 40
65 78 1
19 82 18
71 124 7
59 112 48
54 77 13
66 118 2
76 117 12
3 23 3
6 68 4
45 70 6
50 111 47
7 109 7
40 88 24
5 11 5
112 127 48
2 26 2
9 54 9
52 95 31
27 41 27
84 101 20
37 110 37
85 87 21
43 98 34
55 90 26
38 66 2
11 25 11
18 43 18
62 114 50
61 99 35
10 32 10
36 88 24
12 90 12
56 81 17
11 88 11
14 15 14
13 90 13
9 14 9
34 99 34
106 122 42
26 54 26
82 90 18
21 51 21
18 124 18
59 111 47
62 120 56
104 105 40
43 67 3
104 125 40
94 99 30
53 105 41
72 100 8
15 92 15
24 94 24
115 125 51
48 102 38
63 90 26
29 106 29
7 19 7
21 82 18
15 125 15
16 54 16
21 119 21
19 86 19
6 70 6
1 54 1
51 113 49
78 112 14
70 106 6
16 108 16
68 107 4
50 77 13
2 67 2
70 127 6
92 118 28
3 88 3
24 92 24
74 105 10
28 89 25
37 113 37
35 87 23
73 122 9
58 84 20
6 100 6
15 87 15
16 123 16
89 110 25
49 101 37
69 94 5
2 51 2
10 71 7
93 96 29
26 87 23
97 111 33
10 14 10
90 124 26
1 82 1
28 59 28
38 95 31
47 93 29
100 117 36
6 64 6
20 47 20
77 119 13
67 103 3
57 73 9
8 93 8
21 105 21
58 60 58
10 56 10
85 110 21
11 15 11
104 111 40
87 110 23
31 42 31
5 38 5
5 8 5
77 121 13
39 102 38
2 63 2
14 87 14
60 113 49
7 13 7
80 109 16
80 121 16
21 79 15
47 92 28
51 87 23
32 105 32
62 94 30
7 17 7
80 114 16
108 124 44
115 126 51
30 93 29
36 90 26
41 61 41
117 118 53
62 117 53
65 122 1
55 109 45
67 82 3
50 86 22
49 125 49
52 76 12
10 80 10
7 126 7
61 103 39
114 125 50
53 107 43
89 106 25
1 75 1
23 47 23
58 72 8
33 88 24
3 62 3
16 67 3
5 67 3
14 80 14
122 127 58
12 57 12
56 101 37
11 24 11
56 107 43
81 92 17
4 38 4
57 108 44
4 20 4
14 94 14
76 113 12
31 106 31
48 110 46
1 57 1
1 12 1
107 120 43
34 76 12
47 51 47
96 107 32
35 45 35
18 83 18
88 125 24
58 125 58
7 16 7
3 22 3
8 110 8
106 115 42
92 101 28
52 65 1
68 125 4
27 88 24
72 107 8
54 111 47
65 98 1
32 40 32
18 22 18
3 38 3
35 114 35
68 87 4
50 80 16
35 122 35
97 125 33
89 121 25
45 98 34
92 123 28
89 119 25
4 121 4
92 110 28
41 100 36
32 39 32
48 79 15
18 76 12
77 102 13
44 78 14
118 120 54
68 127 4
32 90 26
46 74 10
71 76 7
20 95 20
2 40 2
73 115 9
3 33 3
57 77 13
23 48 23
61 82 18
68 101 4
78 79 14
15 119 15
61 105 41
9 113 9
3 14 3
98 123 34
83 123 19
22 103 22
26 101 26
47 109 45
78 108 14
10 99 10
28 30 28
17 75 11
45 92 28
87 114 23
53 103 39
119 123 55
31 71 7
61 66 2
43 70 6
71 114 7
57 78 14
29 111 29
33 99 33
13 92 13
118 122 54
69 113 5
21 68 4
10 78 10
22 89 22
60 112 48
38 73 9
4 22 4
54 76 12
16 47 16
30 49 30
34 77 13
18 115 18
52 116 52
70 71 6
82 110 18
40 108 40
34 35 34
54 102 38
56 118 54
28 66 2
32 124 32
3 71 3
13 24 13
15 89 15
40 86 22
19 48 19
26 82 18
64 91 27
96 113 32
35 103 35
59 105 41
71 126 7
19 42 19
14 88 14
60 111 47
48 85 21
104 106 40
14 64 14
83 96 19
15 30 15
56 112 48
49 69 5
5 36 5
55 122 55
64 95 31
50 65 1
6 78 6
11 114 11
45 94 30
7 89 7
102 115 38
22 110 22
2 83 2
97 126 33
24 36 24
18 86 18
4 69 4
24 96 24
4 94 4
105 117 41
79 121 15
78 126 14
30 94 30
16 31 16
70 124 6
5 40 5
108 109 44
59 103 39
35 73 9
24 69 5
9 17 9
36 80 16
1 44 1
67 107 3
55 126 55
27 36 27
8 22 8
59 107 43
28 75 11
83 119 19
37 95 31
29 74 10
48 88 24
107 121 43
50 122 50
70 116 6
1 13 1
60 88 24
47 99 35
18 39 18
95 117 31
90 93 26
59 126 59
47 81 17
9 75 9
73 117 9
25 107 25
7 108 7
58 86 22
28 124 28
3 100 3
5 10 5
47 103 39
1 35 1
2 79 2
99 107 35
64 69 5
74 110 10
85 120 21
35 106 35
45 121 45
46 62 46
43 89 25
19 117 19
65 121 1
78 103 14
102 104 38
64 94 30
109 122 45
59 96 32
76 107 12
65 113 1
81 112 17
64 82 18
51 54 51
76 79 12
100 121 36
57 93 29
53 70 6
53 58 53
88 104 24
23 58 23
13 103 13
41 101 37
88 100 24
8 113 8
87 100 23
30 103 30
46 103 39
2 128 2
2 14 2
15 101 15
85 108 21
8 17 8
87 91 23
29 71 7
74 81 10
51 110 46
6 120 6
2 11 2
2 115 2
47 83 19
80 124 16
56 108 44
69 93 5
10 15 10
104 115 40
9 21 9
45 80 16
73 119 9
59 77 13
101 110 37
28 76 12
12 88 12
69 75 5
7 76 7
7 82 7
41 50 41
21 126 21
46 108 44
57 117 53
13 39 13
11 99 11
39 88 24
27 54 27
4 67 3
72 73 8
22 83 19
36 68 4
6 67 3
93 115 29
34 85 21
74 78 10
76 122 12
57 92 28
61 112 48
33 95 31
33 93 29
6 15 6
91 117 27
100 116 36
12 69 5
52 79 15
56 88 24
76 90 12
74 122 10
59 66 2
81 127 17
86 105 22
55 117 53
80 98 16
111 122 47
41 123 41
15 40 15
62 107 43
3 126 3
74 76 10
3 56 3
15 53 15
34 87 23
8 58 8
116 121 52
64 125 61
79 89 15
6 13 6
61 94 30
71 90 7
41 66 2
49 66 2
59 102 38
91 125 27
50 91 27
78 96 14
109 111 45
66 94 2
37 76 12
60 97 33
56 120 56
41 81 17
32 70 6
24 83 19
31 62 31
79 96 15
92 95 28
1 23 1
93 106 29
95 109 31
93 111 29
2 86 2
71 82 7
94 114 30
32 89 25
60 72 8
47 49 47
26 70 6
33 83 19
23 24 23
9 123 9
54 126 54
54 99 35
67 100 3
26 83 19
55 110 46
106 121 42
22 112 22
52 101 37
4 106 4
59 118 54
52 119 52
34 78 14
118 126 54
5 13 5
67 80 3
23 54 23
10 109 10
90 95 26
33 108 33
23 89 23
18 73 9
6 87 6
89 118 25
8 112 8
74 88 10
29 88 24
60 101 37
78 97 14
64 111 47
24 50 24
35 74 10
96 103 32
111 121 47
106 112 42
53 115 51
10 45 10
27 43 27
9 76 9
22 72 8
62 75 11
57 96 32
84 112 20
89 124 25
86 101 22
77 114 13
19 30 19
49 89 25
90 100 26
32 41 32
80 117 16
20 102 20
29 60 29
22 70 6
10 68 4
7 39 7
22 71 7
6 114 6
35 67 3
5 37 5
37 73 9
1 22 1
87 106 23
12 91 12
79 87 15
60 100 36
15 24 15
27 90 26
31 75 11
9 89 9
86 119 22
5 12 5
86 120 22
89 109 25
33 85 21
50 78 14
76 103 12
28 88 24
38 96 32
45 85 21
28 112 28
85 109 21
91 115 27
30 69 5
114 121 50
39 111 39
88 117 24
21 116 21
37 68 4
15 74 10
68 122 4
84 91 20
60 70 6
27 100 27
62 118 54
111 116 47
64 85 21
16 83 16
81 120 17
17 25 17
78 95 14
55 114 50
63 111 47
39 67 3
73 121 9
3 13 3
101 109 37
12 85 12
25 30 25
2 3 2
7 69 5
2 17 2
73 110 9
81 122 17
60 92 28
51 59 51
102 112 38
66 90 2
39 78 14
95 119 31
62 115 51
51 80 16
5 23 5
8 45 8
40 80 16
98 109 34
59 80 16
78 101 14
67 115 3
35 124 35
6 8 6
78 84 14
28 120 28
76 114 12
94 112 30
94 110 30
11 39 11
1 26 1
12 51 12
4 113 4
14 78 14
56 85 21
85 106 21
20 106 20
27 80 16
110 115 46
41 73 9
92 127 28
101 105 37
38 93 29
36 44 36
48 89 25
6 63 6
45 48 45
4 75 4
73 108 9
46 113 46
118 123 54
30 86 22
39 66 2
59 97 33
58 99 35
90 96 26
17 64 17
51 92 28
48 54 48
110 112 46
44 55 44
3 85 3
60 71 7
68 81 4
7 120 7
106 127 42
1 99 1
29 123 29
12 109 12
75 76 11
54 82 18
7 71 7
66 98 2
57 104 40
85 99 21
75 108 11
28 123 28
16 101 16
54 67 3
54 95 31
22 77 13
5 98 5
2 31 2
55 79 15
50 68 4
92 109 28
13 47 13
17 81 17
72 99 8
114 122 50
45 82 18
14 24 14
33 35 33
68 97 4
83 100 19
108 118 44
84 89 20
2 125 2
35 44 35
30 70 6
23 55 23
17 119 17
89 103 25
8 15 8
67 116 3
30 34 30
43 107 43
27 35 27
64 90 26
38 86 22
75 97 11
66 93 2
60 65 1
59 114 50
40 42 40
26 94 26
28 77 13
20 49 20
92 106 28
62 106 42
58 105 41
67 83 3
48 112 48
64 81 17
1 124 1
53 113 49
107 117 43
6 24 6
55 78 14
88 110 24
64 66 2
26 31 26
111 126 47
38 121 38
10 37 10
69 125 5
23 56 23
24 41 24
18 74 10
62 104 40
71 125 7
74 90 10
123 125 59
88 114 24
109 118 45
39 83 19
62 103 39
76 102 12
3 51 3
46 95 31
71 84 7
46 119 46
3 68 3
59 86 22
12 77 12
16 21 16
13 37 13
17 87 17
72 93 8
71 127 7
14 113 14
84 110 20
39 62 39
74 101 10
31 110 31
32 100 32
5 63 5
55 97 33
36 72 8
18 98 18
52 54 52
104 114 40
70 76 6
16 80 16
3 83 3
30 81 17
55 111 47
109 127 45
43 124 43
44 46 44
56 83 19
52 97 33
7 102 7
28 67 3
61 79 15
19 126 19
72 90 8
99 108 35
90 115 26
14 27 14
17 102 17
106 118 42
34 82 18
43 104 40
89 122 25
1 110 1
55 61 55
83 121 19
108 116 44
62 100 36
65 73 1
25 111 25
10 49 10
85 113 21
52 113 49
83 101 19
5 110 5
6 35 6
24 75 11
95 124 31
65 116 1
73 105 9
41 97 33
64 98 34
105 106 41
48 95 31
17 67 3
17 83 17
44 77 13
27 39 27
6 66 2
95 111 31
8 74 8
25 81 17
19 70 6
1 111 1
69 114 5
94 116 30
19 51 19
73 118 9
68 76 4
59 109 45
33 79 15
21 50 21
61 113 49
2 78 2
77 92 13
22 43 22
48 66 2
47 90 26
4 92 4
18 92 18
20 43 20
8 91 8
41 62 41
6 75 6
12 94 12
64 105 41
50 85 21
23 109 23
71 99 7
2 41 2
82 102 18
35 69 5
34 94 30
83 91 19
3 34 3
10 69 5
36 56 36
97 127 33
88 115 24
49 118 49
58 96 32
45 89 25
82 127 18
27 63 27
104 121 40
2 70 2
77 111 13
3 82 3
54 105 41
23 118 23
59 87 23
80 84 16
25 64 25
15 86 15
37 49 37
62 113 49
26 117 26
93 112 29
82 92 18
79 103 15
53 101 37
73 81 9
88 103 24
92 103 28
120 123 56
5 65 1
98 125 34
64 71 7
41 68 4
55 112 48
39 107 39
94 107 30
21 77 13
48 97 33
95 118 31
78 114 14
42 97 33
54 81 17
30 65 1
39 101 37
51 109 45
29 81 17
3 80 3
32 91 27
50 103 39
43 75 11
44 67 3
38 88 24
16 25 16
86 126 22
18 126 18
24 81 17
42 85 21
104 117 40
19 53 19
9 125 9
29 116 29
10 88 10
46 109 45
20 71 7
5 105 5
65 99 1
74 98 10
55 70 6
72 104 8
101 116 37
23 105 23
80 99 16
1 116 1
28 49 28
117 119 53
9 67 3
28 108 28
56 79 15
30 42 30
59 104 40
63 93 29
61 85 21
93 101 29
74 87 10
40 71 7
75 104 11
12 84 12
85 93 21
19 109 19
84 116 20
52 83 19
11 23 11
77 108 13
91 102 27
20 84 20
95 98 31
27 66 2
64 79 15
44 64 44
22 93 22
60 116 52
45 81 17
50 104 40
4 70 4
90 101 26
74 94 10
66 121 2
30 84 20
14 28 14
104 124 40
76 118 12
15 68 4
32 67 3
47 55 47
99 111 35
42 82 18
48 100 36
19 29 19
82 107 18
3 27 3
4 10 4
38 46 38
106 123 42
108 125 44
53 75 11
23 80 16
110 111 46
10 110 10
5 74 5
31 63 31
8 83 8
40 77 13
110 117 46
55 113 49
49 105 41
30 89 25
111 123 47
1 42 1
66 96 2
66 69 2
6 85 6
31 124 31
69 71 5
51 107 43
12 36 12
2 82 2
6 101 6
85 91 21
76 86 12
46 111 46
49 107 43
31 53 31
19 26 19
87 117 23
54 125 54
69 79 5
69 88 5
24 57 24
8 48 8
82 105 18
79 115 15
20 80 16
32 106 32
70 72 6
18 32 18
70 84 6
9 42 9
14 116 14
110 116 46
6 104 6
7 65 1
102 125 38
85 103 21
33 125 33
66 76 2
21 29 21
35 104 35
21 85 21
34 67 3
62 127 62
54 71 7
29 44 29
14 20 14
33 68 4
45 56 45
72 112 8
27 106 27
60 94 30
18 113 18
43 115 43
39 85 21
49 114 49
10 24 10
8 75 8
16 73 9
23 25 23
90 99 26
8 10 8
84 104 20
41 84 20
16 59 16
98 113 34
24 111 24
46 123 46
69 96 5
49 56 49
93 124 29
66 89 2
72 81 8
86 121 22
68 92 4
38 104 38
89 92 25
5 49 5
20 86 20
11 74 10
14 56 14
111 114 47
55 81 17
24 108 24
97 109 33
11 106 11
66 91 2
1 86 1
1 126 1
9 79 9
62 92 28
61 119 55
13 81 13
31 37 31
11 104 11
26 78 14
86 95 22
34 86 22
37 80 16
88 124 24
69 121 5
14 51 14
71 81 7
34 70 6
90 98 26
4 72 4
23 111 23
50 60 50
63 122 58
4 102 4
33 34 33
91 100 27
29 34 29
25 79 15
36 110 36
57 72 8
57 98 34
19 112 19
99 113 35
14 16 14
106 111 42
8 18 8
11 115 11
100 105 36
93 119 29
45 105 41
44 63 44
57 91 27
80 95 16
27 77 13
107 108 43
116 127 52
47 82 18
79 99 15
103 119 39
48 92 28
45 127 45
20 60 20
9 23 9
70 82 6
9 64 9
69 70 5
42 86 22
94 95 30
80 104 16
46 68 4
112 118 48
103 117 39
43 105 41
17 41 17
113 114 49
85 86 21
68 115 4
49 81 17
71 94 7
39 119 39
94 125 30
13 102 13
81 90 17
115 123 51
41 116 41
35 98 34
96 125 32
68 106 4
81 89 17
6 108 6
29 122 29
4 88 4
19 120 19
23 90 23
15 44 15
62 112 48
13 32 13
32 49 32
83 87 19
85 121 21
51 98 34
56 77 13
110 127 46
74 113 10
12 83 12
111 117 47
16 26 16
17 66 2
4 118 4
35 75 11
51 84 20
41 115 41
62 89 25
20 31 20
61 70 6
33 71 7
69 109 5
22 109 22
72 87 8
32 96 32
36 52 36
29 89 25
44 89 25
50 127 50
24 58 24
5 58 5
38 127 38
28 104 28
81 114 17
24 60 24
100 126 36
41 49 41
58 109 45
68 116 4
6 9 6
54 91 27
109 114 45
31 94 30
31 97 31
8 73 8
4 65 1
109 119 45
42 101 37
80 94 16
21 72 8
79 91 15
56 95 31
16 124 16
21 118 21
61 84 20
34 69 5
44 109 44
98 104 34
27 126 27
9 77 9
59 125 59
23 119 23
115 116 51
1 52 1
26 124 26
6 21 6
66 122 2
38 65 1
43 125 43
25 42 25
13 98 13
52 84 20
15 22 15
82 93 18
4 87 4
33 96 32
35 97 33
53 84 20
22 101 22
78 90 14
22 50 22
45 101 37
6 110 6
2 74 2
23 86 22
22 94 22
62 105 41
8 27 8
1 74 1
98 106 34
27 71 7
8 26 8
31 80 16
88 127 24
55 123 55
54 115 51
38 42 38
94 97 30
13 34 13
20 57 20
89 98 25
24 55 24
30 115 30
39 96 32
61 88 24
22 66 2
39 94 30
34 60 34
60 95 31
32 51 32
7 63 7
44 87 23
55 62 55
59 94 30
9 58 9
47 105 41
55 75 11
17 118 17
13 14 13
91 98 27
15 60 15
105 122 41
120 126 56
60 77 13
79 111 15
57 127 57
25 78 14
103 116 39
95 106 31
22 128 22
31 92 28
35 120 35
14 57 14
46 57 46
69 85 5
49 88 24
50 70 6
56 126 56
17 44 17
86 90 22
8 70 6
72 89 8
54 127 54
6 80 6
106 119 42
48 86 22
14 19 14
8 21 8
56 60 56
38 75 11
92 108 28
30 40 30
114 118 50
76 126 12
61 117 53
3 110 3
38 53 38
42 103 39
93 110 29
31 60 31
37 102 37
14 93 14
78 83 14
92 112 28
61 98 34
44 90 26
28 117 28
20 125 20
19 85 19
79 119 15
3 36 3
32 65 1
52 102 38
105 110 41
56 66 2
8 12 8
99 101 35
40 45 40
21 96 21
8 102 8
57 64 57
35 77 13
77 91 13
34 41 34
78 100 14
3 24 3
71 103 7
69 105 5
92 113 28
86 114 22
32 126 32
58 74 10
65 117 1
75 120 11
10 86 10
72 113 8
72 84 8
37 112 37
37 94 30
81 100 17
50 58 50
62 70 6
84 94 20
14 100 14
70 87 6
33 84 20
26 47 26
82 87 18
16 44 16
108 123 44
45 108 44
1 4 1
18 99 18
3 11 3
62 78 14
56 97 33
94 113 30
41 96 32
80 111 16
18 125 18
70 96 6
35 82 18
19 81 17
83 114 19
47 95 31
14 29 14
60 82 18
6 127 6
14 79 14
26 96 26
53 63 53
40 43 40
17 54 17
26 91 26
5 22 5
24 30 24
41 47 41
12 26 12
10 103 10
61 74 10
24 26 24
98 119 34
40 125 40
89 90 25
35 95 31
54 94 30
54 97 33
3 16 3
7 15 7
36 99 35
10 93 10
53 119 53
48 124 48
7 85 7
38 119 38
105 107 41
81 116 17
53 100 36
33 101 33
69 108 5
99 120 35
9 84 9
55 101 37
7 18 7
92 98 28
119 121 55
41 83 19
20 117 20
47 127 47
26 67 3
5 60 5
32 73 9
5 30 5
51 91 27
70 83 6
19 99 19
4 90 4
8 127 8
29 80 16
5 81 5
109 126 45
64 115 51
88 94 24
1 101 1
51 108 44
17 57 17
103 108 39
15 83 15
57 109 45
77 90 13
23 68 4
10 75 10
36 94 30
36 66 2
2 95 2
10 79 10
4 11 4
4 98 4
77 109 13
65 106 1
16 62 16
58 98 34
52 128 52
66 78 2
35 55 35
82 85 18
113 117 49
59 91 27
4 5 4
1 51 1
6 41 6
24 126 24
43 86 22
61 76 12
81 124 17
35 119 35
69 119 5
82 97 18
14 35 14
82 119 18
57 69 5
30 98 30
77 97 13
46 54 46
12 66 2
112 123 48
63 96 32
2 54 2
41 90 26
51 125 51
60 66 2
40 78 14
29 93 29
100 104 36
61 106 42
2 80 2
34 39 34
51 96 32
49 67 3
78 93 14
11 105 11
24 65 1
41 104 40
90 125 26
20 33 20
33 114 33
72 83 8
80 102 16
1 50 1
49 87 23
72 108 8
1 31 1
46 75 11
7 74 7
21 28 21
48 116 48
65 85 1
7 75 7
28 95 28
35 94 30
70 94 6
13 62 13
107 126 43
37 121 37
63 75 11
42 127 42
32 44 32
50 74 10
92 121 28
23 85 21
105 118 41
106 124 42
26 97 26
30 83 19
17 31 17
82 109 18
49 79 15
18 46 18
7 97 7
3 118 3
66 123 2
19 23 19
40 90 26
22 92 22
81 106 17
7 77 7
25 105 25
87 113 23
46 84 20
80 81 16
101 107 37
40 69 5
13 22 13
4 52 4
44 48 44
104 108 40
46 105 41
34 75 11
12 104 12
33 57 33
10 121 10
52 71 7
55 94 30
37 41 37
9 121 9
7 38 7
43 45 43
61 65 1
58 83 19
5 89 5
65 127 1
1 16 1
45 88 24
4 82 4
15 80 15
90 122 26
66 120 2
93 122 29
70 90 6
61 67 3
46 94 30
75 122 11
102 105 38
66 80 2
84 87 20
51 86 22
4 47 4
91 106 27
32 101 32
24 121 24
113 123 49
40 70 6
22 126 22
1 8 1
67 89 3
80 125 16
91 113 27
3 35 3
72 82 8
41 117 41
42 87 23
1 39 1
7 81 7
86 103 22
17 79 15
13 18 13
71 87 7
31 90 26
100 112 36
53 86 22
69 97 5
9 13 9
27 125 27
29 40 29
68 93 4
17 112 17
40 118 40
35 54 35
47 101 37
26 30 26
92 126 28
18 100 18
60 63 60
67 81 3
46 51 46
30 64 30
10 89 10
60 85 21
24 123 24
83 116 19
23 82 18
49 91 27
64 103 39
97 104 33
73 76 9
8 63 8
42 100 36
62 88 24
11 118 11
82 101 18
5 6 5
86 94 22
78 121 14
3 79 3
63 102 38
38 98 34
45 96 32
58 77 13
50 57 50
96 100 32
49 112 48
85 89 21
56 122 56
68 89 4
14 38 14
12 120 12
86 98 22
52 109 45
25 48 25
50 62 50
88 112 24
75 113 11
17 32 17
91 118 27
24 74 10
34 120 34
75 116 11
7 115 7
4 104 4
49 62 49
91 122 27
28 54 28
77 123 13
88 109 24
16 52 16
33 124 33
86 109 22
53 91 27
4 89 4
96 106 32
8 92 8
101 113 37
35 46 35
38 44 38
1 77 1
59 64 59
54 113 49
6 37 6
51 121 51
107 115 43
31 47 31
14 72 8
64 89 25
7 31 7
30 88 24
5 77 5
50 95 31
9 92 9
23 72 8
32 35 32
98 114 34
4 74 4
1 117 1
36 70 6
65 87 1
87 97 23
29 90 26
25 37 25
11 75 11
79 82 15
37 103 37
107 118 43
12 60 12
65 84 1
14 119 14
5 82 5
40 74 10
12 97 12
23 51 23
5 102 5
11 46 11
35 110 35
14 83 14
80 90 16
107 111 43
42 78 14
94 121 30
4 15 4
35 52 35
91 108 27
6 69 5
50 94 30
22 26 22
30 48 30
12 73 9
92 97 28
24 112 24
32 92 28
114 120 50
84 107 20
10 112 10
5 47 5
24 86 22
37 74 10
112 124 48
68 119 4
48 71 7
55 73 9
63 89 25
9 24 9
109 120 45
99 122 35
47 126 47
22 60 22
45 78 14
72 119 8
118 127 54
69 106 5
72 117 8
103 121 39
14 71 7
60 108 44
22 32 22
74 89 10
42 43 42
65 91 1
5 96 5
21 78 14
73 97 9
27 89 25
19 92 19
100 115 36
8 43 8
12 29 12
12 38 12
35 83 19
53 110 46
70 110 6
68 96 4
30 77 13
82 112 18
40 98 34
8 53 8
18 79 15
42 124 42
91 112 27
5 25 5
83 109 19
5 125 5
49 70 6
68 69 4
13 110 13
1 70 1
98 108 34
45 87 23
21 43 21
72 101 8
47 108 44
35 88 24
23 101 23
83 85 19
72 124 8
54 66 2
44 125 44
41 111 41
85 112 21
109 117 45
25 100 25
52 88 24
77 83 13
21 111 21
58 118 54
10 41 10
6 34 6
96 119 32
75 111 11
34 91 27
5 83 5
107 125 43
100 113 36
17 18 17
75 96 11
48 91 27
8 88 8
29 75 11
37 119 37
27 104 27
62 82 18
6 32 6
69 76 5
58 113 49
81 105 17
7 95 7
38 105 38
68 80 4
63 103 39
46 85 21
9 12 9
24 116 24
54 90 26
33 69 5
19 36 19
70 122 6
99 102 35
102 107 38
21 74 10
98 122 34
6 11 6
93 109 29
15 118 15
61 118 54
44 54 44
46 47 46
91 99 27
35 56 35
61 81 17
16 95 16
73 104 9
111 119 47
34 115 34
68 126 4
23 57 23
42 66 2
11 68 4
18 111 18
68 113 4
70 97 6
84 113 20
39 64 39
80 116 16
33 60 33
11 49 11
89 108 25
40 91 27
17 123 17
7 8 7
21 62 21
77 95 13
8 109 8
71 119 7
97 113 33
53 66 2
107 114 43
20 42 20
11 44 11
20 23 20
29 107 29
70 78 6
72 125 8
64 128 64
58 91 27
32 95 31
43 69 5
80 91 16
101 106 37
3 47 3
23 63 23
32 78 14
7 91 7
51 69 5
9 78 9
90 108 26
28 81 17
38 106 38
80 112 16
97 114 33
63 67 3
15 67 3
6 117 6
12 19 12
87 98 23
33 36 33
85 123 21
30 79 15
16 69 5
43 118 43
34 113 34
40 66 2
32 64 32
34 97 33
12 81 12
87 93 23
7 111 7
36 79 15
34 46 34
6 88 6
62 80 16
32 37 32
31 45 31
60 90 26
32 50 32
8 44 8
32 71 7
86 100 22
111 113 47
13 104 13
60 84 20
69 81 5
53 95 31
78 82 14
19 111 19
68 86 4
103 104 39
76 115 12
39 77 13
39 48 39
88 97 24
77 118 13
61 115 51
7 73 7
26 99 26
41 118 41
50 55 50
55 89 25
10 76 10
6 125 6
21 54 21
47 63 47
45 65 1
72 111 8
42 76 12
43 88 24
59 71 7
91 124 27
85 124 21
30 96 30
14 22 14
19 72 8
52 82 18
70 123 6
3 55 3
43 66 2
18 57 18
7 12 7
7 117 7
40 85 21
41 124 41
97 107 33
4 73 4
108 117 44
35 117 35
23 60 23
67 119 3
5 44 5
14 97 14
23 45 23
68 83 4
22 44 22
26 76 12
62 101 37
36 42 36
11 71 7
16 110 16
77 88 13
31 57 31
4 14 4
89 120 25
99 126 35
72 105 8
50 100 36
43 76 12
30 67 3
11 36 11
41 67 3
29 52 29
81 108 17
59 69 5
47 110 46
1 5 1
45 110 45
64 101 37
24 77 13
17 77 13
93 127 29
30 80 16
25 80 16
55 57 55
13 16 13
90 113 26
66 97 2
17 78 14
71 107 7
65 80 1
6 93 6
26 58 26
58 89 25
45 125 45
56 90 26
32 97 32
3 21 3
44 106 42
28 72 8
7 33 7
31 104 31
89 115 25
21 30 21
34 79 15
8 115 8
10 64 10
21 22 21
12 54 12
86 92 22
14 26 14
38 115 38
2 55 2
9 32 9
45 107 43
56 92 28
10 39 10
48 65 1
26 55 26
81 97 17
1 103 1
33 92 28
24 27 24
121 125 57
35 80 16
50 102 38
42 109 42
81 86 17
59 117 53
48 96 32
83 125 19
78 125 14
25 49 25
59 62 59
65 123 1
43 80 16
9 111 9
63 94 30
69 98 5
4 37 4
105 114 41
15 76 12
46 80 16
103 125 39
8 42 8
12 70 6
38 92 28
27 46 27
31 67 3
18 47 18
68 95 4
58 93 29
61 96 32
55 121 55
40 75 11
6 29 6
59 61 59
20 22 20
22 38 22
59 92 28
46 73 9
1 24 1
17 94 17
85 94 21
84 85 20
12 48 12
2 13 2
66 72 2
52 58 52
22 117 22
29 84 20
42 72 8
60 98 34
105 119 41
31 77 13
67 73 3
39 103 39
42 115 42
4 105 4
61 64 61
50 116 50
77 117 13
22 108 22
16 18 16
99 110 35
12 31 12
26 89 25
34 68 4
118 125 54
22 100 22
11 97 11
39 92 28
57 63 57
31 101 31
110 114 46
16 71 7
19 98 19
47 73 9
70 85 6
66 83 2
12 46 12
30 76 12
83 86 19
6 81 6
62 71 7
71 93 7
49 124 49
11 100 11
96 122 32
39 106 39
25 115 25
93 102 29
21 81 17
56 62 56
18 19 18
19 62 19
18 26 18
18 103 18
60 105 41
19 73 9
36 93 29
99 103 35
4 79 4
29 110 29
8 120 8
76 84 12
55 64 55
36 78 14
59 108 44
9 81 9
105 112 41
48 103 39
15 85 15
86 108 22
4 36 4
14 121 14
4 29 4
12 103 12
8 100 8
28 38 28
15 26 15
52 121 52
42 55 42
23 123 23
42 94 30
30 92 28
17 100 17
48 67 3
46 86 22
41 92 28
31 98 31
8 125 8
3 20 3
8 119 8
57 111 47
1 109 1
77 103 13
61 95 31
9 61 9
28 119 28
5 16 5
57 89 25
73 103 9
70 117 6
108 119 44
2 36 2
27 78 14
26 61 26
60 126 60
14 17 14
36 127 36
17 56 17
86 123 22
34 43 34
99 106 35
67 91 3
45 76 12
73 114 9
14 122 14
39 55 39
51 94 30
27 52 27
4 51 4
84 102 20
42 83 19
100 101 36
35 92 28
72 102 8
4 41 4
94 105 30
93 97 29
32 88 24
30 90 26
46 55 46
56 109 45
56 86 22
50 107 43
9 115 9
34 72 8
33 87 23
67 108 3
34 101 34
91 110 27
2 9 2
16 38 16
24 31 24
10 16 10
11 64 11
6 27 6
54 86 22
94 106 30
41 43 41
50 81 17
60 75 11
15 43 15
4 12 4
22 33 22
71 98 7
13 100 13
44 62 44
25 45 25
23 76 12
75 93 11
116 123 52
3 54 3
14 104 14
4 13 4
71 112 7
24 85 21
12 118 12
36 119 36
81 82 17
28 35 28
41 114 41
11 83 11
10 29 10
4 46 4
108 122 44
38 81 17
1 105 1
10 21 10
41 113 41
34 100 34
2 7 2
4 45 4
76 109 12
42 120 42
83 108 19
72 86 8
44 72 8
40 49 40
13 60 13
44 93 29
70 77 6
84 114 20
38 124 38
119 125 55
17 43 17
10 54 10
38 72 8
24 62 24
36 98 34
15 36 15
32 82 18
37 91 27
25 118 25
40 109 40
73 127 9
73 75 9
3 78 3
6 17 6
21 56 21
44 81 17
77 125 13
17 115 17
57 112 48
19 80 16
39 65 1
45 100 36
44 69 5
72 75 8
8 64 8
72 76 8
74 96 10
48 78 14
23 116 23
61 68 4
22 28 22
81 83 17
78 116 14
8 41 8
17 70 6
96 118 32
15 18 15
21 69 5
21 37 21
14 120 14
14 21 14
43 101 37
58 62 58
21 127 21
46 115 46
14 81 14
27 29 27
51 67 3
22 123 22
17 97 17
15 29 15
51 104 40
3 26 3
51 115 51
11 42 11
17 99 17
14 117 14
35 51 35
95 107 31
7 86 7
55 80 16
66 108 2
28 101 28
13 43 13
18 36 18
32 103 32
16 111 16
44 52 44
20 114 20
104 107 40
86 104 22
19 31 19
95 123 31
66 70 2
28 60 28
32 59 32
1 40 1
3 64 3
24 43 24
38 83 19
16 72 8
38 84 20
43 95 31
35 71 7
31 54 31
17 65 1
23 52 23
35 107 35
71 89 7
56 78 14
41 76 12
44 65 1
37 90 26
47 50 47
38 52 38
17 26 17
68 111 4
32 43 32
26 123 26
56 103 39
49 80 16
17 74 10
88 89 24
27 112 27
3 84 3
98 100 34
109 110 45
12 67 3
6 76 6
74 124 10
3 109 3
31 91 27
13 96 13
46 88 24
25 117 25
7 41 7
67 106 3
8 67 3
72 92 8
20 108 20
41 99 35
8 29 8
35 40 35
2 44 2
13 82 13
6 89 6
67 70 3
23 53 23
3 96 3
102 114 38
82 103 18
20 123 20
45 104 40
36 114 36
26 64 26
2 89 2
28 90 26
12 50 12
2 15 2
20 78 14
79 98 15
13 48 13
57 102 38
56 106 42
26 35 26
37 92 28
2 6 2
66 116 2
2 104 2
84 124 20
28 36 28
51 93 29
9 73 9
33 56 33
31 120 31
49 117 49
24 28 24
14 70 6
59 106 42
3 58 3
30 110 30
83 117 19
26 42 26
109 124 45
15 126 15
70 88 6
11 62 11
76 97 12
26 49 26
24 93 24
10 90 10
87 90 23
86 102 22
116 120 52
31 93 29
49 90 26
67 126 3
41 64 41
32 58 32
21 123 21
100 118 36
99 125 35
65 103 1
20 92 20
19 84 19
116 126 52
7 48 7
17 93 17
73 95 9
27 122 27
57 87 23
58 88 24
90 92 26
73 124 9
20 65 1
23 67 3
8 78 8
1 71 1
6 126 6
16 66 2
29 82 18
92 114 28
11 40 11
17 19 17
80 118 16
64 65 1
10 30 10
9 40 9
50 79 15
26 103 26
1 41 1
72 109 8
21 84 20
80 88 16
89 97 25
11 72 8
17 42 17
50 110 46
91 97 27
76 92 12
32 98 32
88 121 24
32 54 32
40 60 40
62 86 22
93 118 29
82 95 18
35 76 12
26 59 26
45 83 19
21 31 21
20 46 20
74 112 10
25 124 25
11 116 11
16 19 16
77 99 13
13 121 13
44 117 44
52 77 13
51 90 26
15 79 15
59 67 3
40 111 40
6 122 6
14 85 14
25 65 1
24 80 16
35 62 35
67 102 3
32 52 32
26 104 26
43 72 8
69 126 5
62 77 13
7 45 7
88 116 24
94 102 30
58 110 46
22 35 22
22 79 15
90 107 26
112 114 48
64 93 29
22 23 22
72 98 8
40 87 23
53 78 14
56 84 20
75 86 11
78 107 14
35 90 26
31 100 31
1 19 1
96 121 32
60 73 9
51 116 51
12 63 12
63 87 23
12 22 12
31 109 31
34 95 31
74 120 10
96 105 32
20 40 20
44 98 34
37 123 37
42 56 42
17 88 17
41 55 41
3 8 3
38 54 38
59 68 4
11 29 11
28 109 28
72 103 8
27 37 27
8 13 8
20 64 20
6 92 6
45 50 45
41 93 29
22 73 9
59 72 8
93 123 29
70 121 6
17 86 17
8 122 8
99 100 35
14 126 14
101 108 37
56 71 7
47 79 15
91 126 27
52 70 6
52 80 16
38 79 15
18 105 18
10 82 10
55 58 55
54 118 54
30 60 30
26 92 26
24 29 24
77 85 13
42 50 42
9 108 9
49 86 22
20 29 20
18 64 18
8 123 8
7 93 7
27 86 22
2 87 2
25 121 25
17 35 17
113 119 49
37 78 14
5 95 5
29 55 29
9 18 9
8 38 8
4 33 4
12 86 12
3 32 3
93 105 29
6 83 6
33 64 33
20 120 20
15 71 7
12 42 12
40 119 40
73 100 9
34 61 34
11 50 11
11 47 11
50 124 50
15 78 14
83 124 19
22 127 22
10 117 10
17 63 17
17 91 17
9 90 9
86 113 22
48 106 42
15 108 15
40 72 8
8 97 8
9 69 5
31 86 22
89 126 25
33 78 14
65 120 1
4 86 4
45 86 22
14 92 14
31 66 2
75 125 11
1 107 1
26 51 26
11 92 11
78 87 14
45 68 4
40 110 40
75 102 11
6 82 6
24 104 24
41 79 15
53 67 3
60 91 27
28 45 28
5 92 5
3 66 2
39 89 25
34 93 29
50 114 50
38 41 38
92 104 28
94 104 30
54 58 54
80 85 16
77 126 13
1 53 1
70 79 6
28 33 28
37 81 17
86 106 22
25 103 25
14 41 14
1 17 1
