128 2987
96 128 1
80 128 2
96 112 3
72 128 4
80 88 5
96 104 6
112 120 7
68 128 8
72 76 9
80 84 10
88 92 11
96 100 12
104 108 13
112 116 14
120 124 15
66 128 16
68 70 17
72 74 18
76 78 19
80 82 20
84 86 21
88 90 22
92 94 23
96 98 24
100 102 25
104 106 26
108 110 27
112 114 28
116 118 29
120 122 30
124 126 31
65 128 32
66 67 33
68 69 34
70 71 35
72 73 36
74 75 37
76 77 38
78 79 39
80 81 40
82 83 41
84 85 42
86 87 43
88 89 44
90 91 45
92 93 46
94 95 47
96 97 48
98 99 49
100 101 50
102 103 51
104 105 52
106 107 53
108 109 54
110 111 55
112 113 56
114 115 57
116 117 58
118 119 59
120 121 60
122 123 61
124 125 62
126 127 63
49 79 1
75 87 2
7 103 3
8 38 4
43 93 5
53 103 6
14 124 7
69 128 8
75 77 9
40 84 10
23 88 11
50 98 12
104 110 13
63 123 15
64 67 16
34 71 17
37 72 18
77 78 19
40 83 20
85 86 21
45 89 22
46 95 23
97 98 24
101 102 25
105 107 26
55 108 27
113 115 28
61 121 30
62 127 31
64 65 32
51 100 25
6 102 6
30 118 7
12 28 3
71 128 8
42 108 1
90 95 11
28 29 14
76 82 2
43 84 21
29 117 29
41 80 20
23 115 1
50 96 12
19 103 1
37 82 2
111 115 3
44 67 2
52 106 26
41 95 5
43 96 1
6 96 6
114 117 14
2 46 2
91 92 11
18 36 18
21 36 2
84 87 21
31 111 3
27 54 27
9 37 9
44 115 1
116 119 29
92 125 1
4 68 4
44 79 2
64 75 4
13 54 13
7 121 7
19 46 2
3 90 1
78 106 1
36 74 18
117 119 29
24 103 12
1 37 1
49 103 12
122 127 15
19 49 1
1 23 1
75 76 9
17 32 8
42 43 21
1 106 1
88 114 1
18 37 18
12 24 12
123 125 15
63 121 15
113 116 14
82 123 1
51 74 1
19 75 9
54 106 13
22 89 22
6 51 6
15 126 15
8 33 8
4 70 4
18 69 4
47 94 47
12 14 3
3 118 3
48 49 24
117 118 29
99 123 3
18 79 9
25 78 1
67 128 16
27 124 3
47 86 5
2 42 2
93 95 23
82 124 1
12 102 12
21 98 1
15 35 1
95 104 1
60 127 15
43 94 5
73 125 1
105 109 13
17 71 17
19 66 4
44 48 1
2 67 2
7 49 3
2 31 1
73 81 2
121 123 30
87 100 1
34 66 8
48 103 12
76 79 19
11 90 11
6 13 6
125 127 31
56 128 1
56 115 28
5 88 5
31 68 1
1 24 1
13 55 13
3 13 3
58 118 29
31 63 31
3 121 3
55 107 13
1 21 1
62 126 31
1 25 1
33 76 4
58 66 1
57 79 1
61 124 15
25 50 25
47 92 23
1 7 1
18 128 4
62 96 3
88 91 22
29 91 1
33 70 8
35 78 4
6 71 1
12 97 12
10 21 10
37 56 1
38 70 4
61 122 61
1 11 1
36 92 2
81 109 1
65 89 2
58 116 58
3 55 3
6 32 1
119 121 7
55 109 27
97 118 3
13 104 13
28 40 1
5 119 1
41 46 5
64 66 16
20 49 1
31 112 7
6 80 1
107 115 3
39 93 2
73 74 18
51 58 3
53 105 26
36 79 9
58 77 1
99 109 6
2 8 2
104 107 26
35 66 8
46 93 46
97 124 3
60 126 15
3 119 3
15 29 7
108 117 3
13 107 13
20 25 1
45 49 1
52 54 13
78 101 1
92 95 23
81 83 20
7 30 7
9 95 2
84 93 5
93 108 1
67 95 2
43 90 5
36 38 9
20 81 20
8 10 2
42 107 1
11 109 1
32 69 8
57 91 1
3 4 1
9 43 2
48 101 12
49 101 12
24 48 24
109 111 27
3 122 3
116 121 7
73 75 18
60 114 7
16 68 8
52 128 1
102 108 6
2 18 2
60 88 1
11 62 1
2 33 2
11 89 11
88 93 11
71 110 1
18 56 1
16 18 4
124 127 31
34 70 17
62 116 7
43 85 21
58 119 29
31 48 3
66 73 4
4 69 4
9 65 4
84 90 5
88 126 1
30 62 15
95 105 1
93 94 23
37 76 9
53 100 6
47 93 23
3 26 3
1 48 1
91 96 1
16 54 1
8 72 4
61 63 15
46 94 23
49 96 24
1 88 1
23 113 1
3 27 3
23 124 1
65 79 4
4 107 1
102 128 1
91 95 11
32 120 1
60 79 1
13 106 13
100 103 25
8 16 8
17 59 1
42 87 21
29 126 7
75 79 9
40 117 1
56 123 7
72 83 2
2 84 2
20 43 10
85 87 21
43 56 1
107 108 13
16 85 2
38 84 2
45 99 1
82 99 1
24 105 6
29 46 1
37 97 1
72 79 9
1 95 1
19 78 19
26 119 3
42 82 10
60 123 30
2 78 2
27 85 1
51 53 6
2 12 1
10 86 10
13 88 1
18 76 9
32 63 1
40 42 10
1 52 1
108 111 27
17 33 8
117 124 7
41 96 1
16 74 4
1 5 1
113 123 7
49 100 12
62 63 31
30 127 15
67 80 2
36 78 9
73 77 9
14 118 14
2 10 2
52 105 52
114 119 14
37 73 18
2 38 2
107 110 13
46 47 23
16 94 2
59 116 29
35 69 17
43 86 43
98 118 3
79 89 2
33 65 16
30 123 30
35 38 4
56 114 28
101 126 3
8 60 1
16 72 4
22 76 2
23 46 23
63 125 31
22 91 22
8 34 8
89 94 11
54 117 3
20 23 5
9 70 4
4 16 4
11 128 2
55 104 13
13 124 3
9 17 4
54 111 27
49 69 1
9 128 4
11 111 1
99 102 12
58 104 3
89 91 22
1 78 1
7 20 1
24 99 24
34 86 2
50 102 25
49 106 6
6 101 6
27 121 3
72 75 18
1 119 1
58 59 29
53 104 26
66 113 1
13 117 3
42 45 5
109 110 27
44 46 11
125 126 31
18 97 1
12 103 12
57 59 14
18 65 4
68 91 2
15 61 15
4 39 4
5 113 1
117 128 1
3 111 3
3 5 1
90 105 1
43 121 1
2 76 2
1 104 1
2 22 2
40 87 10
13 101 6
13 30 3
58 100 3
44 84 5
43 46 5
59 117 29
9 72 9
58 79 1
25 101 25
40 71 2
6 54 6
62 97 3
24 71 1
28 60 7
3 107 3
26 104 26
87 101 1
71 91 2
7 120 7
103 109 6
10 77 2
36 77 9
114 127 7
7 116 7
9 81 2
54 110 27
89 93 11
29 98 3
46 61 1
47 65 2
79 112 1
19 37 9
14 45 1
6 26 6
68 71 17
1 116 1
6 49 6
36 37 18
3 6 3
35 68 17
40 128 2
78 94 2
68 124 1
3 102 3
11 69 2
90 121 1
96 99 24
25 75 1
1 17 1
31 71 1
2 4 2
52 111 13
87 88 5
33 57 1
13 95 1
42 119 1
1 61 1
43 81 10
2 40 2
12 50 12
11 23 11
5 127 1
95 110 1
12 125 3
46 113 1
20 86 10
45 80 5
54 55 27
55 73 1
46 117 1
1 122 1
44 45 22
47 119 1
16 33 16
39 122 1
20 90 5
40 64 2
36 103 1
11 95 11
17 117 1
102 111 6
75 90 2
48 69 1
1 105 1
12 51 12
53 60 3
43 47 5
11 47 11
3 60 3
86 90 5
122 126 15
4 73 4
33 64 16
19 73 9
79 100 1
76 124 1
1 76 1
56 117 14
55 88 1
2 11 2
5 81 5
77 79 19
97 102 12
57 119 14
80 120 1
73 78 9
27 111 27
53 70 1
4 75 4
73 107 1
59 74 1
112 115 28
38 79 19
43 75 2
60 61 30
5 99 1
39 76 19
51 90 1
49 97 24
53 82 1
46 90 11
17 126 1
99 103 12
101 103 25
1 19 1
21 87 21
22 66 2
112 118 14
41 105 1
33 71 8
56 122 7
52 55 13
10 81 10
25 102 25
6 31 3
2 5 2
60 125 15
34 74 4
41 61 1
45 63 1
7 62 7
24 97 24
16 64 16
96 115 3
27 84 1
50 99 12
27 108 27
40 82 20
16 90 2
44 94 11
74 91 2
3 96 3
30 100 3
20 80 20
15 118 7
8 37 4
36 64 4
17 110 1
2 65 2
36 39 9
34 109 1
20 92 5
11 91 11
11 94 11
78 105 1
101 125 3
13 119 3
20 21 10
37 83 2
113 119 14
31 72 1
1 6 1
29 86 1
60 122 30
57 127 7
61 120 30
42 83 10
57 89 1
1 91 1
16 117 1
57 112 28
1 71 1
11 44 11
7 118 7
21 26 1
2 17 2
105 106 26
2 20 2
12 25 12
10 43 10
19 40 2
74 77 9
33 74 4
2 74 2
37 38 9
120 123 30
28 83 1
63 110 3
24 90 1
39 87 2
26 46 1
8 112 1
30 121 30
15 48 3
99 114 3
96 103 12
104 109 13
56 112 56
117 121 7
103 104 6
43 80 10
93 117 1
12 104 6
64 69 8
51 101 25
62 65 1
36 57 1
1 53 1
12 64 1
21 83 10
35 37 4
90 98 1
65 66 16
34 51 1
10 47 5
25 105 6
29 119 29
9 22 2
32 33 16
55 103 6
2 27 1
80 115 1
103 120 3
6 22 1
22 25 1
1 77 1
14 112 14
5 106 1
56 105 3
106 126 3
81 118 1
30 63 15
1 57 1
96 121 3
3 15 3
11 88 11
20 59 1
89 101 1
37 39 9
76 116 1
4 19 4
20 84 10
54 103 6
36 72 36
35 118 1
52 99 6
16 49 1
41 81 20
38 39 19
55 115 3
12 99 12
35 62 1
93 114 1
118 123 7
113 120 7
115 117 14
56 57 28
2 85 2
4 71 4
37 78 9
13 110 13
103 126 3
28 112 28
13 51 6
47 90 11
52 120 3
31 125 31
13 52 13
50 51 25
97 99 24
42 86 21
21 111 1
5 97 1
48 99 24
40 41 20
69 109 1
49 113 3
3 52 3
64 73 4
67 78 4
16 34 8
82 87 10
13 20 1
81 82 20
39 119 1
36 75 18
34 126 1
27 98 6
10 120 1
5 14 1
1 89 1
55 113 3
7 119 7
50 54 6
32 66 16
45 94 11
25 58 3
29 59 29
23 122 1
80 85 10
9 97 1
41 103 1
1 33 1
27 112 3
97 126 3
1 101 1
99 127 3
13 89 1
34 56 1
98 103 12
62 69 1
34 42 2
25 94 1
63 91 1
1 46 1
56 59 14
39 96 1
20 35 2
10 40 10
53 108 13
62 93 1
16 93 2
30 97 3
6 104 6
45 66 2
14 114 14
61 125 15
64 110 1
41 71 2
61 118 7
45 75 2
62 120 15
69 70 17
52 92 1
4 18 4
34 61 1
3 104 3
55 111 55
3 7 3
1 65 1
6 116 3
88 99 1
8 69 8
75 128 4
43 106 1
6 107 6
15 58 7
35 44 2
45 90 45
91 94 11
3 105 3
27 106 13
66 71 8
39 77 19
22 111 1
119 120 7
6 99 6
45 54 1
65 108 1
54 108 54
44 60 1
4 9 4
58 103 3
72 127 1
26 100 6
18 59 1
25 91 1
66 112 1
40 60 1
45 61 1
70 128 8
15 31 15
3 127 3
65 68 8
87 92 5
71 75 4
15 60 15
1 125 1
111 117 3
50 100 50
3 17 1
2 75 2
4 95 2
44 76 2
8 128 8
89 105 1
43 45 5
67 76 4
19 96 1
7 23 1
61 116 7
28 58 14
27 55 27
42 76 2
54 88 1
38 111 1
99 107 6
2 45 2
23 82 5
45 107 1
60 71 1
2 43 2
24 42 1
7 125 7
53 106 53
34 69 34
4 42 2
16 19 4
1 58 1
22 94 11
9 18 9
25 96 12
42 90 5
32 70 8
32 71 8
13 26 13
62 73 1
43 50 1
9 73 9
77 84 2
56 110 3
45 92 11
11 93 11
71 79 4
6 105 6
1 55 1
5 12 1
28 117 14
3 30 3
32 37 4
16 78 4
38 71 4
32 67 16
2 6 1
41 125 1
4 34 4
45 124 1
34 68 34
30 113 7
26 65 1
45 57 1
28 93 1
63 124 31
10 73 2
8 101 1
56 66 1
28 41 1
53 111 13
1 94 1
38 44 2
64 117 1
23 90 11
68 73 4
97 112 3
40 61 1
1 44 1
7 64 1
91 124 1
1 9 1
96 107 6
20 67 2
12 100 12
80 83 20
28 51 3
7 114 7
14 46 1
17 46 2
119 124 7
52 75 1
58 120 7
38 63 1
51 128 1
7 15 7
2 23 2
29 115 14
22 93 11
94 124 1
40 43 10
54 105 13
42 51 1
3 115 3
54 107 13
32 101 1
116 120 7
71 116 1
6 24 6
5 46 5
15 121 15
1 103 1
1 126 1
26 110 13
2 58 1
8 77 4
45 91 45
50 52 6
114 116 14
78 102 1
114 118 14
34 104 1
22 88 22
64 127 1
102 117 3
1 111 1
25 119 3
83 93 5
20 55 1
101 118 3
84 107 1
7 115 7
3 65 1
15 104 3
54 58 3
2 19 2
68 85 2
38 78 19
40 114 1
49 55 6
92 107 1
17 95 2
41 83 41
49 82 1
78 92 2
53 55 13
23 105 1
7 70 1
54 109 54
23 84 5
26 48 6
30 122 30
55 99 6
8 29 1
8 58 1
83 91 5
23 103 1
26 52 26
37 65 4
25 62 3
5 44 5
64 89 2
33 78 4
68 120 1
1 13 1
24 59 3
95 125 1
44 95 11
65 93 2
72 78 9
4 17 4
13 34 1
50 103 25
22 35 2
5 7 1
27 79 1
1 4 1
45 67 2
106 110 13
54 72 1
53 123 3
66 77 4
63 97 3
94 123 1
51 118 3
23 36 2
7 127 7
49 72 1
29 57 14
52 53 26
8 127 1
47 76 2
48 51 12
14 38 1
8 43 2
53 109 13
19 97 1
76 112 1
32 68 8
2 86 2
3 99 3
105 115 3
63 115 7
98 101 12
79 128 4
49 111 6
66 125 1
15 59 7
1 10 1
9 68 4
1 30 1
75 95 2
2 103 1
29 101 3
23 91 11
41 82 41
13 40 1
31 126 31
45 117 1
39 45 2
16 38 4
13 62 3
16 71 8
63 113 7
44 114 1
63 68 1
121 122 30
5 87 5
30 33 1
89 118 1
24 121 3
23 94 23
82 114 1
20 103 1
82 121 1
3 24 3
25 117 3
26 86 1
2 87 2
46 102 1
18 47 2
5 110 1
52 67 1
67 117 1
80 105 1
22 122 1
46 91 11
56 102 3
75 98 1
1 123 1
29 113 14
29 96 3
2 83 2
15 77 1
66 117 1
15 27 3
17 34 17
43 49 1
67 114 1
28 85 1
64 72 4
38 117 1
34 128 8
1 96 1
63 82 1
26 53 26
65 82 2
41 111 1
23 83 5
42 92 5
68 81 2
60 121 60
60 68 1
81 85 10
27 104 13
29 61 7
55 101 6
26 90 1
88 119 1
32 46 2
25 112 3
27 114 3
1 110 1
110 125 3
31 124 31
66 70 8
64 78 4
62 113 7
122 124 15
88 102 1
48 104 6
89 90 22
4 79 4
39 81 2
10 42 10
37 52 1
84 89 5
96 124 3
33 128 16
80 87 10
12 118 3
2 35 2
8 35 8
93 125 1
112 126 7
64 71 8
7 104 3
36 43 2
49 99 49
108 116 3
25 57 3
2 124 1
15 110 3
10 26 1
56 80 1
4 74 4
55 110 55
45 52 1
85 112 1
46 85 5
69 71 17
4 88 2
7 38 1
89 95 11
84 99 1
23 89 11
26 106 26
4 111 1
40 46 5
7 61 7
61 113 7
33 69 8
37 69 4
18 34 4
19 43 2
43 54 1
41 113 1
60 118 7
42 123 1
18 29 1
9 93 2
8 89 2
23 117 1
47 95 47
112 127 7
29 56 14
48 111 6
107 109 13
50 59 3
54 115 3
20 24 1
113 114 28
8 17 8
5 50 1
35 89 2
16 66 16
32 74 4
11 55 1
25 48 12
54 77 1
66 118 1
97 101 12
5 23 5
7 109 3
1 26 1
56 98 3
9 54 1
52 95 1
120 125 15
14 60 7
9 21 2
99 100 12
8 32 8
2 73 2
13 90 1
9 14 1
34 99 1
26 54 13
82 90 5
3 51 3
18 124 1
25 97 12
77 106 1
57 113 28
53 96 6
13 31 3
61 62 15
60 103 3
110 119 3
74 102 1
7 19 1
21 82 10
15 125 15
67 90 2
29 114 14
8 18 4
6 100 6
45 65 2
23 45 11
12 26 6
57 114 57
5 20 5
3 57 3
17 91 2
1 81 1
35 87 2
38 73 9
3 28 3
8 124 1
44 101 1
1 87 1
6 65 1
77 83 2
68 86 2
105 108 13
67 103 1
57 73 1
8 93 2
21 105 1
58 60 7
10 56 1
6 70 1
104 111 13
1 38 1
39 102 1
7 63 7
7 13 3
51 63 3
1 2 1
28 57 28
57 117 14
32 105 1
35 99 1
18 75 18
1 98 1
6 98 6
41 68 2
113 118 14
7 126 7
58 122 7
26 43 1
86 120 1
20 91 5
56 119 14
31 62 31
48 115 3
5 67 2
22 75 2
1 80 1
81 92 5
1 20 1
14 94 1
49 50 12
9 84 2
65 95 2
24 85 1
39 64 4
29 118 29
55 92 1
32 40 2
1 102 1
60 73 1
1 14 1
56 113 56
45 98 1
66 69 8
52 107 26
44 98 1
32 39 4
24 102 12
44 90 22
13 112 3
94 98 1
46 74 2
71 76 4
3 33 1
57 77 1
23 48 1
68 101 1
115 119 14
48 76 1
61 105 3
9 113 1
20 87 10
114 120 7
19 125 1
1 72 1
43 83 10
1 74 1
87 114 1
2 91 2
26 27 13
43 70 2
58 112 14
29 111 3
27 81 1
33 99 1
5 92 5
90 116 1
60 63 15
30 101 3
83 120 1
102 109 6
18 115 1
52 116 3
51 113 3
40 108 1
34 35 17
55 83 1
7 124 7
2 71 2
13 82 1
83 89 5
65 81 2
4 64 4
28 124 7
15 124 15
65 72 4
71 126 1
52 93 1
5 42 5
17 68 17
101 111 6
21 89 5
25 49 12
40 85 10
41 85 10
34 59 1
50 55 6
8 70 8
1 60 1
14 57 14
35 75 4
49 57 3
98 117 3
5 84 5
10 41 10
110 115 3
37 95 2
29 74 1
3 110 3
48 88 1
50 122 3
54 101 6
23 86 5
83 107 1
60 120 60
25 122 3
3 125 3
39 72 9
84 113 1
1 35 1
81 86 10
35 106 1
45 121 1
15 62 15
3 117 3
81 98 1
50 87 1
69 89 2
51 54 6
25 99 12
53 58 3
26 113 3
35 83 2
25 103 25
28 30 7
2 128 2
59 91 1
5 61 1
29 71 1
74 81 2
105 110 13
6 120 3
2 115 1
85 91 5
24 31 3
24 25 12
69 75 4
7 76 1
7 82 1
41 50 1
46 108 1
13 39 1
64 105 1
18 121 1
26 120 3
4 72 4
13 27 13
30 61 30
76 122 1
33 95 2
52 76 1
54 96 6
22 90 22
53 74 1
12 49 12
81 127 1
26 33 1
25 98 12
82 95 5
33 67 33
102 112 3
53 54 13
83 86 10
2 3 1
29 58 29
62 122 15
5 90 5
45 88 22
14 116 14
51 91 1
52 109 13
63 93 1
56 120 7
52 85 1
8 54 1
74 78 9
75 115 1
6 19 1
68 100 1
95 109 1
59 113 14
48 55 6
14 122 7
54 126 3
106 119 3
22 112 1
84 96 1
2 82 2
3 50 3
18 77 9
6 87 1
83 99 1
89 124 1
98 100 12
24 50 12
40 86 10
28 63 7
24 73 1
27 36 1
106 112 3
10 45 5
69 100 1
85 110 1
26 111 13
22 46 11
31 123 15
12 96 12
36 73 36
29 60 7
22 70 2
16 75 4
7 39 1
41 101 1
22 71 2
1 114 1
105 127 3
43 87 43
12 91 1
122 125 15
29 47 1
6 122 3
27 91 1
46 123 1
47 80 5
25 127 3
24 83 1
18 21 2
14 109 3
27 119 3
31 122 15
49 77 1
127 128 1
89 102 1
20 42 10
47 68 2
7 58 7
83 108 1
86 95 5
85 117 1
11 92 11
30 53 3
71 82 2
45 93 11
1 93 1
8 57 1
63 111 3
39 67 4
12 54 6
68 72 4
2 16 2
8 50 1
41 75 2
58 115 14
74 87 2
51 89 1
12 109 6
3 40 1
104 119 3
1 45 1
56 63 7
47 118 1
7 59 7
85 106 1
20 89 5
24 100 12
33 92 2
55 68 1
6 63 3
45 48 1
90 92 11
39 66 4
6 25 6
48 54 6
43 107 1
1 85 1
3 53 3
50 127 3
26 108 13
82 91 5
1 99 1
3 58 3
98 106 6
11 57 1
18 72 18
18 120 1
118 121 7
20 102 1
15 107 3
106 113 3
45 47 11
3 31 3
26 94 1
3 100 3
28 118 14
30 126 15
2 66 2
92 109 1
97 100 12
69 95 2
35 105 1
6 52 6
93 124 1
2 79 2
36 85 2
48 106 6
50 94 1
61 77 1
123 127 15
64 68 8
36 40 2
60 65 1
21 42 21
3 49 3
29 85 1
1 34 1
61 69 1
1 124 1
48 52 6
78 83 2
26 31 3
71 105 1
69 125 1
38 45 2
66 127 1
37 128 4
35 72 4
65 126 1
64 120 1
59 127 7
44 91 22
13 37 1
17 87 2
14 63 7
60 124 15
74 105 1
14 113 14
39 62 1
5 10 5
11 70 2
63 127 63
20 41 20
110 127 3
56 83 1
1 56 1
7 67 1
27 28 3
37 93 2
72 100 1
19 126 1
72 90 2
99 108 6
14 27 3
53 113 3
17 50 1
52 98 6
33 82 2
83 121 1
55 90 1
9 75 9
1 16 1
11 80 5
106 125 3
24 75 1
97 107 6
59 112 14
85 103 1
41 97 1
29 48 3
17 83 2
58 117 58
63 122 15
81 117 1
8 74 4
55 105 13
64 92 2
53 107 53
23 127 1
50 84 1
82 85 10
60 62 15
39 71 4
24 126 3
99 111 6
1 108 1
68 92 2
50 83 1
1 75 1
78 89 2
61 114 7
5 40 5
23 92 23
96 102 12
26 50 6
5 95 5
3 62 3
38 74 9
21 85 21
2 34 2
10 89 5
11 50 1
22 44 22
22 108 1
31 61 15
12 53 6
6 110 6
27 63 3
77 111 1
5 82 5
23 118 1
107 121 3
20 83 20
6 50 6
118 120 7
7 117 7
82 92 5
61 126 15
15 37 1
75 104 1
53 116 3
2 69 2
5 65 2
26 29 3
7 112 7
26 109 13
117 127 7
52 97 6
25 81 1
4 8 4
77 126 1
48 98 24
39 73 9
76 117 1
5 80 5
5 21 5
27 53 13
50 119 3
5 38 2
3 25 3
11 87 5
65 74 4
28 94 1
29 50 3
10 74 2
10 88 5
28 125 7
27 61 3
42 44 5
1 113 1
3 56 3
75 80 2
1 54 1
54 97 6
113 121 7
5 11 5
66 79 4
1 41 1
29 120 7
21 76 2
36 76 9
63 126 63
85 93 5
14 108 3
19 109 1
26 56 3
2 36 2
105 126 3
99 128 1
77 121 1
32 81 2
19 24 1
6 55 6
43 101 1
18 52 1
82 97 1
76 102 1
66 121 1
1 28 1
15 68 1
19 29 1
82 107 1
106 108 13
34 67 8
7 72 1
63 65 1
106 123 3
36 107 1
20 119 1
4 33 4
25 52 6
1 43 1
6 27 6
9 92 2
12 36 1
46 111 1
6 53 6
18 38 9
42 79 2
19 63 1
12 95 1
6 119 3
18 32 4
70 84 2
1 42 1
3 116 3
110 116 3
55 60 3
16 87 2
110 113 3
61 123 61
52 104 52
42 85 42
51 121 3
57 122 7
29 44 1
33 66 33
7 66 1
66 72 4
44 64 2
63 102 3
66 68 8
4 106 1
60 94 1
18 113 1
83 100 1
32 35 8
14 127 7
10 24 1
111 122 3
3 59 3
95 127 1
54 57 3
31 110 3
79 88 2
66 89 2
72 81 2
46 63 1
2 68 2
19 21 2
1 18 1
15 120 15
11 106 1
4 76 4
54 112 3
14 29 14
62 114 7
13 81 1
44 74 2
31 37 1
80 91 5
59 114 14
38 47 2
50 85 1
27 71 1
56 69 1
103 115 3
101 123 3
26 81 1
33 34 8
2 72 2
9 74 9
57 72 1
22 83 5
2 44 2
36 94 2
17 30 1
11 21 5
40 95 5
75 88 2
71 103 1
5 66 2
105 111 13
58 88 1
83 84 10
20 60 1
62 107 3
88 94 11
80 104 1
46 68 2
113 126 7
37 57 1
83 117 1
21 88 5
84 121 1
23 69 2
38 108 1
1 27 1
1 73 1
51 96 12
68 106 1
81 89 5
40 94 5
71 122 1
15 51 3
24 96 24
1 36 1
6 30 3
6 108 6
37 86 2
7 122 7
19 120 1
55 102 6
13 32 1
20 73 2
42 47 5
55 77 1
41 87 10
31 83 1
46 83 5
29 88 1
16 26 1
10 33 2
4 118 1
29 81 1
60 109 3
53 110 13
9 59 1
99 118 3
1 109 1
14 15 7
13 109 13
34 65 8
34 78 4
24 39 1
31 128 1
87 122 1
65 70 8
84 123 1
97 108 6
41 49 1
68 116 1
54 91 1
73 92 2
33 125 1
77 115 1
2 118 1
16 108 1
80 94 5
35 67 8
14 22 1
113 127 7
34 37 4
29 116 29
21 118 1
44 109 1
43 67 2
59 125 7
20 88 5
48 92 1
6 109 6
56 124 7
52 90 1
3 98 3
56 58 14
116 128 1
13 24 6
41 58 1
81 116 1
30 65 1
55 123 3
20 57 1
61 88 1
67 83 2
41 118 1
39 99 1
47 105 1
27 33 1
17 118 1
7 14 7
42 118 1
59 62 7
105 121 3
60 77 1
32 76 4
65 67 16
101 104 6
46 92 46
92 116 1
1 49 1
109 120 3
27 52 13
20 71 2
3 114 3
6 59 3
12 52 6
72 89 2
67 71 8
23 32 2
80 90 5
17 111 1
35 36 4
16 99 1
38 95 2
58 125 7
33 36 4
14 48 3
73 105 1
9 40 2
92 124 1
75 102 1
37 92 2
56 125 7
21 30 1
79 119 1
1 22 1
3 36 1
32 65 32
50 101 50
41 86 10
29 82 1
43 82 10
45 81 5
8 102 1
32 64 32
34 41 2
66 120 1
92 113 1
69 120 1
5 86 5
67 69 8
32 125 1
14 95 1
10 20 10
62 70 1
117 122 7
19 76 19
14 115 14
45 108 1
9 42 2
18 99 1
33 35 8
44 47 11
51 82 1
38 75 9
57 63 7
102 106 6
1 40 1
1 29 1
60 82 1
6 127 3
39 79 39
48 96 48
15 63 15
101 105 6
12 98 12
18 73 18
1 66 1
70 77 4
6 103 6
42 81 10
9 23 2
14 120 7
40 125 1
75 116 1
2 32 2
59 89 1
59 115 14
24 61 3
5 85 5
38 119 1
16 89 2
69 88 2
33 101 1
69 108 1
46 81 5
14 73 1
73 79 9
14 117 14
83 98 1
47 127 1
16 44 2
26 125 3
51 105 6
61 104 3
1 90 1
116 125 7
41 98 1
64 82 2
40 93 5
10 75 2
41 100 1
36 66 4
2 95 2
3 101 3
15 86 1
36 45 2
98 112 3
23 95 23
7 60 7
5 17 2
5 22 5
38 77 38
58 89 1
14 119 14
21 47 5
10 99 1
11 85 5
42 96 1
2 14 1
43 92 5
2 54 1
60 66 1
43 108 1
5 93 5
69 92 2
91 100 1
5 83 5
47 122 1
6 43 1
1 50 1
16 42 2
77 127 1
100 113 3
4 46 2
23 56 1
35 128 8
21 28 1
83 115 1
24 51 12
47 88 11
77 104 1
9 71 4
22 56 1
67 91 2
39 75 9
9 78 9
3 12 3
23 81 5
4 52 1
83 103 1
46 105 1
59 121 7
31 57 7
49 120 3
32 38 4
81 122 1
35 103 1
14 54 3
9 38 9
24 49 24
20 78 2
72 94 2
93 122 1
96 101 12
6 75 1
46 89 11
84 127 1
7 56 7
66 81 2
47 52 1
42 84 42
8 64 8
2 81 2
122 128 1
15 100 3
85 126 1
5 98 1
67 68 8
28 95 1
7 41 1
1 39 1
26 74 1
7 81 1
38 110 1
3 10 1
44 92 11
19 89 2
9 106 1
3 95 1
28 127 7
85 92 5
68 93 2
79 125 1
38 72 9
51 52 6
37 77 9
2 93 2
26 30 3
46 115 1
32 53 1
109 117 3
25 51 25
2 64 2
23 101 1
6 97 6
19 38 19
4 22 2
53 102 6
25 40 1
4 123 1
24 54 6
112 125 7
78 95 2
113 117 14
3 79 1
54 104 13
18 110 1
14 61 7
83 87 10
5 91 5
4 96 1
3 69 1
45 122 1
95 128 2
65 71 8
19 33 4
34 120 1
17 56 1
43 72 2
3 63 3
12 90 1
25 53 6
61 75 1
4 53 1
2 21 2
1 92 1
101 113 3
20 76 2
11 46 11
11 43 5
49 98 49
39 52 1
59 64 1
2 37 2
10 87 10
4 67 4
47 103 1
31 47 1
14 72 1
7 31 7
2 77 2
7 17 1
50 110 6
87 98 1
33 127 1
2 88 2
46 77 2
112 124 7
45 95 11
48 102 12
60 112 7
5 102 1
83 101 1
1 3 1
1 15 1
31 120 15
18 40 2
3 103 3
24 112 3
18 50 1
80 112 1
7 69 1
37 74 37
57 62 7
39 97 1
68 74 4
46 118 1
19 69 4
99 122 3
47 126 1
33 113 1
78 93 2
18 55 1
59 88 1
36 44 2
48 53 6
65 96 1
33 102 1
4 32 4
3 97 3
2 50 1
70 124 1
68 126 1
42 65 2
9 25 1
63 112 7
56 118 14
9 119 1
22 45 22
1 62 1
18 24 1
42 68 2
31 60 15
82 88 5
4 38 4
49 70 1
88 95 11
73 82 2
28 114 28
21 86 21
83 88 5
19 65 4
3 64 1
74 121 1
62 75 1
10 35 2
82 89 5
59 73 1
20 95 5
72 124 1
11 126 1
23 112 1
75 78 9
20 100 1
86 126 1
48 66 1
22 106 1
42 80 10
24 38 1
6 111 6
2 41 2
28 96 3
29 127 7
100 115 3
75 111 1
28 66 1
67 120 1
87 105 1
10 98 1
22 95 11
57 82 1
15 117 7
66 85 2
65 115 1
8 113 1
31 76 1
68 80 2
6 12 6
74 79 9
13 25 6
83 114 1
8 78 4
16 67 16
56 60 7
44 54 1
14 36 1
59 119 59
101 109 6
63 96 3
73 95 2
28 119 14
9 87 2
12 72 1
71 85 2
8 109 1
29 122 7
53 84 1
22 69 2
53 126 3
66 74 4
16 73 4
23 26 1
70 78 4
64 128 64
58 91 1
75 105 1
43 89 5
17 107 1
23 63 1
39 107 1
51 69 1
123 126 15
65 84 2
102 114 3
74 125 1
15 67 1
11 74 2
63 78 1
1 117 1
78 86 2
9 16 4
5 105 1
59 99 3
55 112 3
49 53 6
9 62 1
101 108 6
22 48 1
52 84 1
87 93 5
2 110 1
42 69 2
48 100 12
9 76 9
69 119 1
11 115 1
69 81 2
53 95 1
71 77 4
19 83 2
24 95 1
3 106 3
2 94 2
107 111 13
29 30 7
35 65 8
59 82 1
44 80 5
87 125 1
17 45 2
102 116 3
72 111 1
48 50 12
38 114 1
22 92 11
19 110 1
98 127 3
30 125 15
70 123 1
43 66 2
18 57 1
80 92 5
9 77 9
18 39 9
7 28 7
14 34 1
77 119 1
93 128 2
60 102 3
67 119 1
20 85 10
68 83 2
23 85 5
83 92 5
8 19 4
25 126 3
89 120 1
30 67 1
25 125 3
10 85 10
5 41 5
9 121 1
71 113 1
33 60 1
70 113 1
8 99 1
97 110 6
6 123 3
2 98 1
42 124 1
40 77 2
35 74 4
37 118 1
57 65 1
40 75 2
112 119 14
1 120 1
86 118 1
78 96 1
45 125 1
16 111 1
49 76 1
15 123 15
11 22 11
3 108 3
14 26 3
7 113 7
29 38 1
93 121 1
6 41 1
98 125 3
53 115 3
70 74 4
29 123 7
53 73 1
61 103 3
13 15 3
47 78 2
21 81 10
100 106 6
4 93 2
44 85 5
74 99 1
14 88 1
21 67 2
110 114 3
27 46 1
31 67 1
2 47 2
75 113 1
76 128 4
52 119 3
118 125 7
75 84 2
7 29 7
96 126 3
24 57 3
49 109 6
33 103 1
22 38 2
1 32 1
19 36 9
24 29 3
74 94 2
53 99 6
68 79 4
105 119 3
55 118 3
31 77 1
53 98 6
4 105 1
11 82 5
74 89 2
50 116 3
60 99 3
11 97 1
18 19 9
23 47 23
90 112 1
36 52 1
47 73 2
51 109 6
9 111 1
20 62 1
76 85 2
62 71 1
71 93 2
1 100 1
8 76 4
13 71 1
60 105 3
55 119 3
70 79 4
95 101 1
62 102 3
55 64 1
48 87 1
8 40 2
114 123 7
41 43 10
103 111 6
100 111 6
40 45 5
8 100 1
54 73 1
23 123 1
42 94 5
43 44 5
26 55 13
53 65 1
65 80 2
37 79 9
16 47 2
44 78 2
5 47 5
8 125 1
49 63 3
26 39 1
61 95 1
101 116 3
63 108 3
65 120 1
98 128 1
73 90 2
28 77 1
19 57 1
32 51 1
111 119 3
89 116 1
4 61 1
34 43 2
45 76 2
73 114 1
112 128 1
6 106 6
73 120 1
35 92 2
31 121 15
34 115 1
121 124 15
46 55 1
73 102 1
56 116 14
33 87 2
2 80 2
114 128 1
59 118 59
90 108 1
7 105 3
34 101 1
50 57 3
58 107 3
82 104 1
54 86 1
15 33 1
46 67 2
64 84 2
90 94 11
69 118 1
25 45 1
22 81 5
24 119 3
109 125 3
3 54 3
8 13 1
28 38 1
73 83 2
20 113 1
3 48 3
36 127 1
1 67 1
10 83 10
73 111 1
108 122 3
38 81 2
28 113 28
76 109 1
42 120 1
39 126 1
61 111 3
67 111 1
12 48 12
27 40 1
13 83 1
2 15 1
23 97 1
1 79 1
119 125 7
51 103 51
17 43 2
10 54 1
3 126 3
24 62 3
15 36 1
57 108 3
25 118 3
64 81 2
64 123 1
90 122 1
48 120 3
29 92 1
4 100 1
22 33 2
42 109 1
57 116 14
5 45 5
12 92 1
74 96 1
79 108 1
48 78 1
31 51 3
43 95 5
15 49 3
42 53 1
19 72 9
27 48 6
28 59 14
8 41 2
27 51 6
21 109 1
23 126 1
40 66 2
57 115 57
47 85 5
24 26 6
112 123 7
81 95 5
7 87 1
82 86 10
1 127 1
101 110 6
69 115 1
81 110 1
13 102 6
115 116 14
100 126 3
44 111 1
11 42 5
17 99 1
51 125 3
35 51 1
24 110 6
59 70 1
28 101 3
13 43 1
16 32 16
16 105 1
43 48 1
101 107 6
70 87 2
62 125 62
16 128 16
35 86 2
54 114 3
29 112 14
44 119 1
99 121 3
6 68 1
30 128 1
56 78 1
39 117 1
62 119 7
94 115 1
32 43 2
26 123 3
38 66 4
57 118 14
57 94 1
17 74 4
36 67 4
5 34 2
83 90 5
57 98 3
12 67 1
54 83 1
26 67 1
13 96 6
17 65 8
67 106 1
12 61 3
21 93 5
94 111 1
74 128 4
67 94 2
7 123 7
64 114 1
62 123 15
45 71 2
4 31 1
52 110 13
20 123 1
36 114 1
30 60 30
28 90 1
84 94 5
12 101 12
26 35 1
97 105 6
28 36 1
38 99 1
44 105 1
88 120 1
44 87 5
3 22 1
44 68 2
28 115 28
12 38 1
80 86 10
30 110 3
14 104 3
11 53 1
99 126 3
17 53 1
45 46 11
12 62 3
44 58 1
55 106 13
116 124 7
123 124 15
61 76 1
21 119 1
26 49 6
86 102 1
40 104 1
21 123 1
25 104 6
116 126 7
94 121 1
3 67 1
48 105 6
90 126 1
57 128 1
20 65 2
23 67 2
4 78 4
89 109 1
5 9 2
27 39 1
6 114 3
3 113 3
32 72 4
4 66 4
1 69 1
117 120 7
58 93 1
40 80 40
63 120 15
3 14 3
77 87 2
50 97 12
35 98 1
40 50 1
25 88 1
32 54 1
35 88 2
44 75 2
60 101 3
24 94 1
62 106 3
78 107 1
49 102 12
12 17 1
93 126 1
61 127 15
10 38 2
47 128 2
19 118 1
21 31 1
92 128 2
78 117 1
16 58 1
71 109 1
35 64 8
62 104 3
40 111 1
90 111 1
25 65 1
7 92 1
5 52 1
27 125 3
88 110 1
107 125 3
33 68 8
14 65 1
88 116 1
5 94 5
39 57 1
11 67 2
38 80 2
9 91 2
16 56 1
65 85 2
37 110 1
41 52 1
24 122 3
48 114 3
57 58 14
113 125 7
93 119 1
16 115 1
73 115 1
64 77 4
115 118 14
87 91 5
27 109 27
81 84 10
24 76 1
42 56 1
68 90 2
29 43 1
22 80 5
80 109 1
124 128 1
116 127 7
62 112 7
18 70 4
27 37 1
20 64 2
94 101 1
41 93 5
37 40 2
23 61 1
32 36 4
40 44 5
68 118 1
100 105 6
17 64 8
51 110 6
104 118 3
1 47 1
81 87 10
8 108 1
22 40 5
77 118 1
27 49 6
2 89 2
29 52 3
109 114 3
53 87 1
74 113 1
49 95 1
20 128 2
14 56 14
1 112 1
91 102 1
20 29 1
10 93 5
94 128 2
1 64 1
10 110 1
1 82 1
27 77 1
6 7 3
39 109 1
41 91 5
4 20 2
3 109 3
64 107 1
41 57 1
66 95 2
4 77 4
87 110 1
47 113 1
20 120 1
15 71 1
12 42 1
40 119 1
65 97 1
22 87 5
32 60 1
17 128 8
10 117 1
17 63 1
39 106 1
30 58 7
21 80 10
45 110 1
65 92 2
35 108 1
62 118 7
11 12 1
10 107 1
67 84 2
1 97 1
24 128 1
43 51 1
77 96 1
31 118 7
3 66 1
34 114 1
50 61 3
1 31 1
81 91 5
38 41 2
92 104 1
94 104 1
19 47 2
71 104 1
28 33 1
5 18 2
81 112 1
76 104 1
21 41 10
3 112 3
32 126 1
97 115 3
52 59 3
102 113 3
15 38 1
69 124 1
28 104 3
46 121 1
66 123 1
61 91 1
97 127 3
118 126 7
8 79 4
49 92 1
71 94 2
68 123 1
31 38 1
12 127 3
30 66 1
59 86 1
21 45 5
15 41 1
7 40 1
87 95 5
10 82 10
3 42 1
11 56 1
3 80 1
8 96 1
25 107 6
21 84 21
70 120 1
11 49 1
14 58 14
17 79 4
56 99 3
22 26 1
51 120 3
28 54 3
10 51 1
79 96 1
29 68 1
47 106 1
23 102 1
22 120 1
51 97 12
26 124 3
8 12 1
1 63 1
73 76 9
55 100 6
1 68 1
