128 4105
2 3 1
2 4 1
2 5 1
6 7 2
6 8 2
6 9 2
10 11 6
10 12 6
10 13 6
14 15 10
14 16 10
14 17 10
18 19 14
18 20 14
18 21 14
22 23 18
22 24 18
22 25 18
26 27 22
26 28 22
26 29 22
30 31 26
30 32 26
30 33 26
34 35 30
34 36 30
34 37 30
38 39 34
38 40 34
38 41 34
42 43 38
42 44 38
42 45 38
46 47 42
46 48 42
46 49 42
50 51 46
50 52 46
50 53 46
54 55 50
54 56 50
54 57 50
58 59 54
58 60 54
58 61 54
62 63 58
62 64 58
62 65 58
66 67 62
66 68 62
66 69 62
70 71 66
70 72 66
70 73 66
74 75 70
74 76 70
74 77 70
78 79 74
78 80 74
78 81 74
82 83 78
82 84 78
82 85 78
86 87 82
86 88 82
86 89 82
90 91 86
90 92 86
90 93 86
94 95 90
94 96 90
94 97 90
98 99 94
98 100 94
98 101 94
102 103 98
102 104 98
102 105 98
106 107 102
106 108 102
106 109 102
110 111 106
110 112 106
110 113 106
114 115 110
114 116 110
114 117 110
118 119 114
118 120 114
118 121 114
122 123 118
122 124 118
122 125 118
126 127 122
126 128 122
3 126 1
4 126 1
5 126 1
7 126 2
8 126 2
9 126 2
11 126 6
12 126 6
13 126 6
15 126 10
16 126 10
17 126 10
19 126 14
20 126 14
21 126 14
23 126 18
24 126 18
25 126 18
27 126 22
28 126 22
29 126 22
31 126 26
32 126 26
33 126 26
35 126 30
36 126 30
37 126 30
39 126 34
40 126 34
41 126 34
43 126 38
44 126 38
45 126 38
47 126 42
48 126 42
49 126 42
51 126 46
52 126 46
53 126 46
55 126 50
56 126 50
57 126 50
59 126 54
60 126 54
61 126 54
63 126 58
64 126 58
65 126 58
67 126 62
68 126 62
69 126 62
71 126 66
72 126 66
73 126 66
75 126 70
76 126 70
77 126 70
79 126 74
80 126 74
81 126 74
83 126 78
84 126 78
85 126 78
87 126 82
88 126 82
89 126 82
91 126 86
92 126 86
93 126 86
95 126 90
96 126 90
97 126 90
99 126 94
100 126 94
101 126 94
103 126 98
104 126 98
105 126 98
107 126 102
108 126 102
109 126 102
111 126 106
112 126 106
113 126 106
115 126 110
116 126 110
117 126 110
119 126 114
120 126 114
121 126 114
123 126 118
124 126 118
125 126 118
1 126 1
6 126 6
14 126 14
22 126 22
30 126 30
38 126 38
46 126 46
54 126 54
62 126 62
70 126 70
78 126 78
86 126 86
94 126 94
102 126 102
110 126 110
118 126 118
15 24 10
43 44 38
6 22 6
6 104 6
96 114 90
106 117 106
94 120 94
98 109 98
43 46 38
7 9 2
10 48 10
6 25 6
91 94 86
115 117 110
127 128 122
120 121 114
43 69 38
80 123 74
108 109 102
30 121 30
2 11 2
10 118 10
28 52 22
55 70 50
47 48 42
21 39 14
35 36 30
31 32 26
11 12 6
24 81 18
7 115 2
33 101 26
83 85 78
10 55 10
35 50 30
28 29 22
60 114 54
23 24 18
1 37 1
10 39 10
44 86 38
7 114 2
119 121 114
70 99 70
26 57 26
1 76 1
107 119 102
109 124 102
5 116 1
96 97 90
30 50 30
2 52 2
93 118 86
89 90 82
54 62 54
22 65 22
6 63 6
76 102 70
30 106 30
91 92 86
10 23 10
77 107 70
77 99 70
64 72 58
61 104 54
38 92 38
8 9 2
26 63 26
107 109 102
49 58 42
99 120 94
90 106 90
57 88 50
52 71 46
1 77 1
36 43 30
48 49 42
121 123 114
66 104 66
6 102 6
43 45 38
77 82 70
10 50 10
80 81 74
50 93 50
83 84 78
106 119 106
10 28 10
1 110 1
24 89 18
30 68 30
32 95 26
91 105 86
115 116 110
56 70 50
27 29 22
35 69 30
1 53 1
72 88 66
83 103 78
19 75 14
105 125 98
23 25 18
27 90 22
21 123 14
73 100 66
39 40 34
39 41 34
67 114 62
14 95 14
97 123 90
71 73 66
10 92 10
14 59 14
124 125 118
6 70 6
44 117 38
117 124 110
47 104 42
3 65 1
24 25 18
62 122 62
37 39 30
4 5 1
3 4 1
56 115 50
103 104 98
18 28 18
79 80 74
84 104 78
70 86 70
51 56 46
36 116 30
62 96 62
10 81 10
6 15 6
46 71 46
24 119 18
94 125 94
84 85 78
9 117 2
32 93 26
103 105 98
99 122 94
50 80 50
42 58 42
80 87 74
97 117 90
26 77 26
6 103 6
46 107 46
100 117 94
22 127 22
63 64 58
88 89 82
62 73 62
113 122 106
10 30 10
15 16 10
58 71 58
2 19 2
1 6 1
2 36 2
92 93 86
7 39 2
111 114 106
10 66 10
63 70 58
26 125 26
47 76 42
96 110 90
53 89 46
18 37 18
105 120 98
96 123 90
42 115 42
36 115 30
86 127 86
38 74 38
112 114 106
8 110 2
46 70 46
97 108 90
121 125 114
6 100 6
47 49 42
68 69 62
84 91 78
65 92 58
30 43 30
26 75 26
95 125 90
2 32 2
42 53 42
54 79 54
2 35 2
1 56 1
6 60 6
70 96 70
7 20 2
95 97 90
37 46 30
17 117 10
124 127 118
20 54 14
11 87 6
15 61 10
27 38 22
71 85 66
6 119 6
35 90 30
111 113 106
40 62 34
107 127 102
22 63 22
41 82 34
40 41 34
24 48 18
2 7 2
38 50 38
60 61 54
50 75 50
20 123 14
34 88 34
83 106 78
11 44 6
44 101 38
27 28 22
5 98 1
100 127 94
60 66 54
1 65 1
76 99 70
45 108 38
6 34 6
23 118 18
72 121 66
53 105 46
24 37 18
62 88 62
12 13 6
22 40 22
57 103 50
52 59 46
1 34 1
67 109 62
50 83 50
12 120 6
117 128 110
68 114 62
78 114 78
83 87 78
123 125 118
18 24 18
19 104 14
20 53 14
7 128 2
7 8 2
2 87 2
50 54 50
44 45 38
65 113 58
102 106 102
5 32 1
2 39 2
11 80 6
23 122 18
1 19 1
1 38 1
112 127 106
17 34 10
41 97 34
81 96 74
84 90 78
75 104 70
21 74 14
51 69 46
30 69 30
47 78 42
30 117 30
73 118 66
73 95 66
66 113 66
59 61 54
83 90 78
64 65 58
43 63 38
8 71 2
2 18 2
9 35 2
82 108 82
92 103 86
75 79 70
59 60 54
7 100 2
26 117 26
1 5 1
1 8 1
26 52 26
18 34 18
1 20 1
83 88 78
57 92 50
43 117 38
72 73 66
74 80 74
18 96 18
105 110 98
119 120 114
76 91 70
13 87 6
99 106 94
104 105 98
73 75 66
26 82 26
22 52 22
67 80 62
58 101 58
51 53 46
87 100 82
1 4 1
107 124 102
104 120 98
57 83 50
42 107 42
2 28 2
99 115 94
56 81 50
38 123 38
25 106 18
6 69 6
39 108 34
34 99 34
88 103 82
113 119 106
6 38 6
95 96 90
10 101 10
65 68 58
3 52 1
87 89 82
40 83 34
78 82 78
14 76 14
6 98 6
43 47 38
33 124 26
15 91 10
25 52 18
10 26 10
1 33 1
22 29 22
123 124 118
23 71 18
63 105 58
26 38 26
82 86 82
96 104 90
65 83 58
2 98 2
18 60 18
34 108 34
38 49 38
17 77 10
45 81 38
3 99 1
79 122 74
51 70 46
40 115 34
30 53 30
58 68 58
63 74 58
5 111 1
100 101 94
19 84 14
75 77 70
39 53 34
91 118 86
39 63 34
75 76 70
16 62 10
68 119 62
79 115 74
66 72 66
34 84 34
125 127 118
67 68 62
100 112 94
20 29 14
32 33 26
9 113 2
39 77 34
15 17 10
67 88 62
120 125 114
104 113 98
74 108 74
1 12 1
68 120 62
72 84 66
10 94 10
53 107 46
86 104 86
26 108 26
50 81 50
34 89 34
4 100 1
79 102 74
58 96 58
3 14 1
76 100 70
42 99 42
31 74 26
48 95 42
2 80 2
3 19 1
14 35 14
18 52 18
34 48 34
1 27 1
107 121 102
33 93 26
52 53 46
1 82 1
48 115 42
49 100 42
66 76 66
7 95 2
99 101 94
6 13 6
47 59 42
2 9 2
10 32 10
111 117 106
45 102 38
57 100 50
65 128 58
16 89 10
2 75 2
51 74 46
7 65 2
55 57 50
18 79 18
71 72 66
46 91 46
72 87 66
124 128 118
42 122 42
83 100 78
2 17 2
36 68 30
39 81 34
42 116 42
112 116 106
107 108 102
63 128 58
89 125 82
4 71 1
22 28 22
79 81 74
55 56 50
22 73 22
2 104 2
112 128 106
116 120 110
34 98 34
2 44 2
87 93 82
3 56 1
31 40 26
80 110 74
96 121 90
61 124 54
1 30 1
60 69 54
56 57 50
42 91 42
105 113 98
5 20 1
62 127 62
47 50 42
50 115 50
112 113 106
13 58 6
1 7 1
83 93 78
30 85 30
2 31 2
6 14 6
30 75 30
60 63 54
33 103 26
22 82 22
25 33 18
119 125 114
20 85 14
8 70 2
56 91 50
85 90 78
5 112 1
19 63 14
1 75 1
18 50 18
2 16 2
58 89 58
6 16 6
30 81 30
12 90 6
31 81 26
75 121 70
26 46 26
1 120 1
4 64 1
22 122 22
18 36 18
76 124 70
4 65 1
34 66 34
46 85 46
13 93 6
10 21 10
66 89 66
101 102 94
99 100 94
95 128 90
52 84 46
71 106 66
76 77 70
19 54 14
95 98 90
41 72 34
1 73 1
115 125 110
24 123 18
50 88 50
18 41 18
14 19 14
111 116 106
66 102 66
43 102 38
116 118 110
19 97 14
65 105 58
74 100 74
2 94 2
108 114 102
5 122 1
77 117 70
60 119 54
120 128 114
35 122 30
3 59 1
2 15 2
73 94 66
58 63 58
3 5 1
91 120 86
20 21 14
14 85 14
1 35 1
68 75 62
78 116 78
99 111 94
41 62 34
70 75 70
111 112 106
14 79 14
18 44 18
10 112 10
87 119 82
73 96 66
20 63 14
48 53 42
31 61 26
58 67 58
80 107 74
13 70 6
86 90 86
93 123 86
18 68 18
35 93 30
58 75 58
26 65 26
46 72 46
70 101 70
123 127 118
50 66 50
90 108 90
11 13 6
38 73 38
28 56 22
19 21 14
4 95 1
19 68 14
29 71 22
42 72 42
86 117 86
9 31 2
79 109 74
119 124 114
24 104 18
33 72 26
2 6 2
42 90 42
20 74 14
81 84 74
30 41 30
10 78 10
110 123 110
77 114 70
32 36 26
13 115 6
54 64 54
40 95 34
2 64 2
25 62 18
44 98 38
87 122 82
96 107 90
12 38 6
10 19 10
82 92 82
108 128 102
17 74 10
1 59 1
67 103 62
22 115 22
13 76 6
31 33 26
25 85 18
85 109 78
31 99 26
53 79 46
21 27 14
23 87 18
61 79 54
42 78 42
32 43 26
49 71 42
83 109 78
62 89 62
42 65 42
111 123 106
116 117 110
35 47 30
72 124 66
103 112 98
38 71 38
35 37 30
26 101 26
27 103 22
32 41 26
24 92 18
2 12 2
62 128 62
16 71 10
1 26 1
62 67 62
1 29 1
23 39 18
60 84 54
73 92 66
39 66 34
121 122 114
97 107 90
54 125 54
70 100 70
73 112 66
30 42 30
16 61 10
90 99 90
80 119 74
18 39 18
78 89 78
13 36 6
36 37 30
87 124 82
16 51 10
73 111 66
51 52 46
9 25 2
79 101 74
33 54 26
75 99 70
26 73 26
76 112 70
52 66 46
18 98 18
26 44 26
17 48 10
47 86 42
100 104 94
1 2 1
10 63 10
8 69 2
91 93 86
14 94 14
77 102 70
2 84 2
113 128 106
59 83 54
1 24 1
61 68 54
35 59 30
70 87 70
108 127 102
83 116 78
47 65 42
14 105 14
30 63 30
62 114 62
30 77 30
6 12 6
23 61 18
14 63 14
94 122 94
10 58 10
47 116 42
16 86 10
1 18 1
90 120 90
16 17 10
26 122 26
92 115 86
97 118 90
19 20 14
42 49 42
2 33 2
82 99 82
16 124 10
22 27 22
11 97 6
94 114 94
85 101 78
35 99 30
104 111 98
8 107 2
42 52 42
42 47 42
42 70 42
57 77 50
63 125 58
115 127 110
44 125 38
121 124 114
63 121 58
10 120 10
30 84 30
39 73 34
38 109 38
66 110 66
6 10 6
5 16 1
10 56 10
35 64 30
10 86 10
34 90 34
1 108 1
4 9 1
34 70 34
2 8 2
41 74 34
12 63 6
35 114 30
79 99 74
94 108 94
11 61 6
36 122 30
8 77 2
85 86 78
5 76 1
16 114 10
6 111 6
91 119 86
10 36 10
46 87 46
95 106 90
44 76 38
16 36 10
71 91 66
98 117 98
6 24 6
1 16 1
14 30 14
74 120 74
7 19 2
61 87 54
37 91 30
42 51 42
89 110 82
1 3 1
56 125 50
21 97 14
18 92 18
46 124 46
83 108 78
1 10 1
99 110 94
90 128 90
116 128 110
42 73 42
46 88 46
43 79 38
20 55 14
63 103 58
73 117 66
99 124 94
62 72 62
22 107 22
39 56 34
26 66 26
87 118 82
117 119 110
10 46 10
14 56 14
5 75 1
71 97 66
55 65 50
113 121 106
41 52 34
7 56 2
86 101 86
10 14 10
13 81 6
94 113 94
60 76 54
77 88 70
92 100 86
6 59 6
81 100 74
78 84 78
64 96 58
66 94 66
71 104 66
1 80 1
44 83 38
22 85 22
6 89 6
28 88 22
47 54 42
26 40 26
68 117 62
61 111 54
84 93 78
14 90 14
115 128 110
1 22 1
6 66 6
46 76 46
99 104 94
18 70 18
30 60 30
54 78 54
17 102 10
48 51 42
89 123 82
23 111 18
22 89 22
73 120 66
38 114 38
87 111 82
8 84 2
42 102 42
51 77 46
10 51 10
50 61 50
22 75 22
75 103 70
3 60 1
121 128 114
2 22 2
6 121 6
27 75 22
52 69 46
27 41 22
27 55 22
26 41 26
9 29 2
13 84 6
16 93 10
14 122 14
19 39 14
2 13 2
54 121 54
22 39 22
12 96 6
53 68 46
17 115 10
34 52 34
25 87 18
104 127 98
93 97 86
6 23 6
24 44 18
59 66 54
36 110 30
18 46 18
119 128 114
33 84 26
2 42 2
51 97 46
77 115 70
56 122 50
31 115 26
62 105 62
8 90 2
63 108 58
2 24 2
75 92 70
20 79 14
66 93 66
12 25 6
35 40 30
30 82 30
50 60 50
58 111 58
35 76 30
18 33 18
6 35 6
13 54 6
21 81 14
84 106 78
12 53 6
73 76 66
1 14 1
52 54 46
115 119 110
98 119 98
67 69 62
20 111 14
54 106 54
39 103 34
10 119 10
65 119 58
57 70 50
69 73 62
32 44 26
41 118 34
10 71 10
14 64 14
50 127 50
18 29 18
105 124 98
6 46 6
104 115 98
27 93 22
26 48 26
61 122 54
52 109 46
73 102 66
1 40 1
62 69 62
8 26 2
59 123 54
83 107 78
68 108 62
63 100 58
63 65 58
57 76 50
74 95 74
22 102 22
10 22 10
26 110 26
80 105 74
6 40 6
38 43 38
97 120 90
36 125 30
33 56 26
66 73 66
4 19 1
13 128 6
41 61 34
120 123 114
22 44 22
70 94 70
28 95 22
97 111 90
87 88 82
37 89 30
72 108 66
16 24 10
31 54 26
2 20 2
54 122 54
84 120 78
52 61 46
93 102 86
23 110 18
38 118 38
57 64 50
2 23 2
26 45 26
88 106 82
125 128 118
13 100 6
34 111 34
106 112 106
7 13 2
94 116 94
69 70 62
10 114 10
6 93 6
78 88 78
45 62 38
10 77 10
9 11 2
90 117 90
23 67 18
50 101 50
60 122 54
82 113 82
65 76 58
12 127 6
10 40 10
99 113 94
12 66 6
53 65 46
9 102 2
14 97 14
62 70 62
78 92 78
1 62 1
34 57 34
52 104 46
28 50 22
82 105 82
64 87 58
26 53 26
45 71 38
57 93 50
22 70 22
10 82 10
2 63 2
68 95 62
47 121 42
73 109 66
89 101 82
36 127 30
17 91 10
24 36 18
35 63 30
1 15 1
111 115 106
103 113 98
2 21 2
55 58 50
53 63 46
109 113 102
6 18 6
105 112 98
9 42 2
39 90 34
4 56 1
14 100 14
22 41 22
81 90 74
23 125 18
79 84 74
57 108 50
85 119 78
14 53 14
36 108 30
22 64 22
30 90 30
48 50 42
28 91 22
94 98 94
25 98 18
46 86 46
6 55 6
25 67 18
6 45 6
26 113 26
90 94 90
2 88 2
3 32 1
52 116 46
47 98 42
76 127 70
70 82 70
31 105 26
71 76 66
45 51 38
64 68 58
22 123 22
6 80 6
58 86 58
110 116 110
89 124 82
20 78 14
112 119 106
68 104 62
26 74 26
60 70 54
54 88 54
10 111 10
22 59 22
54 60 54
86 96 86
22 91 22
93 112 86
10 44 10
109 120 102
37 102 30
4 112 1
9 114 2
6 109 6
115 123 110
46 69 46
19 110 14
10 102 10
85 124 78
28 37 22
11 60 6
22 83 22
53 74 46
57 122 50
16 87 10
109 115 102
3 111 1
45 120 38
76 80 70
1 99 1
46 62 46
84 101 78
6 29 6
17 121 10
77 96 70
65 118 58
48 68 42
30 125 30
10 20 10
6 76 6
10 128 10
7 106 2
64 111 58
6 28 6
90 114 90
54 103 54
26 90 26
40 43 34
51 128 46
70 83 70
53 111 46
76 94 70
56 60 50
44 50 38
72 110 66
1 93 1
5 53 1
42 67 42
88 116 82
26 50 26
16 127 10
51 116 46
45 70 38
100 123 94
13 120 6
8 31 2
60 128 54
11 121 6
19 119 14
6 51 6
82 106 82
41 105 34
50 94 50
38 95 38
19 79 14
60 81 54
2 71 2
105 106 98
31 92 26
6 53 6
1 28 1
71 84 66
5 43 1
65 106 58
9 38 2
80 98 74
57 82 50
3 53 1
20 57 14
59 118 54
50 125 50
8 63 2
108 124 102
120 127 114
36 111 30
13 66 6
78 120 78
106 126 106
81 99 74
50 104 50
71 109 66
25 72 18
62 68 62
4 57 1
18 42 18
6 82 6
1 88 1
44 127 38
62 110 62
112 124 106
9 105 2
12 34 6
2 79 2
8 21 2
90 111 90
51 108 46
46 57 46
42 112 42
6 72 6
54 98 54
14 104 14
6 37 6
23 31 18
14 45 14
66 118 66
38 62 38
91 124 86
9 44 2
101 127 94
30 47 30
17 85 10
78 125 78
104 114 98
94 99 94
74 79 74
41 88 34
14 40 14
72 94 66
2 34 2
10 53 10
17 64 10
70 90 70
31 75 26
81 94 74
69 76 62
8 95 2
14 117 14
27 70 22
40 128 34
99 103 94
44 104 38
87 115 82
18 27 18
43 101 38
123 128 118
71 127 66
47 89 42
46 104 46
76 118 70
54 83 54
104 123 98
6 110 6
74 88 74
18 53 18
68 82 62
57 84 50
52 95 46
4 110 1
59 122 54
14 25 14
69 93 62
77 128 70
18 62 18
82 97 82
30 79 30
53 90 46
39 115 34
31 64 26
22 31 22
100 108 94
110 119 110
18 112 18
31 79 26
110 118 110
42 89 42
102 110 102
84 107 78
120 124 114
113 116 106
36 121 30
22 42 22
40 111 34
86 91 86
1 78 1
75 84 70
103 109 98
53 102 46
46 50 46
1 9 1
56 99 50
9 123 2
85 91 78
101 128 94
54 108 54
11 120 6
30 101 30
30 48 30
110 122 110
89 128 82
1 90 1
50 112 50
27 121 22
8 28 2
104 125 98
26 93 26
85 93 78
7 94 2
119 123 114
115 124 110
25 77 18
10 24 10
37 100 30
1 84 1
41 83 34
35 103 30
58 88 58
60 83 54
21 53 14
89 97 82
37 123 30
20 114 14
54 70 54
92 105 86
34 104 34
6 107 6
14 51 14
78 104 78
18 77 18
31 116 26
16 42 10
19 28 14
14 89 14
3 21 1
36 70 30
82 109 82
2 10 2
38 122 38
18 63 18
18 59 18
47 123 42
68 128 62
51 99 46
6 20 6
88 102 82
22 87 22
73 125 66
75 113 70
66 83 66
34 43 34
30 34 30
63 94 58
8 99 2
22 33 22
112 118 106
1 25 1
23 59 18
78 110 78
68 122 62
42 66 42
65 73 58
59 67 54
18 67 18
11 90 6
18 30 18
92 122 86
23 51 18
46 122 46
74 111 74
25 46 18
111 125 106
30 74 30
69 88 62
80 89 74
55 75 50
14 60 14
65 117 58
109 117 102
26 78 26
30 89 30
113 115 106
34 107 34
26 92 26
99 119 94
99 102 94
7 104 2
42 120 42
72 115 66
5 119 1
45 123 38
14 52 14
7 42 2
1 21 1
69 122 62
29 57 22
92 121 86
1 11 1
84 114 78
47 84 42
84 92 78
64 89 58
37 40 30
36 56 30
1 49 1
46 120 46
45 59 38
16 119 10
95 121 90
7 75 2
72 74 66
10 31 10
80 97 74
1 114 1
11 45 6
97 105 90
10 70 10
97 114 90
12 95 6
49 116 42
3 17 1
19 58 14
1 41 1
65 79 58
18 91 18
62 97 62
90 101 90
39 55 34
1 13 1
122 127 122
89 114 82
36 39 30
100 105 94
99 109 94
53 78 46
10 17 10
79 87 74
94 123 94
16 32 10
45 96 38
37 103 30
90 103 90
26 30 26
15 121 10
17 37 10
4 8 1
49 107 42
63 67 58
14 74 14
10 113 10
58 122 58
44 74 38
19 107 14
39 96 34
18 80 18
40 118 34
59 84 54
45 104 38
5 92 1
3 120 1
10 83 10
53 104 46
9 64 2
51 73 46
37 119 30
36 88 30
4 55 1
30 105 30
12 123 6
49 52 42
5 65 1
23 54 18
6 85 6
66 126 66
48 89 42
52 101 46
28 65 22
7 59 2
24 116 18
2 67 2
75 127 70
81 128 74
34 42 34
80 115 74
28 59 22
109 110 102
19 69 14
86 97 86
60 78 54
77 93 70
104 119 98
93 103 86
49 77 42
113 117 106
32 105 26
5 13 1
89 119 82
2 107 2
30 112 30
22 49 22
48 57 42
10 15 10
103 124 98
10 117 10
29 121 22
64 94 58
20 99 14
5 99 1
34 96 34
39 58 34
87 109 82
18 23 18
92 118 86
91 116 86
6 78 6
82 122 82
45 88 38
116 119 110
50 69 50
96 127 90
66 106 66
7 90 2
24 26 18
24 51 18
75 98 70
15 22 10
37 73 30
67 71 62
45 69 38
6 115 6
9 10 2
20 121 14
36 77 30
84 111 78
8 67 2
25 34 18
49 104 42
43 91 38
36 102 30
74 118 74
11 15 6
86 100 86
45 53 38
32 81 26
30 87 30
62 101 62
83 96 78
122 128 122
64 83 58
72 78 66
32 77 26
101 111 94
17 106 10
3 69 1
100 102 94
58 99 58
110 124 110
65 80 58
74 89 74
15 66 10
114 128 114
77 119 70
2 53 2
10 122 10
92 119 86
50 55 50
14 69 14
84 113 78
9 100 2
65 82 58
92 112 86
15 42 10
30 35 30
76 79 70
54 111 54
63 82 58
38 61 38
6 73 6
57 112 50
17 97 10
5 59 1
22 35 22
100 116 94
30 128 30
4 89 1
7 76 2
111 124 106
53 84 46
62 123 62
34 80 34
52 112 46
24 59 18
77 90 70
13 73 6
22 47 22
62 76 62
98 110 98
36 76 30
1 17 1
83 124 78
68 106 62
66 80 66
52 72 46
70 118 70
59 121 54
39 76 34
93 110 86
121 127 114
78 90 78
15 39 10
23 121 18
82 128 82
47 127 42
28 86 22
50 56 50
43 77 38
51 110 46
86 119 86
14 29 14
61 63 54
40 78 34
76 105 70
17 31 10
1 71 1
33 68 26
35 119 30
7 69 2
97 121 90
28 93 22
21 114 14
7 73 2
10 105 10
67 107 62
100 115 94
10 54 10
1 23 1
73 105 66
23 56 18
4 33 1
26 54 26
58 73 58
68 92 62
34 119 34
10 65 10
74 78 74
1 86 1
54 82 54
105 109 98
57 113 50
68 86 62
98 103 98
23 112 18
72 93 66
56 109 50
34 44 34
66 96 66
66 77 66
47 112 42
18 86 18
97 127 90
53 81 46
70 127 70
56 116 50
64 76 58
35 53 30
34 68 34
7 86 2
47 96 42
30 44 30
19 121 14
21 79 14
99 123 94
70 106 70
49 112 42
2 60 2
4 117 1
26 81 26
1 104 1
74 97 74
85 127 78
30 104 30
15 94 10
14 34 14
66 90 66
65 100 58
18 107 18
33 57 26
6 79 6
27 47 22
41 113 34
14 84 14
62 121 62
44 102 38
30 124 30
103 128 98
111 128 106
78 113 78
30 45 30
24 52 18
48 112 42
31 67 26
74 114 74
14 37 14
81 108 74
17 124 10
10 67 10
28 44 22
11 68 6
30 52 30
1 121 1
49 54 42
11 89 6
31 39 26
10 99 10
2 48 2
15 58 10
84 105 78
19 105 14
95 104 90
7 96 2
32 110 26
114 126 114
34 101 34
8 66 2
40 57 34
103 118 98
70 109 70
41 56 34
70 88 70
14 83 14
97 112 90
46 81 46
45 121 38
40 107 34
13 97 6
46 78 46
42 54 42
18 26 18
12 67 6
7 97 2
5 87 1
24 91 18
6 113 6
59 119 54
49 105 42
42 86 42
22 108 22
85 96 78
4 44 1
59 95 54
55 64 50
46 96 46
6 11 6
119 127 114
32 85 26
52 86 46
6 75 6
104 118 98
41 55 34
41 112 34
1 69 1
48 66 42
48 98 42
50 74 50
20 81 14
27 117 22
9 33 2
23 72 18
18 101 18
22 100 22
16 123 10
68 118 62
10 57 10
35 79 30
55 96 50
17 36 10
15 67 10
18 45 18
18 103 18
95 110 90
10 89 10
9 124 2
91 128 86
24 100 18
89 104 82
46 74 46
38 77 38
65 88 58
39 120 34
6 17 6
5 79 1
6 67 6
45 89 38
14 86 14
42 109 42
6 48 6
62 80 62
61 75 54
49 120 42
95 120 90
104 122 98
14 32 14
22 88 22
38 88 38
38 89 38
54 105 54
8 94 2
57 60 50
46 123 46
12 93 6
14 109 14
113 127 106
22 109 22
29 128 22
68 83 62
19 94 14
12 52 6
16 30 10
94 112 94
48 88 42
10 121 10
7 29 2
14 119 14
89 91 82
33 110 26
41 71 34
43 119 38
77 124 70
86 95 86
44 99 38
71 110 66
115 122 110
19 40 14
45 95 38
50 59 50
58 72 58
6 49 6
75 87 70
12 79 6
74 81 74
21 103 14
19 46 14
120 122 114
19 109 14
76 119 70
83 112 78
1 97 1
15 77 10
4 31 1
14 72 14
89 95 82
77 113 70
109 114 102
50 57 50
43 65 38
2 100 2
18 40 18
22 45 22
15 96 10
85 89 78
9 59 2
3 29 1
7 82 2
58 106 58
45 119 38
86 123 86
39 79 34
1 45 1
7 77 2
5 33 1
10 25 10
20 41 14
70 91 70
30 91 30
107 111 102
23 42 18
61 77 54
80 103 74
14 38 14
17 90 10
37 78 30
110 125 110
13 27 6
30 108 30
108 115 102
9 112 2
50 98 50
16 78 10
44 49 38
26 56 26
37 117 30
69 80 62
45 82 38
19 102 14
1 58 1
41 68 34
42 105 42
56 63 50
41 57 34
80 122 74
37 75 30
93 114 86
17 82 10
11 79 6
18 100 18
14 114 14
63 115 58
29 99 22
14 20 14
18 66 18
30 54 30
9 106 2
46 89 46
8 22 2
6 30 6
17 114 10
34 54 34
37 112 30
50 67 50
14 33 14
26 35 26
100 119 94
100 110 94
91 109 86
7 74 2
9 73 2
12 128 6
5 127 1
105 122 98
40 117 34
3 13 1
21 63 14
34 91 34
21 105 14
77 127 70
10 96 10
10 41 10
42 108 42
92 95 86
54 75 54
8 109 2
10 73 10
16 53 10
37 41 30
64 122 58
20 73 14
1 61 1
27 97 22
33 119 26
75 110 70
49 72 42
95 111 90
6 41 6
5 61 1
2 110 2
62 91 62
37 49 30
17 119 10
58 118 58
93 99 86
18 83 18
37 88 30
102 125 102
92 98 86
90 118 90
41 119 34
8 38 2
101 115 94
98 125 98
68 105 62
25 81 18
25 108 18
50 78 50
73 91 66
5 63 1
58 97 58
19 27 14
87 105 82
50 71 50
8 64 2
1 89 1
26 51 26
93 107 86
13 31 6
13 102 6
14 21 14
57 106 50
15 111 10
65 108 58
86 116 86
14 24 14
72 99 66
49 89 42
22 50 22
107 116 102
61 105 54
82 124 82
11 26 6
28 73 22
34 39 34
81 117 74
24 68 18
14 23 14
54 119 54
96 122 90
108 123 102
27 42 22
15 38 10
45 97 38
74 128 74
116 121 110
5 44 1
30 93 30
24 79 18
46 101 46
2 92 2
52 73 46
6 27 6
14 42 14
40 86 34
45 75 38
29 50 22
65 112 58
1 98 1
28 48 22
60 110 54
18 73 18
100 114 94
107 123 102
52 91 46
38 66 38
82 101 82
60 93 54
23 37 18
21 65 14
22 98 22
26 33 26
3 18 1
24 124 18
5 114 1
82 87 82
48 83 42
17 92 10
35 83 30
47 66 42
27 71 22
20 65 14
64 80 58
71 102 66
48 119 42
44 105 38
73 119 66
88 120 82
1 46 1
29 97 22
58 102 58
100 107 94
48 52 42
25 83 18
94 105 94
91 110 86
38 48 38
4 29 1
54 93 54
16 122 10
26 86 26
10 43 10
106 120 106
90 109 90
38 42 38
26 115 26
109 123 102
46 110 46
10 45 10
63 106 58
114 121 114
31 110 26
59 70 54
15 46 10
80 128 74
61 93 54
113 125 106
31 36 26
5 9 1
9 128 2
63 75 58
82 115 82
1 128 1
35 54 30
78 83 78
25 68 18
82 89 82
3 90 1
48 91 42
66 116 66
84 95 78
11 34 6
22 112 22
90 124 90
3 96 1
32 87 26
106 122 106
89 118 82
62 75 62
6 106 6
52 87 46
59 117 54
66 99 66
39 97 34
58 66 58
98 107 98
101 117 94
60 86 54
44 80 38
12 71 6
60 109 54
11 38 6
53 103 46
55 87 50
91 127 86
90 104 90
6 92 6
39 59 34
70 89 70
17 80 10
42 124 42
85 111 78
54 99 54
64 88 58
29 51 22
58 93 58
9 127 2
23 33 18
79 128 74
62 85 62
13 37 6
99 128 94
36 120 30
43 104 38
92 106 86
12 26 6
105 121 98
11 35 6
49 82 42
75 82 70
5 31 1
30 102 30
82 119 82
15 116 10
27 85 22
86 102 86
70 81 70
75 108 70
35 74 30
46 125 46
84 89 78
39 125 34
50 116 50
49 127 42
32 96 26
35 105 30
15 35 10
42 123 42
2 47 2
34 60 34
88 121 82
30 62 30
84 116 78
89 109 82
84 97 78
81 121 74
29 67 22
35 112 30
26 72 26
61 86 54
55 100 50
67 87 62
42 84 42
85 122 78
51 81 46
42 128 42
34 38 34
109 111 102
7 118 2
53 114 46
64 77 58
81 92 74
66 123 66
23 82 18
76 97 70
98 118 98
69 109 62
48 58 42
64 118 58
35 52 30
42 79 42
47 117 42
55 121 50
13 49 6
74 83 74
14 103 14
10 90 10
61 65 54
116 125 110
68 93 62
50 121 50
32 72 26
18 22 18
15 79 10
71 99 66
83 101 78
43 56 38
97 113 90
4 32 1
37 69 30
32 47 26
81 120 74
38 125 38
117 122 110
105 108 98
3 45 1
32 66 26
64 119 58
13 45 6
67 99 62
22 60 22
15 114 10
91 96 86
38 63 38
25 116 18
19 128 14
12 15 6
27 128 22
85 102 78
6 44 6
12 74 6
38 56 38
24 121 18
23 117 18
112 125 106
18 122 18
69 71 62
35 85 30
7 51 2
38 84 38
34 97 34
52 79 46
101 106 94
32 83 26
6 33 6
39 112 34
117 121 110
43 123 38
8 40 2
54 101 54
50 70 50
79 100 74
29 80 22
94 101 94
44 59 38
77 80 70
3 66 1
25 124 18
38 68 38
43 85 38
15 83 10
10 35 10
74 99 74
41 42 34
5 41 1
26 37 26
80 124 74
24 71 18
1 42 1
80 93 74
32 112 26
60 89 54
8 101 2
64 100 58
90 97 90
41 104 34
70 76 70
21 115 14
55 102 50
39 62 34
7 67 2
11 22 6
71 118 66
30 76 30
65 85 58
69 121 62
86 113 86
56 124 50
27 54 22
15 104 10
14 26 14
69 74 62
18 78 18
2 38 2
8 81 2
30 49 30
73 90 66
11 102 6
27 33 22
108 112 102
76 98 70
14 96 14
31 84 26
41 51 34
17 22 10
53 55 46
30 114 30
37 56 30
64 128 58
41 103 34
38 51 38
43 108 38
21 58 14
46 55 46
32 88 26
90 107 90
75 125 70
10 93 10
28 76 22
43 71 38
6 118 6
112 123 106
22 93 22
88 111 82
67 78 62
24 93 18
29 104 22
31 48 26
62 66 62
43 84 38
51 105 46
5 36 1
87 113 82
68 110 62
64 117 58
6 50 6
66 103 66
96 118 90
77 125 70
34 127 34
10 16 10
25 29 18
72 116 66
56 84 50
10 124 10
2 45 2
6 36 6
4 116 1
62 103 62
21 90 14
54 84 54
37 44 30
64 105 58
54 63 54
41 45 34
13 74 6
74 84 74
33 80 26
52 114 46
2 26 2
21 51 14
63 87 58
48 56 42
7 91 2
41 84 34
68 90 62
14 46 14
44 62 38
1 125 1
22 117 22
42 74 42
104 116 98
51 123 46
33 121 26
34 40 34
11 115 6
117 118 110
60 101 54
42 80 42
42 93 42
74 102 74
40 77 34
40 52 34
90 113 90
44 47 38
23 44 18
34 110 34
61 95 54
87 96 82
43 57 38
55 74 50
54 96 54
12 76 6
5 40 1
70 123 70
77 92 70
16 39 10
24 109 18
31 87 26
116 122 110
84 108 78
70 108 70
58 120 58
93 113 86
13 29 6
6 91 6
72 104 66
56 118 50
1 81 1
3 43 1
64 104 58
31 125 26
88 118 82
38 60 38
83 111 78
32 76 26
42 101 42
54 94 54
111 121 106
12 100 6
17 43 10
31 52 26
88 98 82
13 71 6
83 121 78
60 98 54
60 105 54
5 12 1
26 83 26
18 38 18
107 122 102
8 102 2
39 54 34
79 83 74
57 73 50
18 82 18
34 122 34
114 127 114
69 124 62
18 64 18
60 96 54
10 72 10
67 89 62
87 90 82
88 105 82
23 98 18
69 111 62
12 118 6
11 41 6
15 32 10
60 94 54
14 61 14
28 120 22
48 92 42
19 55 14
11 122 6
33 98 26
16 79 10
51 113 46
48 118 42
49 55 42
85 118 78
21 73 14
29 127 22
30 122 30
82 111 82
10 47 10
71 78 66
71 120 66
21 22 14
105 117 98
69 96 62
22 114 22
32 98 26
34 112 34
24 77 18
44 92 38
42 114 42
26 119 26
6 125 6
68 87 62
27 102 22
101 122 94
67 74 62
29 59 22
30 58 30
31 121 26
74 85 74
40 93 34
76 93 70
57 72 50
11 52 6
12 24 6
26 102 26
60 100 54
9 76 2
14 121 14
50 89 50
34 64 34
14 18 14
42 56 42
75 123 70
76 81 70
27 43 22
69 86 62
42 96 42
58 69 58
81 89 74
6 57 6
18 61 18
39 118 34
24 35 18
18 127 18
14 128 14
18 72 18
80 85 74
11 40 6
54 86 54
46 58 46
73 124 66
6 74 6
12 103 6
111 119 106
74 113 74
81 114 74
23 63 18
40 105 34
59 103 54
65 90 58
61 73 54
15 80 10
6 61 6
37 121 30
12 27 6
49 79 42
83 122 78
32 119 26
20 70 14
20 48 14
14 28 14
21 29 14
103 125 98
73 84 66
30 55 30
21 54 14
50 126 50
47 77 42
14 41 14
47 120 42
74 87 74
28 60 22
92 111 86
116 124 110
36 61 30
46 79 46
11 16 6
17 63 10
54 69 54
25 40 18
22 56 22
2 58 2
35 110 30
72 105 66
38 80 38
24 85 18
95 102 90
39 71 34
64 90 58
59 85 54
28 33 22
54 67 54
84 109 78
19 101 14
93 119 86
3 121 1
68 124 62
46 119 46
27 50 22
14 71 14
87 127 82
48 111 42
23 64 18
82 127 82
37 61 30
73 97 66
56 78 50
31 97 26
113 120 106
66 108 66
22 37 22
104 121 98
45 106 38
26 80 26
89 116 82
2 115 2
43 54 38
38 103 38
88 95 82
59 63 54
114 124 114
20 47 14
8 87 2
55 62 50
30 88 30
91 113 86
43 114 38
22 94 22
71 113 66
58 87 58
94 124 94
37 71 30
88 108 82
19 71 14
43 75 38
71 74 66
101 123 94
55 111 50
10 34 10
33 83 26
12 64 6
26 64 26
58 62 58
49 119 42
16 45 10
51 83 46
1 103 1
70 115 70
67 123 62
32 100 26
26 69 26
32 56 26
36 72 30
41 78 34
23 81 18
61 83 54
91 123 86
26 59 26
1 70 1
18 125 18
50 97 50
86 99 86
65 109 58
88 110 82
39 88 34
2 109 2
14 67 14
103 106 98
3 109 1
22 61 22
31 44 26
69 95 62
1 39 1
24 120 18
66 112 66
45 58 38
109 119 102
18 126 18
70 125 70
78 91 78
97 100 90
16 95 10
74 123 74
99 125 94
54 81 54
68 99 62
74 98 74
14 47 14
15 85 10
46 98 46
90 110 90
54 117 54
77 84 70
5 113 1
38 110 38
28 107 22
63 85 58
42 48 42
2 69 2
28 51 22
71 82 66
3 38 1
69 102 62
62 125 62
22 105 22
78 106 78
64 95 58
113 124 106
19 124 14
2 30 2
8 35 2
13 107 6
36 99 30
3 10 1
65 123 58
56 64 50
1 102 1
7 120 2
42 71 42
60 116 54
14 93 14
56 62 50
6 19 6
48 110 42
25 89 18
108 118 102
39 72 34
80 102 74
21 57 14
33 115 26
70 97 70
40 42 34
20 52 14
67 70 62
78 93 78
62 71 62
47 52 42
2 61 2
7 79 2
12 40 6
10 125 10
12 78 6
55 82 50
103 107 98
50 108 50
63 79 58
76 92 70
100 118 94
110 114 110
40 49 34
19 100 14
58 82 58
79 98 74
15 53 10
48 104 42
56 72 50
3 107 1
35 70 30
25 30 18
49 80 42
2 70 2
41 48 34
1 68 1
18 93 18
12 98 6
78 122 78
28 87 22
62 94 62
21 61 14
45 115 38
104 109 98
10 79 10
79 97 74
64 92 58
89 94 82
6 31 6
14 120 14
24 32 18
22 72 22
42 50 42
21 106 14
56 102 50
81 107 74
6 39 6
45 63 38
20 28 14
56 59 50
35 101 30
107 117 102
108 110 102
30 51 30
72 128 66
19 31 14
86 107 86
94 117 94
46 94 46
93 116 86
9 53 2
2 85 2
107 120 102
46 127 46
15 63 10
85 112 78
7 62 2
22 92 22
91 102 86
7 99 2
50 58 50
67 108 62
98 106 98
112 117 106
56 108 50
107 110 102
27 95 22
41 95 34
33 128 26
50 64 50
24 105 18
38 53 38
43 99 38
18 106 18
36 57 30
46 63 46
13 123 6
37 118 30
22 86 22
75 120 70
53 86 46
87 114 82
81 115 74
18 124 18
7 84 2
58 74 58
51 79 46
11 14 6
108 116 102
90 96 90
31 101 26
71 87 66
78 121 78
52 115 46
80 127 74
43 127 38
28 31 22
27 72 22
82 102 82
75 78 70
22 113 22
2 43 2
26 85 26
2 90 2
50 65 50
16 28 10
33 117 26
10 59 10
11 103 6
21 104 14
1 100 1
20 120 14
28 42 22
77 100 70
26 31 26
32 42 26
70 113 70
46 83 46
111 118 106
22 69 22
39 61 34
52 121 46
51 106 46
7 117 2
55 118 50
30 110 30
81 122 74
15 52 10
31 42 26
40 45 34
32 123 26
51 98 46
78 108 78
62 87 62
45 84 38
3 40 1
37 80 30
73 81 66
34 82 34
27 69 22
51 95 46
17 57 10
65 99 58
66 100 66
10 33 10
80 113 74
39 106 34
67 102 62
70 103 70
101 109 94
15 56 10
49 86 42
54 97 54
61 101 54
46 65 46
18 88 18
67 112 62
18 118 18
77 97 70
36 38 30
115 121 110
38 115 38
8 86 2
68 101 62
36 45 30
7 24 2
26 103 26
81 101 74
26 105 26
6 123 6
69 98 62
50 122 50
10 109 10
71 94 66
55 73 50
71 101 66
12 46 6
76 101 70
90 123 90
85 88 78
12 43 6
69 72 62
59 80 54
1 32 1
54 91 54
57 94 50
16 105 10
13 26 6
22 26 22
109 122 102
90 116 90
35 100 30
71 125 66
40 75 34
17 84 10
29 88 22
33 53 26
20 89 14
80 108 74
63 83 58
99 108 94
11 46 6
54 95 54
16 38 10
50 92 50
28 123 22
19 125 14
6 21 6
39 70 34
1 50 1
10 18 10
1 44 1
35 65 30
4 61 1
34 49 34
18 71 18
16 103 10
91 107 86
41 89 34
93 120 86
74 106 74
12 39 6
14 80 14
20 109 14
43 67 38
34 95 34
6 90 6
91 101 86
41 93 34
47 58 42
22 95 22
19 116 14
88 96 82
72 114 66
58 117 58
25 32 18
42 121 42
34 123 34
88 90 82
24 39 18
7 44 2
16 75 10
50 103 50
89 120 82
62 106 62
112 122 106
21 111 14
48 124 42
21 95 14
75 86 70
50 95 50
71 86 66
53 112 46
15 18 10
15 118 10
6 68 6
26 32 26
27 110 22
63 123 58
61 89 54
84 125 78
30 70 30
47 71 42
2 62 2
4 106 1
10 37 10
30 59 30
83 117 78
41 111 34
23 48 18
118 124 118
50 72 50
7 87 2
21 44 14
103 122 98
10 95 10
26 96 26
49 106 42
41 96 34
106 124 106
31 85 26
30 127 30
44 90 38
21 66 14
35 118 30
24 47 18
90 105 90
54 107 54
76 108 70
42 85 42
3 116 1
43 64 38
36 42 30
100 113 94
39 46 34
30 80 30
39 109 34
75 97 70
12 16 6
61 85 54
43 128 38
71 123 66
2 27 2
17 125 10
20 87 14
54 66 54
87 110 82
99 116 94
8 13 2
74 103 74
18 95 18
34 58 34
42 76 42
52 93 46
1 66 1
18 49 18
82 118 82
26 87 26
97 116 90
2 14 2
34 74 34
102 116 102
5 84 1
84 121 78
49 73 42
45 98 38
102 115 102
76 120 70
4 37 1
24 125 18
59 76 54
94 109 94
19 112 14
78 102 78
46 100 46
20 27 14
48 76 42
12 23 6
5 56 1
50 84 50
7 60 2
35 98 30
56 98 50
97 109 90
8 30 2
55 78 50
21 98 14
6 101 6
65 69 58
13 125 6
39 51 34
10 87 10
11 48 6
63 114 58
19 78 14
18 110 18
98 104 98
21 122 14
47 115 42
101 108 94
29 76 22
14 73 14
85 87 78
68 123 62
10 75 10
72 112 66
95 118 90
62 112 62
68 72 62
14 112 14
87 117 82
83 97 78
43 81 38
52 70 46
46 95 46
71 115 66
95 113 90
12 97 6
108 121 102
39 68 34
30 61 30
18 102 18
36 112 30
81 119 74
28 100 22
117 120 110
37 79 30
63 109 58
10 108 10
109 121 102
29 74 22
4 35 1
35 116 30
33 94 26
101 119 94
74 90 74
82 123 82
28 71 22
55 108 50
92 99 86
90 121 90
59 62 54
15 128 10
14 88 14
62 81 62
33 88 26
24 34 18
58 65 58
42 98 42
58 126 58
26 43 26
20 66 14
43 59 38
77 109 70
102 107 102
47 100 42
44 112 38
3 50 1
7 83 2
17 24 10
30 38 30
81 105 74
72 113 66
30 123 30
10 127 10
41 99 34
17 73 10
9 78 2
13 61 6
23 70 18
8 19 2
13 98 6
59 71 54
104 108 98
38 78 38
89 106 82
98 127 98
66 105 66
49 122 42
2 83 2
39 83 34
30 36 30
94 119 94
8 14 2
58 103 58
5 123 1
16 41 10
110 127 110
53 71 46
66 120 66
41 76 34
16 82 10
14 115 14
34 125 34
50 76 50
60 65 54
115 120 110
23 105 18
81 112 74
2 112 2
88 91 82
46 121 46
23 34 18
26 42 26
26 120 26
99 117 94
53 69 46
32 46 26
18 32 18
3 39 1
64 103 58
22 67 22
30 56 30
65 127 58
75 112 70
32 75 26
100 121 94
28 72 22
18 56 18
22 58 22
37 43 30
7 38 2
37 107 30
108 119 102
5 103 1
69 113 62
80 99 74
52 106 46
7 123 2
58 70 58
62 86 62
22 34 22
49 96 42
66 128 66
89 93 82
33 43 26
92 125 86
59 120 54
30 71 30
29 114 22
7 50 2
1 55 1
8 68 2
77 101 70
25 38 18
57 75 50
39 87 34
15 69 10
23 55 18
29 111 22
52 67 46
3 36 1
1 60 1
84 94 78
58 114 58
55 85 50
1 83 1
98 124 98
57 99 50
63 116 58
32 58 26
68 89 62
9 125 2
2 59 2
34 86 34
103 120 98
76 89 70
45 77 38
6 47 6
53 117 46
5 8 1
82 117 82
22 46 22
97 104 90
63 99 58
2 78 2
39 75 34
5 35 1
41 92 34
21 49 14
31 46 26
16 68 10
50 79 50
78 100 78
103 108 98
65 95 58
71 111 66
51 78 46
55 92 50
60 72 54
67 119 62
45 50 38
70 116 70
76 121 70
2 51 2
11 124 6
47 97 42
86 121 86
92 123 86
79 85 74
96 108 90
26 39 26
19 96 14
14 36 14
100 120 94
52 103 46
7 125 2
16 121 10
42 61 42
62 79 62
43 115 38
14 39 14
33 106 26
3 89 1
71 75 66
28 102 22
26 60 26
32 73 26
38 57 38
62 90 62
60 104 54
10 42 10
58 77 58
5 74 1
86 120 86
61 114 54
25 42 18
55 101 50
56 94 50
35 45 30
5 101 1
61 84 54
31 49 26
72 98 66
26 109 26
14 87 14
66 97 66
60 90 54
58 110 58
36 41 30
21 84 14
22 36 22
42 95 42
48 74 42
29 31 22
89 98 82
23 69 18
85 106 78
32 89 26
93 121 86
30 65 30
54 89 54
42 104 42
21 110 14
89 115 82
10 49 10
25 109 18
109 127 102
43 109 38
1 54 1
7 116 2
44 119 38
20 71 14
64 121 58
53 60 46
7 49 2
12 59 6
5 49 1
3 47 1
19 51 14
24 30 18
34 120 34
14 91 14
56 95 50
30 72 30
14 81 14
38 54 38
29 73 22
65 78 58
11 110 6
46 103 46
75 81 70
33 60 26
96 124 90
75 107 70
49 124 42
49 108 42
53 101 46
85 123 78
50 63 50
10 85 10
32 82 26
3 118 1
29 85 22
105 115 98
19 89 14
75 83 70
17 69 10
31 43 26
43 49 38
48 87 42
6 96 6
32 106 26
16 70 10
42 62 42
14 27 14
22 81 22
50 105 50
18 57 18
3 54 1
68 121 62
60 113 54
27 62 22
69 89 62
46 61 46
79 108 74
29 69 22
41 70 34
11 86 6
93 101 86
46 75 46
78 115 78
45 60 38
44 64 38
6 95 6
55 116 50
33 39 26
44 85 38
54 77 54
12 44 6
48 55 42
1 63 1
49 56 42
23 102 18
90 126 90
79 118 74
2 86 2
1 95 1
60 108 54
71 122 66
3 25 1
19 61 14
20 77 14
50 107 50
22 53 22
64 75 58
61 107 54
99 112 94
55 76 50
113 118 106
49 85 42
24 94 18
48 96 42
106 118 106
8 54 2
31 66 26
117 127 110
40 109 34
32 127 26
62 118 62
48 73 42
100 109 94
29 60 22
42 68 42
67 94 62
73 93 66
6 112 6
24 127 18
1 36 1
23 66 18
56 123 50
14 70 14
35 56 30
10 103 10
47 51 42
9 40 2
91 121 86
15 49 10
18 65 18
18 48 18
2 93 2
43 105 38
7 21 2
43 70 38
20 22 14
83 113 78
8 76 2
48 64 42
48 86 42
77 108 70
41 69 34
14 65 14
44 82 38
114 120 114
20 88 14
18 47 18
61 71 54
38 59 38
77 89 70
17 120 10
94 121 94
4 43 1
1 92 1
75 101 70
55 128 50
46 99 46
53 87 46
57 105 50
66 79 66
59 69 54
88 119 82
35 62 30
65 91 58
69 117 62
24 65 18
89 92 82
27 37 22
38 101 38
78 99 78
4 59 1
62 117 62
33 73 26
16 25 10
106 116 106
10 97 10
57 127 50
48 61 42
36 64 30
36 118 30
33 95 26
32 107 26
20 113 14
105 116 98
44 61 38
33 89 26
77 79 70
70 84 70
36 66 30
10 38 10
88 99 82
33 50 26
74 116 74
26 116 26
47 92 42
39 80 34
72 96 66
59 109 54
9 41 2
4 39 1
92 107 86
23 100 18
26 128 26
36 101 30
2 37 2
29 75 22
15 30 10
9 17 2
12 77 6
66 107 66
52 63 46
12 124 6
62 98 62
13 95 6
47 64 42
36 89 30
44 84 38
20 119 14
75 95 70
2 119 2
98 126 98
28 49 22
15 45 10
70 112 70
80 100 74
61 62 54
10 104 10
95 99 90
46 113 46
68 81 62
53 82 46
45 54 38
58 79 58
18 84 18
9 69 2
11 81 6
83 114 78
17 67 10
92 94 86
59 92 54
66 87 66
2 77 2
48 78 42
51 61 46
68 112 62
46 77 46
36 85 30
14 113 14
5 104 1
46 111 46
54 85 54
48 101 42
36 69 30
4 30 1
68 76 62
26 79 26
105 123 98
103 116 98
42 126 42
65 87 58
100 106 94
22 77 22
15 65 10
59 87 54
35 120 30
32 34 26
70 78 70
80 95 74
118 123 118
36 47 30
11 29 6
14 50 14
32 101 26
92 127 86
14 118 14
29 43 22
17 94 10
106 125 106
58 104 58
47 62 42
99 121 94
2 68 2
17 100 10
62 108 62
22 51 22
23 127 18
64 70 58
2 103 2
44 97 38
4 119 1
59 73 54
2 123 2
93 115 86
15 36 10
36 53 30
4 101 1
5 30 1
43 82 38
4 124 1
38 45 38
44 120 38
65 96 58
2 41 2
92 124 86
41 127 34
78 98 78
56 73 50
44 88 38
96 115 90
35 89 30
43 80 38
26 47 26
77 83 70
15 48 10
26 58 26
30 115 30
44 79 38
55 107 50
49 74 42
75 88 70
9 85 2
37 58 30
15 102 10
14 75 14
29 72 22
38 107 38
85 125 78
33 85 26
83 98 78
43 112 38
42 92 42
46 108 46
45 72 38
54 61 54
21 32 14
51 65 46
5 80 1
45 112 38
14 22 14
45 52 38
19 35 14
17 45 10
18 123 18
45 110 38
94 115 94
33 46 26
84 103 78
108 125 102
37 101 30
5 66 1
32 125 26
109 118 102
2 126 2
42 111 42
7 10 2
8 74 2
35 49 30
14 106 14
1 122 1
20 50 14
42 81 42
28 64 22
52 111 46
34 92 34
47 60 42
6 94 6
29 77 22
81 82 74
1 51 1
48 113 42
43 113 38
60 121 54
112 121 106
29 93 22
55 114 50
71 112 66
1 107 1
34 62 34
59 107 54
18 94 18
14 49 14
17 128 10
4 128 1
34 105 34
15 84 10
55 90 50
31 53 26
82 95 82
28 57 22
10 29 10
18 25 18
34 67 34
6 62 6
23 43 18
51 127 46
44 128 38
110 117 110
85 121 78
56 100 50
14 31 14
27 32 22
17 104 10
61 92 54
107 125 102
28 55 22
18 115 18
4 83 1
68 91 62
44 124 38
47 128 42
9 43 2
38 113 38
20 72 14
69 112 62
84 86 78
1 117 1
15 95 10
38 76 38
32 35 26
53 64 46
26 61 26
83 119 78
32 79 26
24 42 18
22 106 22
4 80 1
18 51 18
6 97 6
28 40 22
21 78 14
28 84 22
10 27 10
76 90 70
38 96 38
34 51 34
6 58 6
96 98 90
78 103 78
73 88 66
6 84 6
19 117 14
6 108 6
50 102 50
88 109 82
96 112 90
22 55 22
31 47 26
63 90 58
9 93 2
34 41 34
38 79 38
67 105 62
66 111 66
45 100 38
40 101 34
106 123 106
1 67 1
72 75 66
90 115 90
88 128 82
65 125 58
5 120 1
97 124 90
12 28 6
19 111 14
33 55 26
40 106 34
9 108 2
35 58 30
37 105 30
39 121 34
4 45 1
35 38 30
104 128 98
72 77 66
88 92 82
22 111 22
75 102 70
53 106 46
82 93 82
11 104 6
79 114 74
87 121 82
19 122 14
25 92 18
80 104 74
57 120 50
108 111 102
41 47 34
31 106 26
5 97 1
18 116 18
22 62 22
55 59 50
77 78 70
39 122 34
101 110 94
44 110 38
30 96 30
14 62 14
26 114 26
56 103 50
70 102 70
93 100 86
89 113 82
4 120 1
55 61 50
54 76 54
16 22 10
74 110 74
3 41 1
51 71 46
47 122 42
8 20 2
21 37 14
53 83 46
102 117 102
91 104 86
38 64 38
11 71 6
32 69 26
33 81 26
41 81 34
58 81 58
12 85 6
71 83 66
83 99 78
85 107 78
105 118 98
49 83 42
30 119 30
72 85 66
30 95 30
27 79 22
34 75 34
54 112 54
12 17 6
30 86 30
11 57 6
12 109 6
80 84 74
88 100 82
86 111 86
93 117 86
13 110 6
69 77 62
16 46 10
42 77 42
55 113 50
14 68 14
80 106 74
36 52 30
102 122 102
77 122 70
7 108 2
26 36 26
18 114 18
45 94 38
62 113 62
