256 6521
7 214 1
158 176 1
28 217 212
65 135 212
157 238 78
196 238 78
127 221 13
10 11 13
73 186 47
73 162 47
214 222 34
146 216 151
145 146 151
66 126 160
101 126 160
55 152 139
115 208 139
26 108 224
99 102 224
6 161 227
27 35 213
141 172 213
118 256 92
61 77 92
157 210 247
10 134 220
141 168 27
184 243 27
124 177 203
141 243 111
77 226 83
74 88 192
88 223 192
86 150 9
191 211 2
167 191 2
69 119 118
103 182 118
142 152 93
148 152 93
174 195 219
36 166 219
60 68 138
136 233 156
91 154 157
154 244 157
46 158 23
38 158 23
206 250 19
159 206 19
53 216 95
181 234 140
174 255 140
16 58 134
89 181 204
52 81 199
31 143 251
4 114 254
228 240 254
45 229 67
187 229 67
109 196 37
12 109 37
5 59 105
5 116 105
31 99 239
25 107 113
25 117 113
193 236 253
106 223 253
153 161 49
5 48 196
100 223 173
50 223 173
4 169 240
88 171 16
72 131 249
29 64 249
54 237 218
54 232 218
123 215 38
144 215 38
71 84 114
60 170 115
125 164 167
30 235 133
178 202 20
71 197 228
175 209 11
165 225 210
76 217 149
41 252 121
17 41 217
232 237 72
1 167 1
153 155 49
1 62 1
56 170 115
89 224 224
199 234 1
201 206 19
43 215 1
39 65 1
164 191 2
43 226 83
53 185 1
111 130 27
137 231 1
185 222 34
79 143 1
70 175 47
127 214 13
175 222 11
32 251 224
122 163 1
23 40 23
161 219 1
54 228 218
72 194 218
14 216 95
29 201 1
103 253 1
19 50 1
43 92 92
52 154 157
28 149 212
87 167 1
3 165 247
94 120 120
143 218 1
223 234 1
66 101 92
68 170 138
122 208 139
90 139 139
187 193 67
175 212 212
29 222 13
43 182 92
137 147 1
15 250 1
67 173 67
108 224 224
65 151 1
124 206 203
8 161 227
51 124 203
126 248 1
142 148 93
1 55 1
229 256 1
55 109 37
130 213 213
123 223 1
129 251 251
50 100 173
139 208 139
130 141 27
168 238 1
57 204 219
139 198 139
1 2 1
61 120 120
1 217 1
43 160 160
3 98 199
47 186 47
78 157 78
120 160 120
42 110 42
132 239 251
36 213 1
112 154 157
8 19 1
131 189 249
104 224 224
1 111 1
2 172 1
13 82 13
152 245 93
86 120 120
48 109 37
130 183 213
101 147 92
31 110 239
58 192 192
1 239 1
217 252 121
34 222 34
176 179 179
9 25 78
37 120 120
160 206 1
204 255 140
25 244 113
48 116 105
226 238 78
20 141 1
194 232 218
1 150 1
13 200 13
160 244 160
13 47 13
39 138 160
70 73 47
82 219 1
19 30 1
90 142 139
71 248 1
194 249 249
40 79 1
189 211 1
17 22 149
126 133 1
33 174 224
223 253 253
223 254 192
163 214 34
49 57 1
115 204 1
212 246 212
120 139 120
234 255 140
42 224 42
189 254 254
131 194 249
29 218 218
130 243 27
4 131 254
154 230 157
38 238 1
146 242 151
7 246 1
61 256 92
1 122 1
3 26 1
132 230 1
194 241 254
49 78 78
57 71 1
158 184 1
75 225 247
113 183 1
189 214 13
218 256 1
46 215 38
88 179 1
52 172 1
46 200 1
49 120 120
124 250 203
47 162 47
89 234 140
172 184 213
1 42 1
160 199 160
35 213 213
138 249 1
47 202 1
1 225 1
55 247 139
243 246 1
163 222 11
8 155 227
51 250 51
162 188 212
220 246 220
65 165 1
16 212 212
111 149 1
57 178 1
1 256 1
13 187 13
5 109 37
138 196 139
105 109 37
14 53 95
62 167 2
123 224 224
42 192 1
11 162 47
241 249 254
31 224 224
1 105 1
131 205 249
23 42 42
45 187 67
68 90 138
96 158 23
35 136 1
92 142 160
120 138 120
110 220 1
160 227 160
10 190 1
229 246 246
39 182 118
141 184 27
202 225 160
41 188 212
10 151 1
106 235 133
129 239 239
120 151 120
92 120 120
46 224 224
49 156 1
1 231 1
78 92 78
28 189 212
7 172 1
11 221 13
239 251 251
82 84 114
46 123 38
1 63 1
68 129 1
51 206 19
17 188 212
62 211 2
58 88 134
183 237 1
166 168 1
1 191 1
139 209 1
117 139 139
61 213 1
13 54 13
58 72 192
120 234 1
69 256 92
214 248 1
91 225 247
88 220 220
54 212 212
72 92 1
28 117 1
4 133 192
23 90 1
82 212 212
76 193 212
170 208 139
1 121 1
54 84 218
107 247 247
1 214 1
12 105 37
24 113 199
134 212 212
44 229 67
75 98 98
1 3 1
139 215 1
64 109 1
80 202 160
88 209 13
46 251 224
1 21 1
18 231 231
110 132 251
99 129 239
37 160 160
1 60 1
126 163 1
3 157 157
63 146 1
89 219 219
122 169 1
1 66 1
1 233 1
70 162 47
82 237 218
1 251 1
159 166 224
83 256 92
99 132 251
56 64 1
65 76 212
57 85 219
162 200 47
128 215 38
196 242 78
1 135 1
162 185 47
58 79 192
68 80 160
73 152 1
124 159 203
76 121 149
54 64 249
81 120 120
244 247 247
16 227 1
101 113 160
75 190 1
79 253 192
173 216 1
50 235 253
145 220 1
13 46 1
84 218 218
7 36 1
19 223 1
130 184 27
61 78 78
71 224 1
139 210 139
54 72 218
1 141 1
170 201 1
1 27 1
148 160 160
3 25 199
1 207 1
64 131 249
106 117 1
146 245 78
120 208 120
117 160 160
98 199 199
133 134 192
63 213 213
7 34 1
44 236 67
81 167 1
97 155 160
55 116 105
34 198 1
64 254 254
90 160 160
221 254 13
160 208 160
44 187 67
39 254 1
189 241 254
102 137 102
213 235 1
74 241 192
65 155 1
6 127 1
1 157 1
9 151 151
56 68 138
70 230 1
51 177 51
153 251 1
25 75 113
81 213 1
40 46 23
55 160 160
18 36 1
81 174 1
175 223 13
120 180 120
1 91 1
71 205 228
1 125 1
207 243 27
1 9 1
15 223 1
56 248 1
177 232 1
12 128 1
47 243 1
192 246 192
163 185 34
165 176 247
1 235 1
42 201 42
89 255 140
51 58 1
41 65 212
38 144 38
176 236 1
212 222 212
64 108 1
21 196 1
10 55 1
42 252 1
1 96 1
148 225 139
68 115 138
194 237 218
39 119 118
193 249 192
98 122 157
74 100 192
163 209 11
183 216 1
68 78 78
154 247 247
159 222 1
29 71 114
143 206 224
240 241 254
95 184 1
49 160 160
173 193 253
124 153 1
158 167 1
139 164 1
176 196 139
202 217 1
78 122 78
79 163 13
89 104 104
8 160 160
177 231 1
1 137 1
152 160 160
11 128 1
139 152 139
98 247 247
120 227 120
9 78 78
113 176 199
18 111 1
16 158 1
85 238 1
14 146 151
50 192 192
1 237 1
34 130 1
97 160 160
97 186 1
183 251 1
34 122 1
190 251 251
131 192 192
174 181 140
216 238 78
102 224 224
203 206 203
31 42 42
154 238 78
44 45 67
47 167 1
12 88 1
196 204 1
83 147 92
106 192 192
48 105 105
58 171 134
83 101 92
181 255 140
124 239 224
24 25 199
27 130 27
221 240 13
10 254 220
11 200 47
92 167 1
99 110 239
97 142 160
39 178 160
51 102 224
122 154 157
2 191 2
1 72 1
125 151 1
25 176 199
85 195 219
75 157 157
76 149 149
34 214 34
31 132 251
197 205 205
100 233 1
45 135 212
117 179 199
12 115 139
49 80 80
77 120 120
13 194 13
78 118 78
104 123 224
205 212 212
48 68 139
126 196 160
175 237 13
1 149 1
19 42 42
61 199 160
116 208 139
5 139 139
1 249 1
1 49 1
14 78 78
172 183 172
56 90 90
113 165 247
171 241 192
117 244 113
188 212 212
160 251 1
11 214 34
1 142 1
53 113 78
120 165 120
210 230 247
58 199 1
199 225 247
1 28 1
102 168 1
27 111 27
5 158 1
148 245 93
135 231 212
61 66 92
67 106 67
110 129 239
18 142 1
73 221 13
80 167 1
103 220 1
88 100 192
19 124 203
62 131 1
78 139 78
77 141 1
65 188 212
23 236 1
79 88 192
204 219 219
44 246 246
42 233 42
45 102 1
1 210 1
201 227 1
1 71 1
168 189 1
69 135 1
95 238 78
30 130 1
79 249 192
70 243 1
75 80 160
120 153 120
75 124 1
69 120 120
185 209 34
213 231 1
87 146 151
84 197 114
36 214 1
16 83 1
160 256 160
1 69 1
177 216 1
170 219 1
4 212 212
52 244 199
22 114 212
45 129 1
57 104 104
3 9 78
97 202 160
38 134 1
16 220 220
26 103 1
101 226 92
133 173 253
57 248 224
28 87 1
26 33 33
1 224 1
69 160 160
120 199 120
22 212 212
29 84 114
25 98 113
34 254 13
1 168 1
27 243 27
59 198 105
54 254 254
52 120 120
12 120 120
66 176 160
62 191 2
129 190 251
68 92 160
95 146 151
21 211 21
49 134 1
160 210 160
208 254 1
116 194 1
173 192 192
25 126 160
186 239 1
36 228 1
12 30 1
26 224 224
8 208 160
53 151 151
123 152 1
5 196 196
181 191 1
31 129 239
121 149 149
28 244 1
169 197 254
6 155 227
180 200 1
133 152 1
81 244 113
43 118 92
229 253 67
125 167 167
35 63 35
133 236 253
90 245 139
52 54 1
151 191 1
131 221 13
74 117 1
58 187 192
84 205 114
8 49 227
176 255 1
1 212 1
52 108 1
8 242 78
198 210 139
1 215 1
201 203 203
155 161 49
35 243 213
146 174 1
6 153 227
6 35 1
58 247 1
61 118 92
1 195 1
21 62 2
120 126 120
83 160 160
159 177 19
17 200 212
67 79 192
69 101 92
181 229 1
4 197 254
1 146 1
42 190 42
101 119 92
62 148 1
9 120 120
105 208 139
110 190 251
206 224 224
1 11 1
1 127 1
139 242 78
139 165 139
1 138 1
92 147 92
57 63 1
21 130 1
40 158 23
78 112 78
174 204 140
19 51 19
127 175 13
79 246 192
90 138 138
14 61 78
4 54 254
22 76 149
232 255 1
100 173 173
1 87 1
92 117 160
89 204 204
143 251 251
54 197 218
99 143 251
195 224 224
144 158 23
100 171 192
101 108 1
158 177 224
6 135 1
250 254 1
36 96 224
16 17 212
129 224 224
6 160 160
44 221 13
72 99 1
120 226 120
1 117 1
18 148 1
46 141 1
138 170 138
124 251 224
45 253 67
27 31 1
101 105 160
1 30 1
15 69 15
96 144 23
15 236 1
18 116 1
78 238 78
212 218 212
10 67 220
1 234 1
74 212 212
1 178 1
92 195 1
78 160 78
133 247 1
127 161 1
89 236 1
7 247 1
82 228 114
94 224 1
64 82 249
117 158 1
176 247 247
55 85 1
9 231 1
210 219 1
27 80 1
128 227 1
66 155 160
52 129 1
34 163 34
129 158 224
19 201 19
15 39 118
102 144 224
165 193 1
25 208 139
27 227 1
67 133 67
3 113 199
38 121 1
11 185 34
1 160 1
28 104 1
83 98 160
57 195 219
21 161 1
1 6 1
16 171 16
140 181 140
103 119 118
1 208 1
90 120 120
127 136 1
23 99 224
25 154 157
226 256 92
79 118 1
21 125 2
93 142 93
1 86 1
147 256 92
1 201 1
136 199 1
29 237 218
10 220 220
52 112 199
134 205 192
132 143 143
140 195 219
111 152 1
154 157 157
44 227 1
120 150 120
21 102 1
99 245 1
35 183 213
31 62 1
33 185 1
63 153 1
197 210 1
91 227 160
84 131 249
67 235 67
38 159 224
185 212 212
143 239 251
104 174 104
64 234 1
192 249 192
123 183 1
162 250 1
2 77 1
1 221 1
1 200 1
33 234 224
168 219 1
89 115 1
70 212 212
162 214 47
166 202 1
43 212 1
212 241 212
141 226 1
20 147 160
74 225 1
91 179 157
141 154 1
195 255 219
7 89 1
133 212 212
85 140 219
78 120 120
138 245 139
69 126 160
162 186 47
57 127 1
90 236 1
179 214 1
145 242 242
1 7 1
53 213 1
224 234 224
1 220 1
9 179 78
16 147 1
85 143 224
120 146 120
165 228 1
165 208 139
107 244 113
131 197 249
24 91 157
64 72 249
63 83 1
131 232 249
122 142 139
24 138 139
23 46 23
51 106 1
42 251 42
41 233 1
190 194 1
55 59 105
72 252 212
1 186 1
50 173 173
75 117 75
81 157 157
6 196 160
94 118 118
1 14 1
18 51 1
141 213 213
160 202 160
75 107 113
47 133 13
124 201 203
147 160 160
29 82 114
39 145 78
50 193 253
41 48 1
3 91 157
113 157 157
91 160 160
45 173 67
96 215 23
250 255 224
83 106 1
1 172 1
56 126 160
32 170 1
114 207 1
64 197 249
81 107 113
153 215 1
95 243 1
1 15 1
72 155 1
70 185 47
59 100 1
172 186 1
58 127 13
39 49 160
41 55 1
168 175 1
136 169 1
212 254 212
1 65 1
63 172 213
177 203 203
1 188 1
45 101 1
47 72 13
192 225 1
10 205 220
95 151 151
88 212 212
67 100 67
3 24 3
46 87 1
122 199 157
127 154 1
78 91 78
1 252 1
116 236 1
107 120 120
86 148 78
7 173 1
96 227 1
35 222 1
71 241 254
3 75 199
49 161 49
1 222 1
126 173 1
55 196 105
92 256 92
10 50 220
42 175 1
220 237 220
166 201 224
224 251 224
140 169 1
22 252 149
35 172 213
133 253 253
159 160 1
192 218 192
55 158 1
41 231 212
54 133 192
51 159 19
16 74 192
86 152 78
109 116 37
6 240 1
6 199 160
78 97 78
77 101 92
139 237 1
177 201 19
80 216 78
129 134 1
50 236 253
58 174 1
1 64 1
128 144 38
142 209 1
94 182 118
179 244 199
42 206 42
1 102 1
39 135 1
1 155 1
75 247 247
32 219 219
207 241 1
147 226 92
13 73 13
19 97 1
21 101 1
68 93 139
9 63 1
2 62 2
138 146 78
113 197 1
41 217 217
195 229 1
34 70 47
182 221 1
14 38 1
203 220 1
29 77 1
78 152 78
47 214 47
88 178 1
39 124 1
156 233 156
103 174 1
30 228 192
159 250 19
160 225 160
190 192 1
212 253 212
8 78 78
61 160 160
27 168 27
170 178 160
3 176 3
11 47 47
121 217 121
56 212 1
78 150 78
75 244 113
97 126 160
4 241 254
145 150 151
171 192 192
20 112 160
94 103 118
85 104 104
188 196 1
147 182 92
64 169 254
7 31 1
47 200 47
72 205 218
21 191 2
112 244 112
197 241 254
91 208 139
106 236 253
93 242 78
179 225 247
227 230 160
20 78 78
76 160 1
1 19 1
163 182 1
53 180 151
10 16 220
229 237 192
6 55 160
93 248 1
82 201 1
78 138 78
2 30 1
27 218 1
52 165 247
79 247 1
98 107 113
96 224 224
37 55 37
79 134 192
48 59 105
218 232 218
26 248 224
78 198 78
19 203 203
133 159 1
157 170 139
1 184 1
109 254 1
153 227 227
42 96 42
175 211 1
197 215 1
139 245 139
160 247 160
214 229 13
13 189 13
43 83 83
1 254 1
200 209 47
101 256 92
78 239 1
190 239 251
132 224 224
20 171 1
229 240 192
60 155 160
41 62 1
217 223 212
35 111 213
169 204 1
15 127 1
138 208 139
212 214 212
28 91 1
162 222 47
107 210 247
60 160 160
14 242 151
215 248 224
1 82 1
38 42 42
7 51 1
53 150 151
1 61 1
92 241 1
48 139 139
196 221 1
70 163 47
205 223 192
194 220 220
105 198 105
88 234 1
133 235 133
166 175 1
141 210 1
129 143 251
128 224 224
120 145 120
12 152 139
147 205 1
8 47 1
55 139 139
3 21 1
69 158 1
86 146 151
131 255 1
188 237 212
24 75 199
40 96 40
68 247 139
115 157 139
82 249 249
44 231 212
6 168 1
32 246 1
166 181 219
8 45 1
144 149 1
120 179 120
165 244 247
80 248 1
127 197 13
33 108 224
76 129 1
87 180 151
8 231 1
18 193 212
17 252 121
119 182 118
110 224 224
192 235 192
12 59 37
1 253 1
209 212 212
23 224 224
3 199 199
6 45 1
135 149 212
91 117 157
42 195 42
81 90 139
50 190 1
177 206 19
63 130 213
125 144 1
1 164 1
64 218 249
67 89 1
80 160 160
198 227 160
29 54 218
7 236 1
209 214 34
22 217 149
134 220 220
79 82 192
162 212 212
2 14 1
106 160 1
42 156 42
169 189 254
186 230 1
37 220 1
10 27 1
2 211 2
10 30 220
106 125 1
106 246 246
79 193 192
9 150 9
165 237 1
14 15 78
157 167 1
192 197 192
199 244 199
98 233 1
111 243 111
146 180 151
11 212 212
1 20 1
211 212 1
22 121 149
133 255 1
140 166 219
23 128 23
181 224 224
1 13 1
17 76 149
137 248 224
19 172 1
23 28 1
50 185 13
63 183 213
46 122 1
118 167 1
142 151 78
119 174 1
108 128 224
19 208 1
53 120 120
1 227 1
48 196 196
101 120 120
13 220 13
28 209 212
154 179 157
56 61 160
34 172 1
53 78 78
75 120 120
121 212 212
63 141 213
59 90 139
25 225 247
68 220 1
197 237 218
186 193 13
89 137 224
61 100 1
8 218 1
184 213 213
10 100 220
175 214 34
7 158 1
63 78 1
87 238 78
32 224 224
14 77 78
160 230 160
22 65 212
39 94 118
55 234 1
27 201 1
166 195 219
163 219 1
34 209 34
132 187 1
78 105 78
42 102 42
54 120 1
91 107 157
116 196 105
107 181 1
84 237 218
55 219 1
30 247 1
10 20 1
122 140 1
200 221 13
38 128 38
103 137 1
20 244 160
139 179 139
36 108 224
13 133 13
136 241 1
151 238 78
10 164 1
207 248 1
35 187 1
97 230 160
73 222 47
19 250 19
135 243 1
117 218 1
94 157 160
105 171 1
27 37 1
34 50 13
169 236 192
169 254 254
1 198 1
46 106 1
60 250 1
77 256 92
122 225 247
34 103 1
125 194 1
199 247 247
82 162 13
99 133 1
1 165 1
99 251 251
99 224 224
20 79 1
47 70 47
33 204 224
91 199 157
37 47 1
60 245 139
65 129 1
15 119 118
103 118 118
100 193 253
25 156 1
29 197 114
192 254 192
12 196 37
109 208 139
179 180 78
127 186 13
10 170 1
1 213 1
187 246 246
1 219 1
174 232 1
28 212 212
29 80 1
1 170 1
1 163 1
46 237 1
22 149 149
13 186 13
1 126 1
97 180 78
5 150 78
111 207 27
13 25 1
134 182 1
47 212 212
13 127 13
163 213 1
45 74 192
52 234 1
79 133 192
127 163 13
92 226 92
44 125 1
1 10 1
87 145 151
36 57 57
81 185 1
129 132 251
85 224 224
90 158 1
39 118 118
134 135 212
92 238 78
84 249 249
197 213 1
213 216 1
7 251 1
236 246 246
10 29 220
91 101 160
116 120 120
4 121 212
125 211 2
20 25 160
2 21 2
1 78 1
42 98 1
26 67 1
24 186 1
200 214 47
30 122 1
1 46 1
146 238 78
238 242 78
84 133 192
130 168 27
126 153 160
186 245 1
10 72 220
78 161 78
1 38 1
61 214 1
72 197 218
56 98 139
58 150 1
192 228 192
26 102 224
93 245 93
39 61 92
78 176 78
127 226 1
16 87 1
106 177 1
159 210 1
9 242 151
218 249 249
5 247 139
113 199 199
107 154 157
31 61 1
30 34 13
57 194 1
128 248 224
27 213 213
84 125 1
187 235 67
1 33 1
220 254 220
1 158 1
18 240 212
111 170 1
246 253 246
139 225 139
166 204 219
54 114 218
21 26 1
122 176 157
49 54 1
184 244 1
163 186 47
93 148 93
107 208 139
68 131 1
125 133 1
99 190 251
44 193 67
69 131 1
39 240 1
1 34 1
179 184 1
147 181 1
59 160 160
66 69 92
90 150 78
81 164 1
10 171 220
80 227 227
92 230 160
43 256 92
44 58 192
31 204 224
82 87 1
75 176 199
98 176 199
192 220 220
187 250 1
1 45 1
127 212 212
158 215 23
55 123 1
17 208 1
32 55 1
56 108 1
1 203 1
6 49 227
130 144 1
38 224 224
71 180 1
122 210 247
38 40 23
74 140 1
42 51 42
171 173 192
91 210 247
22 41 149
4 13 13
59 116 105
59 196 105
16 250 1
81 227 160
130 170 1
223 228 192
118 120 120
125 191 2
10 133 220
89 120 1
85 166 219
42 154 1
46 250 224
57 134 1
226 255 1
70 186 47
82 220 220
1 59 1
67 236 67
8 80 227
106 179 1
104 219 104
40 248 224
137 254 1
38 95 1
20 142 160
25 165 247
28 114 212
24 122 157
16 179 1
169 199 1
93 97 160
70 221 13
7 99 1
24 230 199
13 254 13
226 235 1
177 180 1
78 245 78
12 163 1
89 174 140
74 229 192
201 236 1
70 209 47
63 223 1
145 151 151
140 174 140
71 249 249
185 194 13
109 170 139
14 145 151
128 210 1
107 230 113
13 135 212
13 169 13
20 107 160
153 220 1
23 48 1
32 100 1
94 119 118
13 212 212
34 228 13
68 120 120
10 34 13
15 226 92
10 240 220
8 227 227
111 168 27
183 243 213
86 244 78
22 199 1
42 205 1
200 230 1
131 249 249
149 217 149
87 206 1
10 88 220
42 164 1
37 78 78
100 133 253
176 210 247
17 51 1
152 164 1
41 76 149
14 239 1
112 135 1
100 137 1
61 101 92
112 247 247
63 111 213
66 133 1
73 91 1
169 241 254
10 54 220
153 197 1
5 19 1
44 50 67
110 212 1
130 136 1
56 141 1
76 252 149
65 212 212
67 163 13
97 120 120
83 120 120
41 101 1
22 203 1
1 134 1
75 81 113
52 107 199
117 210 247
173 220 220
57 219 219
60 208 139
160 182 160
50 106 253
7 244 1
94 185 1
10 22 212
66 239 1
113 151 78
91 224 1
29 58 192
99 154 1
28 31 1
83 142 160
6 39 160
72 126 1
1 108 1
215 227 1
124 225 1
42 248 42
120 238 120
190 248 224
100 189 192
25 146 78
26 245 1
164 239 1
33 219 224
1 23 1
2 209 1
195 201 224
72 228 218
93 210 139
45 241 192
138 139 139
69 147 92
114 228 114
13 84 13
150 172 1
27 174 1
30 236 253
164 167 167
26 93 1
152 174 1
223 235 253
147 203 1
87 151 151
162 167 1
145 238 78
160 194 1
40 63 1
13 79 13
163 175 163
4 189 254
165 230 247
220 232 220
47 206 1
75 154 157
65 121 212
82 241 254
189 218 249
10 229 220
199 200 1
147 238 78
4 232 254
80 120 120
159 225 1
25 81 113
103 147 92
1 248 1
158 252 1
206 253 1
198 216 78
3 204 1
89 166 219
5 120 120
6 120 120
9 53 151
78 113 78
42 166 42
93 223 1
13 214 13
14 75 78
188 211 1
33 224 224
75 150 78
149 245 1
11 70 47
44 133 67
40 82 1
91 97 160
149 169 212
25 148 139
232 235 192
71 82 114
40 128 23
154 176 157
54 71 218
82 227 1
139 247 139
112 210 247
78 165 78
1 88 1
3 122 157
117 205 1
148 218 1
176 230 199
154 165 247
34 113 1
166 224 224
13 106 13
11 127 13
1 74 1
113 137 1
78 210 78
8 120 120
1 143 1
84 234 1
10 114 220
86 145 151
3 230 199
61 92 92
70 178 1
205 237 218
8 64 1
163 212 212
20 98 160
20 126 160
81 98 113
39 103 118
90 208 139
213 245 1
63 64 1
109 139 139
5 216 78
50 75 1
41 194 212
61 76 1
29 34 13
98 139 139
117 176 199
3 139 139
148 208 139
165 247 247
2 223 1
47 106 13
104 234 104
93 197 1
50 122 1
40 42 42
77 190 1
59 174 1
47 209 47
113 172 1
47 73 47
21 136 1
235 236 253
137 174 224
102 105 1
134 200 13
159 224 224
47 105 1
86 190 1
41 213 1
67 225 1
125 140 1
13 70 13
38 230 1
123 144 38
40 224 224
207 227 1
51 201 19
114 218 218
139 170 139
141 225 1
127 243 1
1 32 1
42 89 42
165 226 160
217 253 212
1 187 1
12 116 37
68 160 160
143 224 224
157 160 160
64 127 13
78 103 78
37 142 139
203 208 1
135 212 212
37 59 37
144 177 224
112 179 199
27 141 27
5 105 105
64 212 212
191 255 1
11 93 1
169 194 254
82 99 1
23 92 1
72 254 254
62 164 2
150 221 1
47 175 47
111 206 1
1 199 1
116 135 1
194 213 1
42 219 42
1 152 1
44 88 192
31 210 1
16 192 192
217 240 212
10 221 13
81 131 1
72 212 212
35 118 1
37 238 78
78 94 78
39 168 1
15 103 118
141 167 1
53 138 78
67 192 192
1 47 1
47 153 1
98 170 139
54 55 1
9 66 78
61 182 92
86 177 1
75 91 157
69 83 92
37 139 139
130 240 1
27 204 1
36 88 1
208 245 139
143 248 224
1 229 1
1 250 1
63 163 1
34 201 1
220 235 220
71 189 249
173 221 13
62 125 2
83 155 160
55 245 139
1 238 1
218 241 254
36 191 1
105 116 105
38 136 224
120 210 120
1 180 1
15 256 92
68 175 1
143 193 1
70 134 13
73 200 200
124 131 1
92 101 92
169 181 1
194 228 218
29 205 114
1 80 1
219 234 219
10 128 1
155 214 1
4 11 13
114 237 218
25 52 199
42 104 42
127 162 13
78 242 78
79 223 192
26 237 1
157 226 160
69 92 92
162 239 1
116 158 1
19 251 224
104 128 224
7 111 1
28 161 1
1 53 1
42 132 42
122 126 160
47 53 1
82 145 1
6 80 227
107 129 1
1 144 1
63 243 213
164 211 2
86 242 151
77 242 78
30 219 1
105 160 160
97 255 1
92 182 92
92 197 1
60 88 1
159 216 1
146 166 1
42 158 42
61 159 1
50 187 67
192 198 1
47 127 13
84 178 1
144 171 1
10 158 1
50 188 212
162 247 1
35 70 1
1 51 1
46 128 38
78 225 78
205 241 254
51 224 224
5 201 1
129 243 1
125 172 1
66 252 1
70 145 1
149 212 212
95 225 78
9 12 78
28 68 1
157 225 247
50 246 246
8 169 1
107 112 112
120 216 120
37 109 37
1 131 1
1 36 1
149 252 149
11 241 13
163 203 1
1 109 1
132 150 1
44 100 67
92 240 1
111 213 213
112 225 247
27 184 27
37 93 139
1 171 1
5 213 1
59 109 37
136 156 156
28 174 1
42 174 42
192 223 192
140 230 1
127 215 1
104 255 104
64 241 254
75 227 160
204 234 140
63 169 1
3 160 160
106 197 192
78 230 78
93 177 1
15 19 1
31 175 1
104 201 224
25 71 1
133 224 1
157 211 1
7 148 1
71 88 192
71 79 192
220 240 220
77 138 160
32 179 1
209 222 222
9 143 1
229 254 192
25 27 1
110 254 1
58 147 1
3 179 3
128 158 23
184 241 1
116 238 78
108 237 1
10 189 220
136 248 224
32 85 219
35 219 1
1 110 1
2 241 1
220 241 220
99 157 1
130 207 27
172 198 1
146 150 151
212 231 212
71 131 249
59 78 78
156 191 1
1 153 1
108 149 1
172 249 1
163 221 13
120 121 1
115 199 139
9 239 1
139 160 160
26 52 1
112 215 1
35 86 1
44 214 13
155 227 227
58 183 1
128 147 1
69 103 118
35 95 1
110 119 1
2 167 2
191 216 1
25 247 247
212 221 212
137 187 1
25 210 247
16 194 192
87 115 78
1 119 1
131 237 249
3 178 160
80 195 1
19 127 1
16 88 16
113 147 160
35 127 1
89 201 224
172 207 213
37 64 1
78 151 78
170 251 1
7 27 1
30 193 253
3 244 199
13 114 13
6 227 227
103 132 1
14 84 1
190 242 1
141 242 1
175 208 1
35 160 1
70 144 1
68 199 139
142 245 142
189 194 249
51 84 1
5 168 1
72 220 220
71 127 13
76 212 212
120 157 120
82 180 1
9 37 78
28 168 1
169 186 13
118 183 1
7 218 1
41 245 1
9 146 151
1 161 1
11 34 34
71 194 218
93 160 160
120 198 120
17 146 1
23 38 23
143 228 1
54 109 1
119 160 160
14 188 1
173 236 253
84 232 218
13 71 13
125 165 1
105 130 1
1 83 1
194 205 218
215 242 1
66 238 78
92 94 92
179 221 1
78 126 78
13 221 13
1 162 1
15 187 1
20 160 160
14 87 151
61 226 92
197 254 254
1 194 1
1 93 1
8 127 1
66 78 78
34 60 1
67 91 1
1 156 1
27 197 1
25 201 1
56 138 138
53 89 1
126 182 160
62 162 1
57 166 219
131 241 254
137 227 1
81 176 199
47 192 13
86 236 1
10 192 220
32 195 219
204 209 1
151 241 1
78 80 78
39 48 160
31 169 1
29 232 218
139 199 139
1 206 1
142 143 1
42 114 1
203 224 224
98 136 1
223 236 253
101 103 92
7 164 1
16 112 1
157 165 247
139 216 78
127 147 1
39 69 118
116 198 105
1 120 1
135 249 212
76 206 1
101 151 78
4 218 254
32 166 219
71 228 228
72 74 192
1 103 1
107 142 139
47 81 1
152 244 139
44 217 212
28 239 1
30 162 13
152 178 160
112 245 139
1 218 1
107 161 160
77 87 78
31 251 251
145 180 180
221 228 13
194 198 1
117 235 1
7 63 1
159 167 1
112 121 1
91 139 139
98 198 139
1 242 1
84 228 114
111 183 213
44 94 1
64 88 192
164 205 1
224 255 224
48 185 1
238 249 1
160 170 160
90 115 90
21 169 1
184 207 184
212 232 212
210 216 78
72 241 254
19 206 19
13 77 1
171 175 13
41 190 1
42 203 42
235 250 1
195 204 219
79 181 1
1 35 1
49 111 1
223 231 212
219 248 224
3 247 247
37 60 139
201 250 19
24 81 199
135 248 1
140 224 224
56 97 160
45 188 212
124 203 203
62 182 1
208 225 139
1 92 1
167 180 1
18 212 212
1 211 1
15 92 92
112 199 199
78 227 78
9 86 9
88 245 1
8 153 227
17 233 1
111 187 1
20 52 160
52 225 247
232 246 192
39 139 160
16 188 212
119 120 120
219 224 224
132 207 1
114 131 249
13 162 13
65 106 212
16 253 192
131 254 254
238 256 78
135 235 212
60 115 115
52 117 199
6 78 78
1 159 1
47 149 212
127 128 1
110 111 1
17 149 149
71 117 1
191 247 1
2 84 1
4 134 192
29 45 192
101 102 1
168 184 184
85 219 219
98 230 230
175 185 34
100 236 253
85 132 224
3 65 1
1 175 1
91 198 139
64 194 249
30 221 13
12 48 37
36 251 224
27 183 213
174 224 224
110 118 1
92 250 1
78 81 78
42 57 42
132 233 224
64 158 1
4 244 1
77 83 83
94 160 160
37 196 37
8 75 160
123 245 1
107 165 247
205 248 1
159 203 203
72 218 218
3 225 247
76 106 212
145 216 151
12 57 1
33 97 1
151 231 1
155 252 1
71 130 1
1 104 1
20 134 1
89 195 219
218 237 218
25 213 1
3 210 247
17 212 212
75 228 1
53 170 78
169 228 254
177 214 1
105 146 78
72 84 218
1 247 1
78 99 1
85 204 219
136 224 224
29 228 114
99 167 1
26 132 224
211 229 1
40 102 224
84 189 249
1 113 1
78 247 78
51 149 1
1 90 1
42 234 42
171 212 212
54 138 1
10 58 220
7 62 1
42 221 1
7 170 1
1 241 1
52 113 199
36 219 219
22 251 1
232 256 1
93 192 1
229 244 1
47 181 1
109 120 120
101 182 92
113 223 1
76 180 1
27 47 1
38 179 1
70 133 13
118 160 160
91 166 1
1 136 1
74 218 192
29 192 192
169 212 212
151 216 151
13 185 13
101 155 160
26 29 1
210 244 247
48 120 120
41 193 212
113 160 160
120 242 120
8 223 1
50 203 1
50 201 1
101 118 92
39 78 78
46 218 1
18 71 212
58 212 212
40 174 224
18 149 212
74 197 192
143 245 1
27 70 1
7 245 1
182 209 1
6 105 160
16 235 192
87 184 1
187 220 220
60 148 139
136 163 1
18 217 212
47 138 1
57 174 219
15 160 160
171 249 192
4 210 1
233 250 224
36 200 1
199 243 1
10 169 220
89 108 224
88 128 1
238 247 78
130 174 1
19 224 224
1 18 1
28 231 212
82 111 1
195 248 224
126 227 160
20 55 160
151 180 151
102 248 224
142 253 1
94 130 1
4 10 220
120 247 120
212 240 212
44 149 212
74 161 1
131 220 220
51 203 203
3 112 199
4 32 1
131 171 192
97 161 160
1 67 1
200 212 212
148 221 1
52 53 78
37 116 37
109 132 1
140 234 140
105 121 1
32 248 224
112 117 112
130 242 1
32 178 1
73 112 1
122 242 78
49 133 1
3 53 78
30 187 67
8 216 78
129 149 1
74 220 220
13 58 13
18 135 212
25 110 1
1 230 1
179 205 1
12 198 37
127 205 13
52 66 160
140 235 1
131 218 249
15 120 120
100 192 192
38 96 23
75 191 1
37 171 1
59 105 105
16 216 1
162 190 1
85 212 1
151 173 1
67 150 1
158 247 1
29 254 254
87 242 151
124 248 224
84 129 1
55 207 1
24 199 199
29 130 1
84 186 13
68 208 139
78 107 78
81 128 1
123 158 23
136 231 1
173 242 1
152 187 1
81 117 113
7 226 1
93 139 139
126 218 1
42 83 1
78 109 78
25 160 160
73 101 1
77 95 78
42 250 42
32 201 224
157 247 247
106 221 13
177 248 224
159 201 201
20 155 160
42 112 1
89 102 224
120 178 120
48 177 1
10 82 220
43 78 78
33 42 42
115 150 78
20 122 160
15 72 1
30 144 1
110 233 224
206 248 224
77 84 1
51 146 1
24 246 1
56 201 1
83 226 83
58 175 13
1 114 1
28 60 1
14 89 1
18 50 212
62 100 1
98 110 1
33 125 1
203 207 1
33 124 224
74 233 1
141 149 1
132 234 224
31 85 224
28 77 1
117 256 160
112 153 160
57 201 224
1 129 1
148 235 1
23 64 1
4 240 240
48 180 78
23 120 1
151 249 1
187 249 192
36 112 1
31 207 1
4 192 192
122 160 160
124 162 1
122 244 157
17 216 1
154 170 139
8 126 160
96 212 1
216 222 1
76 162 212
103 226 92
122 131 1
121 252 121
64 110 1
86 251 1
85 156 224
37 241 1
74 79 79
57 191 1
239 242 1
93 100 1
65 130 1
122 179 157
83 214 1
136 138 1
23 143 224
111 184 27
173 187 67
160 165 160
220 229 220
24 221 1
41 186 212
109 160 160
39 86 78
28 142 1
97 159 1
215 233 224
160 192 1
121 184 1
15 66 92
121 153 1
54 125 1
168 247 1
104 195 104
141 244 1
192 237 192
26 140 224
7 130 1
205 218 218
94 151 78
172 208 1
49 125 1
88 192 192
191 206 1
192 232 192
191 210 1
41 121 121
1 181 1
20 252 1
147 236 1
93 173 1
4 205 254
67 185 13
8 93 160
183 222 1
19 83 1
211 237 1
69 171 1
182 186 1
111 125 1
232 254 254
116 239 1
28 76 212
71 115 1
51 65 1
102 127 1
7 120 1
114 249 249
233 244 1
61 169 1
33 142 1
64 141 1
95 166 1
9 115 78
7 184 1
105 155 160
36 53 1
16 245 1
194 254 254
127 254 13
7 199 1
1 183 1
7 190 1
180 238 78
105 196 105
200 241 13
74 185 13
4 254 254
82 205 114
14 150 151
65 146 1
21 167 2
149 191 1
212 217 212
120 142 120
56 104 1
142 247 139
3 222 1
27 207 27
46 203 224
192 204 1
115 120 120
107 221 1
90 193 1
119 147 92
36 85 219
39 120 120
189 237 249
203 240 1
78 119 78
13 88 13
212 236 212
38 201 224
160 196 160
91 204 1
13 232 13
41 247 1
172 213 213
208 209 1
39 170 160
10 71 220
144 224 224
101 192 1
34 99 1
44 223 67
10 236 220
228 237 218
80 244 160
73 74 13
3 81 199
151 242 151
97 153 160
186 222 47
183 207 213
169 178 1
147 239 1
19 31 224
1 58 1
80 171 1
78 146 78
50 133 253
168 172 213
28 44 212
133 175 13
52 216 78
34 247 1
49 87 78
42 215 42
123 173 1
20 120 120
105 150 78
117 204 1
182 249 1
13 192 13
69 212 1
176 225 247
31 190 251
215 239 224
23 187 1
190 222 1
64 232 249
70 200 47
36 253 1
185 200 47
36 89 219
79 228 192
210 247 247
40 144 23
4 221 13
57 155 1
44 180 1
30 246 246
77 192 1
21 164 2
49 201 1
171 183 1
188 238 1
120 256 120
117 165 247
29 194 218
72 127 13
136 162 1
81 109 139
72 103 1
26 89 224
197 234 1
91 246 1
107 139 139
76 159 1
173 246 246
86 230 78
1 40 1
82 114 114
9 64 1
10 187 220
118 119 118
17 121 121
10 201 1
69 145 78
179 210 247
17 68 1
142 199 139
38 215 38
197 250 1
20 43 160
142 200 1
136 198 1
118 240 1
1 132 1
34 185 34
107 176 199
110 251 251
224 248 224
13 64 13
222 252 212
11 231 212
102 191 1
195 225 1
52 208 139
142 191 1
64 240 254
109 198 37
226 240 1
104 140 104
150 151 151
7 252 1
145 245 78
126 142 160
113 210 247
51 147 1
117 122 157
186 207 1
46 175 1
50 62 1
15 85 1
85 177 224
70 244 1
31 75 1
178 203 1
1 43 1
161 193 1
39 101 92
8 61 160
8 27 1
72 176 1
36 121 1
13 17 212
150 200 1
168 182 1
1 176 1
98 252 1
56 128 1
160 172 1
107 160 160
116 211 1
175 179 1
50 168 1
98 179 199
4 206 1
216 224 1
104 114 1
25 172 1
77 117 160
93 163 1
34 175 34
14 107 78
44 79 192
129 187 1
132 190 190
55 251 1
87 120 120
9 14 151
72 240 254
58 120 1
24 154 157
98 151 78
78 226 78
14 166 1
14 151 151
23 76 1
81 154 157
108 130 1
131 134 192
9 238 78
48 232 1
6 96 1
212 220 212
192 253 192
10 78 1
26 32 224
108 248 224
135 227 1
1 115 1
115 227 160
21 30 1
1 41 1
74 201 1
2 162 1
78 256 78
165 238 78
11 163 11
218 240 254
12 160 160
49 227 227
184 223 1
106 212 212
48 207 1
149 154 1
60 102 1
31 66 1
59 126 160
76 194 212
177 255 224
46 64 1
1 139 1
37 41 1
65 221 212
171 220 220
24 238 78
22 193 212
160 226 160
42 204 42
156 220 1
32 104 104
139 154 139
127 169 13
203 250 203
132 203 224
55 189 1
125 232 1
39 209 1
214 231 212
4 39 1
30 134 192
1 228 1
248 250 224
46 121 1
11 154 1
117 183 1
67 182 1
51 126 1
1 31 1
32 158 224
39 205 1
6 70 1
129 175 1
1 95 1
135 217 212
35 73 1
4 255 1
102 123 224
77 91 160
38 107 1
83 119 92
17 98 1
146 223 1
136 244 1
220 253 220
37 231 1
1 226 1
130 235 1
219 255 219
48 148 139
105 199 139
59 246 1
189 249 249
17 82 212
98 117 98
35 230 1
23 246 1
200 202 1
74 110 1
29 117 1
45 70 13
103 256 92
54 249 249
193 195 1
161 195 1
41 222 212
20 27 1
56 109 139
1 185 1
230 247 247
9 77 78
10 223 220
30 152 1
56 227 160
100 129 1
82 197 114
84 192 192
28 121 212
74 134 192
107 122 157
147 200 1
6 238 78
135 253 212
105 138 139
111 219 1
82 182 1
122 247 247
42 136 42
139 196 139
90 108 1
82 189 249
63 205 1
133 220 220
94 101 92
14 120 120
52 170 139
23 161 1
72 133 192
109 209 1
83 187 1
46 144 46
76 135 212
83 104 1
13 131 13
120 245 120
71 236 192
224 233 224
201 224 224
24 98 199
103 160 160
104 251 224
18 28 212
1 216 1
7 118 1
81 230 113
164 243 1
11 13 13
56 78 78
42 46 42
97 179 160
53 153 78
138 210 139
69 94 69
37 211 1
64 220 220
4 82 254
1 202 1
92 110 1
240 254 254
193 223 253
37 152 139
193 253 253
65 87 1
19 26 224
25 157 157
87 157 78
33 240 1
159 189 1
72 167 1
23 237 1
141 211 1
103 120 120
166 255 219
39 148 160
20 198 160
71 155 1
46 93 1
220 223 220
11 238 1
151 188 1
176 199 199
8 122 160
193 235 253
185 214 185
102 156 224
149 240 212
1 128 1
52 160 160
109 158 1
10 139 1
113 154 157
105 120 120
28 188 28
47 196 1
152 182 160
11 141 1
60 85 1
40 108 224
6 255 1
80 161 80
175 221 13
102 243 1
182 197 1
81 146 78
4 162 13
78 178 78
103 134 1
205 220 220
205 236 192
117 181 1
19 140 224
5 137 1
173 224 1
217 219 1
41 153 1
192 193 192
1 16 1
45 105 1
143 199 1
61 69 92
24 187 1
74 84 192
233 237 1
126 230 160
50 67 67
22 135 212
129 212 1
91 157 157
8 110 1
128 213 1
202 227 160
6 231 1
42 128 42
112 238 78
160 178 160
158 224 224
113 238 78
40 123 23
81 158 1
15 77 92
30 174 1
112 165 247
8 14 78
1 193 1
10 141 1
29 207 1
146 224 1
11 65 212
93 199 139
70 181 1
110 174 224
74 240 192
88 218 192
41 249 212
95 165 78
183 213 213
100 127 13
24 125 1
10 194 220
49 99 1
104 246 1
103 201 1
61 119 92
93 196 139
81 225 247
174 203 224
102 181 224
45 221 13
1 196 1
17 170 1
52 98 199
228 254 254
45 67 67
104 166 104
226 231 1
19 128 224
169 192 192
103 241 1
156 224 224
187 236 67
44 253 67
119 214 1
10 209 13
112 160 160
54 169 254
86 170 78
36 192 1
1 179 1
19 87 1
109 180 78
154 242 78
7 204 1
197 220 220
21 230 1
102 242 1
84 194 218
80 153 80
189 228 249
48 104 1
56 107 139
78 153 78
210 225 210
32 126 1
128 139 1
100 229 67
1 145 1
16 224 1
94 95 78
115 209 1
207 219 1
98 246 1
8 20 160
163 194 13
103 208 160
31 141 1
1 245 1
49 77 160
50 163 13
10 179 1
67 205 192
120 244 120
102 108 102
59 125 1
82 131 249
4 220 220
79 117 1
97 170 160
81 156 1
55 244 139
72 163 13
52 130 1
49 177 1
117 127 1
69 111 1
161 246 1
117 126 160
103 163 1
43 121 1
108 162 1
133 193 253
112 201 1
130 172 213
148 167 1
6 251 1
9 87 151
68 79 1
176 221 1
134 223 192
23 87 1
1 148 1
62 254 1
12 55 37
41 103 1
23 117 1
145 199 78
33 98 1
135 137 1
26 156 224
85 160 1
54 229 192
80 192 1
10 212 212
26 144 224
1 84 1
66 83 92
137 186 1
173 235 253
23 248 224
112 139 139
108 112 1
107 179 199
144 192 1
69 89 1
195 219 219
101 170 160
11 49 1
137 224 224
1 190 1
212 252 212
25 235 1
88 127 13
35 141 213
69 182 118
151 185 1
179 230 199
22 60 1
84 204 1
77 158 1
42 85 42
66 178 160
168 207 168
3 237 1
7 42 1
25 60 139
185 217 212
12 199 139
3 194 1
186 221 13
115 145 78
150 210 78
31 117 1
85 245 1
57 192 1
2 125 2
77 135 1
187 223 67
106 220 220
26 190 224
66 120 120
128 155 1
42 181 42
70 236 13
50 212 212
153 179 160
10 238 1
123 253 1
18 209 212
154 160 160
52 69 160
212 235 212
1 70 1
158 161 1
70 105 1
45 185 13
33 143 224
120 122 120
55 127 1
97 101 160
21 25 1
26 196 1
1 130 1
1 99 1
13 246 13
74 171 192
162 223 13
11 145 1
39 225 160
57 224 224
142 207 1
75 210 247
32 144 224
78 154 78
25 46 1
82 187 192
82 98 1
179 195 1
82 134 192
25 173 1
98 100 1
117 120 120
87 158 1
18 236 212
29 249 249
17 34 212
110 205 1
153 202 160
49 98 160
26 99 224
124 220 1
123 128 123
78 216 78
88 205 192
123 203 224
163 169 13
216 234 1
45 79 192
134 153 1
34 177 1
115 242 78
104 121 1
32 255 219
81 112 112
184 185 1
4 191 1
186 200 47
89 164 1
109 194 1
10 241 220
159 217 1
114 174 1
231 237 212
71 237 218
119 190 1
86 115 78
120 202 120
18 79 212
194 216 1
18 65 212
162 221 13
59 96 1
58 92 1
35 167 1
137 188 1
63 241 1
16 65 212
60 183 1
9 123 1
81 150 78
50 58 192
74 256 1
33 166 224
56 60 60
134 203 1
155 221 1
100 146 1
70 106 13
14 190 1
168 190 1
166 192 1
26 150 1
8 210 160
35 65 1
127 137 1
109 206 1
2 92 1
160 216 78
129 181 224
20 243 1
45 183 1
107 146 78
191 253 1
76 127 212
1 76 1
166 174 219
49 189 1
20 161 160
59 88 1
65 149 212
17 81 1
131 164 1
6 8 6
208 239 1
237 249 249
13 241 13
189 236 192
46 252 1
36 215 224
1 106 1
38 46 38
205 221 13
78 223 1
98 165 247
70 124 1
54 241 254
192 205 192
78 202 78
67 240 192
26 137 224
85 105 1
158 214 1
50 229 67
20 245 160
128 228 1
33 206 224
86 216 151
23 96 23
42 207 1
66 168 1
32 54 1
212 242 1
143 172 1
5 149 1
106 152 1
136 253 1
83 118 92
71 218 218
67 142 1
43 76 1
70 222 47
43 170 160
82 169 254
197 246 192
187 251 1
85 172 1
46 96 23
140 192 1
75 230 230
14 74 1
15 161 160
57 228 1
43 61 92
28 69 1
130 195 1
26 68 1
2 175 1
65 163 212
74 249 192
162 252 212
1 169 1
75 245 139
92 119 92
35 194 1
149 160 1
130 150 1
97 119 160
118 216 78
49 164 1
112 155 160
27 52 1
74 215 1
154 235 1
30 229 67
137 238 1
44 75 1
214 243 1
93 129 1
79 220 220
77 206 1
14 35 1
186 209 47
26 177 224
48 110 1
120 155 120
15 99 1
84 152 1
196 202 160
112 193 1
138 204 1
132 189 1
113 122 157
1 4 1
105 179 139
53 61 78
26 234 224
32 174 219
36 195 219
225 241 1
107 202 160
17 217 217
224 250 224
6 167 1
158 242 1
42 133 1
203 225 1
77 201 1
1 26 1
58 163 13
120 154 120
106 193 253
38 73 1
156 229 1
34 47 47
249 254 254
3 140 1
64 189 64
157 246 1
32 38 224
24 112 199
118 147 92
109 207 1
113 179 199
87 207 1
137 142 1
78 115 78
26 83 1
104 115 1
22 208 1
70 239 1
28 88 212
53 87 151
65 103 1
113 251 1
129 218 1
27 88 1
13 29 13
135 205 212
188 247 1
41 94 1
62 66 1
91 230 157
7 29 1
198 256 160
212 229 212
136 181 224
72 79 192
12 119 160
186 191 1
130 154 1
78 212 1
43 143 1
37 126 160
131 204 1
58 233 1
122 139 139
125 221 1
66 214 1
87 204 1
25 224 1
102 129 224
10 51 1
123 174 224
62 113 1
55 78 78
93 208 139
29 101 1
98 208 139
135 238 1
1 98 1
6 114 1
53 67 1
133 192 192
133 256 1
62 160 1
67 199 1
33 188 1
196 237 1
142 160 160
96 104 224
55 198 55
18 208 1
19 61 1
16 206 1
31 82 1
101 161 160
149 203 1
217 239 1
28 226 1
212 244 1
187 188 212
184 200 1
213 243 213
221 223 13
25 134 1
34 58 13
17 85 1
167 211 2
165 197 1
50 220 220
81 247 247
17 135 212
218 222 13
46 246 1
196 208 139
95 242 151
78 252 1
43 131 1
59 89 1
70 214 47
15 181 1
121 141 1
87 141 1
20 189 1
121 198 1
70 132 1
48 115 139
239 255 224
28 45 212
178 198 160
225 247 247
35 53 1
37 48 37
90 113 139
11 190 1
104 156 224
137 239 224
88 134 134
71 106 192
97 129 1
117 234 1
88 146 1
163 228 13
195 244 1
48 126 160
56 115 115
86 95 151
15 31 1
14 215 1
126 178 160
20 97 160
102 247 1
16 163 13
77 182 92
65 115 1
189 225 1
66 92 92
67 246 246
4 135 212
195 237 1
86 180 151
10 235 220
95 216 95
7 125 1
83 174 1
161 192 1
140 204 140
69 110 1
169 237 254
22 129 1
142 192 1
103 128 1
5 170 139
105 221 1
56 71 1
171 208 1
140 221 1
26 42 42
5 191 1
191 228 1
22 28 212
163 245 1
50 182 1
16 45 192
84 114 114
68 162 1
8 125 1
110 150 1
68 97 160
3 52 3
25 230 113
55 217 1
52 174 1
40 136 224
14 109 78
27 136 1
41 84 212
1 116 1
235 253 253
45 90 1
12 14 78
87 95 151
110 179 1
38 213 1
115 203 1
131 212 212
106 209 13
232 236 192
42 123 42
137 222 1
139 241 1
142 224 1
55 147 160
183 246 1
80 187 1
186 212 212
2 122 1
54 218 218
164 187 1
159 213 1
41 149 149
5 198 105
140 146 1
73 185 47
157 252 1
126 160 160
148 243 1
94 234 1
164 232 1
19 33 224
140 219 219
72 192 192
110 141 1
177 237 1
85 213 1
118 182 118
107 243 1
103 236 1
99 239 239
58 194 192
64 223 192
109 121 1
169 213 1
71 114 114
228 249 249
68 128 1
61 127 1
69 241 1
32 143 224
100 212 212
241 254 254
5 37 37
117 225 247
34 182 1
30 50 253
4 237 254
141 183 213
60 221 1
49 181 1
115 148 139
115 245 139
30 220 220
23 145 1
97 178 160
152 173 1
218 254 254
173 210 1
170 246 1
64 69 1
47 185 47
71 186 13
7 116 1
149 223 212
90 235 1
87 150 151
3 239 1
185 186 47
167 172 1
153 160 160
91 113 157
62 117 1
23 140 224
30 127 13
10 183 1
13 16 13
54 192 192
194 221 13
151 218 1
5 74 1
28 108 1
36 184 1
185 191 1
64 130 1
15 133 1
49 126 160
206 254 1
47 163 47
86 118 78
82 127 13
38 250 224
145 183 1
120 147 120
227 242 78
194 209 13
191 215 1
136 216 1
51 211 1
17 218 212
100 246 246
1 177 1
208 221 1
46 241 1
22 106 212
56 148 139
78 101 78
89 170 1
172 243 213
201 240 1
10 79 220
58 220 220
116 180 78
205 210 1
167 210 1
69 195 1
81 139 139
217 229 212
4 249 254
33 115 1
46 57 224
52 247 247
199 253 1
112 223 1
7 168 1
205 232 218
23 238 1
1 94 1
180 242 180
217 238 1
171 238 1
110 163 1
41 135 212
16 133 192
54 82 218
132 241 1
10 246 220
215 224 224
173 230 1
74 115 1
143 201 224
7 71 1
193 245 1
59 118 160
48 194 1
26 166 224
9 68 78
72 171 192
92 160 160
97 182 160
30 45 67
114 173 192
18 203 1
37 105 37
22 98 1
57 198 1
143 174 224
113 192 1
50 125 1
24 74 1
31 239 239
62 181 1
83 92 92
127 255 1
174 199 1
14 22 1
2 71 1
18 109 1
174 186 1
35 156 1
56 114 1
133 166 1
134 181 1
22 134 212
49 155 49
78 148 78
45 235 67
175 241 13
88 135 212
5 160 160
42 124 42
1 73 1
111 222 1
8 39 160
59 63 1
121 230 1
69 225 160
13 76 212
90 187 1
52 109 139
32 117 1
44 103 1
125 142 1
55 101 160
108 136 224
132 156 224
87 131 1
123 142 1
99 201 224
105 139 139
156 171 1
207 210 1
31 212 1
85 144 224
45 202 1
118 168 1
199 230 199
155 160 160
40 205 1
25 120 120
32 244 1
13 253 13
62 85 1
175 184 1
68 156 1
47 71 13
110 143 251
98 210 247
95 105 78
133 207 1
73 212 212
4 155 1
7 56 1
67 187 67
63 207 213
28 191 1
118 126 160
110 159 224
27 186 1
116 226 160
8 239 1
36 102 224
132 251 251
169 220 220
116 189 1
54 205 218
5 184 1
79 187 192
113 247 247
11 75 1
13 237 13
16 43 1
182 216 78
115 196 139
94 141 1
168 243 27
111 201 1
236 247 1
196 210 139
100 187 67
103 238 78
55 144 1
70 226 1
63 168 213
56 88 1
67 251 1
10 45 220
42 108 42
29 94 1
12 139 139
9 202 78
93 120 120
55 93 139
8 77 160
67 212 212
33 225 1
223 237 192
18 192 212
45 98 1
109 124 1
131 253 192
143 190 143
127 220 13
76 228 212
189 240 254
47 228 13
1 54 1
73 182 1
117 194 1
43 119 92
213 254 1
12 25 139
90 174 1
107 140 1
189 192 192
14 196 78
1 97 1
93 250 1
60 246 1
157 199 157
1 205 1
186 216 1
10 173 220
58 158 1
115 174 1
120 170 120
106 161 1
129 156 224
187 253 67
131 158 1
23 136 224
19 104 224
54 226 1
199 201 1
112 228 1
19 177 19
100 160 1
111 141 111
101 238 78
84 175 13
52 176 176
42 44 1
71 72 218
72 161 1
148 228 1
34 170 1
69 149 1
156 248 224
220 249 220
192 201 1
99 105 1
141 204 1
25 255 1
65 231 212
95 120 120
13 163 13
147 183 1
81 165 247
5 62 1
160 161 160
75 232 1
103 196 160
211 250 1
36 229 1
120 161 120
68 134 1
67 85 1
122 125 1
145 190 1
64 249 249
13 235 13
152 225 139
139 172 1
38 165 1
240 243 1
166 234 219
154 167 1
140 255 140
30 108 1
42 255 42
198 215 1
101 246 1
115 206 1
132 210 1
117 199 199
27 212 1
74 254 192
88 173 192
6 178 160
8 217 1
20 115 160
193 220 220
43 101 92
13 218 13
3 120 120
179 199 199
39 250 1
59 226 160
29 241 254
62 200 1
107 251 1
108 137 137
154 198 139
13 240 13
205 228 228
142 208 139
123 159 224
49 100 1
171 246 192
147 190 1
160 176 160
82 230 1
45 146 1
107 184 1
158 190 224
189 197 249
159 192 1
113 159 1
44 106 67
37 86 78
5 27 1
44 192 192
86 124 1
88 232 192
100 227 1
76 107 1
1 24 1
115 248 1
194 233 1
82 192 192
218 228 218
27 96 1
2 56 1
21 76 1
115 138 138
53 191 1
14 175 1
181 219 219
41 91 1
215 231 1
26 86 1
104 204 104
140 152 1
13 53 1
66 226 92
13 117 1
106 162 13
87 102 1
51 139 1
89 199 1
33 86 1
107 217 1
42 177 42
146 254 1
96 253 1
15 98 160
6 181 1
104 107 1
168 209 1
100 253 253
166 246 1
70 169 13
192 212 212
66 256 256
172 211 1
1 57 1
192 219 1
110 249 1
245 254 1
172 203 1
64 243 1
99 108 224
34 106 13
175 177 1
25 78 78
187 239 1
107 147 160
87 216 151
86 238 78
129 167 1
10 188 212
155 203 1
62 126 1
26 197 1
190 224 224
124 228 1
13 45 13
39 105 160
72 146 1
207 224 1
11 161 1
7 180 1
1 118 1
41 61 1
113 244 113
44 212 212
30 212 212
71 169 254
3 236 1
18 201 1
127 133 13
34 88 13
77 97 160
90 93 139
83 184 1
47 148 1
197 230 1
73 124 1
36 86 1
196 222 1
83 223 1
66 67 1
36 208 1
159 215 224
11 73 47
219 221 1
12 215 1
113 225 247
16 174 1
84 208 1
101 208 160
57 94 1
68 235 1
70 235 13
36 69 1
75 179 199
37 209 1
109 163 1
19 27 1
128 159 224
172 227 1
82 194 218
160 190 1
199 210 247
1 48 1
56 232 1
125 251 1
29 226 1
212 249 212
231 252 212
85 98 1
145 215 1
78 180 78
130 248 1
15 20 160
60 72 1
129 170 1
22 188 212
153 224 1
150 174 1
33 132 224
44 99 1
39 203 1
8 13 1
43 120 120
91 197 1
15 73 1
1 37 1
86 196 78
196 198 105
35 130 213
82 211 1
30 192 192
160 179 160
61 91 160
87 164 1
58 176 1
5 78 78
120 190 1
189 231 212
121 158 1
85 176 1
98 225 247
184 240 1
161 207 1
56 122 139
187 224 1
51 199 1
18 229 212
36 240 1
107 213 1
1 101 1
190 201 224
152 169 1
26 106 1
128 185 1
208 249 1
142 205 1
168 239 1
31 151 1
116 171 1
81 210 247
124 205 1
34 200 47
52 82 1
103 224 1
168 183 213
6 190 1
5 55 105
91 165 247
68 165 139
79 241 192
18 22 212
85 206 224
65 82 212
209 221 13
32 46 224
1 189 1
24 176 176
79 205 192
216 240 1
112 164 1
124 253 1
96 186 1
168 213 213
107 249 1
43 77 43
139 171 1
71 74 192
117 171 1
38 146 1
147 227 160
136 252 1
143 183 1
68 204 1
25 53 78
41 196 1
51 156 224
198 213 1
139 148 139
54 181 1
36 55 1
20 182 160
64 123 1
60 206 1
122 138 139
49 97 160
1 29 1
65 240 212
85 167 1
75 122 157
119 230 160
5 12 37
141 235 1
7 15 1
68 139 139
155 177 1
110 214 1
40 80 1
23 211 1
224 236 1
33 79 1
79 197 192
33 100 1
10 108 1
18 133 212
123 151 1
87 159 1
160 193 1
201 214 1
163 232 13
153 176 160
13 205 13
112 129 1
154 180 78
135 188 212
74 253 192
106 115 1
56 160 160
86 185 1
53 95 95
70 127 13
32 204 219
204 244 1
12 78 78
181 214 1
165 179 247
85 234 219
138 190 1
7 161 1
218 220 220
63 240 1
96 142 1
177 224 224
109 256 160
48 170 139
58 86 1
194 214 13
142 178 160
114 202 1
103 108 1
176 214 1
222 241 13
8 228 1
36 123 224
23 144 23
124 224 224
43 66 92
57 105 1
29 240 254
78 159 1
59 111 1
12 142 139
48 168 1
81 122 157
52 184 1
20 28 1
36 224 224
162 209 47
159 220 1
38 235 1
95 226 78
72 237 72
129 234 224
110 182 1
170 198 139
20 95 78
159 246 1
67 159 1
149 193 212
40 68 1
196 249 1
28 187 212
3 13 1
143 177 224
26 61 1
176 223 1
12 33 1
6 205 1
79 104 1
66 215 1
161 210 160
94 230 160
224 225 1
73 236 13
11 179 1
86 90 78
108 176 1
60 138 138
154 218 1
127 176 1
66 161 160
195 212 1
36 98 1
114 192 192
39 160 160
9 69 78
10 64 220
108 214 1
2 7 1
108 132 224
175 232 13
13 171 13
9 193 1
53 242 151
1 123 1
76 192 212
30 223 253
26 81 1
143 170 1
19 43 1
102 107 1
177 239 224
96 246 1
13 193 13
39 196 160
85 208 1
31 119 1
45 150 1
74 195 1
7 165 1
13 175 13
91 223 1
157 198 139
113 162 1
57 242 1
188 231 212
39 246 1
120 196 120
76 213 1
157 254 1
5 90 139
2 50 1
31 35 1
32 50 1
77 180 78
192 227 1
89 136 224
112 122 157
68 246 1
49 153 49
91 112 157
100 224 1
58 74 192
2 138 1
47 135 212
66 94 92
169 240 240
62 232 1
4 145 1
171 187 192
59 242 78
80 104 1
78 179 78
54 174 1
189 232 249
1 44 1
63 122 1
224 239 224
7 159 1
45 213 1
79 237 192
152 208 139
39 71 1
36 73 1
1 56 1
34 134 13
35 207 213
3 185 1
45 158 1
20 73 1
126 226 160
150 242 151
67 253 67
59 120 120
118 201 1
29 37 1
33 165 1
7 61 1
135 148 1
232 245 1
180 187 1
136 158 224
102 171 1
101 234 1
180 218 1
1 81 1
204 215 224
39 52 160
14 114 1
15 129 1
156 192 1
60 78 78
139 203 1
30 72 192
17 65 212
56 208 139
103 115 160
136 225 1
27 180 1
56 214 1
90 110 1
116 160 160
39 81 160
24 37 139
110 120 1
134 230 1
63 225 1
96 123 23
72 182 1
90 117 139
114 245 1
71 159 1
132 227 1
12 125 1
40 206 224
14 224 1
53 199 78
48 208 139
10 44 220
29 225 1
25 104 1
221 232 13
73 147 1
210 238 78
82 94 1
200 218 13
13 67 13
26 63 1
97 238 78
24 79 1
145 208 78
203 227 1
6 219 1
168 180 1
61 227 160
162 208 1
4 202 1
35 46 1
111 216 1
88 156 1
59 253 1
167 179 1
10 218 220
67 74 192
92 103 92
24 205 1
1 133 1
20 242 78
79 171 192
6 103 160
198 248 1
107 225 247
156 254 1
39 144 1
47 124 1
70 94 1
75 77 160
139 157 139
162 215 1
15 204 1
28 71 212
26 148 1
219 250 224
42 144 42
114 197 114
45 182 1
78 87 78
28 41 212
110 234 224
108 250 224
4 250 1
180 186 1
203 248 224
83 121 1
87 248 1
12 101 160
80 207 1
125 168 1
73 127 13
109 142 139
51 125 1
132 200 1
108 233 224
75 146 78
63 198 1
106 127 13
57 234 219
62 250 1
123 216 1
6 11 1
9 20 78
52 199 199
139 155 160
5 81 139
66 160 160
25 179 199
21 52 1
3 78 78
43 147 92
136 217 1
13 256 1
129 228 1
88 123 1
8 158 1
169 172 1
37 53 78
51 180 1
66 205 1
225 251 1
34 67 13
137 156 224
120 225 120
61 114 1
1 246 1
50 221 13
35 215 1
13 34 13
46 154 1
70 206 1
57 106 1
8 159 1
160 167 1
38 66 1
98 244 113
7 17 1
92 190 1
149 179 1
230 244 113
63 136 1
198 245 139
66 89 1
19 149 1
133 225 1
89 183 1
56 87 78
47 95 1
133 161 1
67 179 1
50 78 1
20 178 20
48 55 105
44 171 192
78 86 78
53 238 78
124 229 1
107 239 1
78 199 78
140 171 1
6 126 160
78 155 78
39 183 1
177 244 1
138 238 78
88 193 192
80 98 160
41 128 1
43 103 92
42 169 1
96 143 224
45 223 67
20 101 160
31 133 1
180 199 78
138 250 1
138 198 139
192 229 192
173 250 1
32 137 224
32 230 1
44 48 1
20 104 1
157 244 157
51 189 1
107 246 1
117 230 230
19 222 1
139 230 139
83 237 1
12 237 1
84 212 212
76 108 1
11 201 1
3 101 160
150 198 78
33 167 1
195 205 1
211 230 1
24 110 1
68 182 160
40 226 1
1 182 1
10 113 1
5 244 139
147 220 1
8 113 160
95 145 151
68 76 1
27 232 1
19 217 1
16 19 1
176 208 139
31 153 1
138 164 1
192 240 192
82 148 1
219 223 1
71 212 212
61 192 1
123 124 224
54 194 194
65 143 1
197 221 13
78 144 1
208 220 1
98 214 1
52 235 1
48 86 78
37 200 1
8 114 1
43 52 160
114 220 220
59 178 160
80 200 1
28 55 1
54 121 212
24 117 199
143 238 1
29 116 1
21 135 1
23 24 1
50 55 1
109 192 1
96 174 224
17 83 1
215 218 1
52 248 1
118 193 1
45 120 1
81 208 139
85 251 224
10 197 220
118 219 1
141 207 27
14 228 1
34 167 1
101 229 1
34 212 212
16 66 1
84 157 1
125 143 1
121 165 1
32 234 219
154 197 1
42 159 42
206 212 1
26 84 1
90 191 1
146 151 151
76 99 1
50 116 1
33 202 1
242 245 78
95 112 78
111 253 1
77 116 160
143 210 1
148 170 139
94 241 1
28 171 212
11 222 11
167 213 1
75 127 1
160 221 1
84 121 212
66 123 1
92 242 78
176 229 1
55 165 139
228 239 1
83 126 160
222 230 1
42 137 42
207 211 1
106 253 253
26 250 224
145 191 1
170 187 1
138 230 139
105 237 1
178 244 160
93 244 139
95 211 1
50 153 1
115 221 1
71 232 218
123 206 224
17 30 212
108 178 1
152 246 1
93 133 1
46 49 1
86 241 1
74 192 192
117 157 157
157 230 157
15 118 118
29 176 1
168 199 1
97 118 160
154 213 1
176 192 1
31 173 1
27 95 1
161 235 1
116 141 1
229 243 1
3 163 1
65 125 1
158 233 224
20 218 1
49 101 160
62 81 1
13 74 13
92 225 160
168 178 1
21 115 1
129 196 1
15 53 78
11 133 13
71 220 220
127 246 13
71 191 1
6 46 1
82 105 1
75 165 247
113 230 113
20 138 160
86 87 151
26 136 224
30 100 253
185 201 1
75 243 1
159 178 1
96 133 1
82 128 1
130 245 1
90 170 90
72 164 1
56 151 78
2 35 1
84 256 1
25 91 157
127 228 13
120 189 1
7 197 1
84 207 1
213 223 1
187 192 192
9 43 78
129 177 224
57 95 1
75 170 139
25 199 199
96 206 224
1 240 1
169 249 254
93 225 139
240 249 254
174 219 219
1 236 1
28 210 1
84 220 220
226 228 1
1 223 1
133 219 1
99 248 224
173 219 1
80 118 160
49 210 160
14 201 1
181 235 1
15 147 92
18 163 212
97 154 160
98 116 139
129 208 1
38 43 1
16 126 1
1 192 1
60 74 1
43 128 1
180 231 1
139 214 1
29 127 13
103 130 1
60 120 120
17 66 1
14 50 1
158 164 1
69 87 78
24 165 247
37 179 139
98 148 139
70 95 1
141 194 1
123 137 224
42 239 42
76 231 212
146 148 78
155 198 160
32 52 1
50 228 192
160 234 1
16 193 192
53 181 1
121 245 1
166 179 1
47 233 1
148 196 139
39 62 1
1 17 1
7 216 1
165 209 1
43 190 1
83 186 1
60 63 1
115 127 1
5 118 160
14 135 1
131 228 249
61 220 1
47 121 212
52 122 157
20 44 1
7 136 1
118 146 78
66 147 92
59 179 139
106 225 1
89 222 1
4 157 1
31 154 1
35 184 213
11 99 1
94 154 160
122 226 160
7 113 1
175 216 1
139 142 139
11 98 1
98 245 139
202 223 1
29 221 13
166 235 1
45 220 220
94 196 160
171 229 192
26 244 1
92 118 92
150 249 1
173 194 192
247 253 1
43 238 78
58 173 192
80 149 1
126 219 1
186 233 1
56 155 160
6 184 1
57 252 1
20 202 20
30 79 192
50 207 1
218 233 1
9 236 1
40 237 1
23 123 23
42 129 42
72 225 1
237 254 254
85 89 219
77 160 160
58 196 1
24 245 139
184 232 1
27 63 213
57 221 1
126 128 1
60 211 1
67 216 1
73 166 1
185 239 1
40 181 224
12 91 139
26 199 1
7 207 1
171 230 1
78 209 1
52 239 1
87 156 1
72 82 218
13 89 1
66 172 1
164 165 1
221 222 13
24 107 199
14 34 1
132 144 224
187 231 212
141 200 1
158 175 1
58 221 13
143 220 1
36 93 1
107 123 1
95 228 1
59 163 1
170 233 1
163 173 13
62 98 1
89 157 1
59 133 1
38 200 1
28 98 1
132 182 1
143 256 1
50 175 13
12 118 160
86 151 151
24 182 160
100 235 253
121 220 212
52 63 1
70 87 1
63 103 1
36 129 224
82 150 1
39 51 1
39 166 1
88 238 1
1 147 1
49 202 160
156 256 1
80 112 160
45 240 192
24 229 1
18 118 1
37 153 160
53 126 78
59 215 1
164 204 1
127 194 13
134 162 13
153 252 1
53 57 1
81 187 1
17 151 1
109 213 1
37 217 1
91 176 157
48 198 105
79 212 212
28 110 1
60 164 1
207 235 1
7 167 1
25 253 1
21 254 1
86 122 78
86 165 78
14 130 1
17 119 1
36 118 1
24 247 247
33 35 1
96 235 1
92 183 1
114 241 254
1 39 1
33 241 1
34 174 1
17 33 1
108 150 1
84 233 1
153 192 1
11 140 1
140 248 224
54 220 220
18 88 212
207 213 213
112 120 120
183 249 1
8 144 1
155 188 1
79 96 1
39 92 92
28 219 1
72 129 1
116 128 1
148 237 1
187 215 1
225 235 1
179 247 247
203 212 1
150 178 78
81 234 1
6 58 1
77 105 160
61 240 1
12 170 139
54 88 192
61 216 78
159 191 1
95 180 151
6 61 160
177 253 1
166 177 224
222 225 1
25 139 139
106 229 67
38 123 38
103 186 1
163 251 1
141 156 1
58 83 1
7 129 1
173 174 1
4 211 1
26 64 1
1 173 1
80 240 1
18 182 1
4 16 192
142 246 1
53 60 78
41 165 1
85 155 1
66 197 1
147 217 1
141 191 1
48 230 139
12 180 78
94 193 1
27 44 1
6 108 1
1 85 1
8 241 1
105 209 1
125 171 1
3 107 199
33 76 1
78 145 78
143 195 224
88 243 1
78 83 78
12 37 37
15 182 118
180 234 1
6 87 78
48 130 1
27 179 1
74 164 1
39 215 1
78 95 78
54 70 13
170 243 1
46 80 1
41 102 1
20 176 160
41 133 212
124 166 224
15 126 160
76 113 1
35 168 213
225 244 247
23 245 1
28 232 212
11 61 1
77 78 78
159 179 1
106 173 253
224 230 1
49 224 1
33 72 1
187 212 212
80 182 160
106 131 192
18 137 1
19 159 19
53 122 78
42 81 1
43 183 1
52 206 1
26 252 1
51 194 1
151 220 1
50 179 1
154 199 157
85 153 1
15 202 160
53 145 151
96 152 1
1 255 1
30 92 1
14 249 1
25 238 78
105 181 1
218 245 1
219 242 1
211 248 1
244 245 139
170 216 78
45 133 67
1 151 1
97 254 1
169 216 1
64 84 249
80 155 80
134 236 192
37 198 37
24 94 160
104 196 1
18 49 1
17 211 1
56 156 1
195 252 1
150 231 1
125 146 1
42 143 42
77 191 1
59 139 139
68 88 1
128 173 1
82 218 218
4 42 1
109 114 1
29 231 212
33 163 1
229 241 192
9 106 1
49 179 160
16 103 1
72 232 72
114 194 218
1 100 1
193 246 246
74 167 1
67 210 1
84 253 192
20 111 1
21 133 1
78 147 78
187 221 13
93 140 1
136 243 1
85 158 224
169 221 13
102 198 1
5 178 160
175 242 1
75 199 199
91 120 120
13 72 13
22 246 212
128 209 1
130 139 1
17 221 212
61 194 1
15 84 1
69 236 1
81 93 139
81 199 199
46 221 1
68 91 139
105 194 1
135 160 1
26 230 1
32 132 224
106 109 1
122 172 1
46 212 1
58 134 134
14 141 1
152 157 139
27 59 1
34 221 13
83 136 1
161 178 160
33 129 224
60 175 1
228 250 1
50 161 1
153 247 160
202 220 1
20 83 160
32 57 57
130 146 1
63 69 1
4 129 1
81 113 113
52 91 157
40 251 224
25 62 1
77 147 92
56 136 1
102 119 1
138 227 160
200 243 1
154 210 247
179 252 1
133 209 13
69 82 1
74 223 192
154 245 139
237 240 254
164 168 1
113 161 160
55 208 139
111 182 1
13 209 13
121 156 1
26 178 1
67 77 1
46 113 1
189 208 1
103 237 1
52 157 157
75 177 1
101 115 160
86 158 1
110 198 1
153 174 1
191 237 1
41 253 212
148 211 1
9 189 1
95 208 78
1 89 1
45 148 1
133 169 192
147 224 1
35 123 1
24 124 1
45 246 246
13 27 1
56 137 1
60 228 1
23 241 1
40 232 1
52 179 179
26 79 1
132 236 1
1 68 1
28 54 212
230 248 1
116 199 139
48 74 1
73 86 1
74 131 192
41 192 212
94 198 160
63 193 1
175 254 13
98 183 1
43 65 1
2 164 2
14 236 1
126 202 160
19 119 1
96 252 1
23 49 1
100 220 220
52 92 160
18 76 212
77 89 1
66 107 160
84 185 13
116 164 1
31 81 1
80 126 160
94 100 1
136 179 1
81 179 199
25 55 139
84 231 212
166 183 1
153 253 1
122 180 78
13 134 13
155 184 1
210 252 1
33 68 1
38 170 1
17 56 1
81 102 1
66 77 92
244 248 1
153 255 1
165 199 247
75 144 1
47 78 1
111 249 1
60 90 90
36 161 1
210 234 1
96 137 224
104 154 1
55 179 139
150 186 1
151 251 1
174 252 1
116 159 1
97 122 160
40 185 1
171 224 1
82 213 1
4 64 254
28 72 212
155 159 1
20 143 1
180 195 1
133 171 192
79 240 192
30 185 13
51 191 1
85 101 1
7 57 1
156 179 1
20 187 1
23 71 1
29 49 1
174 256 1
220 236 220
69 137 1
60 114 1
239 248 224
106 133 133
162 164 1
189 246 192
1 174 1
95 201 1
185 245 1
158 230 1
25 50 1
155 226 160
76 253 212
105 192 1
61 253 1
65 133 212
37 138 139
219 252 1
238 244 78
34 97 1
46 191 1
45 212 212
22 171 212
13 137 1
190 208 1
87 200 1
74 232 192
12 251 1
3 137 1
185 255 1
150 219 1
9 141 1
90 238 78
60 238 78
71 254 254
6 146 78
42 52 1
12 252 1
11 188 212
70 141 1
4 44 192
100 106 253
139 200 1
164 174 1
80 122 160
50 79 192
9 206 1
127 209 13
176 256 160
180 250 1
3 152 139
34 235 13
116 131 1
134 170 1
183 184 213
132 250 224
35 143 1
122 236 1
50 101 1
15 101 92
11 125 1
19 202 1
72 189 249
17 156 1
31 123 224
10 232 220
115 252 1
162 163 47
105 137 1
195 233 224
195 208 1
69 255 1
87 170 78
55 82 1
126 203 1
32 140 219
4 84 254
104 233 224
133 139 1
49 256 160
130 188 1
44 147 1
78 90 78
33 37 1
137 146 1
2 81 1
80 237 1
162 169 13
218 235 192
46 233 224
64 228 249
8 52 160
11 30 13
104 134 1
55 91 139
91 182 160
121 227 1
112 127 1
159 207 1
106 251 1
67 88 192
7 78 1
71 213 1
127 192 13
88 188 212
165 166 1
101 160 160
33 245 1
13 30 13
120 185 1
23 158 23
144 223 1
3 180 78
213 247 1
16 134 134
31 237 1
7 81 1
119 238 78
63 184 213
37 43 160
43 97 160
139 162 1
107 198 139
56 242 78
9 237 1
73 79 13
173 212 212
14 95 95
31 235 1
46 225 1
156 174 224
23 215 23
75 169 1
74 146 1
30 151 1
14 112 78
58 227 1
84 217 212
131 245 1
40 228 1
32 172 1
113 120 120
38 256 1
125 228 1
3 95 78
68 122 139
22 229 212
30 98 1
170 175 1
7 9 1
40 60 1
54 225 1
10 123 1
78 187 1
42 70 1
7 97 1
50 253 253
163 197 13
94 256 92
169 184 1
54 140 1
109 233 1
107 157 157
1 124 1
90 192 1
54 255 1
143 231 1
87 181 1
114 223 192
217 250 1
123 148 1
35 99 1
148 233 1
36 59 1
23 106 1
34 162 47
68 138 138
212 223 212
24 179 179
23 59 1
135 236 212
22 86 1
78 93 78
66 102 1
209 240 13
41 178 1
116 178 160
32 42 42
32 231 1
164 209 1
7 60 1
134 211 1
115 170 115
207 229 1
103 215 1
86 243 1
217 249 212
2 181 1
133 206 1
58 76 212
173 223 173
29 251 1
21 252 1
56 245 139
103 194 1
67 167 1
72 193 192
3 121 1
4 228 254
99 164 1
7 123 1
141 155 1
113 139 139
128 129 224
20 226 160
13 223 13
204 223 1
110 240 1
65 171 212
183 230 1
91 247 247
99 256 1
171 206 1
85 121 1
29 200 13
225 230 247
145 153 78
225 229 1
30 241 192
81 115 139
71 144 1
161 227 227
32 88 1
52 93 139
236 249 192
97 165 160
88 152 1
45 193 67
57 206 224
94 116 160
103 169 1
171 244 1
100 163 13
45 236 67
61 90 160
227 247 160
166 186 1
66 157 160
21 127 1
150 171 1
14 163 1
16 244 1
44 235 67
32 135 1
94 250 1
72 123 1
6 156 1
174 236 1
104 153 1
62 212 1
208 224 1
148 199 139
29 114 114
167 249 1
154 169 1
162 181 1
132 220 1
137 145 1
131 248 1
20 158 1
115 230 139
11 195 1
33 52 1
72 115 1
12 144 1
133 158 1
120 148 120
176 244 199
6 66 160
82 121 212
75 129 1
37 90 139
64 192 192
204 233 224
83 150 78
175 251 1
81 175 1
149 182 1
18 188 212
133 243 1
131 227 1
18 247 1
75 240 1
17 213 1
116 245 139
74 133 192
123 168 1
43 196 160
47 248 1
116 221 1
63 150 1
205 240 254
48 118 160
61 83 92
188 253 212
12 87 78
7 188 1
170 238 78
86 113 78
55 113 139
175 183 1
180 207 1
122 240 1
59 103 160
121 243 1
127 170 1
103 229 1
84 243 1
105 235 1
107 117 113
108 142 1
144 236 1
25 189 1
165 198 139
36 103 1
178 185 1
35 147 1
13 236 13
29 40 1
58 256 1
9 165 78
26 129 224
115 139 139
29 41 212
70 123 1
57 108 224
146 239 1
227 238 78
27 223 1
143 155 1
55 230 139
122 178 160
3 117 199
15 58 1
208 235 1
36 92 1
72 226 1
130 205 1
77 124 1
33 136 224
26 38 224
112 176 199
204 253 1
28 65 212
18 77 1
51 217 1
60 194 1
203 234 224
57 227 1
152 241 1
98 160 160
106 143 1
12 38 1
164 206 1
15 193 1
8 184 1
232 241 254
58 135 212
125 135 1
90 101 160
41 143 1
28 112 1
77 92 92
67 169 192
178 218 1
5 50 1
134 165 1
144 179 1
34 111 1
106 194 192
150 232 1
51 105 1
49 194 1
33 133 1
56 142 139
17 230 1
23 214 1
226 252 1
37 89 1
93 152 93
58 73 13
69 178 160
9 145 151
148 238 78
51 248 224
22 56 1
87 241 1
55 120 120
65 92 1
101 132 1
26 154 1
221 244 1
63 226 1
46 185 1
173 225 1
34 125 1
23 82 1
130 202 1
102 145 1
155 171 1
73 244 1
77 184 1
74 219 1
25 206 1
62 128 1
39 84 1
183 231 1
102 169 1
72 180 1
75 206 1
8 167 1
45 237 192
25 92 160
55 108 1
80 201 1
123 213 1
13 228 13
96 185 1
15 78 78
125 126 1
214 241 13
187 206 1
120 203 1
15 248 1
24 244 199
128 233 224
47 174 1
85 174 219
132 135 1
1 22 1
60 178 160
27 172 213
5 69 160
55 126 160
79 229 192
98 220 1
131 179 1
2 207 1
98 127 1
112 132 1
98 108 1
93 105 139
7 151 1
16 241 192
64 75 1
51 119 1
105 183 1
83 94 92
52 197 1
61 141 1
81 215 1
115 152 139
60 139 139
79 84 192
139 149 1
128 170 1
112 230 112
115 142 139
25 254 1
25 66 160
103 214 1
114 232 218
96 103 1
235 245 1
40 171 1
65 237 212
64 227 1
67 114 192
98 184 1
182 214 1
67 110 1
141 169 1
53 146 151
2 117 1
79 218 192
55 90 139
70 135 212
36 204 219
16 18 212
1 154 1
128 229 1
42 99 42
7 124 1
56 75 139
107 199 199
78 236 1
44 240 192
241 250 1
134 171 134
97 139 160
111 146 1
168 218 1
96 211 1
24 53 78
64 205 249
114 188 212
24 163 1
18 121 212
104 241 1
13 249 13
16 77 1
104 182 1
102 166 224
151 208 78
77 148 160
198 225 139
83 182 92
73 214 47
108 159 224
67 227 1
28 233 1
24 93 139
102 233 224
47 222 47
1 243 1
56 168 1
156 217 1
128 186 1
240 250 1
1 12 1
144 250 224
10 202 1
9 13 1
33 113 1
33 155 1
7 35 1
39 80 160
90 206 1
3 255 1
74 189 192
141 250 1
118 248 1
25 175 1
118 170 160
28 52 1
31 172 1
93 138 139
216 220 1
20 249 1
49 191 1
143 164 1
118 249 1
96 230 1
60 109 139
7 28 1
115 205 1
155 234 1
32 247 1
177 250 177
1 52 1
95 159 1
33 230 1
142 162 1
217 235 212
28 152 1
67 223 67
24 38 1
82 242 1
205 249 249
228 241 254
198 214 1
182 241 1
180 226 78
57 129 224
137 181 224
178 183 1
101 227 160
53 251 1
108 129 224
17 67 212
189 226 1
41 75 1
90 169 1
62 130 1
93 135 1
122 170 139
57 142 1
90 128 1
38 114 1
185 236 13
56 203 1
98 145 78
29 72 218
125 149 1
133 194 192
144 237 1
180 232 1
36 174 219
81 169 1
93 154 139
160 239 1
126 183 1
12 179 139
230 241 1
37 182 160
57 222 1
179 206 1
60 196 139
10 228 220
70 111 1
87 237 1
242 251 1
16 105 1
181 217 1
116 190 1
188 248 1
10 182 1
106 141 1
31 146 1
15 189 1
87 110 1
14 18 1
77 217 1
65 242 1
11 254 13
140 222 1
79 185 13
127 167 1
8 176 160
48 227 160
40 178 1
124 238 1
112 167 1
43 254 1
10 185 13
64 177 1
27 208 1
88 246 192
49 90 160
78 204 1
206 216 1
153 238 78
189 193 192
63 72 1
75 137 1
104 214 1
109 228 1
33 77 1
166 205 1
146 203 1
192 194 192
30 233 1
118 163 1
60 180 78
33 47 1
12 24 139
24 97 160
116 181 1
67 152 1
193 212 212
2 228 1
44 163 13
15 195 1
33 169 1
191 246 1
96 247 1
21 233 1
10 222 13
48 96 1
14 180 151
109 244 139
13 229 13
77 156 1
176 218 1
176 250 1
118 203 1
100 117 1
189 239 1
114 160 1
112 202 160
61 80 160
119 242 78
35 72 1
53 254 1
112 246 1
152 163 1
119 226 92
121 188 212
62 207 1
49 208 160
141 163 1
83 116 160
112 214 1
71 128 1
229 236 67
67 111 1
140 182 1
44 73 13
67 145 1
66 183 1
46 105 1
12 171 1
61 96 1
13 21 1
101 233 1
113 214 1
58 90 1
234 248 224
92 213 1
39 238 78
101 240 1
212 237 212
155 180 78
38 186 1
86 161 78
7 73 1
174 230 1
31 57 224
153 240 1
140 154 1
192 236 192
27 171 1
66 241 1
118 241 1
8 15 160
49 122 160
174 220 1
21 204 1
10 21 1
23 229 1
11 85 1
97 252 1
218 227 1
12 97 160
64 213 1
13 204 1
142 145 78
41 115 1
178 252 1
78 241 1
31 209 1
3 68 139
145 227 78
78 98 78
45 200 13
100 184 1
149 168 1
123 248 224
159 175 1
59 214 1
191 217 1
127 211 1
7 156 1
87 118 78
85 125 1
1 25 1
10 253 220
11 91 1
128 179 1
121 151 1
3 138 139
69 78 78
46 169 1
47 102 1
33 233 224
126 165 160
228 238 1
95 178 78
202 234 1
76 132 1
24 135 1
48 63 1
10 237 220
75 149 1
106 203 1
139 191 1
127 171 13
124 158 224
35 250 1
17 103 1
115 216 78
166 212 1
205 243 1
21 189 1
165 174 1
56 209 1
137 158 224
127 185 13
17 222 212
93 132 1
11 233 1
160 245 160
117 249 1
111 114 1
93 122 139
59 232 1
217 242 1
45 208 1
59 98 139
36 248 224
147 196 160
134 192 192
98 126 160
111 172 213
54 190 1
82 116 1
129 141 1
58 185 13
102 104 224
205 252 212
7 239 1
80 233 1
94 238 78
66 190 1
215 247 1
104 231 1
41 90 1
173 251 1
28 235 212
106 232 192
5 210 139
108 213 1
185 243 1
61 137 1
6 21 1
210 250 1
6 27 1
89 162 1
158 248 224
74 228 192
1 8 1
79 235 192
24 219 1
1 75 1
24 225 247
59 147 160
47 211 1
108 109 1
10 74 220
23 94 1
174 234 234
110 239 239
85 225 1
35 158 1
72 149 212
22 209 212
43 187 1
1 204 1
11 170 1
110 256 1
71 185 13
108 235 1
142 166 1
125 201 1
94 209 1
108 255 224
75 97 160
112 188 1
69 74 1
19 151 1
149 211 1
89 214 1
183 252 1
120 176 120
48 124 1
171 188 212
14 21 1
59 115 139
110 223 1
63 233 1
24 156 1
23 63 1
151 203 1
51 242 1
32 190 224
47 94 1
160 235 1
89 103 1
133 229 67
24 171 1
118 192 1
109 115 139
217 247 1
14 230 78
2 88 1
14 238 78
123 150 1
9 222 1
188 217 212
94 210 160
37 84 1
228 245 1
68 111 1
41 163 212
61 180 78
133 187 67
57 84 1
19 114 1
65 183 1
29 158 1
13 95 1
97 199 160
27 89 1
6 62 1
102 109 1
139 243 1
16 230 1
91 244 157
217 256 1
67 237 192
78 200 1
55 233 1
20 150 78
50 227 1
68 166 1
12 134 1
125 163 1
169 191 1
82 232 218
137 243 1
60 247 139
71 200 13
220 221 13
89 217 1
122 250 1
65 252 212
11 44 13
84 116 1
171 210 1
235 246 246
10 193 220
49 228 1
112 183 1
56 57 1
163 200 47
15 47 1
130 158 1
117 213 1
1 140 1
44 137 1
42 209 1
97 136 1
167 212 1
76 104 1
24 139 139
32 86 1
100 240 192
112 157 157
110 203 224
5 180 78
16 131 192
6 25 160
65 222 212
118 169 1
87 119 78
86 131 1
69 117 160
42 45 1
154 228 1
162 182 1
167 199 1
171 189 192
134 209 13
27 254 1
13 250 1
29 233 1
86 199 78
167 171 1
7 213 1
81 246 1
124 208 1
64 112 1
29 131 249
132 229 1
60 84 1
141 173 1
94 176 160
168 193 1
206 235 1
106 249 192
156 166 224
47 74 13
34 73 47
140 190 224
73 197 13
179 241 1
232 249 249
30 171 192
5 229 1
109 205 1
94 97 160
23 171 1
102 159 224
25 256 160
121 238 1
9 114 1
143 154 1
124 193 1
132 152 1
79 255 1
13 129 1
75 121 1
10 131 220
134 221 13
67 218 192
57 80 1
26 53 1
215 249 1
88 160 1
61 88 1
30 133 133
147 209 1
153 166 1
92 244 160
205 216 1
115 171 1
33 248 224
123 166 224
64 237 249
137 153 1
44 184 1
82 107 1
97 249 1
29 178 1
203 232 1
50 135 212
144 225 1
132 237 1
181 204 204
129 136 224
119 246 1
32 36 32
66 96 1
126 210 160
150 216 151
120 230 120
62 243 1
114 212 212
117 152 139
51 232 1
35 226 1
9 254 1
122 245 139
41 212 212
56 121 1
171 186 13
38 193 1
68 157 139
63 133 1
3 123 1
10 216 1
133 221 13
211 251 1
