256 6352
154 161 1
58 193 4
2 55 2
7 234 2
72 105 2
35 40 2
37 178 7
176 178 4
1 184 1
9 218 1
61 231 1
57 226 4
12 60 2
1 256 1
181 209 181
58 245 58
29 249 1
177 246 2
17 182 1
53 146 4
197 239 47
1 132 1
129 191 34
69 153 1
15 170 15
224 232 4
106 230 51
32 215 4
1 81 1
23 38 1
122 196 1
66 182 19
166 198 9
206 237 1
109 130 7
66 121 65
1 250 1
66 220 4
47 90 47
228 246 2
12 215 4
98 174 4
4 148 4
43 205 4
41 191 15
159 189 1
28 215 7
66 184 2
84 255 66
1 15 1
14 46 7
2 52 2
113 204 29
62 250 14
55 196 1
56 138 2
24 218 1
13 67 1
21 157 19
33 64 33
112 240 19
7 89 7
22 241 22
200 211 4
11 23 11
15 94 15
150 168 89
240 254 19
164 231 1
2 146 2
42 153 1
86 173 19
17 56 1
21 27 21
162 188 51
49 107 1
176 224 22
2 118 2
10 240 4
22 216 4
148 153 1
98 235 4
119 232 2
47 197 47
37 132 15
4 244 4
242 245 4
6 147 4
142 157 1
64 163 64
35 254 2
146 204 1
27 168 27
7 19 7
2 100 2
26 256 1
8 104 1
96 248 2
30 230 1
11 47 2
110 175 1
38 127 29
77 160 2
171 213 1
4 68 4
85 132 7
2 160 2
27 49 7
121 148 4
30 38 29
115 252 7
198 219 9
61 65 19
13 153 1
52 161 4
115 177 62
227 237 1
95 232 4
99 243 7
178 181 4
132 238 1
180 226 59
19 139 19
8 111 8
189 230 51
12 184 2
45 214 1
24 217 1
16 170 4
79 163 2
37 82 4
29 82 1
64 108 64
85 214 7
9 157 9
43 50 2
38 109 1
19 21 19
61 200 4
30 84 1
39 231 1
28 146 4
7 230 7
13 126 1
65 251 65
142 204 1
17 129 1
15 35 2
22 102 22
32 158 22
8 242 8
1 247 1
1 114 1
57 254 19
13 26 1
80 192 1
131 230 1
166 197 2
100 212 1
200 255 4
2 98 2
88 96 2
169 226 22
3 204 1
136 202 1
2 180 2
42 236 2
128 215 51
120 215 7
1 236 1
130 225 7
50 140 1
220 241 220
94 194 7
12 136 4
51 128 51
31 144 1
174 225 7
1 87 1
121 245 4
10 63 2
48 188 7
150 198 9
105 246 2
8 127 1
25 168 1
176 229 169
35 125 2
129 252 34
113 194 1
35 180 2
77 173 2
171 210 15
49 140 1
49 155 7
23 27 2
87 144 1
7 170 7
98 158 22
213 220 1
75 224 22
1 239 1
104 110 30
118 213 1
136 211 136
47 118 2
171 186 7
7 51 7
55 65 55
1 9 1
40 252 34
150 228 48
25 76 1
165 242 1
80 235 7
77 244 2
4 168 4
4 203 4
7 28 7
210 250 7
54 108 2
130 167 7
81 86 21
9 99 7
2 148 2
200 251 4
127 254 1
84 245 4
80 243 80
6 36 4
177 256 1
88 189 88
180 241 58
1 91 1
50 104 1
170 218 1
78 80 2
131 207 1
1 152 1
25 190 1
211 251 7
79 207 2
124 211 1
146 226 59
42 90 2
18 66 7
105 221 2
183 188 99
9 27 9
36 230 7
29 244 1
44 69 15
128 210 7
239 254 2
120 220 4
39 168 4
93 161 4
51 216 4
151 156 9
30 204 29
131 189 1
106 137 106
147 153 1
30 195 1
76 200 4
48 209 4
204 212 29
8 220 4
2 129 2
4 118 4
1 36 1
17 212 1
4 255 4
25 249 1
46 146 4
196 230 1
2 228 2
53 110 1
45 177 1
34 49 34
152 207 2
3 26 1
184 206 1
69 196 1
34 125 2
70 193 7
117 126 22
99 119 2
1 28 1
99 185 1
156 217 9
14 163 14
57 86 21
126 194 4
22 146 22
145 190 14
65 77 2
92 208 7
23 143 23
118 209 117
248 256 1
140 248 1
160 251 19
186 250 7
109 133 1
98 219 4
2 247 2
55 121 55
1 223 1
15 96 2
58 228 4
89 168 89
221 245 4
107 133 1
58 87 1
100 121 19
220 238 1
3 69 1
72 99 51
29 206 29
7 109 7
2 103 2
130 256 1
28 239 2
18 48 7
142 249 1
124 213 1
12 111 12
98 179 4
100 120 7
108 188 7
54 158 2
152 246 47
148 241 58
45 158 1
130 233 7
19 225 19
1 69 1
104 256 1
60 122 2
20 70 4
38 228 1
52 99 4
61 126 4
33 215 7
139 169 4
49 169 4
118 136 4
116 136 7
97 216 4
18 129 18
120 146 4
62 67 1
89 248 7
32 148 22
121 251 65
172 193 15
1 78 1
12 72 4
27 198 9
8 223 8
82 200 4
7 148 4
167 216 4
46 139 46
90 213 1
11 118 2
81 167 48
108 193 7
225 240 19
72 211 7
20 189 4
16 50 2
56 221 8
64 162 7
80 95 4
1 126 1
86 96 2
204 227 29
51 69 7
1 65 1
56 151 4
133 163 1
77 152 47
17 24 1
18 173 7
55 114 55
102 138 2
31 188 1
2 75 2
55 195 55
114 251 65
34 186 7
61 155 19
18 49 18
21 35 2
9 150 9
106 150 7
163 180 4
28 245 4
85 143 2
52 147 8
130 219 7
53 211 53
150 233 7
83 170 7
2 248 2
44 51 7
115 208 115
10 68 4
113 208 1
107 161 1
203 228 4
18 140 1
89 227 1
28 131 1
211 236 7
29 204 29
121 236 55
122 169 2
179 217 4
106 215 51
162 189 51
177 235 33
96 254 2
109 114 109
59 94 4
57 150 48
179 216 4
226 240 4
156 157 9
5 53 1
29 125 1
118 220 58
4 183 4
13 216 1
71 121 71
7 100 7
56 188 4
4 238 1
116 168 19
34 242 4
89 182 48
79 100 2
117 241 58
115 235 33
1 158 1
38 192 1
250 253 1
181 226 59
19 110 1
125 168 2
100 249 1
64 72 7
21 109 19
8 97 8
156 173 9
34 156 7
143 158 2
146 207 2
158 243 4
173 176 4
5 124 1
4 175 4
203 225 4
19 51 7
185 206 185
16 216 10
2 66 2
115 250 14
76 97 76
7 194 7
112 225 66
195 243 80
179 232 4
64 100 7
129 164 15
88 177 7
6 156 4
1 6 1
33 188 7
18 204 1
7 44 7
1 25 1
170 220 4
22 169 22
44 62 7
61 254 61
180 220 58
79 96 79
83 136 7
143 225 2
55 88 7
107 195 1
19 65 19
196 249 1
133 167 1
76 137 4
22 125 2
214 230 7
132 175 15
65 119 2
39 220 22
41 145 7
191 250 7
37 184 2
80 99 7
129 162 7
82 128 4
127 196 110
59 245 58
2 187 2
161 199 4
12 248 4
102 196 1
57 151 48
57 255 19
21 53 7
150 151 150
2 186 2
10 106 4
7 43 7
224 236 4
42 113 1
59 181 59
143 200 2
39 244 4
170 251 7
4 132 4
188 189 51
141 240 19
94 188 7
99 215 51
111 119 2
236 237 55
60 208 2
138 159 1
140 192 1
150 222 48
122 174 2
118 249 1
33 208 33
142 238 1
142 184 1
141 168 89
46 167 19
66 68 4
53 130 53
34 94 34
68 247 4
3 35 1
121 230 7
165 175 1
1 50 1
7 85 7
122 244 2
184 186 2
19 199 4
33 250 14
91 175 4
59 219 4
12 222 4
2 4 2
192 209 1
199 223 8
2 95 2
122 145 2
107 182 1
197 238 1
204 214 1
93 249 1
143 167 2
17 75 1
158 203 22
75 82 4
10 109 4
79 222 2
83 238 1
123 252 34
121 169 4
156 184 2
74 85 14
9 220 4
201 252 4
191 252 34
203 226 22
61 74 7
219 240 19
67 192 67
18 52 4
60 175 2
131 227 30
120 163 14
150 193 7
81 150 48
27 89 27
59 224 22
2 221 2
16 17 1
142 254 1
39 70 4
11 105 2
33 89 7
99 147 4
15 130 15
65 240 19
92 183 7
64 85 14
2 68 2
2 134 2
26 96 1
119 177 2
2 22 2
65 112 65
170 173 7
39 183 4
19 101 4
86 114 19
90 96 47
1 63 1
142 220 1
2 93 2
53 210 53
77 229 2
31 173 1
42 237 2
77 182 2
28 197 2
18 221 4
222 223 4
99 101 4
96 213 1
83 129 7
60 96 47
21 221 4
19 149 19
15 127 1
28 235 7
108 145 14
78 112 2
150 163 7
184 217 2
165 196 29
43 171 43
12 134 4
80 195 80
63 218 1
119 166 2
29 113 29
79 145 2
84 117 4
1 254 1
82 199 12
20 52 8
78 156 2
44 183 7
83 187 19
44 177 7
52 211 4
118 241 58
47 200 2
19 246 2
139 224 4
101 252 4
24 187 1
93 137 4
157 203 4
164 216 4
33 172 7
144 147 4
88 253 1
42 239 2
2 64 2
103 155 65
49 123 36
182 200 4
7 53 7
11 65 2
117 163 4
207 219 2
94 186 7
18 159 1
28 94 28
70 222 7
132 137 7
96 127 1
26 139 1
149 157 19
4 225 4
121 156 9
2 191 2
101 250 4
12 243 4
2 167 2
14 33 14
74 235 33
198 243 9
4 210 4
137 230 51
128 129 7
139 198 9
27 100 27
12 210 4
37 145 7
145 208 14
80 82 4
34 129 34
63 105 2
67 229 1
6 95 4
32 247 4
100 214 57
5 184 1
105 119 2
105 183 2
24 133 1
135 191 4
176 217 4
122 222 2
36 137 7
17 168 1
73 159 5
116 159 1
42 225 2
4 115 4
110 204 29
114 187 71
62 99 7
171 174 15
206 247 1
21 69 7
122 256 1
190 244 33
4 109 4
48 110 1
2 70 2
4 250 4
58 163 4
2 57 2
7 166 7
126 226 22
78 125 23
75 154 1
1 116 1
1 220 1
63 131 1
64 235 33
38 121 1
92 198 9
61 164 7
7 198 7
156 191 7
110 122 1
46 256 1
58 181 58
21 130 7
2 212 1
26 209 1
34 61 7
80 140 1
170 199 4
41 195 7
194 211 7
48 141 48
186 236 7
45 104 30
59 226 59
122 167 2
101 188 4
57 100 57
7 172 7
118 132 4
1 95 1
1 153 1
40 172 15
141 206 1
31 235 1
11 50 11
121 186 7
79 129 2
20 102 4
148 181 59
19 237 19
4 40 4
164 242 4
197 219 2
34 228 7
106 240 7
65 256 1
31 205 1
165 253 1
97 135 52
30 136 1
28 175 15
91 127 1
19 158 4
91 249 1
48 150 48
128 205 4
52 135 52
76 249 1
7 141 7
29 81 1
8 52 8
114 156 9
193 229 4
50 90 2
19 42 2
186 200 4
52 221 52
154 197 1
101 166 4
27 167 27
64 208 62
74 190 62
41 174 41
12 176 4
53 185 1
141 167 48
20 39 4
23 91 2
36 158 4
101 123 4
219 225 19
209 211 4
72 128 51
204 220 1
31 67 1
1 199 1
58 201 58
14 239 2
1 227 1
67 73 1
76 82 12
48 86 21
30 200 1
129 229 4
149 252 7
11 171 2
40 121 7
40 61 7
38 45 29
7 37 7
119 185 1
2 241 2
29 76 1
58 158 22
47 77 47
215 256 1
152 203 2
58 180 58
84 243 65
29 131 29
15 174 15
27 144 19
17 187 1
9 166 9
119 209 2
122 149 2
17 34 1
62 196 1
32 39 32
165 204 29
4 48 4
14 244 14
41 136 41
132 136 15
53 172 41
176 197 2
19 141 19
197 246 54
154 256 1
106 136 7
57 177 7
19 103 19
186 193 7
15 119 2
69 239 2
62 108 62
78 217 2
69 234 2
52 115 4
4 51 4
205 239 2
125 184 23
2 243 2
119 143 2
53 222 7
53 144 7
13 25 1
77 247 2
225 243 65
166 250 7
118 181 117
72 215 72
43 167 7
245 255 4
12 82 12
98 210 4
194 196 1
1 171 1
115 200 4
184 250 2
45 167 1
89 156 9
177 190 70
12 141 4
161 200 4
41 228 7
216 241 4
2 11 2
2 63 2
88 255 7
80 148 4
1 21 1
122 130 2
86 89 21
200 218 1
18 192 1
20 200 4
120 253 1
29 185 29
145 153 1
83 253 1
39 54 2
81 182 48
62 177 62
20 83 4
94 117 4
151 213 1
57 222 48
1 162 1
176 201 22
137 248 7
196 204 29
2 54 2
38 184 1
67 140 1
126 204 1
54 65 2
53 64 7
27 80 19
217 223 4
54 61 2
97 205 4
104 206 30
2 48 2
73 202 5
48 81 48
32 214 4
155 254 19
19 219 19
21 197 2
176 225 4
132 179 4
79 175 2
195 244 7
157 166 19
27 112 19
225 245 4
84 156 9
145 146 4
14 211 7
45 115 1
142 239 1
36 78 2
88 150 7
35 197 2
111 194 4
167 217 19
97 133 1
6 233 4
190 240 7
86 91 4
16 34 4
23 63 2
36 165 1
4 65 4
4 114 4
70 177 70
144 215 7
50 72 2
111 147 8
21 26 1
1 165 1
168 214 48
26 120 1
128 143 2
1 177 1
3 164 1
96 209 2
4 16 4
6 128 4
143 210 2
1 176 1
205 220 4
114 207 2
70 208 62
165 241 1
37 164 37
1 149 1
23 131 1
1 26 1
4 86 4
170 231 1
175 231 1
1 200 1
125 143 125
8 147 8
144 153 1
12 148 4
4 52 4
42 140 1
32 64 4
55 94 7
100 206 1
201 215 4
138 157 2
143 244 2
217 244 7
48 64 7
86 249 1
127 231 110
38 204 38
17 150 1
189 216 4
80 186 7
154 166 1
112 243 65
71 160 19
58 150 4
96 104 1
43 138 2
29 234 1
46 189 7
107 226 1
7 61 7
92 160 46
21 186 7
40 224 4
36 134 36
8 30 1
128 207 2
53 83 7
146 159 1
60 202 1
94 164 15
20 208 4
158 200 4
168 182 48
49 204 1
190 213 1
24 161 1
83 137 7
44 227 1
9 130 7
85 120 85
42 56 2
54 181 2
116 155 19
64 244 33
64 190 64
70 228 7
69 143 2
190 200 4
78 190 2
178 219 116
168 198 9
8 232 4
15 129 15
86 167 21
233 244 7
36 44 15
18 207 2
30 45 30
70 254 7
4 194 4
40 151 7
7 243 7
146 220 58
56 220 4
18 75 4
81 228 48
53 100 7
74 221 4
37 154 1
1 5 1
66 155 66
2 122 2
56 67 1
109 177 7
11 207 11
146 197 2
4 33 4
80 189 7
83 226 4
210 223 4
113 165 29
177 183 7
39 209 22
2 232 2
70 188 7
66 236 55
113 126 1
111 217 4
3 29 1
160 191 7
92 237 19
240 251 19
103 195 65
71 240 19
61 156 9
46 185 1
50 63 2
25 253 1
94 135 4
58 195 4
64 126 4
100 151 48
46 109 19
9 51 7
159 208 1
82 135 12
4 147 4
64 115 62
75 105 2
89 216 4
60 136 2
1 58 1
93 216 4
16 51 4
54 146 2
124 235 1
33 245 4
208 235 33
131 185 30
4 108 4
18 138 2
71 237 65
130 188 7
106 188 99
146 175 4
119 205 2
176 192 1
211 212 1
70 91 4
46 222 19
174 210 130
180 201 58
138 252 2
141 214 48
164 210 15
183 186 7
194 243 65
118 129 4
34 40 34
156 167 9
108 146 4
13 104 1
2 138 2
85 235 14
192 227 1
5 198 1
198 249 1
51 171 7
9 139 9
16 244 4
2 8 2
103 149 19
66 161 4
141 228 48
60 224 2
174 219 7
142 160 1
75 176 75
58 59 58
31 201 1
8 143 2
160 239 2
104 175 1
90 94 2
8 84 4
2 145 2
38 212 29
198 252 7
109 187 71
120 208 14
151 228 48
182 224 4
38 181 1
140 245 1
33 85 14
211 249 1
22 191 4
87 143 1
42 138 42
4 34 4
37 91 4
1 159 1
103 251 65
62 173 7
24 239 1
4 64 4
16 182 4
177 253 1
69 175 15
7 187 7
1 148 1
180 245 58
186 210 7
4 212 1
72 229 4
56 76 8
171 190 7
4 95 4
162 183 51
33 135 4
52 85 4
63 77 47
7 211 7
26 202 1
7 129 7
2 43 2
134 201 4
48 240 19
56 169 4
105 244 2
81 151 48
52 111 52
206 240 1
178 212 1
42 204 1
1 136 1
1 2 1
123 178 7
1 68 1
173 243 65
69 169 4
71 150 19
173 237 173
116 126 4
7 74 7
37 248 15
191 255 7
4 163 4
149 246 2
32 48 4
114 135 4
101 102 22
7 88 7
25 153 1
164 197 2
7 77 2
48 198 9
47 239 47
4 44 4
181 245 58
44 175 44
144 221 4
2 56 2
13 150 1
143 184 23
117 226 59
200 230 4
147 179 8
102 177 4
195 209 4
121 239 2
183 227 1
72 106 51
20 111 8
133 256 133
5 192 1
110 127 110
26 66 1
104 138 1
7 186 7
2 102 2
40 110 1
94 240 7
93 135 4
107 213 107
32 225 4
186 252 7
216 249 1
7 215 7
170 254 7
27 190 7
9 168 9
105 184 2
4 94 4
150 227 1
58 118 58
128 233 51
65 198 9
20 224 4
175 194 7
71 195 71
150 219 19
4 15 4
96 220 2
8 157 4
48 57 48
174 178 7
127 212 110
68 195 4
63 119 2
130 242 4
165 193 1
8 59 4
120 194 7
173 184 2
144 159 1
6 133 1
171 231 1
102 194 4
40 203 4
147 199 8
123 164 15
31 96 1
81 247 7
35 246 2
124 219 1
222 249 1
4 39 4
4 174 4
20 239 2
26 134 1
42 108 2
80 228 19
97 223 8
75 115 4
7 54 2
57 253 1
130 210 130
75 238 1
1 13 1
7 121 7
122 207 23
130 149 7
150 177 7
99 153 1
91 194 4
91 156 4
79 138 2
92 155 19
74 193 7
61 173 19
130 151 7
104 145 1
1 212 1
4 216 4
69 255 7
2 255 2
205 230 4
108 249 1
110 195 1
116 254 46
61 86 19
241 253 1
64 197 2
70 160 7
10 16 10
213 238 1
50 123 2
108 167 7
156 243 9
125 173 2
4 101 4
75 233 4
12 205 4
41 101 4
19 89 19
54 233 2
47 114 2
22 174 4
4 256 1
119 144 2
95 162 4
106 193 7
46 237 19
55 115 7
11 148 2
48 193 7
250 251 7
145 189 7
216 242 4
1 161 1
163 177 64
106 147 4
135 188 4
186 219 7
32 62 4
130 157 7
161 195 4
66 114 65
15 168 7
96 105 2
112 130 7
51 74 7
211 219 7
34 247 34
149 229 4
94 134 94
94 193 28
72 230 72
8 12 8
135 242 8
51 99 51
23 184 23
134 227 1
2 20 2
73 254 1
204 231 29
72 131 1
6 16 4
35 50 2
168 230 7
49 184 2
95 223 4
101 148 22
71 194 65
82 240 4
103 108 7
126 220 22
195 223 4
1 175 1
14 208 14
33 244 33
45 235 1
47 241 2
190 255 7
55 109 55
15 193 15
5 189 1
80 131 1
66 173 66
155 194 65
80 240 19
4 98 4
115 212 1
84 103 65
133 206 1
7 175 7
169 255 4
54 193 2
93 234 2
15 37 15
104 118 1
105 254 2
66 80 65
211 245 4
6 141 4
236 240 19
98 212 1
66 84 66
72 88 51
53 141 7
13 133 1
167 219 19
172 210 41
88 237 7
199 236 4
77 109 2
74 110 1
167 207 2
219 238 1
65 121 65
118 250 4
61 198 9
43 175 15
152 247 2
130 200 4
144 217 46
55 98 4
112 255 66
142 164 1
75 106 4
146 201 58
145 200 4
146 158 22
34 191 34
12 147 8
31 72 1
31 221 1
66 164 7
75 155 4
63 141 2
164 182 7
1 100 1
36 72 7
9 55 9
142 247 1
66 163 7
33 62 33
98 105 2
9 227 1
206 245 1
120 158 4
4 12 4
113 141 1
103 121 65
99 111 4
165 240 1
29 136 1
130 248 41
37 143 2
164 209 4
1 98 1
7 222 7
5 154 1
59 235 4
42 197 2
55 106 7
54 157 2
233 235 7
190 204 1
19 191 7
114 121 71
27 83 27
163 192 1
9 79 2
102 225 4
81 99 7
62 115 62
136 153 1
15 72 7
108 223 4
28 132 15
126 225 4
54 104 1
35 71 2
118 125 2
39 240 4
77 246 77
155 204 1
57 103 19
176 188 4
191 201 4
110 227 30
165 200 1
99 159 1
149 220 4
84 232 4
198 209 4
28 36 28
18 41 15
48 157 19
2 19 2
35 77 2
247 252 34
19 198 9
79 143 2
76 94 4
44 164 15
44 199 4
2 79 2
123 245 4
106 112 7
92 254 92
113 127 30
24 169 1
162 190 7
28 222 7
204 238 1
218 225 1
54 96 47
100 202 1
156 237 9
93 206 1
4 155 4
225 244 7
9 188 7
149 156 9
23 165 1
7 9 7
40 247 36
58 220 58
121 187 71
15 87 1
122 138 23
15 131 1
46 72 7
194 199 4
72 170 7
151 214 48
46 217 46
31 70 1
55 173 55
1 109 1
30 165 29
17 202 1
147 203 4
6 132 4
46 168 19
53 134 15
26 104 1
112 165 1
80 153 1
81 96 2
240 243 19
90 204 1
4 195 4
61 212 1
16 102 4
15 215 7
69 108 7
61 135 4
11 178 2
100 127 1
5 103 1
93 122 2
74 108 62
115 181 4
101 158 22
1 154 1
89 106 7
81 140 1
143 168 2
112 230 7
234 239 47
152 254 2
118 159 1
4 130 4
57 79 2
50 56 2
98 227 1
33 103 7
4 200 4
13 151 1
44 202 1
61 134 7
62 247 7
1 221 1
108 176 4
239 246 47
75 200 4
131 246 1
40 174 15
9 19 9
109 230 7
9 44 7
38 231 29
86 151 21
18 40 18
55 156 9
5 95 1
67 219 1
152 232 2
138 243 2
55 84 55
166 230 7
123 193 28
126 176 22
13 36 1
181 204 1
2 28 2
6 59 4
158 224 22
21 175 7
90 121 2
141 150 141
140 142 1
136 210 130
106 208 7
133 251 1
14 222 7
31 142 1
57 81 48
56 242 8
8 75 4
85 107 1
186 198 7
163 186 7
2 119 2
154 209 1
7 178 7
194 254 19
1 23 1
64 202 1
70 74 62
58 112 4
29 75 1
53 122 2
7 15 7
124 207 1
14 245 4
45 217 1
160 222 19
26 29 1
40 65 7
94 148 4
195 198 9
132 210 15
160 204 1
62 189 7
135 170 4
1 40 1
10 121 4
186 244 7
40 56 4
154 241 1
156 222 9
37 204 1
8 159 1
95 178 4
33 66 7
201 247 4
152 195 2
17 145 1
116 222 19
95 219 4
96 161 2
1 204 1
13 238 13
46 60 2
19 60 2
8 82 8
18 68 4
2 171 2
15 51 7
148 215 4
97 138 2
119 125 2
165 227 29
3 7 1
104 227 30
126 168 4
60 187 2
9 112 9
54 72 2
13 208 1
201 226 58
154 206 1
179 223 8
2 7 2
26 35 1
98 252 4
84 230 7
11 187 2
37 81 7
10 151 4
72 188 51
84 118 4
5 185 1
18 126 4
200 216 4
148 209 59
130 172 41
19 182 19
57 60 2
183 253 1
16 226 4
227 231 30
36 170 18
3 233 1
193 250 7
95 210 4
130 211 130
78 122 78
19 187 19
105 229 2
93 119 2
142 226 1
1 193 1
7 58 4
15 185 1
166 217 166
37 60 2
25 182 1
77 239 47
11 249 1
2 108 2
10 184 2
155 186 7
159 198 1
134 234 2
120 190 14
45 92 1
158 222 4
83 139 19
45 212 30
8 179 8
64 120 14
41 85 7
17 133 1
94 203 4
89 139 19
1 146 1
4 189 4
134 193 28
65 173 65
12 161 4
22 181 22
110 205 1
100 141 48
16 100 4
128 183 128
43 44 15
21 167 21
123 149 7
81 256 1
2 39 2
194 209 4
13 229 1
7 190 7
124 249 1
99 189 51
70 192 1
70 183 7
67 113 1
54 234 54
116 198 9
131 178 1
84 112 66
68 176 32
46 92 46
173 246 2
88 162 51
127 174 1
187 225 65
124 173 1
49 192 1
126 224 22
6 23 2
33 235 33
82 179 12
131 204 29
76 158 4
121 179 4
71 226 4
6 115 4
39 226 22
142 154 142
1 138 1
30 206 30
7 248 7
93 128 4
23 62 2
180 244 4
8 235 4
7 11 2
216 256 1
19 234 2
49 69 15
41 68 4
49 98 4
15 44 15
81 227 1
199 242 8
32 251 4
57 157 19
183 225 7
27 151 27
150 182 48
63 113 1
19 168 19
88 163 7
127 131 110
152 164 2
70 180 4
146 171 4
36 175 15
25 123 1
74 172 7
26 109 1
156 190 7
20 125 2
87 225 1
69 231 1
237 245 4
73 122 1
25 57 1
146 179 4
162 177 7
184 211 2
77 172 2
1 122 1
116 219 116
121 240 19
87 153 1
57 204 1
1 187 1
173 177 7
91 131 1
51 54 2
40 49 36
92 200 4
151 210 7
59 225 4
17 105 1
33 176 4
11 169 2
201 207 2
27 233 7
109 121 71
149 221 4
38 84 1
4 146 4
2 174 2
2 226 2
4 129 4
153 256 1
194 198 9
204 222 1
54 60 47
138 195 2
69 211 15
51 97 4
7 36 7
121 195 71
80 127 1
3 249 1
98 143 2
69 206 1
146 202 1
75 223 4
11 210 2
146 205 4
1 8 1
101 203 22
61 160 46
200 202 1
135 209 4
120 141 7
224 226 22
70 150 7
95 206 1
152 239 47
57 240 19
76 102 4
55 80 55
221 223 8
132 203 4
53 80 7
31 254 1
15 69 15
11 133 1
170 174 15
10 30 1
1 189 1
110 173 1
57 237 19
41 163 7
117 169 22
149 152 2
225 236 55
122 210 2
21 83 21
36 70 7
237 248 7
62 70 62
88 161 4
105 122 2
87 180 1
56 202 1
14 170 7
87 254 1
84 174 7
2 168 2
16 129 4
83 210 7
106 167 7
1 168 1
33 145 14
138 144 2
11 63 2
92 255 19
198 200 4
139 202 1
47 96 47
7 101 4
132 141 7
220 232 4
44 87 1
26 124 1
123 206 1
51 229 4
2 10 2
59 177 4
50 207 42
33 158 4
7 34 7
166 202 1
213 249 107
92 182 19
162 215 162
104 204 29
103 131 1
51 62 7
16 191 4
38 104 29
65 155 65
21 139 19
9 120 7
137 203 4
90 234 47
51 91 4
94 180 4
57 179 4
34 118 4
118 158 22
93 95 4
113 169 1
46 96 2
1 120 1
62 182 7
5 24 1
53 162 7
2 158 2
2 120 2
2 77 2
56 73 1
15 26 1
141 205 4
19 146 4
21 207 2
13 239 1
1 107 1
116 120 7
63 75 2
78 91 2
60 189 2
160 175 7
95 167 4
80 200 4
105 252 2
187 243 80
3 188 1
31 87 1
51 208 7
85 192 1
10 190 4
29 142 1
82 91 4
4 22 4
57 219 19
102 126 22
14 138 2
55 235 7
4 249 1
10 205 10
92 225 19
11 184 11
21 48 21
132 191 15
19 116 19
125 210 2
88 230 51
4 43 4
81 131 1
82 116 4
5 97 1
78 116 2
123 134 94
227 230 1
27 64 7
147 161 4
88 206 1
2 215 2
156 214 9
37 247 15
9 219 9
123 247 36
59 163 4
155 202 1
50 122 23
62 171 7
1 213 1
100 228 83
165 230 1
132 233 7
117 180 117
129 211 15
35 143 2
61 152 2
45 187 1
146 245 58
170 219 7
166 219 116
207 212 1
70 120 14
4 100 4
17 142 1
6 205 4
88 186 7
33 70 33
55 194 55
4 56 4
85 176 4
101 126 101
99 233 51
6 232 4
114 192 1
3 156 1
10 53 4
7 171 7
7 128 7
105 138 2
146 209 117
7 48 7
37 43 15
60 252 2
97 230 4
138 190 2
85 138 2
111 249 1
192 195 1
140 177 1
242 244 4
38 113 29
111 203 4
182 214 57
82 111 12
167 214 48
46 240 19
2 46 2
35 152 2
81 130 7
24 30 1
188 206 1
4 241 4
88 221 4
1 92 1
126 203 22
13 158 1
57 106 7
38 131 29
12 47 2
64 161 4
7 173 7
36 99 7
136 248 41
239 241 2
19 214 19
153 210 1
74 183 7
46 193 7
102 245 22
127 148 1
206 227 206
100 222 48
93 229 4
97 217 4
4 126 4
112 231 1
70 166 7
95 225 4
18 219 7
18 247 18
34 45 1
70 181 4
193 252 28
176 220 22
78 231 1
61 149 46
5 108 1
2 190 2
19 100 19
5 131 1
1 219 1
20 196 1
64 145 14
36 193 28
158 182 4
116 227 1
54 156 2
138 207 42
135 254 4
24 207 1
97 166 4
15 155 7
84 194 65
49 191 49
73 148 1
166 249 1
166 240 19
109 224 4
66 157 19
9 189 7
168 208 7
2 189 2
189 238 1
35 248 2
19 173 19
71 89 19
151 248 7
112 160 19
157 185 1
132 206 1
15 254 7
32 50 2
5 19 1
147 223 8
208 240 7
112 157 19
56 204 1
2 139 2
229 245 22
2 162 2
222 239 2
1 235 1
137 251 7
145 232 4
161 181 4
67 253 1
9 49 7
76 83 4
178 254 46
146 200 4
132 232 4
182 228 83
2 117 2
1 253 1
13 24 1
1 244 1
7 130 7
41 246 2
2 99 2
94 191 36
65 243 65
194 256 1
63 194 2
184 190 2
104 196 30
7 55 7
198 225 9
158 212 1
19 86 19
126 155 4
93 130 4
17 124 1
77 162 2
90 207 2
1 166 1
217 255 19
191 193 28
110 162 1
21 100 21
93 159 1
87 129 1
14 120 14
16 48 4
12 223 8
1 216 1
47 129 2
4 137 4
29 209 1
149 178 46
163 248 7
157 225 19
142 185 1
42 107 1
101 180 22
1 155 1
7 162 7
36 129 34
48 156 9
2 130 2
124 145 1
186 255 7
13 252 1
190 250 14
81 221 4
7 250 7
173 240 19
155 229 4
46 194 19
115 163 62
2 240 2
18 34 18
4 59 4
62 142 1
78 168 2
53 237 7
7 57 7
69 164 69
1 234 1
43 234 2
111 220 4
148 202 1
62 78 2
153 217 1
14 173 7
152 244 2
105 152 2
4 85 4
14 177 14
100 197 2
44 71 7
153 202 1
45 75 1
2 203 2
79 128 2
29 256 1
16 156 4
2 42 2
8 28 4
1 203 1
6 93 6
99 135 4
184 236 2
131 245 1
1 105 1
1 121 1
109 240 19
77 153 1
163 223 4
7 174 7
54 206 1
1 180 1
119 172 2
24 166 1
52 199 52
57 162 7
47 82 2
158 245 22
27 145 7
19 69 7
47 236 2
96 169 2
132 143 2
75 158 22
30 164 1
39 77 2
52 156 4
208 209 4
29 220 1
27 230 7
1 179 1
109 155 65
120 242 4
22 210 4
205 232 10
37 127 1
1 209 1
42 78 23
1 217 1
94 235 7
9 67 1
8 192 1
89 114 19
11 229 2
201 241 58
187 194 65
163 194 7
158 192 1
21 52 4
92 162 7
120 191 7
28 164 15
16 161 4
104 185 30
202 210 1
69 160 7
25 47 1
98 147 4
9 17 1
32 58 22
120 143 2
7 228 7
37 197 2
102 118 22
74 162 7
1 102 1
19 90 2
7 14 7
47 251 2
139 157 19
170 186 7
180 181 180
25 113 1
4 49 4
89 100 48
100 116 19
151 168 89
55 240 19
221 242 8
118 152 2
77 113 1
33 183 7
225 232 4
14 238 1
55 236 55
1 160 1
59 148 59
111 189 4
17 95 1
71 173 65
51 83 7
105 139 2
145 247 7
156 219 9
3 82 1
40 80 7
101 178 4
145 235 14
39 169 32
100 150 48
35 241 2
89 134 7
6 221 4
19 84 19
22 36 4
95 101 4
1 112 1
42 91 2
61 139 61
105 234 2
57 207 2
7 106 7
2 32 2
90 235 2
47 214 2
11 180 2
66 191 7
17 171 1
148 246 2
102 115 4
26 107 26
120 213 1
3 195 1
78 85 2
59 180 59
155 255 66
2 58 2
1 55 1
2 177 2
155 173 66
2 164 2
2 132 2
180 227 1
151 225 19
62 103 7
86 141 21
22 165 1
2 82 2
108 213 1
174 249 1
156 195 9
14 99 7
4 171 4
9 155 9
51 230 51
8 128 4
1 118 1
86 242 4
169 184 2
99 128 99
6 215 4
103 225 65
2 197 2
78 143 23
87 198 1
61 108 7
49 149 7
24 25 1
68 169 32
71 236 55
49 114 7
128 162 51
62 143 2
211 233 7
4 236 4
80 222 19
86 241 4
35 79 2
87 218 1
83 198 9
80 176 4
93 113 1
7 253 1
22 249 1
135 173 4
129 233 7
96 239 79
160 161 4
94 163 7
39 206 1
198 207 2
16 200 4
100 167 48
27 189 7
148 150 4
196 227 30
156 166 9
34 230 7
95 149 4
23 141 2
119 244 2
97 212 1
136 172 41
106 250 7
33 214 7
2 106 2
60 79 47
36 252 34
2 144 2
9 167 9
75 169 75
22 239 2
14 21 7
55 204 1
43 256 1
150 214 48
66 225 66
2 198 2
83 255 19
50 167 2
92 157 19
179 191 4
56 181 4
124 218 124
18 69 15
2 242 2
169 201 22
98 254 4
40 180 4
61 219 46
240 252 7
19 121 19
1 45 1
113 170 1
137 172 7
150 229 4
50 217 2
39 145 4
53 181 4
13 41 1
11 77 2
58 85 4
22 59 22
198 215 7
42 188 2
30 185 30
217 228 19
173 225 173
128 138 2
64 177 64
34 158 4
138 143 138
41 157 7
231 238 1
62 132 7
111 116 4
208 250 14
142 227 1
38 100 1
84 215 7
27 207 2
49 247 49
2 143 2
4 6 4
1 124 1
25 87 25
140 159 1
7 193 7
22 75 22
38 195 1
13 243 1
148 239 2
148 210 4
165 166 1
84 223 4
81 242 4
197 221 2
116 139 46
81 141 48
81 168 48
121 146 4
1 34 1
1 202 1
49 244 7
135 226 4
8 39 4
41 172 41
92 144 92
194 251 65
7 124 1
58 80 4
34 165 1
227 235 1
7 40 7
191 230 7
154 247 1
191 247 191
152 243 2
109 197 2
179 252 4
182 222 48
45 206 30
128 130 7
45 164 1
28 123 28
54 77 54
131 150 1
61 232 4
173 236 55
108 190 108
43 134 15
144 163 7
88 148 4
36 111 4
99 227 1
170 252 18
64 151 7
76 157 4
159 239 1
31 200 1
101 209 22
167 179 4
12 125 2
70 189 7
77 119 2
25 162 1
137 149 7
103 190 7
142 216 1
7 91 4
74 203 4
181 189 4
9 95 4
112 173 66
106 170 7
137 194 7
178 180 4
7 41 7
114 238 1
25 178 1
130 209 4
43 79 2
68 229 32
99 165 1
2 84 2
1 185 1
7 94 7
4 224 4
2 155 2
62 163 62
6 111 4
113 196 30
21 33 7
9 181 4
86 198 9
1 133 1
31 32 1
66 251 65
121 178 19
55 192 1
17 140 1
35 99 2
96 197 47
85 148 4
1 156 1
87 186 1
15 36 15
109 243 71
40 204 1
53 123 15
6 192 1
64 233 7
189 240 7
28 95 4
120 256 1
18 223 4
12 228 4
170 248 15
111 179 52
78 239 2
15 49 15
39 222 4
93 220 4
89 222 48
13 22 1
236 251 55
96 140 1
1 14 1
135 181 4
9 134 7
24 43 1
2 235 2
89 218 1
1 10 1
164 171 15
35 65 2
84 251 65
62 154 1
83 127 1
196 212 110
123 138 2
15 172 15
149 242 4
95 181 4
157 240 19
253 256 1
50 105 2
109 247 7
41 130 41
170 191 18
150 156 9
197 210 2
4 245 4
47 203 2
77 199 2
23 240 2
35 100 2
86 181 4
13 45 1
131 240 1
118 226 59
81 219 19
4 55 4
2 185 1
33 93 4
40 217 7
211 240 7
19 94 7
47 234 47
148 180 59
132 228 7
136 140 1
12 120 4
117 118 117
51 137 51
119 136 2
33 177 33
68 146 22
1 66 1
61 117 4
1 76 1
119 226 2
117 179 4
155 225 66
15 105 2
185 226 1
105 120 2
60 63 60
64 221 4
95 176 4
14 203 4
4 179 4
55 70 7
167 243 19
58 161 4
89 140 1
51 124 1
72 74 7
1 96 1
106 115 7
32 110 1
183 233 51
36 82 4
1 97 1
114 125 2
177 195 7
5 159 5
124 204 1
11 44 2
54 246 54
23 160 2
91 95 91
51 193 7
58 146 58
17 43 1
44 48 7
54 207 2
20 56 8
146 148 59
13 246 1
157 176 4
22 133 1
89 165 1
139 153 1
168 186 7
146 178 4
185 227 185
150 225 19
11 122 11
1 32 1
8 15 4
72 151 7
71 133 1
54 240 2
234 246 77
177 224 4
25 125 1
40 147 4
138 225 2
11 137 2
22 224 22
101 241 22
83 157 19
214 228 57
127 194 1
103 236 55
51 106 51
163 182 7
7 21 7
189 219 7
186 214 7
67 128 1
22 180 22
179 200 4
65 199 4
80 150 19
48 204 1
53 91 4
129 193 28
165 185 29
45 243 1
224 239 2
143 254 2
109 147 4
207 246 2
117 138 2
86 189 7
106 161 4
1 225 1
53 106 7
19 186 7
55 103 55
95 161 4
19 255 19
4 106 4
95 164 4
95 252 4
159 202 5
182 240 19
41 153 1
2 194 2
135 159 1
68 215 4
224 237 4
136 174 136
7 72 7
164 247 15
175 198 7
73 186 1
80 250 7
166 175 7
113 150 1
68 129 4
144 151 19
60 69 2
3 65 1
210 240 7
122 184 122
2 234 2
188 256 1
110 197 1
22 145 4
53 191 15
153 230 1
41 175 15
32 98 32
35 251 2
197 253 1
103 106 7
2 60 2
73 256 1
2 229 2
13 159 1
59 232 4
78 105 2
10 219 4
90 132 2
2 161 2
22 118 22
1 224 1
152 211 2
89 93 4
1 90 1
40 122 2
148 184 2
1 197 1
157 219 19
155 251 65
111 254 4
29 31 1
2 137 2
131 206 30
172 174 41
161 232 4
118 124 1
62 240 7
112 126 4
159 204 1
74 147 4
140 236 1
65 89 19
67 249 1
51 108 7
50 139 2
14 235 14
158 159 1
96 187 2
96 120 2
200 232 4
4 134 4
120 131 1
132 181 4
135 245 4
51 133 1
90 162 2
146 172 4
71 163 7
148 162 4
93 157 4
2 254 2
128 149 7
41 249 1
36 179 4
113 206 30
48 238 1
20 85 4
43 128 7
1 94 1
14 34 7
22 170 4
133 218 133
43 164 15
137 219 7
47 63 47
11 243 2
151 167 48
69 189 7
2 199 2
47 186 2
51 241 4
139 236 19
65 139 19
157 194 19
174 217 7
164 175 15
29 216 1
111 135 52
108 119 2
25 226 1
15 18 15
19 185 1
125 244 2
43 117 4
32 140 1
127 168 1
58 97 4
137 202 1
47 168 2
38 102 1
56 173 4
2 41 2
125 190 2
29 118 1
28 73 1
88 165 1
12 153 1
49 94 36
60 123 2
52 122 2
78 117 2
41 158 4
157 217 19
9 21 9
68 83 4
56 166 4
106 143 2
117 154 1
136 171 15
74 140 1
36 255 7
29 191 1
1 188 1
102 202 1
118 251 4
92 217 46
130 174 130
2 252 2
147 241 4
181 241 58
174 193 15
28 41 15
4 41 4
113 227 30
1 103 1
96 168 2
95 138 2
83 211 7
22 148 22
131 166 1
184 239 2
104 244 1
76 228 4
69 100 7
2 201 2
76 106 4
21 86 21
7 120 7
169 203 22
97 199 52
1 192 1
9 13 1
68 154 1
44 141 7
27 62 7
61 184 2
76 147 8
7 232 4
41 155 7
141 157 19
159 237 1
27 187 19
108 120 14
77 212 1
52 79 2
95 216 4
27 240 19
97 152 2
7 156 7
137 138 2
17 86 1
76 221 52
9 109 9
52 74 4
174 184 2
71 243 71
55 186 7
42 61 2
126 127 1
88 157 7
75 157 4
151 204 1
2 92 2
164 202 1
176 219 4
79 255 2
32 34 4
129 167 7
9 237 9
21 166 19
122 197 2
3 8 1
4 93 4
137 240 7
102 125 2
17 225 1
72 183 51
14 115 14
157 214 19
188 252 7
163 169 4
145 219 7
79 99 2
138 152 2
19 81 19
101 159 1
51 252 7
39 225 4
189 250 7
132 171 15
81 158 4
218 252 1
7 136 7
85 246 2
154 200 1
52 247 4
81 162 7
36 57 7
87 222 1
20 63 2
8 20 8
92 184 2
128 245 4
4 161 4
137 179 4
114 179 4
121 225 65
106 122 2
14 148 4
62 75 4
15 248 15
121 233 7
86 190 7
6 101 4
86 168 21
133 224 1
29 253 1
135 197 2
112 206 1
9 81 9
7 99 7
7 84 7
87 107 1
107 216 1
219 226 4
42 228 2
154 226 1
191 246 2
63 79 47
40 105 2
22 117 22
42 169 2
38 129 1
59 110 1
158 209 22
131 213 1
163 229 4
115 244 33
1 117 1
123 175 15
4 91 4
7 149 7
12 191 4
6 251 4
9 116 9
83 167 48
15 123 15
23 229 2
28 191 28
71 93 4
1 255 1
13 37 1
101 194 4
171 224 4
59 118 59
174 248 41
9 250 7
84 237 66
13 56 1
13 72 1
154 254 1
21 168 21
59 117 59
96 184 2
46 149 46
134 247 36
48 72 7
89 143 2
149 217 46
70 114 7
14 165 1
11 143 11
7 213 1
49 132 15
44 47 2
79 252 2
129 186 7
106 183 106
1 3 1
226 245 58
41 210 41
18 211 15
4 251 4
81 139 19
60 105 2
195 251 65
18 186 7
151 159 1
65 88 7
58 209 58
191 198 7
7 247 7
26 253 1
107 140 107
69 96 2
46 246 2
2 23 2
123 170 18
4 10 4
117 228 4
8 18 4
48 167 48
129 195 7
45 189 1
8 132 4
66 92 19
166 178 166
61 237 19
38 185 29
66 112 66
67 69 1
125 218 1
55 187 55
45 186 1
155 237 66
235 242 4
51 162 51
7 116 7
157 199 4
28 67 1
171 193 15
182 188 7
39 121 4
108 246 2
28 130 15
61 144 61
90 152 47
23 178 2
62 215 7
57 167 48
17 249 1
145 244 14
12 177 4
9 178 9
76 181 4
20 76 8
27 48 27
101 224 22
30 43 1
92 116 46
121 164 7
61 92 61
10 96 2
1 24 1
96 250 2
45 196 30
140 154 1
25 223 1
116 217 116
50 120 2
7 27 7
109 139 19
40 170 18
2 157 2
75 122 2
139 149 46
80 123 7
75 211 4
38 135 1
19 27 19
72 191 7
46 123 7
62 120 14
131 239 1
117 171 4
170 193 18
62 130 7
6 234 2
35 92 2
144 162 7
79 127 1
27 182 27
40 146 4
4 242 4
44 186 7
211 248 41
175 247 15
148 220 58
1 60 1
96 165 1
53 138 2
19 243 19
116 154 1
194 220 4
33 189 7
148 245 58
14 181 4
91 232 4
43 191 15
115 180 4
19 66 19
161 253 1
195 240 19
93 252 4
200 205 4
193 247 28
161 225 4
53 174 53
31 121 1
50 253 1
29 231 29
172 217 7
157 198 9
210 237 7
238 244 1
28 161 4
81 222 48
1 42 1
11 76 2
23 138 23
57 192 1
160 196 1
92 136 7
4 199 4
1 51 1
4 80 4
22 68 22
159 168 1
72 233 51
66 255 66
31 181 1
1 85 1
71 103 65
2 44 2
35 240 2
7 71 7
5 251 1
55 225 55
145 248 7
101 146 22
62 208 62
30 82 1
11 138 11
198 214 9
22 203 22
36 94 36
1 82 1
63 96 47
164 173 7
43 255 7
49 194 7
7 240 7
97 218 1
172 248 41
149 179 4
63 118 2
24 213 1
37 251 7
136 208 7
45 131 30
3 54 1
132 221 4
211 213 1
161 175 4
168 200 4
92 109 19
203 215 4
11 166 2
138 237 2
1 31 1
55 132 7
85 250 85
9 129 7
224 251 4
9 173 9
7 144 7
54 166 2
216 240 4
18 36 18
2 16 2
21 151 21
104 246 1
9 194 9
4 222 4
36 49 36
213 234 1
117 128 4
63 120 2
138 184 23
101 108 4
172 206 1
62 186 7
19 137 7
162 252 7
52 229 4
83 86 21
146 174 4
90 143 2
49 171 15
52 255 4
4 176 4
154 188 1
18 28 18
131 164 1
233 243 7
72 147 4
1 163 1
79 105 2
178 217 178
30 157 1
147 233 4
10 216 10
183 228 7
2 89 2
9 158 4
124 183 1
39 66 4
128 229 4
155 175 7
47 94 2
144 254 144
41 220 4
163 175 7
76 105 2
1 72 1
55 93 4
82 185 1
168 224 4
81 172 7
203 243 4
127 227 30
145 186 7
89 185 1
26 213 26
1 79 1
34 152 2
124 196 1
33 75 4
4 150 4
115 128 7
43 63 2
1 240 1
142 192 1
225 255 225
217 221 4
15 220 4
147 158 4
115 125 2
98 157 4
2 178 2
41 209 4
111 223 8
91 167 4
114 236 55
106 186 7
160 217 160
36 40 36
34 132 15
5 130 1
126 146 22
104 255 1
65 194 65
53 256 1
254 256 1
88 233 88
85 99 7
34 172 15
47 113 1
54 57 2
144 211 7
1 4 1
100 111 4
158 193 4
27 81 27
76 135 52
24 230 1
66 253 1
196 220 1
94 177 7
54 121 2
141 183 7
21 89 21
225 251 65
132 252 15
1 59 1
1 125 1
178 248 7
109 185 1
115 190 62
90 246 47
172 211 41
44 140 1
162 230 162
4 99 4
104 231 30
158 181 22
4 78 2
92 159 1
73 135 1
45 248 1
4 20 4
4 135 4
1 19 1
115 239 2
180 213 1
1 27 1
48 153 1
134 163 7
161 243 4
38 107 1
68 213 1
71 198 9
35 68 2
217 252 7
227 239 1
65 236 55
15 81 7
5 76 1
172 202 1
4 121 4
157 237 19
17 195 1
28 66 7
21 105 2
17 69 1
1 41 1
137 189 51
14 135 4
54 131 1
95 226 4
27 135 4
67 251 1
12 56 8
68 137 4
71 211 7
108 250 14
143 164 2
156 229 4
141 241 4
54 125 2
11 104 1
112 143 2
203 229 22
82 122 2
43 223 4
29 181 1
84 240 19
4 248 4
20 115 4
121 190 7
27 141 27
147 242 8
131 250 1
103 157 19
56 66 4
45 89 1
77 248 2
102 160 4
2 114 2
110 213 1
87 187 1
50 196 1
146 241 58
37 236 7
18 170 18
55 251 55
81 83 48
37 114 7
88 215 51
70 171 7
1 52 1
57 89 48
2 181 2
2 85 2
145 194 7
210 211 130
181 212 1
186 230 7
36 226 4
118 245 58
4 145 4
1 201 1
119 188 2
89 242 4
68 218 1
27 244 7
83 111 4
9 186 7
158 227 1
91 214 4
78 176 2
43 172 15
4 120 4
169 223 4
22 98 22
134 170 18
11 91 2
53 98 4
2 151 2
140 189 1
15 164 15
144 178 46
121 171 7
1 16 1
6 83 4
15 253 1
40 94 40
22 158 22
97 118 4
18 242 4
2 245 2
20 242 20
2 184 2
113 232 1
131 219 1
11 42 11
5 70 1
4 226 4
89 157 19
175 191 15
215 230 162
94 252 34
141 247 7
45 165 29
46 160 46
99 126 4
4 136 4
190 208 62
67 191 1
43 132 15
38 110 29
55 226 4
7 191 7
17 193 1
6 100 4
8 77 2
7 80 7
109 125 2
97 147 8
41 229 4
114 153 1
1 77 1
46 243 19
2 200 2
6 167 4
100 146 4
66 237 66
45 203 1
35 67 1
60 152 47
118 201 58
96 202 1
170 181 4
36 41 15
79 211 2
73 208 1
83 104 1
155 188 7
116 205 4
68 122 2
38 187 1
132 229 4
8 34 4
196 253 1
117 240 4
48 214 48
70 102 4
103 162 7
160 166 160
120 121 7
1 228 1
2 172 2
38 164 1
79 234 47
80 253 1
61 116 46
178 198 9
231 251 1
86 156 9
122 151 2
62 204 1
36 48 7
27 125 2
197 256 1
138 231 1
59 146 59
44 247 15
123 242 4
196 214 1
73 140 1
22 58 22
87 131 1
21 110 1
192 228 1
143 195 2
107 210 1
201 213 1
139 156 9
81 89 48
189 200 4
1 128 1
3 110 1
95 163 4
1 150 1
83 228 83
9 66 9
63 156 2
92 181 4
91 143 2
231 245 1
77 234 77
201 216 4
73 253 1
96 246 47
147 148 4
19 236 19
42 184 23
33 252 7
176 183 4
234 237 2
111 212 1
89 234 2
41 164 15
67 218 1
109 242 4
1 64 1
116 195 19
4 158 4
1 106 1
7 244 7
19 157 19
144 244 7
52 76 52
1 208 1
49 129 34
161 216 4
5 81 1
41 194 7
153 184 1
151 157 19
106 153 1
100 198 9
49 164 15
130 251 7
80 236 55
147 226 4
154 192 1
53 79 2
57 58 4
17 31 1
124 165 1
1 49 1
57 231 1
77 178 2
4 220 4
23 155 2
94 132 15
139 180 4
17 87 1
39 203 22
116 121 19
145 250 145
93 200 6
1 61 1
148 216 4
2 149 2
74 163 62
122 230 2
1 83 1
12 76 12
2 71 2
69 221 4
101 112 4
232 234 2
19 46 19
38 132 1
172 177 7
222 244 7
109 116 19
4 157 4
9 144 9
31 230 1
214 236 19
116 156 9
25 208 1
2 115 2
83 141 48
82 216 4
15 171 15
108 244 33
140 251 1
4 229 4
51 191 7
146 250 4
61 137 7
33 124 1
130 197 2
1 145 1
1 198 1
101 235 4
21 91 4
50 182 2
7 64 7
80 162 7
13 31 13
18 43 15
219 237 19
101 229 22
174 206 1
59 66 4
35 137 2
79 133 1
76 86 4
10 179 4
52 242 8
239 247 2
29 79 1
67 119 1
4 74 4
163 241 4
15 41 15
31 41 1
14 171 7
236 255 55
159 184 1
129 247 34
101 176 22
50 246 2
66 205 4
77 110 1
83 103 19
9 225 9
41 211 41
59 88 4
14 64 14
7 46 7
130 235 7
154 202 1
22 186 4
21 138 2
214 242 4
83 162 7
180 202 1
171 252 15
40 218 1
156 213 1
212 231 110
38 255 1
12 97 12
185 256 1
103 218 1
48 147 4
61 217 46
132 152 2
32 75 32
160 178 160
27 57 27
35 54 2
140 188 1
23 207 23
80 109 71
54 251 2
1 137 1
99 106 99
13 253 1
27 126 4
161 173 4
28 170 18
67 198 1
201 223 4
35 105 2
58 148 58
172 234 2
215 251 7
27 194 19
114 230 7
109 195 71
199 230 4
75 101 22
97 111 52
39 98 32
110 231 110
80 121 71
82 221 12
40 191 36
154 165 1
79 239 79
3 141 1
159 192 1
32 177 4
2 182 2
4 166 4
64 70 64
224 235 4
50 143 50
53 92 7
4 181 4
73 106 1
65 187 65
143 205 2
31 74 1
103 255 65
109 171 7
61 114 19
48 122 2
149 177 7
124 198 1
21 76 4
4 156 4
183 203 4
107 130 1
128 137 106
241 246 2
168 255 19
37 40 15
143 162 2
151 160 19
16 163 4
1 62 1
91 199 4
1 47 1
88 217 7
96 181 2
1 245 1
193 216 4
107 236 1
91 188 4
100 234 2
166 195 19
81 125 2
1 131 1
173 227 1
39 49 4
2 101 2
9 92 9
149 163 7
187 230 7
108 163 64
119 178 2
104 165 29
19 83 19
46 150 19
14 70 14
158 233 4
196 206 30
43 130 15
22 220 22
68 110 1
59 199 4
112 251 65
151 180 4
88 188 51
55 120 7
73 76 1
61 98 4
38 165 29
115 182 7
90 201 2
150 186 7
146 218 1
104 150 1
42 98 2
180 248 4
17 65 1
153 176 1
91 210 4
48 169 4
5 165 1
136 251 7
189 215 51
45 127 30
19 166 19
100 115 7
205 237 4
174 244 7
81 214 48
129 168 7
23 83 2
17 67 1
105 178 2
239 252 2
186 221 4
65 250 7
139 147 4
50 221 2
1 56 1
31 154 1
42 170 2
169 229 169
44 131 1
122 173 2
52 176 4
1 210 1
9 175 7
2 225 2
38 74 1
156 211 7
9 48 9
99 162 51
197 200 2
126 241 22
65 193 7
216 224 4
22 205 4
84 121 65
57 72 7
19 217 19
109 175 7
4 116 4
33 163 33
42 119 2
92 129 7
104 197 1
76 88 4
177 193 7
129 207 2
108 186 7
195 236 55
9 80 9
91 148 4
2 188 2
2 206 1
9 74 7
83 116 19
138 250 2
51 235 7
88 99 51
85 151 7
7 154 1
2 217 2
104 173 1
61 244 7
29 165 29
106 199 4
4 8 4
13 155 1
56 75 4
102 203 102
25 32 1
2 50 2
148 164 4
14 74 14
9 156 9
46 57 19
105 106 2
181 201 58
33 219 7
136 227 1
92 247 7
19 25 1
108 144 7
44 88 7
10 185 1
12 41 4
188 210 7
33 61 7
131 196 131
221 236 4
1 246 1
132 174 15
14 80 7
228 240 19
186 189 7
73 103 1
2 223 2
40 91 4
148 226 148
2 37 2
1 238 1
128 217 7
105 214 2
82 201 4
219 244 7
40 67 1
6 20 4
22 194 4
90 240 2
15 252 15
58 93 4
115 186 7
117 220 58
139 166 46
61 245 4
199 216 4
171 204 1
157 162 7
16 127 1
35 112 2
162 254 7
182 198 9
13 132 1
30 134 1
244 250 14
187 236 55
1 20 1
86 150 21
1 111 1
134 191 36
69 129 15
4 61 4
63 175 2
216 236 4
13 29 1
7 132 7
26 200 1
114 243 71
120 177 14
137 186 7
2 237 2
79 237 2
36 172 15
95 187 4
2 163 2
80 167 19
4 76 4
72 144 7
104 111 1
94 181 4
4 209 4
61 106 7
160 253 1
134 175 15
9 234 2
72 189 51
60 197 47
44 134 15
57 131 1
4 37 4
222 240 19
92 139 92
2 193 2
158 160 4
112 195 65
48 221 4
69 171 15
20 158 4
20 256 1
87 188 1
186 251 7
141 209 4
2 88 2
1 151 1
126 158 22
9 86 9
158 201 22
10 24 1
2 123 2
112 154 1
109 189 7
19 160 19
136 233 7
7 233 7
108 117 4
125 207 42
146 147 4
91 118 4
10 229 4
111 221 52
67 216 1
38 88 1
196 243 1
139 144 139
169 176 169
48 89 48
125 152 2
46 221 4
208 219 7
130 136 130
137 233 51
20 98 4
15 53 15
14 128 7
209 226 59
80 171 7
212 215 1
48 186 7
198 217 9
137 183 106
4 228 4
49 83 7
45 231 30
56 90 2
194 255 65
104 131 30
196 229 1
87 156 1
182 193 7
8 76 8
125 192 1
2 81 2
134 156 7
2 239 2
9 182 9
42 159 1
167 237 19
210 221 4
168 240 19
105 251 2
30 227 30
118 194 4
4 169 4
1 53 1
97 195 4
92 197 2
15 232 4
18 132 15
173 251 65
137 196 1
26 77 1
76 179 76
183 189 51
44 70 7
6 117 4
164 170 15
7 164 7
16 95 4
152 234 47
10 250 4
55 131 1
16 173 4
84 173 66
129 245 4
150 167 48
1 139 1
78 174 2
163 250 14
4 237 4
92 176 4
45 227 30
94 205 4
4 177 4
26 172 1
132 164 15
35 42 2
19 114 19
114 186 7
177 244 33
1 194 1
30 139 1
216 232 10
57 225 19
18 37 15
189 193 7
13 168 1
67 169 1
149 198 9
129 134 34
97 124 1
30 64 1
28 252 28
151 205 4
2 222 2
15 210 15
170 233 7
135 212 1
17 227 1
187 195 187
186 254 7
50 125 50
47 155 2
15 103 7
176 189 4
177 250 14
65 91 4
25 67 25
1 11 1
1 164 1
9 222 9
22 39 22
122 245 2
214 222 48
49 193 28
32 101 22
63 234 47
58 234 2
40 164 15
52 97 52
7 66 7
73 192 1
54 250 2
13 193 1
65 255 65
31 76 1
4 188 4
25 131 1
48 249 1
75 189 4
8 16 4
7 49 7
67 233 1
6 148 4
12 242 8
18 252 18
2 224 2
99 137 99
58 237 4
38 143 1
103 175 7
2 131 1
218 250 1
139 254 139
2 15 2
100 256 1
1 119 1
92 105 2
30 231 30
215 225 7
71 231 1
78 173 2
36 247 36
143 183 2
121 198 9
30 71 1
4 82 4
37 136 15
66 241 4
126 144 4
97 204 1
87 102 1
161 180 4
101 121 4
106 233 51
60 205 2
1 80 1
9 228 9
217 241 4
69 81 7
50 189 2
17 162 1
30 153 1
37 226 4
45 68 1
2 36 2
53 251 7
48 163 7
1 169 1
178 240 19
4 21 4
78 237 2
88 137 51
214 245 4
201 245 58
31 110 1
149 168 19
21 150 21
112 194 65
1 70 1
50 67 1
115 191 7
6 72 4
97 201 4
75 86 4
28 40 28
40 139 7
242 255 4
45 232 1
130 132 15
91 221 4
15 107 1
124 191 1
62 148 4
40 129 34
75 132 4
70 115 62
129 157 7
213 227 1
91 242 4
42 135 2
77 85 2
208 222 7
183 230 51
1 22 1
110 225 1
82 246 2
115 153 1
1 230 1
65 80 65
77 105 2
1 135 1
20 147 8
27 246 2
14 232 4
59 122 2
11 159 1
71 164 7
34 171 15
51 154 1
149 166 46
95 235 4
47 60 47
10 116 4
1 93 1
77 89 2
173 235 7
75 126 22
99 173 7
194 225 65
3 93 1
81 100 48
110 196 110
87 183 1
1 104 1
65 182 19
10 28 4
29 110 29
203 224 102
101 117 22
101 222 4
18 142 1
174 183 7
53 175 15
4 128 4
112 236 55
161 205 4
183 208 7
42 176 2
2 74 2
7 33 7
22 226 22
26 71 1
114 194 65
12 50 2
139 219 46
40 158 4
75 98 75
38 227 29
4 71 4
124 256 124
7 157 7
1 130 1
84 150 19
50 78 23
46 74 7
18 237 7
145 177 14
56 153 1
57 149 19
1 54 1
55 228 19
43 123 15
9 15 7
16 205 10
106 110 1
65 103 65
20 140 1
36 153 1
31 46 1
97 140 1
6 76 4
179 222 4
3 229 1
145 163 14
97 250 4
31 214 1
4 187 4
95 250 4
1 37 1
72 220 4
225 238 1
52 232 4
134 184 2
172 203 4
88 128 51
87 185 1
67 81 1
108 177 70
98 115 4
54 164 2
97 219 4
47 178 2
112 242 4
63 71 2
200 245 4
126 193 4
63 140 1
2 80 2
89 243 19
9 25 1
127 206 30
83 169 4
226 241 58
11 35 2
17 153 1
58 122 2
44 132 15
23 239 2
40 206 1
78 138 23
28 188 7
188 196 1
46 186 7
165 255 1
74 218 1
10 226 4
128 202 1
79 119 2
34 128 7
173 255 173
206 233 1
9 52 4
123 227 1
152 197 47
167 242 4
93 176 4
7 83 7
25 202 1
7 150 7
65 87 1
31 153 1
103 112 65
51 88 51
196 225 1
117 229 22
8 221 8
172 229 4
147 183 4
124 133 124
25 93 1
2 33 2
196 226 1
66 156 9
78 193 2
40 133 1
175 243 7
7 145 7
14 151 7
124 129 1
2 14 2
114 200 4
1 229 1
70 194 7
118 204 1
28 90 2
222 255 19
15 132 15
52 200 4
43 177 7
146 227 1
139 186 7
28 233 7
89 136 7
8 209 4
62 244 33
42 143 42
63 136 2
162 235 7
106 120 7
82 218 1
55 154 1
111 199 111
5 164 1
38 53 1
27 28 7
48 75 4
29 196 29
66 200 4
40 193 28
90 95 2
104 189 1
135 171 4
110 128 1
62 194 7
91 122 2
3 173 1
144 240 19
63 104 1
135 179 52
93 209 4
43 62 7
174 246 2
10 214 4
17 181 1
217 232 4
96 134 2
94 129 34
48 97 4
119 147 2
49 170 18
55 208 7
78 207 23
74 126 4
201 208 4
21 228 21
76 239 2
41 160 7
75 121 4
1 182 1
1 44 1
163 208 62
75 229 75
195 215 7
30 104 30
198 241 4
65 66 65
10 138 2
188 247 7
77 144 2
96 124 1
6 226 4
63 114 2
122 143 23
179 215 4
30 196 30
101 182 4
63 152 47
86 106 7
48 100 48
139 161 4
37 193 15
198 222 9
94 170 18
4 9 4
123 126 4
189 210 7
24 253 1
104 212 30
10 142 1
181 183 4
209 235 4
4 206 1
54 239 47
3 83 1
32 55 4
186 215 7
161 252 4
116 150 19
194 195 65
124 253 1
88 210 7
37 64 7
194 240 19
47 152 47
46 117 4
12 200 4
2 135 2
105 132 2
177 208 62
115 141 7
18 55 7
1 231 1
202 250 1
3 111 1
123 185 1
28 238 1
149 254 46
64 74 62
2 205 2
104 139 1
237 251 65
93 112 4
153 172 1
152 231 1
159 218 1
64 224 4
84 168 19
27 50 2
9 107 1
7 210 7
55 155 55
113 195 1
13 245 1
4 191 4
206 231 30
92 149 46
121 243 71
2 105 2
85 185 1
92 219 46
65 101 4
8 11 2
47 252 2
2 236 2
145 222 7
2 179 2
51 184 2
182 203 4
87 119 1
70 232 4
73 109 1
4 139 4
155 201 4
86 228 21
132 189 7
1 38 1
14 176 4
162 169 4
64 218 1
110 113 30
121 210 7
60 66 2
72 186 7
99 207 2
196 219 1
203 205 4
107 126 1
114 235 7
33 240 7
160 213 1
205 247 4
50 163 2
1 35 1
153 173 1
54 105 2
164 205 4
133 170 1
109 111 4
207 210 2
160 219 116
4 151 4
168 254 19
223 237 4
2 150 2
69 120 7
132 247 15
131 165 29
22 243 4
49 187 7
90 149 2
76 193 4
35 167 2
49 249 1
73 231 1
95 203 4
86 196 1
116 166 116
57 61 19
30 88 1
4 230 4
28 44 15
76 160 4
11 12 2
1 167 1
25 207 1
69 210 15
24 182 1
90 103 2
2 94 2
18 218 1
24 83 1
225 237 225
89 117 4
50 174 2
105 207 2
43 241 4
24 212 1
7 182 7
51 130 7
27 228 27
60 112 2
3 43 1
75 128 4
209 241 58
97 221 52
3 256 1
48 78 2
44 233 7
16 238 1
7 189 7
76 79 2
204 221 1
19 61 19
1 110 1
20 118 4
105 112 2
127 137 1
26 53 1
177 212 1
90 237 2
25 30 1
16 53 4
6 9 4
12 187 4
152 171 2
77 185 1
114 240 19
55 255 55
104 113 30
172 223 4
52 218 1
75 113 1
22 245 22
12 157 4
209 214 4
82 233 4
3 115 1
89 151 89
90 151 2
25 192 25
57 202 1
110 206 30
1 243 1
81 157 19
75 255 4
88 120 7
58 83 4
105 215 2
17 74 1
117 242 4
41 236 7
6 248 4
71 251 65
103 136 7
169 250 4
82 119 2
179 221 52
179 220 4
233 254 7
1 218 1
67 83 1
75 107 1
112 135 4
182 213 1
62 87 1
1 84 1
131 231 110
127 186 1
103 119 2
160 192 1
86 134 7
127 167 1
19 102 4
154 221 1
42 50 42
139 240 19
28 134 28
46 55 19
102 146 22
214 217 19
145 172 7
1 115 1
14 164 7
20 173 4
54 90 47
32 115 4
46 144 46
47 51 2
186 190 7
31 210 1
2 250 2
1 178 1
86 235 7
134 144 7
122 205 2
5 73 5
12 199 12
118 146 118
165 206 29
1 206 1
33 120 14
147 254 4
94 196 1
67 223 1
32 97 4
71 114 71
54 71 2
143 232 2
29 38 29
21 156 9
167 182 48
9 103 9
18 174 15
52 137 4
38 235 1
34 37 15
229 237 4
89 204 1
81 186 7
214 256 1
200 204 1
132 219 7
22 209 22
17 25 1
30 243 1
88 183 51
67 187 1
10 203 4
155 236 55
1 232 1
95 126 4
215 233 51
60 170 2
161 163 4
24 144 1
120 235 14
86 179 4
4 144 4
129 203 4
54 79 47
16 44 4
169 181 22
1 140 1
27 103 19
99 230 51
47 61 2
110 212 110
156 198 156
111 218 1
57 94 7
1 73 1
179 199 52
6 75 4
88 171 7
7 195 7
187 198 9
209 245 58
136 228 7
70 244 33
69 111 4
60 234 47
105 172 2
7 254 7
2 170 2
177 237 7
55 190 7
13 237 1
34 197 2
31 238 13
42 177 2
187 207 2
48 137 7
164 183 7
81 224 4
39 204 1
22 211 4
105 149 2
148 221 4
95 215 4
120 182 7
82 134 4
5 111 1
42 94 2
2 27 2
2 59 2
121 137 7
165 208 1
136 166 7
131 153 1
157 244 7
19 80 19
70 235 33
71 157 19
175 252 15
2 244 2
198 237 9
27 42 2
10 233 4
88 254 7
192 194 1
2 176 2
20 143 2
235 250 14
127 176 1
79 122 2
94 233 7
185 213 1
163 256 1
132 178 7
9 198 9
7 137 7
32 111 4
91 100 4
62 64 62
95 127 1
169 224 22
143 208 2
122 238 1
96 159 1
112 219 19
14 25 1
27 208 7
53 55 7
219 254 46
33 74 33
74 244 33
15 28 15
150 157 19
12 221 12
82 187 4
143 207 42
21 146 4
31 256 1
97 164 4
67 161 1
22 101 22
185 234 1
117 225 4
90 119 2
204 205 1
167 168 48
96 144 2
80 244 7
28 49 28
26 140 26
123 184 2
103 232 4
39 102 22
29 212 29
164 246 2
205 242 4
15 108 7
217 240 19
148 201 58
108 235 33
4 123 4
136 197 2
23 149 2
8 43 4
58 203 22
1 30 1
53 235 7
83 143 2
5 115 1
219 242 4
18 85 7
173 185 1
2 152 2
29 213 1
108 115 62
235 251 7
89 250 7
188 203 4
94 174 15
81 250 7
60 77 47
67 197 1
170 247 18
137 178 7
150 172 7
25 176 1
128 213 1
32 68 32
23 26 1
3 197 1
47 248 2
18 98 4
143 192 1
142 208 1
120 250 85
41 230 7
103 137 7
25 142 1
88 190 7
20 69 4
53 183 7
66 148 4
69 243 7
41 161 4
86 214 21
2 90 2
183 190 7
34 222 7
16 199 4
156 160 9
22 201 22
67 82 1
57 172 7
26 178 1
2 173 2
57 142 1
59 204 1
177 217 7
154 176 1
50 51 2
151 245 4
2 111 2
19 229 4
44 210 15
62 74 62
184 231 1
71 186 7
1 215 1
22 208 4
203 245 22
194 237 65
41 55 7
92 235 7
115 175 7
8 135 8
205 216 205
176 203 22
43 210 15
147 165 1
236 243 55
183 215 51
172 195 7
139 248 7
26 39 1
71 155 65
22 236 4
220 226 58
187 190 7
179 189 4
9 100 9
156 255 9
48 248 7
29 41 1
107 123 1
168 245 4
104 127 30
36 244 7
91 245 4
49 233 7
38 152 1
58 135 4
48 69 7
156 159 1
62 92 7
18 115 7
45 122 1
80 88 7
100 131 1
55 89 19
47 190 2
146 163 4
54 241 2
105 197 2
145 168 7
1 57 1
226 230 4
39 43 4
94 200 4
21 225 19
146 181 117
43 57 7
143 216 2
64 252 7
1 74 1
28 113 1
61 204 1
4 69 4
161 188 4
63 171 2
116 132 7
37 249 1
103 173 65
47 246 47
209 212 1
52 168 4
143 171 2
133 178 1
60 131 1
111 166 4
15 159 1
69 132 15
125 138 125
105 182 2
91 161 4
121 128 7
4 89 4
141 196 1
51 215 51
132 194 7
15 43 15
175 254 7
21 141 21
9 89 9
168 195 19
171 175 15
110 165 29
86 100 21
86 182 21
14 62 14
55 207 2
96 173 2
232 251 4
61 88 7
221 241 4
68 189 4
18 181 4
33 186 7
102 117 22
44 114 7
2 246 2
80 187 80
129 243 7
2 166 2
59 105 2
161 214 4
23 84 2
175 179 4
74 177 62
32 63 2
128 188 99
80 251 65
144 149 46
229 233 4
134 200 4
185 239 1
199 221 52
173 194 65
4 58 4
28 193 28
213 253 1
21 161 4
3 186 1
16 232 16
177 213 1
19 222 19
141 161 4
58 192 1
72 206 1
2 220 2
27 67 1
55 178 19
167 247 7
193 201 4
52 96 2
146 213 1
117 201 58
12 179 12
77 90 47
4 107 1
153 238 1
64 214 7
157 243 19
224 248 4
51 189 51
232 237 4
81 240 19
51 233 51
145 211 7
175 217 7
109 251 65
42 105 2
196 197 1
42 125 42
90 197 47
48 83 48
1 129 1
38 206 29
73 244 1
34 140 1
71 199 4
90 106 2
52 160 4
138 205 2
132 184 2
72 246 2
170 178 7
157 206 1
71 109 71
158 229 22
2 96 2
7 69 7
89 130 7
13 108 1
2 9 2
83 166 19
54 194 2
6 8 4
80 194 65
37 44 15
35 161 2
156 249 1
92 103 19
52 225 4
141 242 4
61 162 7
64 186 7
224 252 4
36 206 1
104 159 1
9 153 1
1 142 1
7 251 7
7 86 7
56 170 4
210 248 41
108 208 62
9 61 9
133 212 1
6 114 4
1 17 1
141 182 48
172 236 7
2 6 2
71 171 7
149 224 4
35 127 1
117 161 4
85 177 14
27 214 27
6 48 4
74 238 1
1 186 1
70 128 7
140 144 1
119 170 2
45 113 45
31 139 1
39 101 22
29 227 29
137 215 51
4 62 4
19 44 7
84 225 66
125 167 2
36 171 15
124 134 1
121 158 4
45 162 1
4 208 4
46 156 9
39 247 4
6 227 1
220 254 4
9 160 9
119 187 2
186 256 1
95 184 2
117 164 4
61 64 7
200 227 1
82 97 12
4 70 4
9 217 9
19 248 7
90 255 2
21 182 21
2 40 2
82 151 4
2 65 2
46 254 46
68 75 32
1 46 1
127 165 29
5 214 1
13 61 1
198 248 7
34 130 15
5 202 5
55 137 7
106 111 4
56 82 8
94 218 1
61 142 1
194 253 1
174 218 1
4 214 4
91 241 4
12 220 4
50 71 2
57 223 4
78 93 2
51 183 51
70 206 1
88 252 7
30 174 1
19 71 19
123 129 34
30 212 30
1 233 1
86 222 21
70 148 4
13 80 1
212 247 1
127 199 1
170 206 1
66 194 65
23 122 23
42 220 2
57 214 57
43 69 15
49 95 4
126 152 2
102 131 1
116 140 1
16 24 1
69 165 1
113 256 1
222 228 48
49 148 4
26 150 1
75 201 22
160 246 2
28 61 7
10 20 4
83 222 48
55 112 55
83 214 57
61 223 4
7 160 7
157 195 19
196 231 110
193 203 4
176 184 2
19 256 1
140 202 1
55 71 55
163 244 33
87 192 67
159 215 1
2 147 2
8 9 4
22 126 22
41 86 7
159 209 1
162 233 51
91 151 4
139 217 46
173 232 4
7 82 4
7 114 7
115 145 14
116 123 7
2 62 2
70 108 70
31 140 1
103 148 4
39 68 39
78 137 2
79 134 2
14 161 4
66 195 65
49 134 36
62 145 14
137 188 99
131 212 110
112 155 66
4 53 4
160 223 4
43 65 7
95 254 4
122 228 2
109 217 19
123 186 7
14 145 14
172 184 2
7 18 7
248 253 1
163 190 64
72 136 7
183 249 1
81 108 7
134 228 7
95 186 4
28 247 28
62 253 1
105 146 2
65 157 19
144 166 46
149 219 46
92 232 4
201 209 58
5 218 1
61 190 7
52 82 12
66 240 19
93 186 4
44 171 15
70 250 14
164 211 15
74 194 7
9 255 9
23 125 23
23 202 1
34 173 7
37 163 7
156 240 9
142 232 1
28 34 28
5 194 1
174 202 1
68 158 22
33 144 7
20 223 8
122 186 2
217 254 46
91 129 4
2 219 2
126 181 22
6 80 4
4 111 4
10 41 4
143 146 2
244 253 1
108 143 2
19 176 4
182 235 7
38 222 1
180 239 2
56 217 4
18 123 18
1 226 1
57 101 4
84 244 7
64 86 7
101 199 4
80 175 7
87 202 1
111 151 4
42 160 2
158 221 4
2 208 2
122 153 1
110 144 1
73 175 1
142 168 1
2 18 2
9 151 9
19 230 7
30 130 1
186 222 7
78 220 2
41 90 2
94 211 15
7 219 7
151 153 1
114 199 4
122 226 2
141 179 4
190 247 7
34 123 34
74 182 7
32 210 4
4 46 4
102 164 4
118 148 59
40 98 4
230 233 51
60 160 2
84 171 7
198 238 1
49 214 7
16 179 4
69 138 2
52 69 4
2 21 2
57 156 9
150 189 7
7 217 7
94 123 94
58 226 58
72 91 4
42 122 23
157 226 4
34 36 34
21 57 21
161 179 4
53 168 7
170 175 15
132 148 4
1 29 1
72 254 7
157 181 4
7 70 7
125 225 2
157 222 19
113 231 30
9 187 9
100 174 7
101 106 4
4 252 4
82 205 4
42 52 2
114 171 7
85 190 14
135 141 4
2 53 2
40 118 4
6 125 2
46 238 1
105 169 2
160 194 19
42 95 2
1 141 1
125 181 2
179 203 4
9 82 4
117 172 4
141 222 48
166 186 7
47 136 2
117 148 59
79 98 2
2 109 2
57 135 4
154 238 1
23 204 1
2 209 2
88 250 7
18 175 15
11 125 11
55 66 55
175 186 7
136 224 4
89 141 89
24 225 1
140 213 140
48 192 1
188 233 51
237 255 225
166 215 7
80 204 1
140 249 107
76 199 52
92 106 7
75 165 1
83 182 83
4 201 4
74 115 74
61 101 4
29 104 29
35 62 2
2 175 2
1 241 1
167 228 48
2 216 2
115 222 7
72 137 51
19 112 19
85 163 14
48 98 4
53 171 15
239 255 2
35 158 2
92 178 46
4 72 4
57 141 48
85 208 14
129 200 4
62 105 2
8 126 4
190 235 33
77 104 1
105 125 2
21 29 1
91 119 2
40 132 15
174 175 15
101 184 2
96 162 2
30 131 30
7 62 7
129 170 18
1 75 1
65 216 4
2 112 2
147 208 4
30 53 1
106 128 106
110 185 30
98 169 75
147 237 4
24 159 1
1 242 1
23 139 2
79 197 47
1 205 1
4 221 4
100 139 19
35 118 2
107 153 1
69 98 4
4 162 4
10 60 2
71 80 71
4 32 4
66 103 65
58 136 4
110 215 1
77 96 47
193 227 1
1 127 1
4 186 4
224 253 1
79 188 2
114 132 7
31 155 1
142 187 1
54 237 2
161 229 4
76 223 8
25 237 1
136 138 2
27 203 4
183 220 4
9 240 9
59 139 4
198 251 9
104 168 1
100 183 7
4 167 4
83 121 19
114 173 65
79 206 1
83 91 4
77 78 2
116 157 19
85 161 4
154 239 1
128 199 4
46 116 46
4 219 4
83 155 19
29 153 1
25 141 1
236 239 2
192 212 1
20 218 1
63 102 2
72 164 7
27 157 19
156 181 4
7 208 7
12 160 4
1 43 1
65 84 65
35 60 2
198 254 9
113 190 1
116 158 4
88 114 7
118 246 2
126 229 22
148 242 4
169 180 22
199 219 4
153 192 1
159 161 1
24 127 1
4 164 4
41 232 4
35 74 2
29 30 29
177 197 2
4 14 4
27 183 7
8 56 8
15 143 2
112 140 1
39 45 1
22 32 22
140 256 1
65 207 2
20 87 1
106 162 51
19 55 19
36 186 7
28 129 28
19 195 19
35 147 2
32 169 32
56 147 8
124 142 1
70 236 7
28 69 15
41 141 7
13 173 1
75 203 22
39 75 32
128 146 4
15 230 7
90 105 2
53 248 41
6 200 6
70 195 7
96 152 47
51 89 7
102 158 22
2 34 2
63 197 47
152 155 2
23 73 1
243 251 65
186 231 1
55 246 2
4 180 4
115 232 4
1 207 1
69 94 15
85 114 7
68 126 22
23 245 2
111 170 4
24 153 24
123 150 7
114 233 7
39 180 22
83 90 2
185 203 1
21 230 7
235 244 235
146 180 117
194 247 7
12 143 2
42 81 2
81 191 7
3 96 1
11 212 1
3 72 1
140 221 1
72 162 72
41 132 15
158 226 22
118 180 117
56 223 8
152 223 2
2 51 2
41 176 4
46 201 4
67 211 1
2 35 2
25 143 1
116 144 46
9 149 9
90 208 2
69 148 4
157 182 19
133 185 1
30 203 1
4 92 4
171 206 1
149 209 4
181 184 2
60 90 60
89 135 4
18 59 4
102 186 4
33 50 2
55 241 4
4 18 4
54 63 47
144 156 9
94 247 36
76 208 4
165 173 1
73 77 1
43 170 15
2 128 2
9 236 9
1 33 1
11 247 2
54 152 47
165 217 1
23 42 23
57 83 57
180 203 22
102 128 4
110 145 1
57 67 1
168 205 4
2 83 2
75 186 4
79 152 47
112 256 1
2 126 2
4 27 4
4 75 4
16 122 2
62 226 4
215 221 4
67 87 67
75 220 22
16 253 1
16 245 4
112 237 66
33 92 7
4 117 4
6 161 4
121 203 4
4 36 4
32 229 32
158 220 22
2 125 2
48 66 19
207 232 2
149 160 46
65 114 65
30 127 30
1 7 1
56 199 8
217 236 19
2 136 2
28 217 7
15 178 7
223 242 8
14 77 2
157 254 19
47 230 2
109 170 7
64 238 1
28 166 7
115 205 4
134 252 34
68 231 1
171 191 15
70 179 4
5 166 1
152 248 2
93 158 4
60 91 2
117 181 117
51 188 51
44 148 4
195 252 7
1 71 1
138 218 1
140 187 1
98 101 22
156 192 1
51 217 7
58 246 2
49 235 7
123 130 15
34 203 4
146 253 1
112 141 19
116 160 116
41 144 7
82 189 4
39 243 4
103 114 65
56 141 4
6 151 4
69 238 1
11 78 11
2 156 2
7 235 7
85 200 4
101 156 4
37 170 15
60 124 1
70 99 7
29 43 1
19 155 19
47 150 2
112 221 4
36 128 7
190 218 1
22 164 4
1 143 1
104 167 1
42 194 2
153 208 1
151 222 48
39 170 4
70 145 14
137 231 1
167 244 7
54 197 54
53 229 4
18 99 7
2 140 1
20 107 1
2 141 2
89 155 19
1 196 1
1 181 1
2 97 2
48 146 4
22 83 4
143 152 2
44 155 7
167 222 167
199 248 4
156 203 4
3 17 1
185 231 30
201 220 58
52 179 52
38 58 1
48 61 19
11 34 2
224 255 4
191 206 1
113 131 30
75 205 4
75 146 22
70 141 7
19 151 19
165 179 1
4 28 4
152 235 2
122 125 23
4 7 4
66 185 1
23 50 23
74 250 14
155 198 9
147 221 8
39 229 32
8 216 4
1 134 1
57 119 2
2 207 2
116 178 116
30 121 1
3 253 3
35 232 2
31 213 1
48 121 19
1 237 1
226 238 1
160 186 7
28 68 4
41 122 2
58 117 58
61 195 19
34 193 28
1 173 1
110 253 1
162 224 4
196 202 1
102 224 102
50 184 23
59 237 4
58 241 58
103 194 65
12 63 2
165 212 29
30 160 1
11 175 2
208 244 33
27 118 4
62 190 62
17 77 1
110 245 1
26 99 1
9 46 9
19 254 19
148 168 4
19 228 19
127 253 1
52 108 4
118 122 2
25 218 1
46 219 46
53 136 53
221 232 4
88 218 1
76 150 4
189 233 189
64 217 7
42 150 2
51 72 51
74 186 7
130 164 15
55 223 4
107 249 107
155 212 1
125 249 1
22 46 4
195 254 19
42 133 1
110 131 110
116 173 19
114 169 4
91 230 4
53 238 1
1 18 1
120 179 4
1 12 1
21 125 2
170 256 1
129 235 7
54 230 2
198 236 9
16 56 4
1 190 1
143 251 2
14 137 7
51 79 2
27 222 27
9 243 9
220 224 22
178 194 19
47 54 47
110 192 1
9 196 1
106 189 51
21 79 2
80 198 9
41 248 41
59 201 58
4 13 1
17 166 1
128 189 51
14 250 14
27 86 21
62 85 14
6 99 4
90 154 1
100 168 48
7 112 7
35 163 2
42 154 1
21 222 21
18 127 1
81 198 9
157 192 1
109 157 19
39 152 2
99 216 4
85 244 14
217 219 116
190 207 2
69 119 2
12 135 12
2 47 2
186 233 7
7 108 7
101 226 22
117 245 58
132 172 15
85 108 14
147 193 4
142 253 1
170 185 1
110 246 1
228 231 1
150 240 19
37 171 15
19 240 19
89 167 48
41 53 41
27 132 7
197 234 54
62 102 4
7 177 7
155 205 4
1 183 1
50 190 2
146 224 22
26 249 26
109 194 65
163 235 33
30 113 30
24 180 1
82 85 4
46 59 4
7 183 7
98 176 75
68 226 22
41 253 1
228 242 4
217 243 19
99 161 4
35 119 35
194 236 55
2 78 2
7 236 7
9 77 2
3 106 1
60 226 2
29 127 29
1 251 1
35 122 2
33 57 7
168 203 4
66 198 9
43 95 4
15 136 15
116 149 46
100 192 1
34 139 7
130 184 2
47 79 47
164 224 4
137 170 7
15 198 7
183 248 7
218 256 218
1 157 1
2 49 2
44 195 7
86 194 19
62 235 33
33 123 7
47 135 2
112 189 7
2 91 2
85 162 7
70 85 14
65 71 65
1 39 1
15 247 15
1 113 1
93 251 4
111 245 4
57 228 57
4 149 4
95 183 4
8 215 4
2 230 2
72 146 4
24 236 1
117 203 22
40 237 7
56 59 4
1 88 1
12 110 1
89 214 48
46 61 46
12 64 4
8 166 4
1 86 1
156 168 9
77 197 54
23 29 1
10 122 2
69 190 7
78 140 1
183 245 4
133 192 1
7 155 7
33 105 2
7 65 7
127 154 1
7 151 7
4 160 4
112 121 65
49 130 15
4 102 4
124 144 1
87 249 1
68 98 32
122 232 2
207 243 2
30 87 1
162 193 7
154 231 1
115 120 14
1 67 1
98 104 1
157 178 19
85 167 7
91 146 4
51 225 7
49 252 34
72 82 4
34 170 18
22 41 4
15 175 15
126 148 22
21 31 1
109 198 9
32 176 32
4 243 4
45 110 30
103 123 7
4 205 4
120 145 85
146 221 4
97 179 76
85 165 1
173 198 9
1 248 1
93 126 4
59 101 22
123 191 36
90 184 2
26 238 1
91 216 4
119 213 1
187 215 7
48 228 48
3 99 1
84 236 55
66 197 2
30 110 30
14 190 14
85 145 85
52 230 4
121 253 1
174 205 4
89 198 9
12 13 1
145 181 4
1 147 1
45 185 30
18 193 18
2 69 2
4 182 4
63 90 63
4 84 4
84 219 19
2 210 2
60 246 47
25 130 1
3 64 1
58 208 4
29 45 29
80 114 71
178 204 1
45 244 1
61 224 4
55 200 4
147 198 4
120 244 14
2 121 2
137 150 7
90 141 2
4 88 4
79 90 47
243 256 1
86 146 4
113 185 30
98 216 4
112 156 9
134 139 7
8 199 8
59 126 22
10 215 4
123 244 7
171 215 7
221 229 4
37 165 1
214 240 19
167 181 4
98 229 75
13 39 1
65 220 4
4 172 4
100 106 7
29 122 1
62 122 2
7 167 7
8 24 1
109 236 55
117 146 117
100 182 83
36 220 4
115 218 1
47 147 2
18 171 15
58 92 4
58 116 4
68 233 4
197 245 2
144 198 9
160 254 46
210 232 4
5 30 1
166 254 46
37 69 37
2 12 2
28 221 4
34 181 4
59 209 59
130 175 15
39 176 32
186 188 7
4 247 4
38 65 1
70 163 64
4 170 4
76 111 52
12 194 4
22 176 22
199 214 4
5 17 1
45 67 1
12 20 8
80 119 2
40 123 40
180 189 4
89 212 1
184 207 23
129 160 7
74 145 14
84 155 66
25 139 1
94 103 7
131 235 1
4 57 4
160 231 1
39 105 2
112 187 65
15 34 15
26 51 1
143 160 2
5 252 1
155 210 7
110 207 1
7 168 7
130 171 15
19 251 19
12 119 2
141 236 19
50 155 2
49 216 4
147 210 4
73 155 1
161 201 4
82 210 4
186 195 7
2 211 2
24 189 1
135 199 52
20 204 1
131 155 1
19 109 19
3 102 1
