64 1595
21 46 5
28 43 1
38 61 1
8 9 4
10 43 10
24 58 3
4 25 1
20 48 1
24 61 3
17 35 17
26 42 1
35 36 4
60 61 30
30 46 1
8 38 4
9 32 4
44 60 1
22 49 1
6 32 1
5 64 2
21 44 5
15 60 15
2 53 1
34 43 2
53 63 3
2 37 2
14 53 3
14 23 1
26 53 26
41 55 1
22 24 1
33 35 8
19 42 2
43 56 1
29 58 29
36 40 2
29 51 3
1 41 1
18 39 9
2 29 1
12 49 12
3 62 3
3 23 1
28 38 1
6 41 1
40 50 1
6 28 3
54 58 3
22 42 5
28 44 1
31 38 1
51 59 3
28 63 7
12 17 1
23 40 5
2 44 2
17 22 2
35 38 4
2 50 1
29 41 1
1 2 1
28 56 28
56 60 7
3 25 3
5 10 5
35 54 1
21 53 1
32 43 2
1 38 1
14 16 1
11 34 2
2 17 2
1 10 1
33 60 1
2 48 1
53 62 3
24 50 12
4 12 1
8 32 8
10 27 1
18 44 2
57 58 14
11 44 11
16 25 1
19 28 1
6 26 6
2 18 2
1 28 1
11 33 2
3 52 3
19 41 2
17 51 1
1 50 1
39 40 2
39 43 2
13 19 1
1 15 1
27 42 1
49 63 3
23 37 2
4 41 2
1 30 1
27 44 1
9 50 1
41 45 5
30 63 15
6 47 1
7 60 7
14 40 1
2 40 2
16 34 8
41 58 1
2 10 2
17 44 2
15 63 15
38 58 1
5 62 1
34 61 1
6 11 1
16 32 16
15 56 7
18 30 1
23 62 1
59 60 7
33 57 1
48 51 12
4 22 2
24 33 1
25 36 1
12 54 6
1 64 1
31 57 7
16 45 2
32 56 1
36 39 9
13 62 3
10 47 5
7 55 3
2 28 1
17 21 2
4 59 1
40 47 5
11 19 2
25 38 1
24 54 6
11 24 1
7 48 3
42 64 2
11 38 2
22 36 2
36 62 1
36 54 1
48 54 6
47 53 1
11 59 1
8 46 2
29 47 1
9 28 1
53 57 3
15 22 1
14 35 1
44 64 2
26 57 3
8 62 1
7 10 1
16 18 4
30 41 1
4 32 4
35 62 1
11 49 1
49 56 3
2 56 1
24 52 6
4 15 1
10 51 1
15 17 1
24 47 1
39 56 1
39 51 1
5 39 2
36 60 1
10 12 1
27 29 3
26 56 3
21 59 1
38 45 2
15 64 1
10 28 1
5 44 5
25 56 3
47 51 1
10 48 1
8 43 2
34 60 1
21 55 1
55 63 3
3 49 3
14 24 3
13 16 1
50 61 3
43 63 1
1 33 1
4 64 4
43 59 1
3 16 1
13 41 1
10 22 5
10 57 1
39 45 2
18 47 2
10 26 1
59 63 7
15 57 7
7 62 7
48 61 3
3 35 1
1 39 1
45 51 1
41 44 5
10 59 1
45 47 11
4 7 1
1 63 1
20 34 2
41 59 1
26 45 1
44 45 22
43 64 2
12 31 3
22 37 2
34 58 1
5 56 1
43 51 1
34 46 2
28 31 7
42 46 5
27 33 1
19 45 2
11 41 5
7 30 7
22 64 2
7 61 7
18 37 18
15 40 1
3 14 3
7 11 1
28 30 7
5 35 2
6 61 3
23 48 1
21 22 5
13 55 13
22 53 1
1 36 1
43 58 1
50 64 1
2 32 2
1 42 1
22 33 2
3 30 3
44 62 1
15 49 3
2 21 2
7 26 3
5 38 2
3 58 3
1 17 1
11 54 1
6 17 1
28 62 7
16 35 8
19 44 2
5 7 1
5 43 5
22 56 1
43 55 1
20 21 10
30 36 1
23 47 23
1 23 1
6 20 1
3 12 3
47 49 1
7 52 3
19 43 2
39 53 1
5 37 2
1 37 1
61 64 1
3 33 1
49 50 12
48 63 3
25 35 1
29 63 7
20 23 5
32 37 4
12 15 3
37 53 1
28 50 3
14 50 3
14 62 7
8 13 1
4 42 2
3 28 3
10 20 10
9 46 2
2 31 1
25 61 3
2 22 2
17 40 2
42 60 1
3 44 1
32 48 1
29 37 1
2 3 1
51 56 3
48 56 3
9 12 1
38 57 1
29 54 3
4 24 1
36 46 2
8 29 1
14 59 14
10 31 1
34 52 1
5 36 2
16 63 1
50 57 3
5 18 2
29 31 7
36 45 2
6 45 1
23 51 1
7 15 7
8 47 2
30 37 1
4 26 1
1 44 1
28 34 1
36 50 1
10 25 1
12 26 6
36 44 2
52 56 3
18 34 4
7 63 7
9 27 1
22 58 1
25 42 1
46 60 1
48 52 6
4 8 4
7 56 7
8 56 1
17 48 1
56 57 28
32 35 8
36 49 1
3 18 1
4 51 1
6 15 3
36 52 1
10 34 2
33 51 1
22 35 2
8 33 8
31 37 1
19 33 4
20 61 1
21 63 1
11 56 1
29 56 14
21 30 1
7 51 3
24 28 3
23 34 2
2 11 2
16 40 2
8 11 2
28 32 1
37 38 9
1 4 1
33 43 2
44 57 1
12 21 1
37 64 4
6 24 6
9 33 4
35 41 2
35 55 1
30 33 1
21 31 1
8 18 4
10 62 1
20 38 2
10 60 1
9 39 9
6 50 6
44 51 1
56 64 1
9 58 1
42 57 1
14 46 1
4 52 1
33 49 1
17 47 2
45 55 1
38 51 1
55 57 3
31 32 1
5 23 5
12 24 12
12 53 6
21 38 2
12 39 1
52 55 13
8 64 8
1 48 1
58 59 29
25 55 6
12 47 1
7 46 1
31 53 3
55 61 3
8 39 4
22 47 11
33 61 1
37 57 1
24 55 6
16 20 2
33 59 1
39 54 1
1 24 1
18 38 9
27 63 3
4 35 4
6 49 6
8 58 1
32 45 2
22 55 1
49 60 3
56 62 7
12 58 3
26 30 3
11 16 2
2 16 2
14 36 1
24 59 3
17 50 1
25 29 3
13 33 1
46 57 1
24 27 6
2 64 2
12 51 12
46 51 1
5 41 5
9 62 1
59 62 7
16 36 4
53 59 3
4 23 2
44 53 1
35 44 2
24 39 1
24 53 6
27 55 27
15 52 3
55 60 3
46 52 1
15 36 1
5 42 5
4 61 1
30 47 1
35 40 2
10 55 1
29 53 3
29 39 1
33 40 2
2 36 2
35 51 1
13 57 3
39 46 2
44 55 1
8 10 2
14 39 1
16 44 2
7 37 1
19 26 1
20 22 5
5 29 1
3 13 3
14 33 1
4 53 1
2 46 2
19 61 1
20 40 20
30 59 7
30 58 7
8 36 4
2 30 1
16 38 4
13 39 1
8 42 2
43 44 5
4 54 1
1 43 1
40 55 1
1 7 1
54 63 3
12 28 3
6 37 1
27 53 13
3 60 3
15 59 7
34 39 4
23 26 1
11 21 5
30 44 1
13 37 1
38 39 19
23 43 5
12 25 12
51 58 3
30 64 1
20 57 1
41 52 1
22 48 1
12 59 3
2 49 1
47 59 1
2 19 2
25 41 1
31 63 31
9 63 1
40 56 1
5 8 2
21 49 1
29 62 7
26 38 1
13 15 3
61 62 15
4 43 2
11 61 1
26 27 13
38 52 1
39 64 4
27 56 3
2 41 2
22 28 1
1 12 1
9 20 2
28 58 14
27 37 1
15 42 1
5 40 5
22 52 1
2 5 2
17 32 8
14 21 1
11 39 2
39 59 1
17 33 8
10 50 1
3 46 1
14 27 3
27 61 3
30 53 3
40 57 1
38 59 1
15 27 3
12 64 1
6 29 3
6 21 1
46 47 23
27 62 3
38 56 1
11 29 1
15 23 1
28 49 3
5 28 1
10 35 2
18 63 1
20 50 1
16 19 4
11 14 1
18 50 1
24 44 1
26 51 6
14 32 1
9 59 1
42 51 1
3 19 1
21 47 5
18 46 2
28 42 1
47 63 1
6 64 1
2 45 2
2 42 2
36 42 2
26 29 3
17 20 2
4 60 1
25 48 12
7 31 7
11 63 1
33 56 1
18 57 1
9 22 2
31 39 1
19 40 2
6 63 3
29 45 1
5 55 1
38 48 1
42 43 21
29 32 1
19 51 1
21 43 21
7 59 7
26 48 6
36 57 1
13 50 6
17 19 4
17 18 4
18 19 9
34 37 4
22 44 22
15 44 1
7 27 3
17 38 4
1 56 1
31 61 15
20 51 1
15 48 3
20 45 5
3 31 3
9 31 1
4 34 4
15 29 7
29 52 3
15 38 1
24 51 12
5 19 2
35 46 2
21 41 10
19 64 4
47 57 1
4 49 1
38 42 2
9 15 1
40 42 10
33 36 4
13 22 1
3 48 3
11 23 11
9 34 4
29 36 1
23 49 1
46 55 1
19 54 1
27 39 1
3 22 1
11 48 1
11 17 2
46 54 1
5 21 5
39 63 1
30 62 15
52 57 3
18 35 4
1 40 1
34 48 1
37 50 1
39 47 2
58 60 7
12 27 6
13 59 3
48 64 1
33 39 4
30 50 3
22 45 22
21 28 1
23 52 1
15 50 3
23 50 1
55 59 3
34 40 2
38 47 2
30 39 1
25 27 6
9 25 1
1 55 1
40 62 1
13 23 1
10 18 2
26 32 1
18 59 1
4 27 1
4 46 2
20 44 5
8 61 1
1 13 1
14 60 7
40 41 20
21 60 1
23 42 5
26 36 1
19 32 4
20 64 2
5 9 2
36 41 2
37 63 1
10 44 5
29 46 1
58 63 7
43 46 5
25 53 6
4 29 1
18 45 2
14 31 7
5 12 1
14 20 1
49 54 6
39 58 1
42 63 1
1 31 1
41 64 2
30 35 1
4 17 4
7 16 1
12 44 1
29 34 1
9 41 2
41 60 1
41 48 1
45 61 1
27 51 6
45 58 1
29 44 1
26 63 3
56 63 7
58 61 7
21 45 5
2 57 1
15 62 15
23 46 23
45 49 1
25 62 3
51 55 6
52 63 3
36 37 18
48 59 3
22 34 2
7 34 1
13 35 1
2 38 2
1 53 1
26 33 1
18 22 2
57 63 7
22 23 11
37 58 1
49 61 3
34 38 4
44 50 1
53 56 3
14 29 14
12 38 1
34 42 2
36 64 4
31 35 1
3 56 3
31 54 3
3 50 3
21 48 1
57 61 7
4 45 2
50 63 3
21 29 1
7 47 1
9 38 9
50 56 3
20 43 10
1 62 1
20 39 2
20 56 1
3 6 3
3 27 3
8 21 2
18 36 18
16 33 16
11 18 2
18 33 4
8 40 2
32 60 1
8 14 1
15 35 1
13 29 3
20 59 1
42 44 5
24 34 1
4 63 1
32 51 1
37 56 1
24 62 3
11 51 1
38 43 2
45 46 11
5 34 2
49 62 3
9 42 2
38 44 2
19 39 19
24 48 24
18 31 1
29 55 3
20 29 1
20 25 1
26 50 6
16 43 2
33 47 2
35 64 8
57 62 7
38 55 1
42 54 1
19 47 2
21 32 2
62 64 1
14 18 1
20 32 2
44 46 11
6 57 3
23 54 1
16 24 1
25 49 12
48 50 12
32 59 1
17 63 1
16 37 4
18 23 2
23 32 2
10 19 2
19 46 2
37 41 2
22 29 1
30 31 15
26 34 1
16 17 8
28 41 1
4 56 1
20 26 1
11 37 2
12 34 1
2 43 2
7 41 1
53 55 13
2 47 2
37 47 2
51 62 3
29 50 3
6 10 1
6 35 1
10 24 1
4 62 1
19 62 1
8 28 1
42 50 1
40 44 5
18 51 1
13 30 3
15 26 3
6 55 6
10 30 1
33 42 2
9 52 1
11 31 1
15 34 1
7 28 7
1 18 1
41 54 1
8 31 1
26 47 1
2 33 2
13 56 3
9 11 2
17 30 1
14 42 1
28 57 28
4 13 1
36 55 1
27 52 13
23 31 1
33 63 1
13 46 1
32 58 1
25 39 1
21 34 2
50 53 6
35 45 2
22 41 5
9 44 2
1 29 1
7 22 1
14 63 7
50 55 6
28 40 1
12 23 1
43 48 1
8 41 2
15 33 1
1 26 1
2 20 2
7 24 3
32 54 1
22 54 1
5 24 1
1 21 1
18 52 1
14 34 1
21 25 1
13 24 6
50 51 25
33 64 16
12 61 3
8 53 1
35 59 1
50 59 3
26 49 6
11 32 2
53 54 13
40 43 10
11 28 1
25 58 3
7 9 1
14 30 7
22 38 2
45 63 1
32 41 2
32 57 1
29 57 14
9 35 4
28 35 1
40 58 1
8 22 2
43 49 1
25 52 6
19 37 9
29 49 3
40 52 1
41 43 10
3 45 1
54 61 3
10 15 1
10 45 5
28 37 1
39 60 1
20 54 1
22 57 1
53 60 3
3 24 3
14 47 1
7 14 7
8 45 2
42 49 1
51 53 6
8 44 2
16 58 1
28 61 7
4 47 2
18 29 1
8 17 8
16 39 4
45 52 1
19 23 2
1 27 1
19 20 2
32 38 4
12 19 1
42 62 1
17 62 1
12 50 12
6 13 6
15 28 7
2 51 1
1 32 1
2 63 1
14 64 1
10 32 2
6 51 6
29 64 1
53 64 1
1 49 1
32 55 1
9 10 2
39 52 1
23 58 1
39 61 1
17 52 1
29 33 1
21 42 21
56 61 7
26 52 26
14 48 3
33 37 4
8 55 1
41 47 5
13 26 13
13 20 1
5 46 5
12 43 1
30 56 7
2 35 2
8 16 8
10 49 1
33 45 2
36 56 1
42 52 1
27 46 1
17 60 1
33 34 8
30 52 3
23 59 1
13 40 1
39 42 2
4 38 4
50 52 6
8 50 1
31 48 3
27 48 6
11 15 1
14 28 14
21 40 10
19 55 1
6 27 6
13 49 6
20 24 1
33 38 4
1 60 1
44 61 1
47 56 1
26 46 1
11 64 2
22 62 1
45 54 1
13 34 1
40 53 1
7 53 3
30 49 3
17 37 4
22 43 5
2 54 1
1 58 1
10 13 1
58 62 7
44 49 1
18 49 1
4 20 2
22 40 5
13 28 3
31 55 3
1 19 1
3 7 3
7 17 1
25 28 3
5 49 1
19 36 9
12 29 3
19 60 1
33 41 2
24 26 6
9 57 1
30 51 3
46 61 1
48 53 6
13 27 13
3 57 3
25 46 1
13 51 6
9 49 1
14 15 7
23 27 1
4 21 2
7 45 1
20 30 1
1 6 1
3 9 1
31 51 3
50 54 6
4 33 4
20 33 2
18 24 1
31 52 3
34 41 2
5 20 5
37 60 1
51 63 3
14 57 14
2 52 1
27 36 1
2 4 2
5 27 1
19 35 4
27 50 6
31 60 15
13 21 1
16 50 1
23 25 1
33 50 1
7 13 3
20 42 10
45 48 1
16 56 1
24 37 1
14 61 7
24 57 3
5 47 5
37 46 2
3 5 1
28 55 3
34 47 2
25 31 3
44 58 1
27 58 3
37 39 9
1 45 1
28 64 1
9 19 9
22 30 1
20 47 5
3 11 1
33 52 1
8 24 1
12 20 1
49 64 1
39 48 1
13 54 13
45 59 1
6 12 6
28 59 14
38 62 1
61 63 15
10 23 5
19 56 1
23 39 2
31 33 1
34 44 2
18 64 4
51 60 3
47 50 1
16 42 2
36 43 2
48 58 3
32 63 1
23 33 2
33 48 1
21 27 1
34 57 1
24 63 3
23 63 1
3 54 3
51 52 6
2 26 1
52 53 26
15 45 1
22 51 1
18 42 2
17 28 1
5 60 1
28 29 14
15 43 1
3 61 3
14 37 1
1 35 1
20 60 1
6 56 3
9 13 1
3 51 3
25 59 3
9 64 4
4 57 1
35 48 1
15 55 3
25 54 6
7 57 7
21 50 1
3 63 3
20 31 1
4 9 4
1 11 1
1 8 1
31 47 1
41 63 1
22 25 1
18 43 2
32 46 2
12 32 1
21 57 1
5 50 1
23 56 1
6 44 1
24 29 3
23 53 1
13 52 13
13 48 6
56 58 14
1 57 1
9 40 2
26 60 3
23 29 1
50 62 3
46 59 1
19 57 1
4 55 1
13 53 13
16 53 1
19 49 1
19 59 1
42 45 5
22 27 1
1 14 1
29 43 1
52 58 3
4 30 1
45 56 1
23 61 1
57 64 1
14 56 14
39 41 2
33 54 1
17 26 1
10 63 1
36 58 1
55 56 3
7 29 7
13 31 3
10 42 10
1 46 1
11 45 11
1 9 1
36 47 2
43 52 1
35 39 4
35 63 1
8 30 1
8 37 4
12 45 1
11 62 1
21 56 1
35 47 2
24 56 3
9 48 1
27 43 1
8 54 1
19 34 4
5 45 5
31 46 1
32 39 4
41 61 1
29 60 7
24 49 24
40 45 5
38 41 2
6 25 6
9 24 1
9 23 2
30 57 7
34 59 1
40 60 1
6 52 6
43 45 5
54 57 3
29 30 7
44 63 1
16 41 2
1 59 1
40 64 2
4 16 4
32 42 2
32 50 1
23 35 2
11 55 1
4 18 4
35 37 4
19 22 2
46 48 1
1 52 1
24 25 12
15 46 1
37 54 1
16 64 16
18 53 1
11 53 1
27 30 3
17 46 2
29 61 7
14 58 14
40 46 5
34 53 1
25 50 25
41 50 1
24 38 1
20 36 2
41 46 5
26 37 1
20 58 1
30 40 1
23 38 2
38 64 4
35 60 1
35 58 1
27 60 3
21 62 1
49 59 3
5 33 2
10 41 10
10 64 2
2 39 2
30 32 1
52 60 3
8 25 1
15 51 3
35 42 2
31 43 1
17 36 4
28 54 3
2 34 2
3 64 1
42 47 5
15 25 3
26 31 3
7 20 1
21 36 2
10 40 10
16 23 2
19 38 19
15 58 7
38 40 2
8 26 1
49 53 6
26 28 3
3 55 3
12 18 1
18 20 2
36 48 1
8 27 1
35 43 2
18 26 1
9 30 1
9 36 9
7 42 1
37 51 1
12 62 3
22 46 11
23 55 1
26 58 3
2 15 1
28 60 7
28 48 3
15 30 15
5 17 2
17 34 17
30 34 1
5 11 5
4 5 2
9 55 1
51 54 6
32 62 1
46 63 1
32 64 32
4 48 1
6 53 6
18 28 1
7 23 1
6 19 1
5 53 1
16 31 1
7 58 7
24 43 1
52 62 3
21 51 1
46 62 1
2 8 2
31 56 7
31 44 1
1 61 1
9 29 1
32 47 2
11 25 1
4 39 4
12 16 1
2 23 2
1 25 1
12 52 6
42 55 1
20 49 1
42 58 1
27 59 3
62 63 31
27 54 27
6 48 6
30 55 3
13 25 6
48 55 6
11 46 11
52 54 13
14 41 1
12 48 12
5 30 1
40 54 1
6 46 1
1 54 1
6 14 3
47 64 2
3 36 1
19 27 1
57 60 7
58 64 1
25 51 25
3 4 1
10 54 1
56 59 14
1 3 1
5 61 1
6 34 1
31 62 31
60 63 15
14 49 3
10 33 2
8 19 4
26 35 1
32 61 1
3 15 3
25 30 3
1 22 1
37 61 1
4 37 4
38 49 1
10 29 1
28 53 3
14 26 3
12 56 3
11 47 11
45 60 1
15 61 15
13 63 3
37 48 1
14 19 1
5 16 2
25 47 1
3 53 3
37 40 2
41 49 1
36 38 9
15 31 15
19 58 1
7 50 3
57 59 14
28 33 1
31 58 7
27 57 3
3 29 3
16 22 2
44 47 11
1 16 1
32 49 1
6 18 1
2 58 1
5 22 5
9 37 9
9 18 9
13 47 1
14 52 3
15 37 1
43 47 5
24 35 1
6 54 6
1 5 1
21 26 1
23 41 5
20 63 1
3 34 1
6 31 3
34 35 17
27 35 1
6 59 3
10 38 2
32 33 16
54 60 3
12 14 3
20 41 20
13 38 1
16 27 1
7 33 1
30 60 30
59 61 7
10 46 5
34 64 8
3 32 1
17 45 2
12 37 1
5 13 1
17 29 1
1 51 1
13 61 3
23 45 11
48 49 24
26 55 13
21 35 2
7 32 1
23 44 11
11 43 5
7 36 1
37 42 2
53 61 3
2 25 1
46 50 1
3 21 1
11 13 1
8 35 8
21 52 1
23 24 1
25 43 1
34 51 1
7 12 3
16 26 1
4 19 4
29 40 1
17 41 2
49 51 12
17 64 8
6 39 1
26 44 1
31 36 1
29 59 29
7 54 3
11 12 1
14 51 3
30 61 30
47 54 1
32 34 8
10 21 10
13 44 1
49 55 6
54 55 27
20 55 1
8 34 8
11 42 5
3 26 3
42 48 1
24 46 1
34 45 2
10 52 1
49 52 6
28 51 3
1 47 1
34 56 1
17 39 4
4 36 4
1 34 1
1 20 1
4 44 2
3 59 3
26 54 13
36 63 1
45 62 1
11 22 11
60 62 15
41 42 10
10 11 5
24 60 3
28 39 1
21 23 5
20 46 5
12 13 6
47 61 1
2 9 2
21 37 2
34 62 1
17 43 2
9 16 4
4 10 2
12 55 6
25 26 6
31 59 7
7 44 1
32 36 4
22 39 2
9 17 4
9 54 1
40 63 1
7 19 1
12 63 3
