128 4066
86 87 85
86 88 85
86 89 85
86 90 85
86 91 85
86 92 85
86 93 85
86 94 85
86 95 85
86 96 85
86 97 85
86 98 85
86 99 85
86 100 85
86 101 85
86 102 85
86 103 85
86 104 85
86 105 85
86 106 85
86 107 85
86 108 85
86 109 85
86 110 85
86 111 85
86 112 85
86 113 85
86 114 85
86 115 85
86 116 85
86 117 85
86 118 85
86 119 85
86 120 85
86 121 85
86 122 85
86 123 85
86 124 85
86 125 85
86 126 85
86 127 85
86 128 85
87 88 85
87 89 85
87 90 85
87 91 85
87 92 85
87 93 85
87 94 85
87 95 85
87 96 85
87 97 85
87 98 85
87 99 85
87 100 85
87 101 85
87 102 85
87 103 85
87 104 85
87 105 85
87 106 85
87 107 85
87 108 85
87 109 85
87 110 85
87 111 85
87 112 85
87 113 85
87 114 85
87 115 85
87 116 85
87 117 85
87 118 85
87 119 85
87 120 85
87 121 85
87 122 85
87 123 85
87 124 85
87 125 85
87 126 85
87 127 85
87 128 85
88 89 85
88 90 85
88 91 85
88 92 85
88 93 85
88 94 85
88 95 85
88 96 85
88 97 85
88 98 85
88 99 85
88 100 85
88 101 85
88 102 85
88 103 85
88 104 85
88 105 85
88 106 85
88 107 85
88 108 85
88 109 85
88 110 85
88 111 85
88 112 85
88 113 85
88 114 85
88 115 85
88 116 85
88 117 85
88 118 85
88 119 85
88 120 85
88 121 85
88 122 85
88 123 85
88 124 85
88 125 85
88 126 85
88 127 85
88 128 85
89 90 85
89 91 85
89 92 85
89 93 85
89 94 85
89 95 85
89 96 85
89 97 85
89 98 85
89 99 85
89 100 85
89 101 85
89 102 85
89 103 85
89 104 85
89 105 85
89 106 85
89 107 85
89 108 85
89 109 85
89 110 85
89 111 85
89 112 85
89 113 85
89 114 85
89 115 85
89 116 85
89 117 85
89 118 85
89 119 85
89 120 85
89 121 85
89 122 85
89 123 85
89 124 85
89 125 85
89 126 85
89 127 85
89 128 85
90 91 85
90 92 85
90 93 85
90 94 85
90 95 85
90 96 85
90 97 85
90 98 85
90 99 85
90 100 85
90 101 85
90 102 85
90 103 85
90 104 85
90 105 85
90 106 85
90 107 85
90 108 85
90 109 85
90 110 85
90 111 85
90 112 85
90 113 85
90 114 85
90 115 85
90 116 85
90 117 85
90 118 85
90 119 85
90 120 85
90 121 85
90 122 85
90 123 85
90 124 85
90 125 85
90 126 85
90 127 85
90 128 85
91 92 85
91 93 85
91 94 85
91 95 85
91 96 85
91 97 85
91 98 85
91 99 85
91 100 85
91 101 85
91 102 85
91 103 85
91 104 85
91 105 85
91 106 85
91 107 85
91 108 85
91 109 85
91 110 85
91 111 85
91 112 85
91 113 85
91 114 85
91 115 85
91 116 85
91 117 85
91 118 85
91 119 85
91 120 85
91 121 85
91 122 85
91 123 85
91 124 85
91 125 85
91 126 85
91 127 85
91 128 85
92 93 85
92 94 85
92 95 85
92 96 85
92 97 85
92 98 85
92 99 85
92 100 85
92 101 85
92 102 85
92 103 85
92 104 85
92 105 85
92 106 85
92 107 85
92 108 85
92 109 85
92 110 85
92 111 85
92 112 85
92 113 85
92 114 85
92 115 85
92 116 85
92 117 85
92 118 85
92 119 85
92 120 85
92 121 85
92 122 85
92 123 85
92 124 85
92 125 85
92 126 85
92 127 85
92 128 85
93 94 85
93 95 85
93 96 85
93 97 85
93 98 85
93 99 85
93 100 85
93 101 85
93 102 85
93 103 85
93 104 85
93 105 85
93 106 85
93 107 85
93 108 85
93 109 85
93 110 85
93 111 85
93 112 85
93 113 85
93 114 85
93 115 85
93 116 85
93 117 85
93 118 85
93 119 85
93 120 85
93 121 85
93 122 85
93 123 85
93 124 85
93 125 85
93 126 85
93 127 85
93 128 85
94 95 85
94 96 85
94 97 85
94 98 85
94 99 85
94 100 85
94 101 85
94 102 85
94 103 85
94 104 85
94 105 85
94 106 85
94 107 85
94 108 85
94 109 85
94 110 85
94 111 85
94 112 85
94 113 85
94 114 85
94 115 85
94 116 85
94 117 85
94 118 85
94 119 85
94 120 85
94 121 85
94 122 85
94 123 85
94 124 85
94 125 85
94 126 85
94 127 85
94 128 85
95 96 85
95 97 85
95 98 85
95 99 85
95 100 85
95 101 85
95 102 85
95 103 85
95 104 85
95 105 85
95 106 85
95 107 85
95 108 85
95 109 85
95 110 85
95 111 85
95 112 85
95 113 85
95 114 85
95 115 85
95 116 85
95 117 85
95 118 85
95 119 85
95 120 85
95 121 85
95 122 85
95 123 85
95 124 85
95 125 85
95 126 85
95 127 85
95 128 85
96 97 85
96 98 85
96 99 85
96 100 85
96 101 85
96 102 85
96 103 85
96 104 85
96 105 85
96 106 85
96 107 85
96 108 85
96 109 85
96 110 85
96 111 85
96 112 85
96 113 85
96 114 85
96 115 85
96 116 85
96 117 85
96 118 85
96 119 85
96 120 85
96 121 85
96 122 85
96 123 85
96 124 85
96 125 85
96 126 85
96 127 85
96 128 85
97 98 85
97 99 85
97 100 85
97 101 85
97 102 85
97 103 85
97 104 85
97 105 85
97 106 85
97 107 85
97 108 85
97 109 85
97 110 85
97 111 85
97 112 85
97 113 85
97 114 85
97 115 85
97 116 85
97 117 85
97 118 85
97 119 85
97 120 85
97 121 85
97 122 85
97 123 85
97 124 85
97 125 85
97 126 85
97 127 85
97 128 85
98 99 85
98 100 85
98 101 85
98 102 85
98 103 85
98 104 85
98 105 85
98 106 85
98 107 85
98 108 85
98 109 85
98 110 85
98 111 85
98 112 85
98 113 85
98 114 85
98 115 85
98 116 85
98 117 85
98 118 85
98 119 85
98 120 85
98 121 85
98 122 85
98 123 85
98 124 85
98 125 85
98 126 85
98 127 85
98 128 85
99 100 85
99 101 85
99 102 85
99 103 85
99 104 85
99 105 85
99 106 85
99 107 85
99 108 85
99 109 85
99 110 85
99 111 85
99 112 85
99 113 85
99 114 85
99 115 85
99 116 85
99 117 85
99 118 85
99 119 85
99 120 85
99 121 85
99 122 85
99 123 85
99 124 85
99 125 85
99 126 85
99 127 85
99 128 85
100 101 85
100 102 85
100 103 85
100 104 85
100 105 85
100 106 85
100 107 85
100 108 85
100 109 85
100 110 85
100 111 85
100 112 85
100 113 85
100 114 85
100 115 85
100 116 85
100 117 85
100 118 85
100 119 85
100 120 85
100 121 85
100 122 85
100 123 85
100 124 85
100 125 85
100 126 85
100 127 85
100 128 85
101 102 85
101 103 85
101 104 85
101 105 85
101 106 85
101 107 85
101 108 85
101 109 85
101 110 85
101 111 85
101 112 85
101 113 85
101 114 85
101 115 85
101 116 85
101 117 85
101 118 85
101 119 85
101 120 85
101 121 85
101 122 85
101 123 85
101 124 85
101 125 85
101 126 85
101 127 85
101 128 85
102 103 85
102 104 85
102 105 85
102 106 85
102 107 85
102 108 85
102 109 85
102 110 85
102 111 85
102 112 85
102 113 85
102 114 85
102 115 85
102 116 85
102 117 85
102 118 85
102 119 85
102 120 85
102 121 85
102 122 85
102 123 85
102 124 85
102 125 85
102 126 85
102 127 85
102 128 85
103 104 85
103 105 85
103 106 85
103 107 85
103 108 85
103 109 85
103 110 85
103 111 85
103 112 85
103 113 85
103 114 85
103 115 85
103 116 85
103 117 85
103 118 85
103 119 85
103 120 85
103 121 85
103 122 85
103 123 85
103 124 85
103 125 85
103 126 85
103 127 85
103 128 85
104 105 85
104 106 85
104 107 85
104 108 85
104 109 85
104 110 85
104 111 85
104 112 85
104 113 85
104 114 85
104 115 85
104 116 85
104 117 85
104 118 85
104 119 85
104 120 85
104 121 85
104 122 85
104 123 85
104 124 85
104 125 85
104 126 85
104 127 85
104 128 85
105 106 85
105 107 85
105 108 85
105 109 85
105 110 85
105 111 85
105 112 85
105 113 85
105 114 85
105 115 85
105 116 85
105 117 85
105 118 85
105 119 85
105 120 85
105 121 85
105 122 85
105 123 85
105 124 85
105 125 85
105 126 85
105 127 85
105 128 85
106 107 85
106 108 85
106 109 85
106 110 85
106 111 85
106 112 85
106 113 85
106 114 85
106 115 85
106 116 85
106 117 85
106 118 85
106 119 85
106 120 85
106 121 85
106 122 85
106 123 85
106 124 85
106 125 85
106 126 85
106 127 85
106 128 85
107 108 85
107 109 85
107 110 85
107 111 85
107 112 85
107 113 85
107 114 85
107 115 85
107 116 85
107 117 85
107 118 85
107 119 85
107 120 85
107 121 85
107 122 85
107 123 85
107 124 85
107 125 85
107 126 85
107 127 85
107 128 85
108 109 85
108 110 85
108 111 85
108 112 85
108 113 85
108 114 85
108 115 85
108 116 85
108 117 85
108 118 85
108 119 85
108 120 85
108 121 85
108 122 85
108 123 85
108 124 85
108 125 85
108 126 85
108 127 85
108 128 85
109 110 85
109 111 85
109 112 85
109 113 85
109 114 85
109 115 85
109 116 85
109 117 85
109 118 85
109 119 85
109 120 85
109 121 85
109 122 85
109 123 85
109 124 85
109 125 85
109 126 85
109 127 85
109 128 85
110 111 85
110 112 85
110 113 85
110 114 85
110 115 85
110 116 85
110 117 85
110 118 85
110 119 85
110 120 85
110 121 85
110 122 85
110 123 85
110 124 85
110 125 85
110 126 85
110 127 85
110 128 85
111 112 85
111 113 85
111 114 85
111 115 85
111 116 85
111 117 85
111 118 85
111 119 85
111 120 85
111 121 85
111 122 85
111 123 85
111 124 85
111 125 85
111 126 85
111 127 85
111 128 85
112 113 85
112 114 85
112 115 85
112 116 85
112 117 85
112 118 85
112 119 85
112 120 85
112 121 85
112 122 85
112 123 85
112 124 85
112 125 85
112 126 85
112 127 85
112 128 85
113 114 85
113 115 85
113 116 85
113 117 85
113 118 85
113 119 85
113 120 85
113 121 85
113 122 85
113 123 85
113 124 85
113 125 85
113 126 85
113 127 85
113 128 85
114 115 85
114 116 85
114 117 85
114 118 85
114 119 85
114 120 85
114 121 85
114 122 85
114 123 85
114 124 85
114 125 85
114 126 85
114 127 85
114 128 85
115 116 85
115 117 85
115 118 85
115 119 85
115 120 85
115 121 85
115 122 85
115 123 85
115 124 85
115 125 85
115 126 85
115 127 85
115 128 85
116 117 85
116 118 85
116 119 85
116 120 85
116 121 85
116 122 85
116 123 85
116 124 85
116 125 85
116 126 85
116 127 85
116 128 85
117 118 85
117 119 85
117 120 85
117 121 85
117 122 85
117 123 85
117 124 85
117 125 85
117 126 85
117 127 85
117 128 85
118 119 85
118 120 85
118 121 85
118 122 85
118 123 85
118 124 85
118 125 85
118 126 85
118 127 85
118 128 85
119 120 85
119 121 85
119 122 85
119 123 85
119 124 85
119 125 85
119 126 85
119 127 85
119 128 85
120 121 85
120 122 85
120 123 85
120 124 85
120 125 85
120 126 85
120 127 85
120 128 85
121 122 85
121 123 85
121 124 85
121 125 85
121 126 85
121 127 85
121 128 85
122 123 85
122 124 85
122 125 85
122 126 85
122 127 85
122 128 85
123 124 85
123 125 85
123 126 85
123 127 85
123 128 85
124 125 85
124 126 85
124 127 85
124 128 85
125 126 85
125 127 85
125 128 85
126 127 85
126 128 85
127 128 85
1 86 1
2 86 2
3 86 3
4 86 4
5 86 5
6 86 6
7 86 7
8 86 8
9 86 9
10 86 10
11 86 11
12 86 12
13 86 13
14 86 14
15 86 15
16 86 16
17 86 17
18 86 18
19 86 19
20 86 20
21 86 21
22 86 22
23 86 23
24 86 24
25 86 25
26 86 26
27 86 27
28 86 28
29 86 29
30 86 30
31 86 31
32 86 32
33 86 33
34 86 34
35 86 35
36 86 36
37 86 37
38 86 38
39 86 39
40 86 40
41 86 41
42 86 42
43 86 43
44 86 44
45 86 45
46 86 46
47 86 47
48 86 48
49 86 49
50 86 50
51 86 51
52 86 52
53 86 53
54 86 54
55 86 55
56 86 56
57 86 57
58 86 58
59 86 59
60 86 60
61 86 61
62 86 62
63 86 63
64 86 64
65 86 65
66 86 66
67 86 67
68 86 68
69 86 69
70 86 70
71 86 71
72 86 72
73 86 73
74 86 74
75 86 75
76 86 76
77 86 77
78 86 78
79 86 79
80 86 80
81 86 81
82 86 82
83 86 83
84 86 84
85 86 85
36 50 36
29 99 29
60 89 60
26 48 26
48 94 48
38 91 38
1 5 1
52 60 52
78 79 78
10 27 10
3 5 3
48 72 48
9 66 9
19 22 19
4 116 4
21 37 21
4 65 4
31 88 31
9 30 9
10 68 10
10 97 10
36 122 36
39 70 39
55 69 55
13 78 13
72 100 72
76 94 76
71 120 71
30 37 30
48 107 48
18 22 18
28 41 28
40 84 40
79 100 79
16 39 16
66 112 66
67 128 67
79 82 79
6 107 6
46 53 46
28 89 28
65 113 65
3 117 3
32 121 32
5 16 5
58 76 58
10 19 10
71 102 71
4 24 4
58 62 58
13 57 13
41 95 41
59 103 59
70 111 70
46 97 46
4 93 4
30 36 30
21 36 21
33 113 33
2 64 2
64 105 64
37 64 37
54 99 54
20 35 20
35 75 35
12 89 12
35 84 35
15 68 15
44 79 44
34 126 34
8 106 8
3 35 3
65 123 65
12 53 12
40 79 40
8 24 8
7 112 7
82 104 82
64 69 64
17 22 17
29 116 29
12 15 12
6 56 6
8 65 8
61 73 61
26 76 26
4 12 4
24 111 24
15 98 15
51 57 51
29 51 29
52 126 52
17 33 17
44 70 44
15 70 15
18 69 18
14 24 14
35 116 35
28 117 28
53 85 53
15 27 15
4 7 4
81 107 81
21 98 21
15 35 15
22 23 22
6 122 6
55 112 55
66 105 66
12 67 12
47 107 47
45 97 45
73 106 73
19 106 19
51 72 51
69 99 69
38 103 38
21 51 21
74 106 74
50 64 50
3 64 3
24 109 24
13 55 13
6 13 6
16 105 16
73 109 73
70 72 70
23 41 23
17 65 17
21 32 21
51 69 51
58 105 58
58 66 58
26 66 26
15 37 15
46 48 46
36 37 36
35 43 35
13 81 13
20 55 20
57 78 57
54 72 54
7 53 7
15 59 15
40 41 40
34 98 34
73 122 73
30 101 30
38 56 38
7 8 7
5 6 5
29 36 29
40 99 40
13 102 13
62 63 62
49 68 49
16 17 16
15 28 15
63 123 63
26 102 26
17 49 17
4 39 4
7 50 7
49 106 49
28 40 28
5 119 5
41 46 41
19 121 19
21 91 21
16 85 16
2 4 2
32 94 32
35 91 35
60 105 60
13 37 13
67 72 67
22 93 22
2 3 2
58 65 58
6 52 6
23 50 23
60 77 60
61 71 61
36 98 36
14 46 14
4 13 4
54 119 54
1 8 1
27 29 27
54 63 54
44 52 44
55 99 55
50 68 50
1 66 1
22 31 22
3 7 3
49 114 49
49 99 49
19 27 19
38 46 38
74 121 74
12 109 12
34 52 34
13 121 13
24 118 24
3 6 3
6 64 6
16 110 16
67 95 67
64 75 64
2 8 2
59 102 59
20 81 20
8 10 8
42 107 42
11 109 11
47 60 47
18 48 18
9 43 9
28 49 28
2 40 2
12 96 12
60 114 60
14 29 14
36 44 36
3 107 3
39 114 39
8 113 8
52 97 52
42 44 42
45 73 45
17 36 17
35 68 35
47 54 47
21 29 21
39 60 39
54 113 54
53 94 53
20 43 20
30 62 30
22 49 22
26 47 26
62 82 62
14 23 14
20 80 20
5 26 5
12 25 12
78 84 78
9 33 9
21 31 21
1 2 1
50 62 50
34 47 34
37 46 37
26 67 26
2 41 2
56 72 56
27 33 27
1 6 1
12 74 12
19 119 19
10 74 10
45 126 45
45 75 45
16 114 16
40 67 40
32 120 32
60 79 60
26 56 26
32 72 32
42 106 42
5 14 5
72 77 72
10 123 10
10 23 10
16 56 16
30 63 30
58 127 58
27 40 27
52 56 52
38 128 38
50 122 50
30 51 30
29 70 29
26 104 26
9 111 9
14 83 14
23 24 23
63 95 63
7 20 7
38 42 38
22 30 22
14 77 14
9 69 9
53 62 53
85 104 85
37 40 37
6 8 6
2 12 2
13 88 13
1 18 1
10 127 10
35 88 35
18 71 18
29 97 29
52 76 52
20 30 20
78 80 78
44 118 44
17 18 17
51 100 51
2 10 2
25 69 25
80 88 80
69 112 69
1 38 1
18 68 18
5 31 5
18 94 18
56 83 56
7 117 7
67 123 67
73 95 73
43 60 43
29 38 29
46 50 46
79 91 79
64 91 64
79 83 79
76 77 76
19 34 19
14 73 14
11 113 11
82 89 82
3 58 3
10 70 10
7 54 7
45 110 45
9 17 9
11 111 11
17 24 17
1 105 1
58 104 58
33 78 33
60 117 60
49 51 49
31 66 31
28 101 28
27 121 27
63 74 63
9 16 9
42 89 42
74 97 74
40 51 40
10 16 10
85 91 85
18 82 18
63 126 63
24 56 24
14 45 14
15 21 15
14 119 14
19 36 19
72 113 72
45 61 45
83 112 83
37 58 37
17 99 17
34 46 34
15 62 15
7 124 7
69 100 69
62 120 62
5 7 5
41 58 41
7 64 7
44 91 44
44 102 44
44 77 44
2 59 2
40 63 40
11 54 11
29 42 29
59 62 59
42 56 42
85 87 85
32 54 32
66 104 66
14 37 14
30 120 30
79 123 79
3 54 3
1 23 1
45 85 45
10 77 10
44 127 44
11 99 11
62 89 62
12 68 12
22 62 22
75 110 75
6 7 6
16 113 16
25 64 25
15 32 15
19 125 19
38 45 38
63 104 63
9 34 9
3 4 3
34 51 34
30 122 30
68 124 68
11 102 11
13 28 13
11 69 11
25 75 25
8 71 8
20 33 20
67 91 67
77 125 77
21 96 21
12 119 12
25 30 25
3 17 3
34 49 34
5 8 5
42 119 42
24 61 24
10 18 10
8 40 8
54 81 54
52 81 52
20 51 20
44 61 44
58 118 58
62 85 62
5 12 5
16 106 16
49 103 49
75 104 75
3 94 3
43 118 43
32 33 32
39 122 39
20 90 20
40 64 40
36 103 36
43 95 43
13 36 13
32 41 32
85 102 85
7 105 7
57 71 57
21 127 21
56 111 56
36 106 36
29 69 29
13 16 13
15 73 15
3 33 3
34 112 34
20 91 20
10 118 10
22 42 22
44 63 44
74 76 74
51 56 51
55 76 55
32 106 32
57 119 57
40 122 40
61 77 61
46 99 46
4 29 4
26 116 26
21 41 21
1 4 1
11 128 11
9 62 9
37 52 37
82 92 82
20 29 20
44 71 44
23 87 23
10 33 10
83 99 83
28 100 28
33 121 33
16 57 16
26 55 26
33 39 33
6 16 6
1 104 1
21 106 21
1 37 1
35 63 35
22 36 22
31 97 31
19 84 19
26 57 26
36 71 36
66 87 66
5 9 5
7 84 7
43 81 43
66 102 66
21 77 21
27 84 27
51 58 51
50 99 50
54 108 54
29 41 29
71 91 71
40 90 40
29 117 29
16 90 16
36 53 36
48 95 48
39 118 39
63 100 63
34 109 34
5 11 5
46 91 46
39 94 39
53 90 53
15 89 15
37 48 37
29 82 29
28 104 28
40 127 40
16 49 16
2 44 2
45 64 45
64 77 64
31 72 31
61 120 61
31 61 31
28 56 28
7 71 7
29 65 29
3 109 3
4 11 4
77 116 77
28 57 28
11 20 11
15 102 15
60 94 60
55 126 55
9 60 9
51 108 51
82 122 82
44 111 44
15 99 15
60 83 60
3 78 3
20 27 20
10 25 10
24 102 24
39 87 39
8 112 8
59 76 59
14 63 14
66 121 66
15 48 15
21 27 21
31 78 31
73 80 73
32 43 32
2 43 2
34 53 34
84 121 84
1 9 1
30 38 30
58 88 58
58 70 58
8 99 8
2 13 2
60 98 60
4 50 4
42 52 42
62 65 62
36 57 36
13 53 13
12 64 12
32 104 32
85 120 85
34 113 34
55 71 55
6 119 6
11 98 11
2 27 2
8 41 8
4 20 4
39 49 39
19 28 19
1 3 1
19 77 19
38 102 38
2 52 2
6 22 6
73 124 73
61 72 61
4 9 4
34 77 34
56 105 56
54 104 54
1 7 1
56 69 56
52 118 52
28 69 28
32 99 32
48 88 48
38 123 38
31 34 31
53 107 53
43 124 43
29 98 29
40 118 40
35 118 35
38 51 38
40 50 40
55 115 55
10 13 10
27 47 27
35 56 35
5 114 5
33 41 33
41 53 41
14 120 14
42 59 42
42 110 42
11 16 11
42 112 42
16 19 16
29 72 29
69 74 69
54 97 54
17 63 17
24 42 24
43 69 43
26 101 26
62 125 62
13 52 13
2 14 2
56 77 56
31 44 31
21 99 21
45 58 45
3 69 3
31 121 31
25 90 25
19 61 19
75 117 75
1 15 1
3 52 3
33 104 33
53 60 53
10 90 10
30 40 30
14 33 14
29 68 29
16 34 16
83 119 83
32 125 32
38 75 38
76 119 76
9 74 9
55 100 55
15 97 15
36 119 36
8 79 8
26 59 26
4 16 4
84 97 84
55 68 55
27 31 27
23 122 23
16 102 16
31 69 31
24 33 24
16 64 16
11 21 11
38 76 38
23 32 23
1 22 1
15 119 15
79 113 79
3 56 3
41 52 41
28 29 28
50 114 50
46 61 46
12 27 12
23 31 23
63 69 63
24 44 24
69 96 69
34 104 34
46 72 46
52 59 52
1 26 1
45 79 45
3 28 3
5 20 5
22 33 22
69 71 69
48 63 48
16 32 16
1 29 1
4 108 4
48 53 48
29 100 29
49 73 49
30 33 30
74 111 74
57 65 57
28 62 28
46 110 46
83 84 83
58 103 58
11 91 11
37 77 37
43 57 43
29 124 29
48 101 48
14 102 14
29 94 29
3 16 3
3 121 3
28 128 28
45 54 45
9 23 9
60 107 60
36 38 36
6 10 6
23 46 23
25 65 25
5 66 5
14 32 14
16 24 16
61 124 61
50 60 50
9 26 9
44 75 44
33 48 33
14 92 14
62 92 62
74 99 74
29 57 29
68 94 68
4 25 4
56 60 56
20 72 20
8 50 8
75 106 75
4 75 4
4 95 4
44 76 44
23 128 23
39 117 39
19 66 19
17 72 17
3 62 3
10 53 10
3 79 3
31 77 31
10 114 10
9 15 9
3 25 3
35 64 35
6 20 6
20 45 20
41 126 41
9 48 9
35 96 35
17 68 17
10 91 10
3 75 3
28 36 28
12 13 12
1 85 1
34 127 34
4 45 4
72 120 72
34 69 34
4 42 4
11 13 11
15 18 15
18 32 18
19 38 19
10 43 10
48 56 48
54 66 54
58 74 58
79 85 79
54 123 54
7 120 7
32 74 32
43 50 43
9 73 9
56 110 56
45 92 45
52 93 52
26 105 26
15 55 15
68 95 68
73 112 73
18 43 18
36 40 36
6 9 6
6 62 6
4 127 4
59 66 59
9 70 9
25 102 25
8 11 8
41 120 41
38 96 38
73 91 73
8 16 8
25 50 25
22 100 22
35 78 35
18 111 18
8 19 8
58 72 58
26 34 26
18 23 18
41 84 41
50 82 50
2 36 2
42 58 42
13 127 13
31 65 31
40 61 40
60 127 60
65 68 65
23 33 23
72 125 72
8 21 8
34 38 34
28 31 28
29 40 29
25 36 25
35 94 35
2 49 2
26 52 26
14 115 14
14 49 14
39 42 39
33 66 33
43 109 43
7 56 7
52 75 52
15 16 15
36 76 36
44 99 44
13 107 13
50 55 50
85 123 85
37 84 37
57 107 57
4 21 4
56 127 56
10 36 10
14 41 14
63 97 63
8 37 8
19 24 19
2 46 2
40 44 40
46 92 46
39 76 39
10 24 10
25 91 25
50 115 50
85 101 85
46 75 46
8 77 8
11 85 11
50 89 50
78 102 78
39 74 39
9 11 9
3 55 3
37 74 37
48 71 48
15 46 15
56 80 56
48 84 48
63 88 63
64 127 64
23 35 23
8 28 8
3 65 3
15 104 15
8 13 8
25 108 25
82 108 82
59 97 59
36 85 36
48 82 48
5 28 5
5 64 5
18 55 18
84 89 84
78 92 78
23 97 23
58 122 58
26 109 26
24 30 24
60 66 60
75 85 75
21 52 21
15 64 15
10 83 10
61 123 61
51 73 51
72 102 72
25 38 25
8 58 8
16 30 16
53 56 53
37 53 37
25 62 25
6 40 6
10 28 10
33 85 33
36 102 36
10 73 10
27 89 27
39 81 39
36 110 36
73 88 73
26 60 26
29 96 29
27 85 27
35 44 35
39 58 39
38 97 38
7 18 7
13 14 13
29 39 29
26 114 26
22 24 22
19 79 19
62 90 62
2 7 2
11 42 11
47 119 47
50 117 50
37 127 37
71 82 71
19 35 19
1 12 1
38 122 38
85 106 85
2 5 2
33 60 33
45 125 45
13 17 13
33 127 33
49 72 49
6 46 6
22 47 22
47 65 47
48 78 48
18 76 18
67 97 67
54 118 54
39 97 39
11 88 11
1 120 1
57 62 57
16 128 16
34 37 34
5 55 5
63 84 63
17 26 17
3 99 3
35 124 35
8 23 8
18 50 18
31 105 31
1 58 1
60 95 60
17 79 17
9 10 9
82 126 82
67 105 67
44 48 44
19 47 19
3 92 3
75 95 75
2 103 2
29 101 29
36 117 36
39 45 39
5 42 5
82 119 82
64 82 64
11 18 11
32 46 32
43 111 43
63 68 63
1 50 1
15 57 15
5 34 5
36 128 36
4 6 4
1 11 1
27 28 27
45 102 45
32 111 32
11 14 11
82 121 82
5 24 5
11 73 11
26 27 26
39 89 39
38 101 38
22 25 22
5 110 5
19 40 19
80 105 80
49 98 49
37 120 37
2 123 2
58 73 58
37 73 37
61 66 61
56 98 56
43 49 43
67 114 67
2 115 2
18 85 18
4 19 4
20 82 20
21 104 21
1 90 1
54 58 54
3 51 3
17 46 17
57 100 57
4 28 4
50 61 50
22 27 22
36 125 36
1 10 1
21 28 21
9 20 9
11 15 11
39 54 39
24 27 24
5 54 5
10 87 10
15 107 15
11 49 11
15 30 15
25 112 25
9 105 9
10 111 10
9 53 9
31 119 31
19 64 19
12 124 12
21 102 21
77 105 77
43 48 43
58 68 58
16 70 16
15 79 15
70 121 70
37 100 37
41 73 41
13 25 13
38 81 38
13 58 13
13 51 13
21 35 21
1 89 1
36 43 36
11 110 11
3 9 3
38 114 38
81 89 81
50 73 50
64 118 64
8 25 8
63 67 63
8 22 8
17 126 17
4 111 4
40 46 40
70 113 70
37 97 37
35 101 35
19 81 19
39 44 39
8 55 8
12 95 12
7 13 7
27 98 27
42 123 42
18 29 18
23 69 23
34 55 34
9 93 9
56 59 56
35 42 35
8 89 8
11 122 11
41 103 41
5 13 5
51 55 51
11 40 11
63 125 63
13 113 13
24 114 24
46 78 46
28 53 28
62 101 62
5 100 5
29 102 29
70 83 70
52 72 52
1 107 1
2 20 2
13 19 13
41 128 41
6 104 6
24 36 24
72 95 72
7 109 7
30 108 30
66 77 66
32 38 32
2 26 2
84 101 84
66 110 66
33 40 33
11 25 11
28 119 28
2 73 2
58 96 58
54 85 54
74 120 74
54 96 54
30 31 30
12 38 12
26 54 26
82 90 82
18 124 18
45 70 45
34 57 34
3 20 3
60 103 60
74 102 74
58 106 58
7 19 7
21 82 21
15 125 15
53 68 53
54 70 54
21 46 21
1 54 1
16 22 16
80 84 80
37 65 37
30 41 30
35 45 35
48 54 48
26 31 26
78 107 78
44 73 44
6 21 6
54 128 54
60 113 60
28 30 28
45 60 45
21 111 21
47 75 47
2 28 2
15 52 15
27 37 27
70 114 70
10 14 10
1 82 1
28 59 28
82 105 82
6 17 6
14 60 14
18 105 18
24 83 24
36 95 36
1 28 1
64 120 64
8 110 8
21 105 21
58 60 58
10 56 10
2 122 2
58 78 58
42 97 42
20 28 20
1 97 1
49 90 49
19 32 19
62 94 62
68 73 68
51 63 51
42 85 42
22 106 22
67 126 67
18 81 18
35 105 35
27 55 27
6 121 6
30 46 30
65 70 65
26 61 26
54 61 54
39 65 39
28 108 28
53 75 53
4 8 4
44 45 44
45 118 45
72 85 72
73 125 73
77 100 77
14 66 14
30 87 30
11 78 11
59 79 59
25 85 25
23 72 23
12 85 12
21 116 21
58 111 58
14 61 14
31 74 31
4 63 4
46 67 46
16 72 16
2 21 2
1 61 1
81 92 81
4 38 4
44 121 44
14 94 14
71 92 71
4 123 4
78 120 78
78 83 78
15 71 15
30 52 30
53 65 53
14 97 14
4 117 4
27 88 27
59 88 59
3 59 3
32 40 32
3 38 3
35 114 35
76 93 76
76 84 76
23 34 23
60 73 60
15 75 15
9 36 9
45 98 45
53 103 53
31 56 31
54 59 54
20 26 20
25 35 25
32 89 32
21 23 21
36 47 36
59 99 59
13 112 13
29 31 29
20 64 20
14 124 14
71 121 71
66 75 66
57 77 57
23 48 23
4 10 4
20 76 20
13 114 13
43 45 43
65 76 65
4 119 4
48 76 48
57 104 57
3 14 3
3 19 3
63 106 63
22 75 22
23 81 23
80 111 80
25 103 25
63 121 63
76 87 76
23 110 23
5 23 5
71 117 71
12 110 12
65 87 65
11 70 11
58 117 58
43 70 43
8 17 8
36 59 36
22 89 22
5 92 5
18 115 18
52 116 52
70 71 70
51 113 51
2 55 2
15 77 15
56 104 56
16 78 16
44 51 44
70 78 70
80 97 80
24 28 24
35 59 35
19 48 19
17 100 17
48 64 48
19 88 19
66 96 66
68 117 68
19 42 19
16 41 16
3 95 3
6 32 6
6 27 6
17 23 17
30 34 30
29 127 29
5 36 5
34 42 34
55 122 55
61 121 61
47 52 47
6 78 6
6 114 6
34 59 34
6 11 6
3 13 3
24 126 24
30 94 30
70 124 70
49 57 49
59 93 59
2 127 2
18 21 18
49 113 49
49 121 49
19 63 19
3 123 3
37 118 37
5 90 5
37 88 37
82 102 82
61 109 61
31 122 31
47 96 47
84 98 84
53 72 53
38 50 38
16 108 16
31 113 31
18 39 18
16 31 16
8 18 8
54 71 54
45 68 45
7 108 7
18 100 18
5 10 5
14 126 14
48 83 48
10 120 10
6 74 6
12 18 12
19 96 19
16 117 16
33 72 33
11 104 11
72 110 72
26 75 26
60 88 60
67 112 67
81 103 81
34 43 34
50 102 50
67 103 67
2 15 2
64 95 64
2 128 2
41 101 41
83 88 83
11 43 11
5 25 5
29 71 29
74 81 74
5 109 5
2 11 2
28 106 28
1 75 1
25 96 25
10 15 10
19 26 19
48 127 48
16 69 16
41 50 41
3 126 3
46 108 46
79 124 79
36 99 36
9 12 9
78 103 78
83 117 83
7 78 7
6 49 6
21 72 21
18 88 18
76 122 76
6 18 6
33 61 33
53 74 53
31 89 31
50 109 50
81 127 81
1 43 1
10 94 10
2 53 2
47 80 47
3 22 3
7 9 7
43 62 43
77 101 77
60 78 60
40 70 40
31 39 31
66 68 66
52 80 52
15 53 15
39 67 39
23 62 23
4 30 4
36 51 36
61 112 61
43 116 43
41 63 41
51 91 51
63 91 63
12 80 12
27 54 27
47 61 47
41 49 41
32 51 32
2 51 2
54 111 54
36 114 36
8 54 8
50 101 50
19 44 19
10 37 10
4 46 4
54 110 54
6 75 6
61 125 61
47 49 47
26 74 26
14 122 14
36 39 36
53 76 53
12 23 12
3 73 3
29 67 29
5 59 5
22 57 22
4 22 4
19 76 19
18 120 18
33 67 33
9 37 9
24 35 24
31 51 31
70 87 70
25 111 25
29 34 29
11 30 11
9 38 9
32 61 32
42 99 42
33 115 33
30 76 30
22 66 22
20 22 20
2 24 2
71 124 71
39 111 39
44 65 44
22 70 22
14 39 14
72 118 72
26 121 26
12 91 12
10 47 10
9 89 9
43 117 43
41 45 41
20 37 20
5 37 5
25 127 25
15 31 15
48 123 48
14 43 14
28 112 28
31 99 31
73 87 73
23 55 23
7 15 7
34 65 34
84 102 84
47 59 47
18 110 18
21 68 21
34 58 34
83 108 83
27 100 27
61 108 61
71 80 71
44 95 44
17 25 17
8 29 8
45 65 45
17 114 17
8 111 8
2 17 2
9 21 9
16 44 16
47 111 47
50 100 50
27 72 27
29 35 29
4 5 4
49 52 49
8 45 8
47 88 47
32 64 32
6 29 6
14 68 14
59 80 59
46 58 46
67 115 67
54 121 54
20 39 20
26 83 26
10 40 10
11 39 11
71 128 71
78 109 78
12 51 12
7 128 7
9 113 9
56 97 56
29 50 29
21 34 21
69 101 69
6 63 6
45 48 45
13 75 13
10 78 10
2 63 2
56 103 56
1 103 1
19 118 19
16 120 16
36 84 36
15 20 15
33 100 33
40 42 40
8 75 8
1 99 1
26 58 26
50 56 50
20 102 20
26 72 26
4 70 4
4 51 4
65 80 65
9 124 9
18 125 18
43 73 43
4 87 4
45 104 45
27 122 27
28 33 28
15 41 15
13 47 13
1 81 1
12 17 12
79 122 79
8 125 8
10 11 10
52 125 52
43 107 43
27 35 27
56 58 56
26 120 26
14 15 14
33 54 33
16 63 16
26 42 26
59 73 59
69 115 69
1 123 1
47 90 47
31 79 31
4 113 4
35 41 35
69 125 69
23 56 23
24 41 24
62 104 62
25 125 25
66 97 66
17 28 17
6 47 6
5 95 5
62 78 62
15 43 15
65 126 65
54 90 54
71 95 71
63 119 63
44 68 44
65 77 65
16 21 16
72 99 72
48 52 48
9 87 9
17 115 17
39 69 39
34 119 34
20 46 20
7 80 7
39 80 39
75 105 75
27 95 27
17 29 17
5 63 5
34 66 34
67 113 67
32 53 32
15 83 15
50 124 50
35 103 35
4 85 4
20 65 20
55 128 55
10 46 10
32 59 32
57 73 57
26 92 26
12 93 12
73 92 73
10 49 10
70 85 70
56 94 56
70 118 70
6 35 6
2 111 2
77 118 77
2 58 2
9 104 9
14 59 14
6 65 6
36 109 36
22 59 22
71 74 71
81 117 81
30 64 30
23 127 23
27 57 27
7 61 7
4 72 4
18 53 18
16 71 16
61 113 61
2 78 2
22 43 22
50 83 50
8 91 8
41 62 41
30 75 30
57 60 57
31 123 31
19 25 19
7 46 7
57 120 57
14 22 14
83 91 83
3 34 3
7 11 7
24 107 24
2 65 2
37 44 37
22 108 22
27 110 27
27 63 27
8 46 8
3 118 3
68 90 68
46 59 46
12 57 12
2 70 2
5 82 5
12 103 12
80 106 80
2 30 2
26 84 26
69 107 69
6 37 6
25 34 25
61 74 61
13 122 13
59 113 59
44 69 44
7 94 7
4 110 4
52 65 52
30 105 30
4 23 4
23 27 23
26 29 26
53 66 53
7 88 7
26 50 26
25 81 25
77 126 77
38 72 38
59 126 59
44 62 44
9 84 9
56 63 56
28 42 28
54 88 54
25 49 25
32 37 32
38 108 38
80 120 80
47 58 47
18 126 18
14 78 14
41 75 41
66 115 66
8 27 8
49 71 49
83 116 83
23 124 23
25 116 25
1 113 1
13 85 13
19 39 19
20 54 20
84 99 84
65 109 65
60 80 60
79 80 79
29 56 29
20 109 20
3 41 3
61 89 61
11 90 11
85 93 85
19 109 19
25 41 25
47 103 47
83 89 83
47 56 47
11 127 11
27 66 27
44 64 44
57 93 57
40 74 40
56 123 56
65 82 65
23 42 23
26 106 26
70 116 70
65 78 65
64 117 64
14 28 14
39 123 39
38 127 38
58 99 58
17 56 17
18 104 18
5 32 5
32 67 32
13 110 13
33 74 33
31 63 31
8 83 8
39 55 39
40 77 40
55 113 55
62 96 62
70 117 70
6 97 6
10 65 10
13 104 13
74 95 74
83 107 83
82 85 82
57 117 57
2 82 2
23 101 23
61 98 61
51 66 51
7 31 7
17 44 17
46 80 46
47 123 47
61 65 61
65 106 65
85 110 85
52 74 52
16 87 16
12 28 12
33 125 33
27 38 27
28 32 28
10 75 10
30 106 30
76 78 76
35 112 35
75 101 75
48 65 48
5 17 5
29 44 29
14 20 14
56 66 56
31 90 31
7 66 7
32 126 32
22 65 22
52 68 52
9 50 9
32 127 32
4 106 4
54 106 54
18 113 18
83 100 83
11 45 11
47 73 47
57 84 57
16 59 16
37 69 37
37 125 37
8 9 8
19 49 19
23 26 23
7 30 7
57 69 57
49 56 49
48 116 48
57 87 57
22 80 22
46 63 46
35 107 35
4 68 4
55 95 55
23 79 23
5 29 5
44 74 44
31 37 31
49 74 49
62 75 62
23 111 23
55 97 55
69 122 69
14 18 14
13 60 13
47 50 47
24 124 24
27 112 27
13 23 13
20 42 20
17 95 17
4 115 4
23 39 23
5 33 5
57 91 57
42 94 42
27 99 27
24 46 24
41 59 41
68 122 68
15 50 15
20 60 20
6 84 6
41 68 41
53 77 53
50 88 50
43 94 43
9 18 9
53 91 53
38 89 38
34 102 34
12 73 12
65 98 65
19 101 19
6 43 6
24 31 24
15 51 15
38 109 38
69 72 69
6 108 6
40 55 40
54 126 54
7 33 7
74 103 74
55 102 55
72 90 72
15 44 15
23 49 23
76 83 76
15 76 15
11 29 11
34 96 34
53 105 53
12 83 12
46 104 46
14 128 14
18 95 18
16 26 16
4 118 4
5 85 5
41 69 41
13 22 13
43 99 43
1 87 1
11 33 11
25 47 25
18 78 18
29 33 29
51 103 51
8 15 8
24 60 24
16 18 16
14 100 14
5 18 5
15 101 15
48 119 48
39 127 39
22 79 22
16 124 16
9 68 9
44 109 44
22 69 22
47 117 47
43 67 43
8 103 8
16 33 16
48 81 48
12 82 12
25 63 25
20 119 20
48 92 48
17 124 17
19 69 19
31 125 31
18 31 18
1 95 1
2 18 2
63 75 63
21 54 21
52 84 52
10 93 10
73 117 73
15 22 15
19 70 19
80 126 80
36 67 36
23 51 23
4 74 4
52 94 52
37 83 37
1 25 1
21 97 21
17 30 17
7 26 7
3 50 3
46 82 46
10 17 10
81 124 81
78 118 78
28 99 28
16 100 16
24 55 24
30 115 30
14 65 14
69 103 69
29 84 29
15 63 15
18 60 18
63 65 63
7 67 7
40 56 40
42 127 42
57 81 57
25 122 25
15 60 15
10 35 10
71 89 71
45 88 45
22 128 22
31 92 31
52 61 52
64 128 64
62 79 62
24 40 24
1 49 1
15 26 15
52 119 52
20 71 20
77 89 77
12 21 12
24 99 24
84 115 84
2 80 2
6 44 6
59 65 59
3 49 3
68 123 68
3 18 3
52 102 52
38 71 38
15 123 15
53 69 53
11 19 11
74 82 74
63 102 63
7 100 7
57 118 57
31 60 31
54 80 54
37 102 37
24 93 24
30 58 30
38 43 38
68 109 68
85 121 85
3 105 3
49 82 49
30 56 30
66 95 66
21 79 21
46 105 46
3 36 3
32 65 32
34 81 34
32 82 32
10 26 10
2 116 2
78 116 78
49 83 49
63 115 63
8 102 8
40 80 40
43 98 43
58 109 58
3 24 3
19 65 19
60 67 60
36 52 36
10 31 10
40 85 40
75 113 75
30 54 30
28 37 28
28 44 28
25 31 25
85 109 85
26 115 26
25 126 25
69 120 69
10 115 10
18 90 18
54 103 54
55 104 55
30 70 30
76 102 76
4 18 4
23 94 23
2 124 2
43 104 43
17 90 17
50 111 50
57 85 57
42 82 42
69 89 69
24 91 24
6 60 6
3 11 3
61 107 61
7 21 7
21 71 21
20 124 20
11 115 11
70 96 70
83 111 83
33 81 33
68 100 68
67 79 67
72 96 72
53 63 53
40 43 40
12 34 12
38 39 38
40 106 40
34 90 34
41 47 41
14 16 14
12 26 12
27 103 27
40 125 40
37 128 37
82 91 82
37 60 37
39 51 39
7 49 7
12 19 12
77 113 77
50 59 50
59 89 59
73 85 73
14 84 14
77 83 77
59 100 59
81 106 81
9 99 9
6 26 6
38 119 38
18 27 18
82 123 82
8 42 8
51 90 51
4 33 4
69 108 69
17 19 17
83 115 83
18 93 18
24 49 24
29 88 29
24 123 24
78 125 78
73 96 73
8 127 8
31 62 31
51 75 51
31 81 31
13 48 13
59 69 59
69 91 69
58 94 58
47 127 47
23 68 23
36 66 36
11 57 11
77 109 77
16 62 16
20 70 20
52 128 52
32 92 32
78 95 78
4 31 4
62 103 62
49 94 49
34 71 34
18 74 18
23 95 23
33 128 33
5 30 5
1 51 1
6 41 6
13 54 13
82 97 82
14 26 14
20 68 20
30 98 30
76 114 76
51 53 51
51 60 51
45 128 45
16 37 16
32 85 32
34 39 34
4 48 4
35 104 35
71 90 71
11 105 11
14 38 14
10 71 10
18 79 18
15 122 15
42 76 42
16 42 16
77 127 77
1 31 1
35 61 35
70 95 70
17 35 17
58 95 58
45 121 45
6 81 6
11 126 11
55 88 55
11 55 11
2 94 2
82 95 82
30 50 30
1 109 1
49 79 49
18 46 18
7 97 7
62 118 62
66 123 66
19 23 19
2 22 2
72 119 72
26 77 26
56 84 56
10 21 10
73 110 73
10 121 10
13 40 13
76 121 76
2 33 2
13 77 13
68 104 68
43 66 43
26 46 26
29 104 29
14 21 14
53 81 53
31 55 31
71 115 71
72 93 72
22 82 22
42 54 42
11 72 11
15 100 15
49 65 49
61 95 61
54 115 54
28 80 28
38 60 38
31 104 31
1 20 1
44 47 44
63 117 63
34 56 34
28 47 28
44 78 44
47 120 47
4 47 4
32 101 32
8 73 8
8 64 8
15 81 15
71 75 71
5 50 5
12 44 12
8 36 8
68 77 68
33 126 33
84 118 84
4 14 4
7 81 7
19 33 19
38 110 38
81 109 81
19 93 19
18 118 18
22 126 22
41 110 41
12 20 12
9 106 9
2 92 2
26 43 26
37 81 37
28 122 28
35 97 35
44 101 44
44 108 44
14 69 14
13 89 13
44 110 44
53 92 53
18 24 18
10 89 10
20 56 20
4 59 4
37 38 37
82 128 82
85 113 85
41 60 41
55 74 55
17 91 17
39 77 39
15 36 15
40 65 40
7 32 7
17 60 17
59 81 59
3 43 3
16 73 16
6 92 6
13 56 13
56 73 56
24 121 24
62 111 62
25 57 25
59 125 59
25 92 25
7 115 7
11 52 11
17 32 17
24 74 24
4 73 4
24 104 24
12 104 12
49 62 49
26 49 26
65 79 65
76 117 76
13 43 13
31 124 31
6 55 6
4 89 4
9 64 9
61 96 61
35 46 35
33 124 33
20 118 20
74 98 74
39 52 39
59 64 59
38 124 38
32 60 32
67 102 67
20 21 20
8 67 8
44 94 44
23 70 23
51 83 51
59 116 59
40 94 40
71 94 71
7 52 7
20 103 20
3 53 3
22 81 22
3 119 3
26 82 26
60 63 60
2 68 2
21 75 21
62 110 62
24 25 24
12 40 12
58 92 58
54 73 54
42 43 42
4 15 4
23 30 23
35 52 35
35 57 35
20 41 20
56 68 56
47 95 47
20 69 20
28 76 28
12 102 12
9 109 9
23 44 23
74 119 74
45 49 45
51 68 51
31 107 31
28 61 28
47 126 47
22 60 22
23 43 23
40 114 40
8 92 8
32 48 32
9 56 9
14 127 14
44 106 44
15 65 15
30 97 30
69 114 69
69 104 69
64 100 64
22 32 22
16 97 16
2 50 2
49 115 49
19 128 19
20 128 20
53 121 53
48 120 48
21 60 21
1 102 1
18 56 18
47 110 47
77 123 77
56 85 56
9 91 9
42 114 42
80 108 80
35 83 35
48 104 48
68 127 68
42 68 42
15 38 15
11 22 11
34 61 34
83 109 83
5 125 5
49 70 49
68 69 68
19 110 19
84 85 84
29 45 29
10 122 10
73 98 73
23 40 23
30 112 30
21 43 21
20 34 20
56 81 56
17 57 17
5 61 5
7 38 7
82 88 82
61 88 61
5 105 5
65 125 65
20 95 20
51 128 51
23 112 23
15 39 15
50 125 50
41 111 41
46 54 46
70 91 70
33 89 33
19 108 19
1 73 1
6 34 6
82 112 82
58 120 58
75 111 75
28 66 28
54 56 54
6 67 6
59 104 59
50 94 50
70 127 70
84 114 84
35 117 35
28 48 28
79 105 79
68 80 68
22 74 22
24 85 24
18 72 18
33 57 33
53 58 53
44 54 44
7 23 7
22 71 22
22 95 22
23 57 23
61 119 61
1 128 1
42 105 42
52 62 52
35 48 35
63 96 63
27 119 27
9 82 9
64 94 64
29 75 29
21 113 21
17 69 17
64 88 64
75 118 75
37 72 37
15 95 15
5 102 5
53 126 53
83 87 83
11 44 11
20 23 20
17 110 17
19 43 19
61 114 61
25 46 25
3 30 3
23 123 23
51 109 51
1 65 1
58 91 58
51 98 51
40 53 40
3 106 3
12 39 12
24 34 24
39 40 39
79 107 79
47 83 47
11 27 11
7 63 7
49 109 49
66 72 66
63 78 63
35 50 35
33 36 33
8 32 8
22 55 22
39 115 39
72 117 72
34 79 34
12 59 12
31 45 31
60 90 60
32 50 32
8 44 8
69 119 69
32 71 32
26 94 26
18 40 18
7 39 7
13 38 13
47 128 47
72 124 72
19 83 19
12 106 12
13 98 13
5 27 5
31 50 31
70 108 70
1 47 1
61 97 61
83 126 83
71 103 71
26 38 26
39 96 39
19 41 19
16 125 16
20 63 20
55 75 55
42 95 42
17 45 17
72 111 72
6 110 6
27 43 27
69 83 69
70 123 70
3 93 3
56 62 56
24 59 24
49 116 49
73 116 73
83 105 83
17 62 17
37 114 37
13 100 13
34 91 34
47 124 47
22 26 22
17 85 17
1 57 1
45 84 45
23 60 23
19 51 19
67 119 67
5 44 5
46 119 46
23 91 23
34 44 34
34 125 34
52 55 52
2 9 2
36 42 36
64 96 64
24 110 24
77 88 77
31 57 31
41 125 41
28 77 28
44 85 44
18 41 18
65 93 65
55 121 55
33 94 33
18 67 18
55 94 55
83 110 83
61 75 61
11 38 11
25 80 25
57 108 57
16 93 16
66 125 66
17 78 17
71 107 71
34 76 34
6 113 6
49 87 49
3 120 3
30 123 30
50 92 50
30 45 30
16 25 16
16 111 16
72 91 72
21 30 21
27 67 27
49 76 49
6 58 6
48 114 48
48 106 48
2 31 2
24 45 24
2 6 2
20 120 20
31 102 31
3 124 3
60 122 60
30 48 30
58 108 58
37 49 37
9 32 9
45 107 45
23 107 23
26 62 26
64 71 64
3 85 3
10 101 10
24 67 24
1 91 1
7 123 7
44 126 44
47 48 47
58 61 58
60 108 60
11 12 11
31 80 31
51 104 51
27 52 27
72 122 72
11 50 11
1 94 1
4 37 4
13 20 13
31 109 31
42 122 42
58 85 58
79 115 79
80 110 80
72 73 72
72 112 72
18 47 18
35 95 35
80 121 80
26 127 26
48 59 48
37 56 37
7 79 7
8 82 8
24 57 24
33 103 33
56 82 56
1 24 1
80 82 80
35 73 35
26 71 26
46 66 46
25 61 25
15 56 15
65 118 65
14 82 14
79 104 79
52 58 52
22 117 22
12 41 12
68 79 68
58 90 58
10 39 10
67 73 67
85 103 85
3 80 3
42 115 42
4 105 4
61 64 61
50 116 50
16 47 16
12 31 12
35 99 35
50 70 50
46 120 46
84 126 84
11 97 11
1 68 1
35 85 35
2 32 2
8 123 8
30 110 30
14 42 14
28 71 28
10 20 10
41 72 41
71 93 71
62 124 62
3 100 3
27 32 27
13 71 13
82 118 82
8 122 8
18 103 18
13 90 13
76 82 76
51 59 51
10 58 10
18 96 18
9 79 9
50 110 50
34 97 34
37 55 37
37 76 37
19 91 19
57 113 57
22 78 22
67 116 67
21 90 21
4 36 4
53 106 53
46 55 46
43 100 43
50 63 50
6 15 6
6 12 6
28 46 28
65 116 65
19 112 19
64 76 64
45 90 45
13 83 13
35 37 35
60 92 60
8 119 8
27 101 27
51 61 51
72 121 72
63 108 63
3 112 3
29 48 29
7 24 7
50 98 50
19 20 19
47 118 47
19 57 19
15 61 15
13 24 13
26 36 26
63 99 63
2 91 2
46 74 46
32 70 32
25 60 25
42 83 42
38 40 38
85 116 85
43 47 43
17 70 17
41 61 41
19 30 19
21 61 21
69 75 69
12 88 12
22 90 22
12 56 12
7 44 7
21 48 21
20 105 20
73 102 73
65 81 65
12 22 12
38 73 38
81 98 81
54 125 54
40 115 40
33 87 33
2 66 2
10 32 10
58 107 58
68 89 68
39 71 39
75 81 75
38 93 38
41 43 41
51 126 51
13 69 13
46 113 46
30 72 30
63 66 63
15 33 15
13 68 13
73 107 73
24 119 24
31 101 31
15 42 15
20 113 20
20 48 20
22 118 22
74 109 74
28 74 28
25 32 25
65 95 65
63 103 63
17 123 17
2 57 2
73 111 73
32 90 32
68 113 68
26 39 26
33 43 33
18 109 18
7 36 7
53 96 53
4 128 4
14 116 14
64 84 64
84 103 84
10 105 10
17 43 17
10 54 10
22 56 22
50 90 50
7 87 7
24 62 24
3 8 3
7 55 7
64 81 64
64 123 64
20 75 20
48 113 48
21 78 21
8 48 8
31 98 31
59 123 59
7 29 7
18 75 18
3 57 3
11 125 11
37 92 37
40 110 40
51 97 51
4 64 4
47 99 47
13 117 13
7 91 7
58 100 58
28 111 28
82 94 82
23 126 23
85 126 85
26 108 26
39 104 39
49 107 49
70 90 70
49 92 49
35 77 35
81 95 81
9 92 9
83 85 83
24 87 24
6 31 6
63 64 63
15 47 15
81 108 81
11 123 11
17 97 17
15 29 15
51 122 51
55 123 55
23 88 23
50 87 50
48 118 48
75 122 75
36 101 36
47 57 47
14 117 14
51 125 51
35 51 35
11 56 11
35 110 35
69 79 69
2 39 2
32 122 32
69 127 69
12 118 12
19 103 19
15 54 15
28 60 28
7 16 7
1 40 1
77 96 77
44 128 44
4 49 4
3 60 3
44 107 44
51 124 51
31 54 31
50 74 50
3 37 3
21 123 21
44 119 44
9 112 9
38 92 38
54 78 54
81 126 81
37 90 37
41 54 41
68 111 68
3 115 3
47 93 47
40 73 40
5 58 5
83 90 83
21 85 21
57 98 57
2 54 2
22 38 22
45 87 45
72 105 72
2 109 2
5 78 5
11 108 11
61 83 61
32 123 32
64 114 64
65 84 65
45 71 45
84 91 84
15 109 15
67 88 67
5 68 5
6 50 6
27 102 27
34 82 34
35 90 35
13 34 13
6 24 6
39 73 39
85 117 85
4 81 4
25 39 25
15 19 15
3 26 3
64 78 64
74 105 74
9 94 9
52 95 52
18 119 18
69 70 69
80 103 80
74 100 74
3 88 3
71 116 71
39 110 39
39 43 39
81 111 81
14 81 14
4 83 4
15 126 15
70 119 70
12 62 12
44 58 44
62 119 62
23 73 23
28 51 28
24 79 24
83 101 83
41 83 41
4 34 4
3 40 3
33 111 33
17 38 17
74 80 74
44 49 44
21 107 21
41 64 41
32 58 32
10 44 10
73 115 73
46 51 46
16 65 16
21 63 21
27 82 27
26 78 26
3 67 3
35 53 35
33 34 33
23 67 23
27 78 27
44 56 44
22 114 22
34 95 34
27 75 27
21 67 21
1 69 1
66 106 66
56 99 56
17 111 17
9 40 9
1 41 1
47 81 47
6 19 6
5 43 5
35 98 35
68 71 68
62 114 62
6 53 6
35 49 35
66 67 66
62 106 62
38 121 38
27 97 27
3 74 3
65 117 65
1 71 1
32 68 32
70 103 70
7 48 7
84 119 84
28 116 28
16 58 16
67 117 67
25 78 25
9 28 9
56 93 56
40 111 40
29 46 29
27 53 27
26 44 26
22 28 22
55 89 55
31 94 31
47 102 47
