256 6521
1 63 1
225 241 1
87 237 1
65 188 212
10 185 13
198 245 139
86 236 1
12 105 37
69 82 1
177 216 1
129 239 239
51 147 1
56 107 139
2 181 1
59 63 1
42 164 1
13 221 13
106 117 1
113 238 78
160 178 160
49 155 49
42 251 42
70 133 13
81 139 139
14 201 1
219 248 224
10 190 1
69 182 118
91 204 1
160 161 160
41 128 1
205 216 1
119 242 78
67 173 67
106 251 1
25 81 113
105 150 78
39 101 92
78 146 78
4 228 254
72 232 72
64 228 249
67 179 1
64 205 249
27 141 27
194 213 1
98 176 199
141 213 213
101 118 92
64 169 254
10 169 220
199 200 1
131 253 192
99 129 239
112 246 1
159 217 1
88 212 212
41 91 1
108 130 1
127 170 1
181 255 140
46 212 1
192 204 1
105 196 105
141 163 1
34 185 34
19 114 1
169 236 192
113 210 247
48 74 1
189 208 1
46 106 1
17 135 212
10 182 1
56 121 1
194 198 1
18 116 1
188 217 212
135 249 212
78 91 78
130 243 27
141 226 1
174 232 1
139 230 139
192 240 192
147 256 92
30 193 253
57 142 1
17 233 1
4 133 192
11 254 13
103 226 92
83 120 120
14 188 1
1 83 1
32 251 224
122 242 78
3 21 1
32 54 1
10 223 220
13 127 13
63 207 213
75 98 98
1 170 1
126 218 1
27 207 27
77 101 92
35 72 1
9 237 1
115 252 1
101 113 160
8 20 160
28 114 212
120 179 120
8 13 1
100 193 253
20 178 20
218 237 218
77 158 1
159 206 19
143 238 1
2 88 1
78 144 1
232 249 249
23 90 1
27 218 1
20 245 160
127 133 13
79 163 13
235 250 1
89 224 224
216 222 1
153 227 227
6 161 227
76 180 1
1 24 1
137 158 224
72 146 1
54 114 218
6 49 227
2 175 1
226 231 1
20 243 1
135 205 212
82 242 1
131 158 1
6 27 1
155 171 1
212 236 212
14 196 78
10 235 220
92 182 92
1 147 1
195 212 1
45 221 13
205 240 254
99 105 1
70 123 1
14 84 1
64 189 64
36 55 1
1 135 1
72 129 1
40 185 1
205 210 1
90 128 1
238 242 78
41 135 212
128 210 1
1 187 1
5 19 1
1 6 1
78 120 120
32 137 224
110 256 1
165 209 1
44 147 1
56 109 139
38 170 1
1 210 1
30 144 1
13 229 13
89 104 104
1 60 1
122 172 1
168 213 213
69 78 78
70 127 13
67 235 67
173 236 253
10 21 1
43 143 1
145 190 1
78 247 78
1 180 1
206 250 19
189 226 1
78 99 1
113 176 199
56 142 139
33 233 224
26 245 1
66 252 1
73 221 13
141 242 1
194 233 1
150 174 1
131 171 192
179 184 1
24 229 1
207 219 1
17 67 212
109 120 120
78 145 78
49 77 160
160 190 1
29 241 254
238 244 78
72 167 1
167 212 1
28 71 212
61 199 160
49 133 1
51 206 19
8 227 227
22 246 212
137 187 1
40 136 224
98 165 247
220 223 220
28 68 1
181 219 219
47 73 47
9 123 1
120 147 120
75 121 1
76 193 212
8 158 1
8 217 1
38 144 38
32 195 219
9 179 78
22 41 149
34 47 47
74 167 1
81 113 113
123 173 1
80 240 1
34 134 13
138 250 1
78 126 78
93 173 1
106 125 1
153 197 1
70 175 47
23 158 23
8 125 1
140 221 1
80 207 1
127 197 13
28 77 1
38 256 1
198 248 1
49 224 1
174 234 234
80 195 1
52 108 1
211 251 1
17 217 217
83 155 160
35 46 1
85 155 1
3 65 1
55 113 139
15 129 1
13 67 13
86 145 151
94 193 1
9 193 1
73 212 212
108 128 224
79 84 192
8 153 227
82 134 192
45 70 13
170 178 160
49 160 160
229 244 1
74 218 192
51 191 1
154 242 78
111 201 1
1 150 1
36 208 1
113 137 1
56 98 139
132 156 224
63 169 1
64 192 192
25 160 160
60 114 1
39 250 1
20 134 1
37 231 1
57 224 224
52 113 199
125 143 1
220 237 220
35 123 1
96 227 1
24 176 176
52 225 247
92 195 1
91 227 160
110 251 251
55 139 139
194 216 1
81 208 139
49 153 49
120 161 120
141 243 111
130 202 1
169 254 254
151 173 1
107 147 160
109 194 1
55 59 105
96 104 224
47 102 1
162 252 212
173 194 192
78 157 78
132 239 251
57 221 1
190 248 224
59 163 1
156 171 1
195 219 219
196 204 1
107 225 247
64 194 249
100 137 1
14 175 1
110 141 1
11 170 1
157 210 247
77 206 1
71 194 218
115 203 1
79 197 192
162 250 1
25 92 160
106 109 1
192 229 192
85 177 224
10 197 220
155 214 1
187 221 13
93 132 1
124 208 1
77 217 1
127 221 13
10 100 220
212 253 212
223 234 1
45 67 67
100 212 212
61 141 1
47 243 1
136 162 1
107 246 1
175 177 1
23 49 1
16 171 16
155 227 227
177 231 1
78 118 78
44 99 1
93 120 120
71 159 1
81 154 157
177 253 1
19 172 1
142 199 139
25 199 199
219 221 1
1 137 1
38 46 38
169 212 212
175 211 1
199 244 199
91 246 1
165 247 247
104 246 1
23 46 23
226 235 1
65 133 212
19 202 1
1 131 1
230 241 1
217 229 212
4 10 220
220 241 220
13 192 13
244 248 1
25 172 1
8 80 227
7 118 1
132 229 1
174 199 1
55 152 139
113 197 1
5 116 105
90 245 139
207 227 1
20 171 1
82 87 1
102 191 1
92 242 78
223 236 253
107 249 1
1 219 1
110 240 1
119 147 92
33 169 1
146 203 1
10 50 220
133 247 1
87 120 120
57 155 1
98 136 1
56 168 1
130 245 1
123 128 123
139 215 1
43 256 92
88 152 1
61 91 160
192 254 192
20 141 1
92 117 160
22 121 149
33 155 1
202 223 1
42 133 1
81 227 160
88 173 192
111 170 1
50 175 13
63 241 1
86 146 151
46 169 1
82 127 13
75 129 1
18 118 1
94 100 1
14 145 151
118 256 92
141 207 27
1 142 1
77 87 78
1 152 1
37 89 1
94 176 160
59 100 1
1 221 1
76 192 212
168 239 1
143 218 1
150 221 1
54 88 192
1 139 1
91 120 120
36 192 1
54 229 192
120 138 120
26 178 1
220 236 220
174 181 140
117 210 247
131 227 1
86 161 78
49 177 1
54 121 212
37 90 139
26 244 1
83 142 160
56 88 1
239 242 1
44 235 67
58 163 13
204 253 1
71 84 114
99 143 251
155 160 160
100 127 13
153 166 1
1 186 1
33 42 42
172 207 213
129 143 251
10 240 220
123 203 224
49 57 1
13 134 13
85 176 1
36 219 219
52 239 1
28 98 1
42 207 1
35 70 1
125 167 167
166 192 1
39 246 1
20 98 160
153 161 49
179 252 1
3 210 247
142 224 1
110 129 239
39 124 1
125 164 167
84 186 13
201 224 224
139 199 139
79 237 192
133 193 253
161 195 1
94 182 118
74 131 192
98 199 199
40 123 23
93 250 1
11 141 1
99 154 1
147 226 92
73 152 1
91 230 157
32 100 1
57 222 1
3 123 1
73 186 47
98 247 247
65 171 212
78 160 78
51 250 51
33 77 1
184 240 1
7 62 1
86 241 1
87 167 1
110 234 224
9 165 78
112 120 120
65 151 1
9 66 78
173 225 1
29 176 1
242 245 78
160 176 160
40 224 224
125 221 1
164 211 2
173 251 1
94 160 160
129 175 1
1 185 1
54 140 1
47 95 1
14 238 78
29 231 212
17 66 1
17 151 1
63 146 1
119 174 1
212 235 212
10 82 220
117 158 1
66 107 160
106 133 133
44 231 212
69 255 1
64 130 1
34 235 13
62 250 1
78 94 78
162 188 212
1 49 1
21 135 1
98 210 247
109 209 1
12 48 37
48 104 1
43 103 92
25 179 199
224 239 224
194 221 13
10 128 1
1 20 1
106 236 253
30 192 192
33 188 1
26 64 1
161 207 1
109 121 1
1 193 1
100 173 173
23 143 224
83 160 160
13 232 13
79 205 192
74 140 1
8 127 1
6 8 6
138 190 1
4 241 254
87 242 151
45 74 192
36 89 219
23 24 1
135 212 212
17 65 212
95 211 1
117 249 1
40 205 1
1 26 1
18 50 212
185 214 185
39 65 1
102 104 224
6 35 1
218 222 13
80 248 1
104 128 224
7 247 1
12 180 78
150 151 151
83 106 1
30 162 13
84 231 212
52 170 139
28 219 1
65 183 1
20 252 1
143 228 1
70 134 13
160 226 160
109 116 37
74 212 212
86 238 78
68 93 139
7 136 1
109 198 37
189 237 249
166 195 219
16 112 1
13 185 13
81 230 113
22 86 1
77 191 1
13 175 13
192 197 192
96 247 1
29 251 1
111 125 1
93 197 1
187 246 246
158 248 224
48 68 139
17 22 149
148 170 139
96 253 1
95 159 1
1 53 1
177 224 224
98 122 157
74 115 1
14 190 1
31 66 1
224 225 1
165 238 78
42 85 42
76 106 212
41 233 1
197 241 254
79 117 1
74 233 1
175 209 11
12 55 37
9 37 78
85 101 1
67 74 192
167 199 1
24 186 1
117 256 160
8 155 227
34 170 1
10 29 220
35 53 1
74 254 192
97 126 160
29 194 218
7 226 1
16 193 192
129 187 1
56 203 1
47 133 13
8 218 1
180 218 1
140 204 140
224 255 224
45 235 67
187 193 67
96 206 224
24 38 1
76 113 1
75 232 1
91 113 157
9 13 1
123 174 224
125 201 1
71 106 192
169 220 220
64 127 13
8 176 160
80 216 78
162 181 1
162 185 47
188 247 1
158 214 1
168 243 27
1 121 1
47 138 1
110 163 1
117 235 1
84 217 212
162 200 47
47 74 13
1 95 1
84 234 1
56 71 1
222 252 212
29 178 1
32 170 1
177 214 1
42 102 42
143 177 224
5 198 105
115 204 1
44 192 192
18 133 212
1 106 1
17 230 1
53 122 78
68 247 139
1 133 1
96 144 23
74 225 1
62 130 1
68 199 139
55 147 160
25 175 1
18 137 1
3 78 78
116 180 78
68 91 139
64 112 1
76 194 212
103 224 1
192 232 192
39 215 1
13 88 13
40 251 224
58 120 1
44 227 1
182 209 1
56 114 1
217 247 1
117 127 1
43 65 1
98 126 160
20 189 1
63 153 1
189 193 192
115 205 1
54 237 218
212 252 212
70 141 1
57 94 1
14 34 1
82 237 218
132 144 224
168 172 213
81 117 113
78 204 1
93 139 139
132 236 1
80 120 120
1 195 1
116 196 105
90 192 1
10 131 220
35 127 1
10 22 212
48 227 160
2 241 1
157 254 1
82 162 13
122 163 1
82 230 1
138 164 1
5 158 1
27 130 27
42 159 42
64 254 254
13 17 212
10 51 1
7 204 1
29 197 114
96 212 1
29 49 1
55 189 1
94 250 1
167 180 1
203 208 1
210 238 78
7 216 1
67 167 1
153 252 1
102 171 1
67 114 192
37 48 37
33 136 224
94 241 1
30 187 67
144 149 1
33 143 224
70 239 1
176 223 1
31 61 1
48 116 105
166 168 1
35 226 1
90 139 139
33 185 1
127 215 1
21 164 2
19 33 224
78 176 78
107 176 199
34 200 47
15 248 1
70 132 1
55 85 1
74 110 1
21 204 1
86 199 78
20 83 160
59 179 139
99 248 224
163 245 1
143 155 1
107 213 1
49 101 160
84 208 1
87 238 78
9 87 151
52 234 1
36 161 1
115 221 1
116 128 1
176 256 160
84 212 212
86 131 1
160 193 1
90 235 1
199 230 199
6 55 160
101 226 92
44 125 1
58 92 1
23 224 224
13 237 13
103 128 1
104 114 1
4 169 240
55 158 1
94 198 160
6 178 160
6 70 1
197 213 1
141 211 1
1 203 1
38 250 224
1 242 1
67 150 1
58 90 1
231 252 212
112 230 112
166 212 1
61 213 1
43 238 78
11 190 1
51 180 1
68 88 1
93 122 139
180 195 1
197 205 205
158 247 1
122 226 160
50 58 192
98 151 78
2 209 1
198 227 160
57 242 1
11 154 1
158 190 224
240 243 1
80 237 1
193 245 1
95 242 151
111 249 1
13 250 1
10 228 220
37 86 78
33 224 224
13 21 1
120 256 120
58 147 1
1 98 1
199 253 1
137 238 1
128 215 38
147 196 160
109 139 139
118 170 160
25 201 1
42 108 42
205 232 218
212 214 212
175 223 13
14 215 1
50 223 173
68 208 139
177 248 224
47 153 1
14 228 1
78 225 78
42 96 42
60 247 139
44 240 192
214 241 13
49 179 160
57 84 1
100 223 173
208 209 1
1 96 1
23 128 23
28 60 1
17 82 212
146 150 151
119 190 1
225 229 1
72 164 1
45 150 1
197 210 1
54 249 249
133 134 192
22 98 1
112 225 247
124 201 203
200 214 47
212 229 212
57 80 1
32 86 1
175 254 13
56 232 1
31 169 1
152 157 139
69 171 1
12 251 1
136 158 224
159 177 19
39 166 1
141 156 1
113 122 157
194 241 254
1 200 1
125 142 1
33 165 1
139 247 139
69 101 92
3 120 120
4 218 254
86 87 151
12 33 1
18 247 1
195 224 224
70 222 47
27 47 1
1 44 1
28 212 212
142 200 1
71 213 1
88 192 192
112 201 1
160 172 1
123 253 1
139 198 139
7 173 1
207 210 1
120 185 1
26 61 1
140 190 224
1 235 1
75 227 160
65 149 212
220 253 220
6 231 1
86 150 9
52 117 199
32 158 224
42 52 1
143 154 1
32 247 1
134 221 13
123 206 224
134 192 192
71 180 1
74 201 1
121 212 212
103 115 160
96 123 23
18 109 1
8 242 78
153 238 78
190 201 224
1 214 1
130 235 1
21 76 1
63 183 213
181 217 1
6 181 1
218 220 220
8 93 160
90 142 139
212 231 212
62 85 1
137 156 224
12 25 139
187 249 192
66 78 78
45 133 67
241 254 254
8 223 1
14 146 151
71 241 254
130 144 1
106 223 253
209 214 34
25 225 247
15 182 118
81 107 113
191 211 2
75 107 113
120 151 120
83 223 1
120 208 120
24 219 1
48 230 139
188 237 212
42 219 42
151 220 1
49 256 160
31 224 224
152 182 160
123 159 224
153 192 1
121 245 1
196 242 78
76 231 212
72 82 218
1 246 1
144 179 1
98 139 139
203 225 1
43 77 43
27 174 1
223 253 253
65 129 1
44 149 212
169 241 254
55 82 1
120 180 120
120 160 120
106 235 133
1 157 1
85 104 104
1 32 1
23 87 1
173 219 1
36 86 1
33 113 1
7 61 1
2 172 1
145 227 78
14 242 151
80 167 1
178 252 1
115 139 139
71 144 1
51 189 1
120 225 120
35 136 1
168 218 1
109 205 1
63 240 1
16 65 212
53 95 95
38 66 1
16 87 1
1 144 1
1 172 1
130 172 213
14 74 1
130 183 213
172 184 213
81 120 120
135 188 212
207 213 213
7 71 1
174 220 1
142 145 78
54 220 220
119 214 1
93 129 1
177 232 1
205 220 220
51 177 51
25 230 113
7 99 1
38 201 224
106 160 1
22 60 1
57 63 1
192 246 192
5 37 37
24 37 139
98 100 1
109 180 78
132 230 1
46 241 1
37 138 139
154 228 1
124 153 1
115 145 78
125 126 1
1 54 1
23 48 1
6 62 1
60 183 1
162 186 47
25 238 78
174 236 1
46 87 1
33 219 224
123 166 224
147 205 1
79 229 192
21 233 1
4 39 1
38 42 42
67 85 1
52 69 160
168 184 184
81 165 247
89 102 224
81 102 1
99 157 1
33 37 1
117 165 247
73 101 1
197 215 1
74 100 192
10 88 220
148 228 1
52 66 160
101 115 160
218 227 1
65 106 212
42 110 42
13 79 13
118 203 1
59 126 160
5 210 139
10 188 212
131 218 249
69 149 1
25 66 160
112 135 1
83 126 160
122 170 139
110 159 224
117 122 157
80 122 160
128 158 23
175 184 1
5 229 1
195 237 1
2 71 1
101 119 92
68 129 1
160 227 160
36 118 1
39 48 160
86 115 78
97 254 1
107 244 113
1 92 1
53 87 151
28 231 212
1 38 1
42 112 1
77 147 92
30 133 133
1 59 1
47 214 47
177 239 224
116 245 139
122 178 160
62 232 1
10 183 1
156 254 1
66 69 92
16 58 134
23 145 1
1 126 1
141 191 1
125 171 1
38 121 1
13 16 13
141 194 1
16 245 1
44 229 67
3 165 247
34 113 1
39 135 1
3 194 1
130 141 27
229 241 192
7 236 1
96 133 1
13 71 13
214 243 1
20 95 78
29 207 1
154 165 247
50 125 1
33 240 1
181 229 1
116 236 1
84 116 1
1 158 1
141 183 213
9 20 78
11 222 11
197 221 13
66 92 92
30 45 67
17 211 1
48 55 105
48 196 196
37 120 120
194 254 254
97 182 160
110 143 251
183 184 213
207 235 1
137 174 224
70 206 1
187 188 212
167 211 2
204 234 140
63 193 1
1 179 1
78 95 78
201 214 1
25 213 1
1 28 1
33 234 224
126 128 1
55 245 139
75 137 1
153 251 1
13 240 13
185 212 212
171 212 212
46 250 224
104 234 104
27 223 1
21 125 2
38 235 1
102 233 224
168 175 1
154 213 1
71 131 249
136 199 1
116 208 139
211 212 1
210 252 1
66 102 1
78 236 1
5 50 1
25 71 1
63 136 1
104 251 224
125 140 1
158 167 1
121 252 121
150 232 1
1 253 1
118 182 118
117 176 199
48 168 1
102 107 1
64 227 1
139 210 139
14 230 78
65 125 1
80 104 1
203 250 203
30 152 1
16 244 1
41 222 212
214 229 13
92 256 92
99 190 251
156 192 1
29 131 249
34 175 34
159 192 1
239 251 251
20 115 160
63 78 1
17 200 212
41 121 121
61 160 160
25 53 78
145 220 1
14 53 95
39 145 78
23 171 1
46 96 23
108 255 224
165 237 1
1 87 1
11 221 13
88 128 1
42 248 42
137 224 224
149 211 1
61 96 1
24 97 160
96 143 224
182 186 1
19 83 1
67 227 1
6 190 1
121 184 1
1 80 1
110 179 1
10 134 220
29 218 218
182 197 1
26 53 1
165 208 139
50 133 253
160 202 160
246 253 246
223 228 192
78 119 78
44 103 1
109 256 160
42 99 42
29 127 13
8 45 1
53 126 78
82 98 1
205 241 254
82 249 249
1 199 1
80 233 1
21 115 1
10 79 220
25 244 113
87 216 151
1 241 1
147 182 92
28 217 212
31 235 1
13 27 1
81 156 1
185 222 34
211 230 1
11 238 1
112 164 1
81 128 1
130 158 1
6 153 227
172 249 1
42 137 42
96 224 224
3 157 157
12 38 1
166 174 219
57 178 1
71 200 13
52 160 160
194 228 218
73 86 1
15 92 92
88 135 212
26 89 224
13 171 13
123 124 224
99 164 1
29 71 114
116 164 1
176 236 1
18 142 1
160 256 160
120 122 120
6 105 160
192 223 192
145 183 1
1 73 1
160 210 160
180 199 78
24 246 1
13 133 13
53 213 1
145 199 78
139 172 1
192 253 192
58 73 13
113 161 160
104 115 1
47 186 47
10 123 1
154 179 157
7 29 1
1 56 1
103 120 120
1 48 1
49 98 160
20 107 160
148 152 93
19 177 19
160 170 160
75 120 120
26 129 224
133 221 13
91 97 160
57 129 224
133 152 1
13 30 13
127 169 13
3 53 78
20 138 160
7 244 1
42 224 42
160 247 160
123 148 1
64 131 249
7 63 1
200 209 47
45 188 212
15 161 160
157 247 247
30 223 253
129 208 1
47 206 1
197 237 218
115 199 139
81 109 139
67 145 1
52 93 139
14 114 1
164 204 1
59 160 160
56 227 160
15 160 160
16 126 1
30 219 1
28 54 212
222 230 1
140 234 140
15 119 118
86 95 151
153 179 160
77 182 92
66 126 160
78 210 78
90 206 1
30 130 1
95 226 78
148 243 1
126 183 1
106 246 246
89 195 219
42 177 42
110 150 1
54 181 1
221 244 1
82 105 1
19 42 42
130 170 1
109 207 1
163 203 1
176 255 1
132 203 224
86 165 78
93 97 160
31 82 1
31 85 224
65 231 212
3 13 1
1 240 1
198 215 1
139 179 139
24 93 139
131 205 249
108 162 1
23 82 1
42 195 42
78 245 78
96 137 224
5 90 139
139 208 139
82 201 1
123 224 224
66 190 1
52 112 199
34 58 13
22 114 212
24 117 199
2 92 1
151 218 1
159 215 224
48 170 139
25 210 247
25 255 1
22 251 1
4 145 1
165 197 1
78 115 78
5 191 1
111 243 111
41 163 212
140 146 1
105 209 1
116 226 160
13 47 13
195 244 1
116 131 1
3 247 247
15 73 1
138 139 139
31 190 251
10 202 1
88 220 220
24 94 160
201 227 1
1 208 1
58 79 192
36 69 1
86 242 151
36 195 219
78 212 1
70 243 1
90 115 90
43 61 92
39 160 160
93 152 93
87 206 1
91 117 157
90 170 90
129 196 1
202 220 1
84 249 249
85 144 224
8 114 1
84 237 218
157 211 1
106 115 1
39 183 1
83 187 1
82 182 1
69 178 160
124 220 1
64 218 249
204 223 1
69 225 160
153 247 160
73 79 13
174 204 140
163 194 13
148 238 78
5 81 139
115 171 1
38 128 38
27 227 1
40 158 23
106 152 1
87 159 1
69 131 1
123 142 1
73 236 13
1 72 1
151 208 78
78 150 78
78 242 78
228 245 1
152 178 160
205 248 1
13 46 1
116 135 1
176 229 1
17 188 212
26 196 1
29 228 114
176 221 1
11 93 1
124 250 203
159 246 1
81 98 113
68 138 138
45 182 1
128 209 1
97 180 78
138 227 160
210 219 1
35 158 1
42 136 42
23 215 23
95 216 95
167 249 1
166 246 1
111 141 111
187 235 67
151 231 1
93 192 1
72 193 192
43 187 1
142 208 139
118 216 78
26 32 224
120 242 120
90 187 1
118 119 118
1 223 1
140 192 1
185 243 1
18 36 1
92 110 1
129 170 1
26 63 1
98 110 1
98 220 1
35 213 213
39 139 160
146 151 151
58 194 192
173 212 212
44 212 212
85 158 224
23 71 1
125 133 1
1 22 1
104 182 1
107 243 1
78 223 1
192 235 192
42 144 42
5 59 105
186 239 1
166 205 1
3 91 157
35 183 213
2 122 1
138 198 139
60 90 90
21 196 1
146 180 151
28 69 1
23 136 224
18 77 1
35 230 1
75 127 1
12 198 37
56 201 1
157 252 1
2 77 1
67 236 67
160 208 160
21 230 1
23 245 1
101 147 92
77 256 92
116 120 120
24 79 1
15 78 78
103 130 1
139 203 1
93 244 139
96 215 23
172 198 1
191 228 1
22 28 212
7 180 1
22 212 212
120 234 1
9 14 151
16 133 192
50 192 192
42 156 42
175 212 212
48 148 139
101 246 1
209 222 222
36 213 1
165 174 1
84 175 13
18 135 212
4 205 254
192 249 192
70 144 1
114 207 1
58 76 212
93 148 93
21 133 1
41 165 1
220 254 220
39 92 92
8 39 160
15 223 1
217 252 121
43 183 1
230 248 1
27 59 1
16 235 192
91 223 1
39 238 78
31 237 1
26 140 224
2 35 1
84 131 249
55 108 1
101 170 160
14 120 120
29 205 114
108 213 1
105 138 139
36 228 1
85 204 219
32 219 219
1 176 1
28 244 1
32 201 224
103 194 1
1 2 1
55 144 1
110 182 1
117 199 199
23 140 224
174 230 1
18 209 212
43 118 92
50 221 13
78 216 78
76 129 1
139 216 78
91 160 160
29 82 114
89 103 1
124 239 224
126 163 1
6 126 160
122 131 1
57 234 219
165 225 210
143 210 1
136 241 1
189 249 249
70 163 47
194 220 220
24 187 1
28 188 28
55 208 139
183 230 1
30 79 192
42 143 42
79 134 192
172 186 1
181 235 1
54 192 192
74 117 1
9 151 151
229 246 246
14 77 78
56 214 1
228 237 218
22 76 149
218 233 1
92 226 92
104 195 104
70 124 1
148 233 1
146 254 1
66 178 160
71 127 13
47 78 1
117 152 139
37 211 1
103 163 1
3 139 139
89 201 224
20 242 78
64 75 1
205 223 192
28 110 1
120 210 120
91 247 247
1 29 1
140 154 1
29 41 212
127 209 13
174 256 1
127 136 1
116 199 139
130 205 1
134 170 1
25 148 139
39 209 1
41 76 149
118 248 1
50 55 1
114 223 192
13 84 13
117 225 247
219 242 1
143 206 224
28 168 1
194 214 13
30 229 67
67 110 1
79 133 192
26 234 224
226 255 1
24 135 1
46 221 1
17 76 149
120 190 1
155 221 1
37 43 160
25 50 1
17 98 1
21 25 1
18 192 212
142 191 1
104 255 104
79 96 1
25 78 78
35 99 1
100 146 1
7 31 1
129 149 1
132 182 1
28 226 1
11 65 212
76 228 212
38 96 23
139 191 1
215 231 1
62 162 1
27 232 1
114 194 218
143 251 251
118 219 1
133 235 133
5 62 1
123 168 1
97 252 1
164 165 1
56 248 1
85 208 1
238 256 78
41 62 1
79 220 220
69 119 118
87 164 1
15 39 118
48 180 78
107 179 199
33 142 1
189 225 1
38 215 38
41 102 1
88 134 134
122 154 157
89 236 1
50 185 13
169 204 1
91 176 157
140 171 1
48 139 139
55 78 78
36 123 224
38 186 1
10 113 1
41 178 1
46 144 46
129 228 1
35 222 1
188 196 1
135 235 212
203 212 1
25 110 1
19 149 1
55 247 139
3 222 1
88 245 1
118 169 1
28 174 1
10 237 220
65 212 212
131 164 1
199 243 1
125 172 1
32 224 224
69 256 92
101 151 78
75 244 113
26 177 224
139 171 1
46 203 224
218 249 249
104 224 224
58 171 134
51 211 1
1 173 1
225 235 1
71 82 114
95 105 78
28 187 212
49 161 49
189 240 254
81 179 199
49 181 1
94 157 160
162 163 47
23 59 1
72 252 212
143 239 251
3 236 1
134 153 1
25 247 247
139 152 139
47 162 47
24 163 1
32 52 1
36 251 224
32 57 57
67 133 67
212 254 212
58 134 134
80 227 227
35 156 1
1 141 1
116 159 1
66 205 1
69 74 1
21 191 2
35 167 1
7 17 1
141 184 27
1 251 1
113 162 1
134 223 192
171 187 192
27 44 1
4 237 254
8 78 78
49 120 120
150 242 151
1 168 1
103 182 118
115 150 78
1 21 1
183 213 213
56 136 1
39 138 160
11 34 34
41 192 212
160 221 1
5 74 1
6 167 1
55 116 105
7 188 1
187 250 1
1 184 1
177 255 224
15 250 1
22 106 212
66 172 1
37 142 139
173 210 1
41 212 212
160 199 160
154 198 139
95 165 78
54 212 212
219 224 224
37 200 1
46 246 1
46 80 1
18 22 212
164 209 1
47 248 1
9 150 9
100 163 13
7 170 1
1 37 1
156 233 156
20 126 160
165 228 1
131 232 249
202 234 1
6 168 1
42 203 42
124 206 203
111 182 1
76 206 1
30 127 13
19 201 19
1 10 1
85 167 1
88 243 1
9 146 151
120 142 120
124 159 203
13 58 13
68 220 1
214 222 34
102 123 224
60 170 115
154 238 78
139 196 139
68 122 139
139 165 139
184 200 1
50 253 253
91 179 157
52 197 1
20 160 160
106 212 212
85 172 1
63 198 1
116 160 160
132 241 1
82 232 218
47 163 47
85 98 1
173 224 1
64 69 1
41 253 212
87 204 1
89 174 140
185 201 1
5 149 1
125 135 1
61 220 1
32 144 224
108 109 1
1 128 1
73 182 1
3 107 199
122 199 157
238 247 78
159 222 1
25 98 113
15 133 1
24 25 199
86 170 78
85 156 224
7 9 1
147 238 78
21 167 2
1 227 1
80 201 1
81 199 199
115 248 1
9 254 1
220 249 220
84 129 1
110 254 1
20 226 160
2 162 1
58 221 13
116 194 1
35 207 213
1 207 1
1 151 1
70 94 1
27 35 213
14 95 95
34 198 1
36 204 219
171 183 1
104 166 104
200 221 13
88 100 192
120 145 120
134 209 13
81 167 1
198 216 78
11 201 1
220 246 220
170 233 1
16 45 192
85 89 219
13 194 13
42 104 42
40 68 1
52 91 157
75 150 78
1 248 1
113 160 160
27 31 1
33 79 1
3 185 1
5 216 78
48 185 1
172 213 213
37 84 1
138 196 139
162 223 13
137 147 1
88 179 1
196 238 78
81 247 247
133 212 212
176 230 199
39 240 1
106 131 192
145 216 151
65 165 1
44 214 13
87 141 1
31 239 239
11 99 1
166 224 224
35 143 1
70 105 1
94 210 160
16 194 192
57 248 224
112 202 160
14 150 151
163 232 13
16 192 192
161 178 160
20 78 78
5 247 139
85 166 219
122 160 160
233 250 224
74 189 192
160 192 1
45 185 13
89 204 204
12 171 1
233 237 1
41 153 1
176 218 1
127 246 13
18 65 212
113 225 247
86 190 1
102 159 224
10 16 220
3 95 78
4 11 13
191 237 1
147 181 1
78 154 78
133 166 1
105 237 1
185 186 47
1 113 1
8 113 160
65 130 1
71 169 254
78 200 1
103 253 1
150 172 1
117 171 1
67 159 1
1 114 1
25 139 139
178 244 160
28 142 1
72 192 192
22 65 212
194 209 13
77 160 160
32 255 219
133 255 1
47 167 1
130 195 1
105 208 139
110 190 251
102 242 1
1 188 1
82 220 220
136 156 156
2 164 2
46 141 1
110 118 1
15 101 92
201 206 19
82 212 212
113 147 160
25 165 247
135 160 1
3 122 157
57 194 1
63 168 213
69 111 1
139 245 139
139 157 139
26 197 1
169 186 13
78 113 78
23 99 224
96 211 1
1 230 1
81 112 112
90 193 1
1 68 1
82 219 1
58 256 1
29 201 1
59 133 1
48 110 1
46 200 1
186 222 47
86 177 1
128 173 1
84 133 192
104 196 1
197 254 254
102 127 1
153 155 49
117 205 1
12 142 139
103 118 118
112 154 157
39 105 160
154 244 157
149 182 1
50 75 1
70 185 47
139 225 139
200 218 13
141 155 1
168 193 1
44 100 67
158 215 23
157 165 247
100 171 192
52 247 247
133 192 192
44 73 13
27 180 1
42 57 42
74 192 192
119 246 1
121 230 1
191 217 1
7 151 1
59 111 1
145 245 78
29 249 249
147 239 1
24 113 199
74 146 1
1 64 1
166 181 219
115 127 1
15 98 160
93 100 1
101 132 1
78 83 78
142 148 93
205 252 212
70 111 1
58 212 212
13 235 13
250 255 224
127 167 1
73 185 47
47 72 13
12 118 160
36 85 219
68 97 160
150 200 1
6 238 78
197 246 192
87 184 1
198 210 139
110 205 1
35 187 1
100 235 253
28 76 212
77 148 160
41 252 121
106 192 192
210 225 210
13 189 13
5 244 139
1 45 1
224 236 1
28 31 1
57 166 219
190 222 1
58 220 220
180 238 78
171 230 1
155 252 1
105 179 139
42 181 42
1 78 1
193 235 253
67 88 192
49 202 160
46 237 1
20 25 160
94 97 160
121 188 212
55 251 1
25 62 1
116 190 1
89 164 1
83 101 92
184 223 1
79 187 192
133 206 1
67 199 1
100 236 253
52 184 1
95 166 1
55 120 120
12 215 1
58 74 192
41 90 1
45 240 192
148 160 160
58 127 13
23 76 1
3 24 3
103 208 160
91 165 247
81 157 157
87 150 151
105 121 1
121 165 1
46 158 23
36 102 224
7 159 1
34 106 13
11 145 1
69 212 1
232 236 192
10 133 220
31 175 1
10 54 220
10 241 220
224 251 224
21 169 1
148 235 1
1 33 1
56 156 1
105 109 37
1 117 1
17 252 121
60 85 1
141 169 1
45 101 1
56 141 1
7 78 1
63 103 1
94 154 160
16 227 1
95 243 1
40 178 1
94 119 118
78 198 78
8 239 1
180 250 1
33 206 224
171 229 192
210 244 247
193 220 220
40 171 1
159 213 1
13 89 1
75 206 1
154 197 1
96 174 224
95 151 151
117 160 160
21 101 1
49 208 160
37 198 37
66 133 1
176 192 1
190 208 1
92 240 1
130 150 1
48 198 105
62 131 1
192 212 212
80 118 160
7 197 1
11 163 11
104 121 1
97 101 160
145 153 78
132 189 1
130 139 1
78 159 1
43 160 160
227 247 160
98 184 1
45 98 1
39 84 1
211 248 1
222 225 1
26 106 1
1 111 1
16 241 192
112 223 1
24 81 199
168 189 1
70 178 1
122 236 1
140 255 140
131 228 249
14 151 151
11 161 1
118 249 1
107 239 1
100 184 1
224 234 224
161 192 1
9 145 151
68 157 139
82 194 218
52 82 1
18 163 212
159 189 1
16 158 1
68 111 1
139 237 1
27 183 213
48 130 1
59 226 160
9 77 78
43 76 1
16 220 220
49 90 160
10 171 220
31 212 1
16 18 212
123 137 224
112 117 112
92 197 1
130 154 1
33 108 224
42 205 1
215 227 1
87 157 78
21 62 2
33 204 224
80 202 160
205 212 212
71 79 192
180 186 1
81 185 1
31 210 1
25 156 1
76 121 149
12 37 37
165 198 139
110 224 224
27 89 1
192 227 1
137 222 1
122 240 1
4 64 254
8 110 1
58 192 192
12 57 1
10 151 1
1 255 1
101 102 1
47 121 212
3 25 199
175 232 13
4 191 1
53 242 151
8 169 1
102 247 1
96 158 23
24 138 139
72 115 1
78 238 78
107 117 113
184 185 1
34 111 1
11 44 13
112 127 1
212 221 212
13 70 13
25 154 157
43 119 92
235 245 1
2 56 1
58 150 1
8 19 1
46 128 38
99 224 224
187 224 1
24 75 199
14 35 1
163 169 13
15 202 160
62 117 1
46 105 1
82 227 1
42 255 42
155 180 78
81 122 157
8 161 227
37 109 37
1 233 1
168 178 1
66 161 160
29 240 254
34 125 1
78 202 78
7 246 1
51 203 203
195 201 224
196 198 105
109 196 37
171 246 192
75 169 1
128 228 1
34 70 47
101 238 78
54 205 218
71 185 13
44 217 212
104 153 1
77 156 1
120 247 120
117 234 1
77 78 78
40 46 23
89 115 1
45 79 192
182 241 1
25 126 160
4 211 1
190 192 1
40 82 1
99 102 224
105 155 160
16 105 1
144 215 38
51 159 19
1 91 1
148 167 1
136 198 1
107 181 1
147 220 1
123 151 1
11 195 1
9 231 1
54 232 218
64 249 249
63 213 213
123 223 1
84 121 212
37 139 139
212 242 1
139 170 139
35 86 1
71 232 218
75 228 1
133 173 253
168 209 1
55 165 139
79 118 1
68 115 138
97 161 160
9 106 1
143 170 1
63 141 213
165 226 160
87 248 1
82 116 1
45 237 192
140 169 1
143 174 224
159 167 1
78 107 78
120 153 120
13 45 13
51 106 1
75 240 1
1 43 1
18 51 1
209 221 13
8 210 160
97 142 160
82 180 1
229 253 67
127 220 13
157 246 1
47 94 1
5 184 1
141 244 1
18 231 231
86 196 78
127 154 1
15 85 1
19 51 19
101 192 1
25 173 1
15 120 120
1 89 1
84 207 1
190 239 251
47 175 47
52 122 157
112 238 78
37 220 1
207 248 1
56 122 139
56 57 1
55 233 1
194 237 218
80 192 1
17 85 1
42 81 1
25 117 113
13 254 13
8 159 1
44 236 67
1 40 1
54 194 194
1 177 1
50 212 212
1 84 1
115 157 139
220 221 13
66 256 256
72 240 254
62 126 1
121 141 1
1 212 1
23 94 1
134 200 13
55 198 55
90 169 1
89 108 224
16 250 1
87 145 151
10 34 13
97 153 160
29 200 13
46 215 38
49 78 78
127 228 13
225 244 247
121 149 149
82 148 1
13 74 13
127 205 13
78 147 78
112 165 247
175 208 1
16 174 1
71 237 218
1 23 1
122 138 139
24 221 1
133 194 192
75 245 139
20 97 160
170 243 1
125 151 1
181 204 204
42 124 42
97 160 160
74 161 1
20 28 1
72 225 1
106 173 253
127 212 212
39 78 78
1 213 1
105 235 1
74 134 192
135 149 212
1 183 1
58 174 1
64 220 220
168 183 213
75 199 199
9 53 151
56 209 1
64 234 1
14 180 151
85 251 224
94 120 120
94 185 1
90 120 120
7 57 1
8 126 160
110 220 1
228 250 1
13 53 1
101 182 92
41 133 212
52 130 1
40 248 224
19 27 1
127 192 13
168 238 1
111 219 1
18 208 1
90 150 78
150 198 78
235 253 253
97 159 1
49 111 1
59 214 1
60 88 1
1 124 1
1 35 1
4 42 1
182 214 1
208 224 1
171 175 13
37 55 37
76 160 1
142 246 1
82 99 1
64 109 1
73 197 13
226 240 1
212 241 212
163 175 163
106 197 192
55 244 139
41 186 212
28 189 212
89 162 1
7 73 1
136 217 1
6 184 1
92 160 160
118 241 1
84 185 13
176 208 139
96 230 1
30 98 1
1 145 1
25 157 157
98 170 139
71 212 212
26 252 1
34 163 34
106 225 1
114 131 249
63 243 213
29 192 192
78 153 78
147 236 1
12 252 1
35 194 1
240 254 254
119 230 160
35 73 1
36 92 1
51 124 203
106 143 1
174 195 219
48 207 1
244 245 139
176 250 1
1 15 1
60 250 1
122 126 160
63 163 1
10 216 1
94 103 118
16 188 212
61 180 78
194 205 218
232 256 1
98 252 1
56 108 1
241 249 254
129 134 1
4 135 212
91 182 160
212 232 212
28 171 212
60 78 78
217 223 212
65 237 212
118 183 1
14 239 1
1 3 1
30 221 13
98 183 1
40 228 1
136 233 156
60 155 160
193 246 246
27 63 213
1 100 1
102 144 224
33 124 224
53 113 78
129 212 1
50 100 173
109 208 139
45 241 192
62 125 2
28 191 1
44 246 246
33 133 1
60 115 115
1 101 1
88 232 192
30 171 192
66 120 120
81 215 1
43 97 160
7 124 1
142 151 78
27 179 1
238 249 1
173 223 173
23 96 23
115 216 78
195 204 219
142 162 1
13 253 13
12 91 139
56 245 139
67 142 1
14 107 78
117 179 199
31 207 1
70 73 47
39 103 118
110 132 251
82 218 218
44 79 192
26 199 1
52 199 199
50 62 1
89 136 224
106 203 1
45 202 1
121 238 1
120 226 120
78 152 78
21 127 1
82 205 114
123 144 38
95 178 78
113 223 1
50 246 246
72 131 249
188 212 212
200 241 13
132 250 224
44 163 13
42 250 42
6 196 160
17 119 1
208 239 1
119 238 78
15 204 1
70 221 13
4 189 254
122 139 139
49 80 80
13 214 13
127 176 1
106 161 1
186 233 1
17 149 149
52 176 176
1 161 1
137 254 1
37 126 160
18 217 212
10 209 13
16 134 134
7 239 1
188 253 212
36 57 57
28 235 212
23 187 1
95 208 78
178 218 1
1 65 1
159 179 1
45 183 1
177 244 1
120 202 120
81 246 1
106 179 1
198 256 160
69 92 92
163 209 11
108 142 1
57 85 219
44 253 67
141 250 1
124 248 224
6 114 1
103 174 1
82 128 1
94 141 1
92 118 92
212 244 1
7 156 1
61 101 92
87 156 1
30 174 1
52 53 78
34 182 1
38 43 1
101 105 160
38 193 1
174 219 219
229 240 192
48 208 139
11 61 1
73 166 1
49 201 1
91 154 157
160 251 1
98 230 230
57 104 104
128 227 1
53 180 151
3 204 1
81 158 1
108 137 137
74 219 1
102 129 224
137 145 1
111 207 27
78 227 78
60 175 1
10 238 1
43 170 160
116 221 1
29 232 218
5 201 1
96 186 1
17 34 212
22 203 1
19 43 1
66 147 92
15 58 1
38 95 1
50 203 1
196 210 139
225 251 1
240 250 1
185 194 13
3 101 160
84 125 1
180 200 1
85 195 219
115 142 139
47 135 212
147 190 1
100 106 253
157 167 1
100 192 192
163 213 1
84 243 1
19 119 1
128 147 1
68 160 160
68 120 120
148 211 1
51 146 1
97 136 1
78 241 1
77 92 92
54 138 1
160 235 1
4 13 13
113 151 78
98 148 139
177 206 19
153 176 160
191 246 1
7 207 1
85 143 224
150 231 1
72 228 218
116 141 1
50 116 1
66 123 1
1 94 1
38 114 1
109 228 1
20 244 160
34 201 1
100 229 67
59 105 105
1 149 1
23 144 23
6 227 227
23 246 1
45 212 212
3 152 139
115 230 139
14 216 95
175 241 13
8 61 160
13 169 13
98 244 113
160 225 160
102 224 224
24 98 199
120 203 1
62 164 2
112 193 1
171 173 192
78 179 78
219 250 224
126 173 1
67 216 1
24 139 139
88 223 192
84 218 218
149 252 149
11 127 13
16 253 192
2 211 2
3 176 3
49 122 160
32 85 219
140 182 1
105 221 1
61 182 92
150 216 151
50 220 220
138 170 138
183 207 213
102 248 224
112 245 139
41 188 212
118 163 1
79 253 192
15 66 92
72 180 1
75 165 247
34 167 1
69 120 120
126 226 160
19 124 203
69 158 1
163 251 1
18 240 212
138 204 1
56 64 1
126 153 160
73 91 1
31 129 239
23 248 224
69 94 69
23 38 23
191 247 1
183 251 1
23 238 1
75 247 247
14 15 78
63 133 1
82 192 192
78 139 78
82 228 114
175 185 34
93 242 78
185 191 1
116 211 1
160 230 160
109 124 1
1 136 1
18 229 212
79 241 192
60 138 138
104 156 224
159 220 1
151 249 1
46 122 1
199 234 1
127 214 13
79 246 192
92 94 92
202 225 160
26 67 1
66 77 92
54 174 1
1 129 1
9 222 1
14 38 1
51 156 224
1 218 1
26 52 1
42 114 1
79 193 192
166 235 1
77 184 1
173 235 253
186 221 13
19 250 19
85 206 224
30 50 253
19 50 1
41 149 149
114 212 212
39 52 160
10 194 220
81 150 78
60 160 160
14 249 1
196 208 139
219 255 219
122 208 139
51 201 19
180 232 1
30 212 212
101 240 1
128 185 1
23 106 1
169 240 240
33 202 1
87 158 1
144 237 1
211 229 1
173 174 1
56 115 115
229 254 192
40 232 1
7 97 1
8 184 1
35 141 213
37 64 1
23 117 1
39 62 1
36 184 1
112 167 1
54 55 1
34 60 1
71 189 249
106 193 253
76 252 149
247 253 1
94 130 1
106 232 192
139 243 1
132 150 1
75 124 1
96 235 1
37 78 78
61 194 1
88 209 13
1 109 1
125 163 1
82 187 192
22 149 149
98 145 78
63 225 1
24 247 247
63 150 1
56 68 138
124 162 1
1 234 1
177 237 1
30 34 13
136 224 224
113 172 1
51 194 1
112 210 247
94 230 160
215 218 1
12 115 139
129 136 224
169 216 1
172 211 1
120 148 120
16 17 212
58 183 1
2 191 2
17 212 212
47 209 47
1 231 1
194 232 218
131 192 192
141 172 213
132 210 1
78 239 1
215 247 1
61 88 1
73 162 47
3 68 139
120 121 1
102 105 1
4 162 13
119 182 118
77 105 160
42 166 42
24 74 1
94 256 92
1 9 1
1 162 1
202 227 160
153 220 1
25 253 1
146 239 1
75 191 1
171 208 1
155 159 1
71 254 254
53 120 120
103 134 1
6 251 1
169 213 1
44 221 13
73 74 13
86 90 78
151 216 151
147 160 160
33 86 1
134 220 220
107 123 1
103 196 160
70 145 1
1 220 1
218 232 218
118 126 160
107 161 160
56 148 139
59 88 1
197 220 220
114 218 218
166 202 1
42 233 42
97 119 160
6 87 78
95 201 1
36 73 1
1 143 1
58 247 1
53 151 151
61 83 92
156 256 1
124 228 1
158 184 1
118 160 160
41 103 1
108 235 1
29 101 1
146 148 78
90 174 1
61 159 1
160 244 160
154 170 139
29 130 1
8 231 1
19 87 1
66 67 1
105 183 1
43 78 78
5 78 78
139 154 139
69 160 160
52 120 120
163 186 47
60 68 138
128 248 224
46 113 1
128 170 1
193 236 253
75 91 157
199 247 247
5 178 160
27 184 27
28 210 1
74 84 192
72 212 212
71 155 1
42 83 1
52 174 1
14 112 78
73 127 13
30 236 253
140 222 1
189 246 192
88 178 1
45 246 246
79 185 13
119 160 160
7 81 1
115 174 1
1 119 1
1 217 1
1 81 1
28 41 212
17 121 121
34 254 13
24 165 247
195 225 1
131 179 1
171 210 1
160 216 78
1 116 1
78 180 78
9 120 120
49 54 1
99 132 251
147 183 1
114 197 114
145 151 151
152 246 1
50 101 1
20 52 160
51 139 1
207 243 27
214 248 1
131 204 1
122 140 1
164 205 1
94 209 1
68 92 160
126 227 160
20 120 120
110 120 1
56 138 138
26 84 1
74 249 192
25 206 1
191 206 1
37 241 1
45 208 1
48 177 1
60 180 78
139 155 160
71 248 1
120 165 120
63 122 1
42 204 42
172 208 1
72 237 72
136 138 1
115 196 139
71 205 228
41 231 212
9 69 78
200 243 1
42 123 42
67 251 1
1 175 1
189 228 249
110 212 1
178 202 20
3 52 3
39 254 1
191 215 1
30 185 13
31 172 1
165 176 247
1 134 1
26 42 42
71 186 13
137 227 1
134 165 1
7 28 1
69 145 78
163 228 13
6 45 1
27 197 1
118 120 120
236 249 192
56 155 160
97 199 160
92 147 92
82 84 114
103 237 1
149 223 212
165 193 1
126 202 160
132 220 1
47 211 1
176 199 199
156 224 224
149 193 212
59 90 139
18 71 212
20 182 160
28 55 1
124 203 203
50 135 212
26 79 1
66 183 1
16 43 1
120 189 1
32 230 1
111 146 1
97 255 1
205 243 1
43 212 1
149 217 149
3 117 199
225 247 247
36 53 1
66 226 92
159 250 19
37 47 1
87 95 151
78 81 78
2 21 2
57 127 1
194 249 249
44 187 67
57 198 1
15 118 118
124 131 1
83 186 1
115 152 139
52 98 199
71 224 1
4 32 1
48 96 1
123 150 1
57 192 1
129 218 1
1 216 1
217 250 1
216 220 1
152 164 1
59 174 1
29 54 218
72 155 1
163 173 13
24 122 157
74 88 192
105 116 105
235 236 253
12 78 78
104 231 1
13 77 1
37 59 37
72 220 220
137 239 224
53 199 78
100 133 253
183 237 1
29 80 1
113 159 1
222 241 13
129 243 1
138 146 78
135 231 212
64 141 1
83 147 92
113 157 157
92 190 1
1 252 1
58 88 134
22 217 149
33 76 1
19 251 224
203 220 1
111 114 1
28 104 1
40 63 1
176 214 1
10 170 1
139 209 1
185 200 47
38 146 1
112 132 1
10 74 220
193 223 253
1 190 1
121 153 1
91 139 139
152 187 1
60 84 1
137 248 224
15 77 92
20 79 1
32 166 219
59 78 78
15 72 1
116 198 105
59 198 105
32 234 219
36 214 1
47 192 13
95 145 151
152 245 93
72 123 1
62 211 2
51 217 1
79 104 1
79 88 192
153 224 1
149 212 212
24 205 1
14 236 1
145 180 180
72 149 212
125 144 1
98 245 139
52 154 157
33 35 1
8 49 227
7 214 1
85 219 219
166 183 1
15 126 160
3 179 3
110 239 239
120 155 120
2 81 1
179 195 1
26 99 224
181 214 1
136 163 1
1 165 1
74 240 192
47 124 1
174 203 224
9 189 1
34 228 13
25 176 199
175 183 1
4 131 254
186 212 212
142 205 1
41 213 1
148 196 139
157 226 160
212 222 212
15 193 1
24 179 179
2 207 1
74 256 1
63 233 1
102 198 1
11 125 1
6 127 1
8 160 160
7 213 1
131 245 1
212 220 212
73 222 47
56 170 115
39 178 160
145 150 151
26 103 1
62 200 1
129 190 251
101 103 92
26 250 224
20 198 160
88 205 192
44 50 67
64 110 1
63 83 1
1 67 1
125 251 1
64 82 249
35 118 1
57 108 224
179 199 199
9 68 78
77 192 1
168 247 1
145 215 1
67 237 192
73 214 47
24 171 1
126 248 1
130 168 27
109 213 1
36 121 1
186 191 1
14 78 78
65 221 212
16 19 1
79 228 192
166 204 219
4 114 254
28 52 1
174 186 1
111 183 213
8 167 1
192 201 1
82 189 249
77 201 1
128 233 224
34 97 1
1 123 1
49 194 1
36 200 1
10 30 220
13 129 1
132 237 1
69 83 92
107 129 1
14 109 78
1 206 1
84 194 218
60 164 1
37 41 1
86 124 1
223 237 192
153 215 1
28 239 1
89 214 1
46 225 1
27 37 1
220 235 220
5 137 1
12 59 37
58 185 13
45 187 67
51 149 1
250 254 1
78 155 78
166 186 1
121 156 1
64 241 254
91 208 139
7 218 1
43 128 1
58 233 1
154 210 247
115 138 138
19 206 19
123 183 1
78 112 78
7 36 1
100 117 1
75 77 160
14 89 1
102 166 224
70 214 47
127 162 13
13 72 13
99 167 1
97 129 1
167 171 1
31 42 42
104 241 1
165 179 247
138 249 1
210 250 1
184 241 1
179 205 1
92 238 78
47 222 47
18 28 212
66 94 92
15 226 92
1 181 1
19 217 1
29 254 254
64 108 1
68 204 1
115 148 139
192 237 192
124 225 1
28 161 1
120 216 120
154 235 1
98 127 1
33 125 1
44 180 1
21 30 1
132 233 224
112 157 157
228 238 1
230 247 247
17 216 1
59 246 1
133 253 253
47 233 1
189 236 192
61 100 1
125 149 1
13 220 13
41 143 1
69 135 1
1 182 1
38 230 1
112 139 139
11 91 1
126 210 160
8 64 1
47 53 1
146 245 78
183 243 213
159 175 1
136 252 1
91 157 157
131 254 254
75 190 1
76 213 1
83 121 1
133 207 1
125 165 1
1 103 1
35 95 1
138 230 139
24 238 78
164 243 1
61 77 92
1 108 1
29 114 114
120 176 120
9 202 78
28 121 212
76 132 1
41 75 1
76 149 149
109 170 139
139 242 78
139 142 139
86 122 78
86 118 78
58 72 192
10 253 220
157 244 157
154 247 247
10 71 220
72 127 13
48 63 1
42 209 1
90 191 1
92 250 1
186 200 47
164 174 1
30 233 1
39 119 118
93 142 93
163 212 212
125 168 1
60 120 120
22 171 212
70 236 13
213 243 213
18 149 212
101 256 92
226 238 78
36 240 1
57 206 224
111 130 27
83 150 78
115 227 160
61 240 1
7 199 1
29 117 1
130 174 1
1 7 1
82 111 1
74 171 192
127 137 1
150 249 1
112 214 1
87 170 78
49 134 1
77 135 1
153 174 1
156 166 224
183 252 1
4 16 192
41 247 1
27 172 213
18 76 212
43 190 1
82 114 114
79 82 192
20 44 1
10 11 13
40 60 1
51 102 224
100 129 1
127 163 13
89 137 224
12 134 1
31 204 224
38 73 1
65 222 212
201 250 19
112 153 160
224 248 224
55 160 160
87 146 151
12 120 120
19 159 19
104 154 1
30 246 246
134 171 134
230 244 113
117 213 1
65 103 1
114 188 212
72 189 249
8 15 160
10 158 1
220 240 220
169 197 254
10 108 1
227 238 78
1 153 1
134 236 192
59 147 160
65 92 1
42 129 42
69 241 1
1 130 1
75 225 247
66 96 1
169 191 1
112 215 1
149 240 212
42 98 1
166 177 224
95 112 78
1 140 1
20 218 1
245 254 1
39 168 1
163 222 11
109 163 1
31 81 1
44 94 1
31 117 1
7 129 1
144 171 1
97 165 160
156 191 1
75 154 157
114 160 1
1 25 1
41 193 212
117 120 120
153 255 1
64 223 192
203 234 224
203 232 1
61 119 92
152 163 1
197 230 1
71 117 1
33 163 1
26 108 224
82 169 254
217 239 1
73 147 1
89 219 219
34 247 1
49 228 1
170 246 1
13 64 13
129 158 224
95 225 78
106 194 192
44 106 67
149 154 1
18 212 212
1 27 1
141 149 1
35 160 1
10 164 1
208 221 1
132 190 190
87 200 1
58 175 13
213 231 1
68 235 1
10 179 1
81 176 199
1 169 1
169 249 254
103 201 1
48 105 105
23 241 1
3 180 78
1 42 1
112 228 1
1 243 1
1 16 1
159 207 1
83 182 92
67 182 1
14 130 1
30 220 220
133 171 192
52 81 199
59 178 160
42 252 1
68 78 78
125 194 1
199 201 1
98 233 1
8 228 1
46 191 1
35 184 213
55 91 139
1 228 1
113 139 139
138 238 78
45 129 1
142 209 1
3 137 1
21 26 1
77 89 1
89 181 204
228 249 249
94 95 78
80 153 80
171 220 220
34 221 13
24 245 139
169 172 1
151 241 1
35 219 1
3 9 78
36 98 1
192 193 192
157 198 139
62 81 1
232 246 192
1 74 1
172 203 1
83 116 160
121 151 1
93 105 139
201 203 203
61 214 1
91 112 157
144 223 1
58 135 212
129 156 224
61 76 1
192 225 1
49 156 1
139 148 139
56 137 1
10 187 220
3 255 1
106 141 1
215 224 224
2 84 1
33 225 1
2 14 1
180 242 180
1 90 1
97 178 160
47 181 1
146 238 78
114 237 218
38 134 1
60 211 1
67 169 192
21 252 1
69 236 1
55 123 1
169 221 13
117 230 230
174 252 1
179 241 1
45 105 1
76 159 1
136 243 1
162 164 1
242 251 1
136 181 224
103 169 1
38 224 224
15 189 1
155 203 1
159 224 224
13 186 13
106 127 13
108 214 1
152 173 1
84 152 1
31 57 224
60 139 139
71 191 1
1 192 1
57 95 1
103 186 1
33 230 1
13 76 212
187 231 212
53 216 95
159 191 1
159 210 1
122 210 247
55 93 139
53 61 78
86 251 1
15 256 92
188 211 1
39 170 160
51 248 224
163 185 34
180 187 1
10 246 220
27 201 1
136 225 1
76 108 1
135 227 1
185 239 1
11 75 1
44 45 67
43 196 160
16 66 1
36 224 224
35 130 213
26 156 224
1 174 1
81 169 1
133 219 1
64 177 1
107 146 78
171 188 212
92 241 1
105 192 1
70 209 47
31 153 1
19 203 203
175 216 1
18 121 212
48 232 1
44 75 1
1 70 1
128 139 1
86 152 78
109 132 1
102 109 1
178 183 1
7 116 1
1 57 1
31 141 1
67 240 192
25 146 78
173 216 1
206 212 1
13 228 13
31 173 1
1 167 1
71 128 1
7 120 1
78 138 78
35 168 213
11 140 1
50 67 67
139 149 1
55 126 160
170 187 1
228 239 1
155 184 1
6 219 1
39 80 160
10 72 220
157 225 247
13 162 13
187 239 1
1 194 1
38 179 1
34 222 34
154 245 139
98 179 199
83 237 1
1 171 1
81 234 1
107 198 139
9 12 78
72 74 192
59 103 160
76 127 212
47 196 1
186 207 1
3 140 1
5 120 120
117 126 160
10 189 220
16 74 192
214 231 212
44 48 1
143 248 224
16 216 1
50 173 173
7 164 1
77 84 1
46 251 224
4 157 1
77 120 120
129 177 224
175 237 13
66 168 1
109 114 1
29 237 218
141 235 1
101 227 160
13 82 13
11 85 1
87 180 151
1 154 1
75 144 1
189 211 1
1 18 1
117 181 1
32 204 219
90 138 138
42 174 42
5 170 139
193 249 192
21 189 1
57 195 219
71 72 218
1 247 1
131 194 249
192 198 1
56 128 1
7 15 1
41 194 212
52 109 139
37 160 160
1 14 1
64 88 192
156 229 1
218 254 254
133 256 1
17 33 1
47 106 13
17 81 1
51 242 1
88 171 16
11 241 13
75 176 199
29 58 192
105 194 1
91 225 247
13 218 13
71 74 192
42 201 42
85 238 1
25 134 1
18 79 212
57 227 1
69 195 1
79 240 192
86 158 1
141 173 1
62 254 1
33 166 224
12 116 37
77 116 160
77 117 160
152 241 1
187 215 1
12 88 1
11 133 13
1 41 1
80 155 80
75 170 139
108 132 224
9 43 78
131 212 212
39 86 78
87 151 151
53 150 151
25 27 1
144 250 224
46 123 38
13 34 13
81 146 78
127 128 1
120 198 120
1 39 1
94 118 118
27 213 213
75 243 1
217 256 1
103 214 1
53 251 1
143 193 1
146 166 1
32 143 224
113 244 113
133 187 67
10 44 220
69 103 118
75 122 157
20 161 160
223 254 192
190 251 251
106 221 13
141 154 1
131 134 192
160 206 1
62 191 2
68 131 1
1 198 1
169 192 192
84 197 114
11 231 212
157 238 78
26 38 224
171 241 192
96 246 1
88 127 13
97 186 1
160 245 160
65 76 212
128 159 224
59 115 139
65 252 212
127 194 13
2 117 1
78 93 78
131 197 249
161 193 1
31 123 224
209 240 13
77 141 1
115 245 139
20 187 1
17 103 1
61 127 1
130 136 1
204 215 224
100 160 1
92 142 160
1 138 1
57 201 224
165 166 1
24 124 1
32 172 1
1 256 1
65 115 1
86 148 78
173 193 253
132 227 1
27 208 1
175 222 11
117 204 1
151 242 151
4 155 1
127 147 1
190 224 224
15 53 78
42 89 42
229 236 67
88 188 212
43 120 120
181 234 140
170 238 78
112 183 1
71 236 192
239 255 224
4 221 13
80 149 1
102 119 1
42 239 42
160 179 160
160 194 1
120 150 120
14 22 1
16 131 192
25 75 113
112 122 157
32 135 1
156 174 224
80 161 80
173 246 246
37 171 1
107 202 160
33 47 1
27 212 1
4 134 192
109 192 1
23 229 1
137 181 224
20 143 1
3 81 199
96 252 1
78 86 78
139 160 160
78 226 78
131 248 1
49 97 160
152 208 139
165 244 247
173 221 13
40 174 224
5 196 196
26 237 1
61 90 160
163 214 34
75 177 1
120 245 120
67 210 1
187 253 67
153 160 160
36 215 224
143 245 1
63 130 213
7 125 1
127 171 13
47 202 1
185 209 34
1 85 1
10 201 1
179 247 247
84 114 114
203 224 224
221 232 13
164 191 2
153 253 1
1 82 1
237 249 249
107 120 120
54 72 218
24 182 160
140 181 140
37 152 139
44 193 67
195 248 224
203 248 224
98 214 1
116 158 1
10 45 220
33 132 224
31 132 251
63 184 213
126 165 160
24 107 199
134 205 192
52 157 157
38 213 1
48 115 139
34 212 212
216 240 1
107 208 139
56 104 1
74 228 192
196 222 1
22 56 1
35 63 35
206 254 1
61 137 1
3 225 247
58 86 1
140 230 1
101 208 160
44 184 1
23 237 1
53 254 1
133 224 1
147 224 1
32 248 224
118 167 1
3 239 1
22 229 212
26 148 1
15 19 1
56 61 160
64 237 249
42 46 42
26 224 224
83 118 92
10 254 220
177 203 203
9 238 78
127 255 1
85 174 219
31 133 1
69 137 1
154 169 1
103 119 118
3 121 1
13 200 13
86 185 1
162 215 1
164 167 167
56 212 1
55 196 105
97 238 78
38 107 1
29 45 192
126 182 160
62 148 1
110 214 1
150 210 78
89 255 140
125 211 2
139 241 1
24 156 1
71 114 114
50 161 1
13 249 13
3 230 199
92 119 92
1 155 1
4 202 1
52 172 1
220 232 220
22 188 212
6 11 1
131 249 249
74 197 192
120 227 120
32 174 219
79 212 212
169 194 254
22 129 1
74 223 192
79 223 192
84 228 114
62 66 1
135 253 212
101 229 1
4 54 254
14 135 1
124 229 1
41 65 212
57 174 219
140 152 1
5 109 37
91 166 1
26 68 1
61 169 1
18 88 212
86 120 120
47 105 1
53 181 1
34 177 1
120 157 120
122 247 247
27 171 1
1 30 1
25 256 160
210 247 247
71 228 228
159 201 201
176 196 139
157 170 139
6 66 160
170 201 1
66 89 1
16 179 1
23 214 1
152 225 139
45 223 67
15 20 160
28 108 1
33 52 1
17 30 212
50 122 1
15 103 118
82 241 254
212 237 212
7 165 1
1 159 1
195 205 1
118 240 1
35 147 1
128 144 38
118 192 1
61 78 78
120 230 120
104 107 1
98 246 1
38 165 1
32 104 104
206 216 1
57 252 1
50 207 1
102 243 1
17 170 1
18 203 1
185 255 1
20 176 160
24 230 199
115 206 1
172 227 1
124 238 1
55 101 160
62 181 1
100 253 253
195 252 1
12 160 160
25 46 1
190 194 1
8 216 78
118 147 92
208 225 139
232 255 1
93 163 1
36 248 224
1 224 1
21 211 21
166 255 219
59 89 1
66 214 1
114 241 254
130 248 1
32 231 1
162 190 1
20 249 1
122 142 139
61 226 92
41 61 1
59 98 139
164 239 1
143 231 1
30 72 192
93 177 1
97 155 160
180 231 1
49 191 1
75 210 247
28 152 1
89 199 1
46 252 1
71 220 220
114 228 114
4 210 1
3 75 199
65 82 212
56 90 90
54 197 218
71 88 192
65 155 1
64 232 249
198 213 1
133 175 13
17 208 1
76 107 1
67 152 1
108 150 1
79 255 1
81 210 247
114 173 192
56 75 139
91 199 157
204 233 224
103 241 1
68 165 139
91 107 157
27 254 1
33 98 1
62 160 1
188 248 1
90 158 1
27 111 27
43 52 160
119 226 92
166 234 219
45 102 1
16 147 1
196 249 1
80 182 160
32 126 1
50 188 212
58 173 192
72 84 218
45 253 67
20 158 1
12 179 139
12 101 160
14 87 151
42 175 1
128 224 224
115 208 139
17 213 1
187 229 67
6 58 1
177 201 19
116 171 1
224 250 224
221 240 13
176 244 199
162 167 1
11 49 1
112 121 1
120 154 120
210 230 247
186 193 13
136 244 1
1 204 1
226 256 92
38 159 224
80 244 160
5 69 160
64 72 249
70 169 13
54 125 1
55 90 139
195 233 224
50 79 192
41 190 1
1 17 1
2 125 2
32 179 1
147 217 1
54 120 1
29 64 249
5 118 160
52 244 199
86 243 1
17 146 1
22 209 212
69 110 1
92 120 120
10 222 13
175 214 34
101 120 120
78 109 78
47 228 13
148 225 139
30 134 192
121 217 121
10 218 220
1 254 1
159 216 1
2 7 1
188 231 212
120 196 120
26 144 224
32 178 1
133 209 13
97 170 160
160 239 1
40 128 23
142 166 1
12 109 37
1 205 1
75 230 230
215 239 224
13 241 13
57 219 219
232 245 1
9 206 1
32 38 224
26 83 1
33 97 1
107 154 157
24 125 1
143 164 1
93 223 1
196 237 1
17 68 1
192 194 192
82 211 1
1 97 1
177 180 1
67 106 67
129 234 224
94 151 78
11 214 34
44 137 1
112 176 199
7 27 1
113 199 199
208 254 1
15 47 1
166 179 1
171 206 1
232 235 192
155 198 160
13 205 13
78 122 78
50 78 1
106 253 253
71 249 249
105 198 105
170 219 1
50 182 1
6 255 1
20 55 160
104 201 224
137 231 1
39 225 160
153 202 160
53 138 78
183 249 1
1 196 1
6 25 160
109 115 139
1 163 1
142 160 160
221 254 13
68 170 138
221 223 13
107 139 139
198 225 139
22 193 212
10 141 1
136 253 1
98 225 247
67 163 13
25 224 1
28 209 212
9 115 78
62 182 1
50 201 1
30 122 1
50 153 1
205 218 218
91 244 157
108 250 224
28 232 212
1 226 1
1 202 1
67 218 192
33 72 1
200 212 212
31 62 1
2 50 1
201 236 1
6 155 227
29 221 13
8 122 160
3 163 1
7 56 1
60 221 1
40 108 224
150 178 78
67 77 1
70 244 1
16 88 16
42 215 42
143 256 1
92 230 160
6 120 120
12 196 37
1 164 1
215 249 1
82 107 1
24 91 157
12 199 139
99 110 239
12 128 1
217 249 212
160 167 1
135 148 1
37 93 139
1 51 1
13 95 1
8 47 1
39 94 118
43 215 1
224 230 1
97 120 120
37 60 139
140 219 219
11 185 34
121 227 1
39 144 1
36 103 1
107 247 247
78 97 78
86 113 78
6 80 227
215 242 1
78 165 78
137 146 1
134 135 212
57 106 1
174 224 224
133 220 220
88 246 192
8 77 160
29 84 114
13 246 13
98 117 98
1 12 1
93 208 139
9 78 78
90 110 1
57 71 1
1 86 1
59 253 1
58 199 1
146 174 1
168 182 1
54 218 218
130 240 1
108 112 1
42 206 42
81 244 113
1 120 1
7 35 1
34 73 47
67 79 192
16 212 212
43 83 83
68 128 1
52 179 179
206 224 224
100 187 67
156 220 1
3 178 160
39 49 160
79 143 1
39 182 118
96 142 1
75 117 75
45 236 67
70 162 47
29 222 13
10 212 212
207 224 1
27 186 1
131 189 249
47 127 13
40 80 1
1 104 1
60 74 1
192 219 1
220 229 220
211 237 1
59 125 1
153 240 1
4 250 1
106 209 13
180 207 1
159 225 1
1 11 1
162 208 1
197 234 1
158 224 224
54 255 1
30 151 1
46 218 1
46 233 224
5 160 160
1 125 1
217 253 212
95 120 120
1 8 1
5 27 1
52 165 247
64 197 249
24 244 199
163 197 13
146 223 1
157 160 160
66 197 1
133 229 67
116 238 78
6 240 1
133 236 253
13 25 1
43 66 92
48 126 160
125 191 2
180 226 78
84 178 1
90 101 160
29 77 1
131 255 1
164 168 1
7 172 1
68 139 139
117 183 1
59 232 1
70 212 212
128 155 1
77 91 160
55 230 139
217 235 212
7 167 1
84 232 218
100 220 220
63 72 1
18 111 1
11 233 1
102 145 1
99 133 1
77 124 1
74 253 192
36 253 1
1 222 1
113 247 247
14 224 1
120 146 120
56 60 60
175 242 1
49 164 1
158 161 1
193 253 253
51 125 1
22 208 1
7 111 1
63 69 1
67 212 212
13 236 13
60 206 1
1 160 1
122 180 78
96 185 1
43 254 1
16 103 1
11 30 13
4 212 212
120 244 120
121 220 212
158 177 224
159 203 203
34 122 1
13 163 13
147 200 1
105 199 139
111 253 1
72 197 218
114 202 1
51 65 1
113 165 247
176 225 247
133 161 1
6 61 160
67 111 1
141 168 27
117 194 1
72 103 1
61 227 160
79 181 1
94 238 78
53 60 78
47 174 1
114 174 1
93 138 139
203 240 1
239 248 224
103 238 78
172 243 213
40 226 1
22 134 212
122 245 139
78 209 1
47 200 47
129 167 1
116 189 1
43 226 83
155 234 1
66 238 78
79 247 1
232 254 254
96 103 1
21 254 1
57 105 1
93 248 1
156 248 224
207 241 1
6 199 160
136 179 1
100 224 1
124 193 1
78 252 1
10 78 1
49 100 1
1 88 1
4 220 220
27 70 1
5 12 37
4 249 254
7 184 1
43 121 1
64 240 254
95 184 1
212 246 212
99 251 251
53 238 78
34 50 13
87 115 78
65 143 1
70 87 1
90 160 160
59 109 37
114 192 192
27 243 27
195 255 219
29 233 1
77 190 1
101 160 160
33 129 224
32 88 1
20 27 1
95 228 1
123 213 1
200 202 1
38 200 1
19 127 1
57 228 1
38 123 38
63 223 1
85 213 1
90 93 139
124 177 203
169 178 1
97 118 160
2 62 2
41 245 1
1 19 1
20 104 1
109 160 160
13 106 13
151 188 1
133 158 1
108 248 224
29 37 1
82 131 249
120 170 120
34 172 1
80 187 1
236 247 1
241 250 1
19 30 1
67 100 67
124 251 224
63 172 213
95 180 151
6 78 78
112 129 1
55 207 1
233 244 1
54 169 254
67 185 13
62 98 1
61 66 92
127 186 13
21 136 1
125 232 1
84 256 1
205 237 218
110 233 224
61 80 160
143 224 224
217 240 212
60 196 139
35 111 213
125 228 1
189 197 249
4 197 254
7 123 1
12 152 139
1 47 1
32 55 1
88 218 192
31 99 239
84 220 220
187 220 220
219 252 1
81 115 139
115 120 120
162 239 1
229 256 1
33 115 1
129 132 251
28 72 212
48 194 1
167 179 1
58 227 1
122 244 157
48 109 37
53 153 78
158 242 1
126 133 1
138 208 139
155 161 49
81 90 139
77 242 78
6 108 1
84 189 249
40 102 224
95 238 78
42 234 42
93 199 139
61 216 78
79 235 192
34 130 1
5 105 105
205 249 249
179 225 247
7 34 1
105 130 1
1 191 1
19 140 224
60 245 139
228 254 254
87 241 1
89 217 1
61 118 92
74 195 1
92 103 92
20 43 160
52 129 1
227 242 78
31 119 1
87 118 78
52 92 160
107 217 1
51 224 224
84 233 1
56 160 160
1 62 1
168 207 168
12 87 78
143 195 224
208 235 1
8 144 1
118 201 1
85 234 219
109 142 139
152 244 139
71 130 1
128 229 1
32 117 1
162 212 212
14 166 1
189 232 249
24 53 78
123 245 1
105 146 78
26 136 224
111 216 1
64 84 249
90 117 139
7 89 1
204 244 1
2 138 1
20 155 160
37 182 160
68 246 1
154 199 157
1 245 1
36 59 1
1 75 1
6 21 1
26 102 224
40 79 1
1 236 1
1 93 1
136 248 224
161 210 160
132 224 224
72 218 218
218 241 254
53 145 151
65 240 212
127 175 13
108 176 1
29 225 1
60 194 1
240 241 254
104 204 104
83 226 83
13 29 13
133 159 1
82 145 1
47 71 13
28 112 1
168 219 1
187 223 67
45 135 212
30 100 253
116 181 1
36 96 224
139 162 1
176 247 247
15 69 15
213 245 1
81 131 1
191 253 1
100 240 192
58 187 192
10 232 220
126 178 160
65 121 212
48 120 120
60 246 1
76 99 1
40 206 224
108 233 224
163 182 1
23 28 1
10 58 220
147 203 1
52 206 1
9 114 1
52 208 139
111 152 1
74 241 192
172 183 172
55 109 37
105 160 160
204 219 219
87 102 1
15 236 1
19 223 1
22 252 149
54 225 1
55 217 1
148 208 139
39 118 118
26 29 1
1 105 1
46 224 224
26 81 1
134 203 1
151 203 1
232 241 254
189 194 249
179 221 1
72 92 1
152 174 1
140 235 1
57 134 1
112 199 199
213 223 1
66 176 160
42 128 42
112 188 1
105 120 120
181 191 1
68 156 1
120 139 120
6 103 160
104 214 1
74 229 192
20 111 1
221 222 13
229 237 192
113 179 199
94 116 160
30 92 1
7 190 1
131 237 249
1 31 1
52 63 1
19 61 1
31 151 1
68 134 1
20 202 20
216 238 78
6 156 1
36 129 224
34 162 47
187 236 67
35 65 1
144 236 1
80 112 160
42 44 1
25 254 1
234 248 224
60 72 1
156 217 1
11 212 212
29 116 1
216 234 1
20 142 160
56 151 78
48 118 160
121 243 1
111 168 27
10 220 220
33 174 224
157 230 157
87 207 1
8 27 1
144 158 23
162 214 47
159 178 1
59 96 1
114 245 1
1 148 1
2 30 1
36 191 1
114 232 218
171 249 192
29 34 13
40 96 40
91 101 160
83 136 1
168 199 1
67 253 67
7 245 1
139 164 1
85 212 1
158 233 224
105 171 1
57 191 1
50 193 253
78 87 78
19 128 224
94 234 1
235 246 246
54 109 1
34 99 1
68 182 160
85 153 1
56 87 78
45 229 67
123 152 1
6 39 160
151 238 78
117 218 1
193 195 1
8 208 160
183 246 1
54 241 254
103 147 92
27 168 27
210 216 78
37 179 139
101 155 160
86 216 151
50 190 1
122 250 1
37 116 37
76 162 212
72 79 192
13 187 13
12 139 139
72 126 1
234 255 140
1 69 1
146 216 151
14 50 1
37 238 78
41 196 1
11 13 13
122 169 1
40 144 23
15 187 1
26 248 224
44 58 192
10 193 220
62 128 1
40 42 42
72 171 192
127 226 1
127 243 1
45 146 1
18 49 1
123 248 224
50 179 1
10 236 220
20 101 160
103 236 1
42 51 42
213 254 1
28 91 1
136 169 1
163 221 13
186 230 1
49 227 227
196 221 1
107 199 199
207 229 1
175 179 1
205 236 192
63 226 1
100 246 246
28 87 1
110 223 1
215 233 224
35 243 213
143 220 1
66 157 160
73 124 1
14 61 78
49 126 160
125 146 1
53 146 151
3 112 199
4 82 254
78 90 78
206 253 1
127 161 1
73 244 1
49 99 1
212 223 212
232 237 72
23 161 1
13 204 1
1 132 1
228 240 254
155 226 160
43 147 92
97 249 1
143 199 1
45 220 220
25 60 139
160 182 160
15 31 1
83 92 92
109 244 139
148 245 93
78 105 78
229 243 1
68 166 1
64 158 1
76 135 212
179 210 247
226 252 1
108 224 224
188 238 1
218 235 192
72 226 1
59 139 139
199 225 247
3 199 199
116 178 160
77 97 160
9 236 1
171 244 1
132 200 1
58 158 1
74 185 13
45 148 1
72 99 1
107 221 1
159 160 1
248 250 224
78 230 78
113 230 113
192 228 192
205 221 13
50 168 1
135 238 1
106 249 192
30 241 192
149 191 1
52 54 1
71 115 1
144 224 224
133 139 1
164 187 1
2 167 2
121 158 1
10 205 220
185 217 212
161 235 1
75 80 160
92 167 1
123 215 38
181 224 224
31 35 1
91 197 1
1 250 1
140 174 140
97 202 160
93 245 93
101 161 160
124 166 224
173 220 220
31 110 239
99 245 1
71 197 228
112 179 199
3 160 160
52 235 1
89 166 219
112 244 112
20 112 160
28 45 212
111 206 1
129 181 224
47 149 212
43 182 92
1 61 1
80 98 160
122 125 1
66 239 1
213 235 1
130 146 1
21 161 1
1 249 1
106 220 220
60 238 78
19 97 1
4 206 1
75 157 157
5 213 1
14 18 1
143 183 1
156 179 1
102 168 1
18 148 1
62 100 1
13 256 1
103 220 1
128 179 1
96 152 1
17 221 212
213 216 1
93 135 1
143 190 143
76 253 212
179 206 1
66 160 160
244 247 247
10 27 1
111 222 1
11 162 47
51 84 1
127 185 13
13 209 13
103 215 1
67 187 67
189 218 249
39 120 120
54 226 1
158 176 1
53 57 1
15 84 1
98 116 139
23 63 1
10 229 220
45 120 1
115 170 115
118 168 1
142 247 139
158 175 1
184 243 27
44 223 67
18 236 212
27 204 1
237 254 254
113 120 120
141 225 1
142 253 1
169 184 1
78 148 78
183 231 1
62 212 1
40 181 224
167 172 1
45 193 67
110 198 1
39 148 160
66 83 92
109 158 1
30 108 1
42 192 1
199 210 247
69 87 78
189 192 192
26 93 1
19 208 1
41 48 1
88 160 1
7 252 1
108 178 1
23 64 1
189 214 13
178 203 1
45 158 1
103 256 92
10 67 220
105 181 1
113 214 1
6 146 78
68 175 1
1 127 1
37 196 37
145 238 78
1 146 1
54 71 218
5 48 196
80 200 1
67 246 246
60 208 139
66 215 1
45 200 13
21 130 1
117 157 157
26 150 1
179 180 78
29 158 1
25 107 113
35 215 1
137 188 1
195 208 1
130 188 1
6 160 160
208 220 1
217 219 1
17 56 1
139 214 1
206 248 224
50 228 192
64 212 212
116 239 1
1 55 1
94 196 160
32 46 224
54 190 1
154 160 160
51 199 1
9 86 9
31 146 1
211 250 1
162 222 47
12 30 1
36 112 1
145 208 78
7 42 1
104 134 1
243 246 1
59 118 160
114 220 220
92 183 1
213 247 1
76 217 149
61 114 1
10 139 1
65 163 212
149 179 1
85 245 1
87 119 78
193 212 212
98 107 113
206 235 1
104 174 104
68 76 1
128 213 1
56 126 160
138 210 139
74 232 192
12 14 78
170 198 139
171 189 192
85 132 224
217 242 1
148 199 139
23 236 1
56 208 139
107 112 112
27 52 1
89 183 1
38 40 23
38 238 1
80 160 160
45 213 1
1 118 1
98 208 139
12 97 160
159 166 224
167 213 1
179 214 1
37 209 1
68 162 1
123 158 23
126 142 160
42 154 1
28 117 1
85 225 1
103 108 1
171 224 1
85 140 219
38 136 224
115 242 78
1 215 1
32 190 224
57 204 219
107 142 139
97 154 160
13 117 1
93 140 1
83 104 1
81 175 1
33 248 224
28 88 212
14 75 78
19 224 224
38 158 23
53 78 78
23 120 1
26 190 224
160 196 160
192 218 192
67 91 1
1 66 1
237 240 254
103 160 160
150 219 1
49 210 160
60 228 1
202 217 1
203 227 1
162 221 13
70 186 47
1 178 1
1 110 1
164 206 1
146 224 1
64 243 1
124 158 224
204 209 1
63 64 1
171 238 1
120 238 120
75 146 78
65 242 1
54 70 13
91 210 247
97 230 160
149 168 1
1 122 1
107 230 113
39 71 1
167 191 2
64 123 1
60 178 160
126 203 1
88 123 1
58 176 1
78 103 78
70 95 1
110 174 224
212 217 212
184 232 1
131 220 220
13 73 13
93 210 139
88 156 1
85 224 224
13 212 212
126 196 160
16 83 1
163 200 47
149 245 1
9 143 1
134 162 13
151 251 1
68 79 1
2 228 1
134 211 1
74 215 1
29 72 218
10 114 220
101 126 160
70 181 1
68 90 138
113 251 1
72 205 218
99 108 224
107 140 1
39 203 1
74 133 192
154 218 1
15 127 1
108 237 1
12 237 1
86 151 151
145 191 1
35 250 1
41 84 212
183 216 1
76 212 212
103 132 1
70 106 13
171 192 192
165 230 247
186 216 1
24 199 199
3 237 1
27 80 1
30 235 133
70 200 47
9 25 78
98 160 160
17 83 1
102 156 224
131 221 13
8 52 160
60 109 139
195 229 1
39 196 160
49 125 1
54 133 192
88 193 192
66 241 1
151 180 151
54 254 254
109 233 1
1 211 1
6 135 1
72 176 1
218 256 1
46 175 1
114 249 249
26 166 224
66 155 160
4 84 254
146 242 151
85 105 1
10 192 220
47 70 47
53 191 1
20 73 1
46 185 1
85 160 1
89 234 140
227 230 160
128 186 1
203 206 203
154 180 78
170 251 1
13 54 13
13 137 1
108 129 224
12 24 139
83 98 160
110 119 1
44 171 192
78 80 78
223 231 212
63 205 1
101 233 1
3 113 199
52 248 1
10 20 1
39 205 1
106 162 13
173 187 67
28 65 212
123 216 1
212 249 212
5 139 139
83 94 92
83 119 92
14 21 1
135 243 1
105 137 1
58 196 1
30 247 1
82 94 1
1 225 1
43 92 92
127 254 13
189 241 254
196 202 160
17 51 1
75 179 199
78 98 78
93 160 160
192 236 192
25 55 139
53 67 1
70 235 13
5 150 78
36 108 224
31 154 1
103 229 1
133 169 192
54 82 218
39 69 118
54 228 218
35 172 213
91 224 1
141 204 1
41 55 1
46 57 224
17 156 1
74 220 220
42 158 42
106 229 67
73 112 1
43 131 1
124 253 1
15 99 1
27 95 1
142 143 1
48 124 1
72 182 1
88 234 1
25 120 120
7 158 1
55 179 139
103 137 1
108 159 224
117 139 139
89 222 1
34 88 13
78 161 78
162 247 1
249 254 254
169 189 254
186 209 47
143 172 1
122 225 247
11 200 47
62 207 1
108 136 224
81 213 1
79 171 192
47 81 1
50 227 1
49 87 78
62 167 2
182 216 78
151 191 1
97 139 160
142 192 1
84 192 192
17 41 217
4 240 240
47 185 47
148 237 1
151 185 1
25 91 157
236 246 246
28 233 1
11 179 1
126 230 160
60 102 1
183 222 1
184 244 1
161 227 227
6 46 1
18 188 212
70 226 1
117 244 113
9 242 151
178 185 1
50 163 13
178 198 160
56 97 160
31 209 1
169 237 254
21 52 1
24 154 157
68 80 160
77 83 83
31 143 251
67 192 192
124 205 1
50 187 67
84 157 1
118 146 78
110 111 1
19 222 1
37 105 37
65 87 1
165 199 247
136 216 1
36 93 1
189 254 254
137 142 1
150 186 1
10 173 220
7 251 1
94 224 1
92 213 1
19 104 224
74 79 79
67 89 1
16 230 1
209 212 212
76 104 1
109 254 1
65 135 212
52 107 199
1 71 1
32 50 1
8 75 160
118 193 1
81 164 1
166 201 224
127 211 1
158 230 1
19 31 224
85 121 1
124 224 224
218 240 254
132 207 1
98 108 1
61 192 1
14 141 1
88 146 1
100 227 1
66 101 92
1 238 1
82 213 1
45 173 67
4 232 254
29 40 1
33 100 1
69 126 160
23 40 23
42 169 1
84 205 114
101 234 1
20 122 160
140 248 224
140 224 224
42 45 1
77 138 160
169 181 1
201 240 1
87 110 1
173 192 192
58 83 1
208 245 139
111 184 27
175 221 13
77 180 78
197 250 1
141 210 1
135 236 212
215 248 224
39 51 1
18 182 1
41 249 212
6 96 1
78 199 78
226 228 1
34 209 34
72 163 13
216 224 1
179 230 199
53 170 78
133 225 1
32 42 42
130 184 27
98 198 139
221 228 13
26 154 1
101 108 1
36 229 1
132 187 1
7 130 1
32 36 32
14 163 1
107 165 247
145 146 151
137 186 1
61 256 92
10 64 220
70 135 212
121 198 1
89 120 1
34 67 13
61 92 92
47 212 212
37 53 78
42 70 1
50 235 253
102 169 1
225 230 247
53 185 1
97 122 160
26 230 1
169 228 254
51 58 1
9 239 1
67 225 1
203 207 1
61 120 120
212 240 212
92 225 160
122 179 157
12 119 160
1 58 1
138 245 139
37 153 160
78 92 78
51 232 1
102 137 102
122 176 157
86 244 78
41 94 1
83 256 92
111 187 1
149 160 1
144 225 1
13 135 212
36 88 1
150 171 1
126 160 160
26 33 33
4 129 1
18 201 1
31 75 1
90 238 78
167 210 1
1 76 1
87 181 1
83 174 1
134 182 1
26 86 1
132 234 224
90 236 1
7 161 1
142 245 142
19 26 224
111 213 213
170 175 1
51 126 1
130 207 27
39 61 92
240 249 254
187 192 192
5 180 78
171 186 13
162 182 1
205 228 228
161 219 1
5 168 1
78 187 1
100 189 192
83 184 1
24 112 199
217 238 1
113 192 1
187 212 212
45 90 1
173 230 1
11 188 212
33 68 1
173 242 1
3 138 139
16 206 1
50 106 253
129 141 1
46 49 1
129 251 251
81 225 247
61 69 92
69 89 1
48 86 78
46 93 1
187 251 1
137 243 1
8 241 1
84 253 192
184 207 184
32 140 219
228 241 254
104 219 104
52 216 78
89 170 1
1 156 1
186 245 1
23 92 1
63 111 213
185 245 1
15 181 1
12 125 1
78 178 78
91 198 139
158 252 1
154 167 1
112 160 160
42 190 42
20 147 160
56 242 78
112 247 247
77 226 83
175 251 1
34 214 34
23 123 23
25 52 199
79 218 192
11 98 1
42 132 42
164 232 1
145 242 242
72 161 1
184 213 213
135 137 1
81 187 1
3 98 199
132 251 251
143 201 224
21 102 1
104 233 224
142 178 160
108 149 1
128 129 224
210 234 1
155 188 1
176 179 179
130 213 213
135 217 212
82 150 1
147 227 160
154 157 157
132 152 1
17 222 212
7 168 1
177 250 177
99 256 1
86 230 78
192 205 192
16 163 13
34 174 1
93 154 139
43 101 92
90 108 1
1 36 1
10 55 1
110 203 224
191 210 1
162 209 47
50 236 253
13 223 13
56 78 78
83 214 1
168 190 1
15 147 92
75 81 113
42 221 1
90 113 139
25 104 1
80 126 160
12 170 139
46 64 1
23 211 1
95 146 151
154 176 157
6 205 1
13 114 13
158 164 1
7 60 1
5 55 105
51 105 1
25 189 1
51 119 1
106 177 1
191 255 1
147 209 1
22 135 212
11 73 47
41 217 217
59 196 105
112 155 160
93 225 139
27 136 1
1 99 1
132 143 143
179 244 199
155 177 1
190 242 1
33 241 1
59 242 78
1 237 1
134 230 1
1 229 1
1 201 1
204 255 140
120 178 120
208 249 1
162 169 13
93 133 1
13 193 13
154 230 157
34 103 1
192 220 220
41 115 1
130 242 1
144 177 224
65 146 1
144 192 1
231 237 212
4 244 1
1 115 1
132 135 1
142 207 1
166 175 1
30 228 192
36 174 219
62 113 1
104 140 104
17 218 212
60 63 1
4 192 192
1 4 1
78 101 78
173 250 1
102 181 224
46 121 1
77 95 78
67 205 192
149 169 212
29 94 1
37 217 1
23 42 42
182 221 1
18 193 212
4 44 192
111 172 213
160 165 160
25 208 139
218 245 1
7 148 1
141 200 1
110 249 1
97 179 160
25 235 1
61 253 1
170 216 78
55 127 1
88 238 1
94 101 92
109 206 1
129 224 224
75 97 160
139 200 1
111 149 1
170 208 139
49 189 1
11 70 47
54 64 249
107 251 1
81 93 139
191 216 1
3 26 1
198 214 1
104 123 224
32 244 1
59 120 120
69 147 92
54 84 218
36 166 219
64 213 1
93 196 139
69 117 160
33 167 1
9 63 1
120 199 120
119 120 120
148 221 1
212 218 212
90 208 139
136 231 1
189 239 1
152 169 1
11 128 1
62 243 1
92 244 160
107 210 247
4 255 1
39 81 160
1 34 1
187 206 1
20 150 78
189 231 212
219 234 219
168 180 1
82 121 212
80 171 1
73 200 200
16 77 1
86 180 151
27 96 1
8 120 120
70 230 1
55 234 1
131 241 254
84 204 1
1 189 1
24 110 1
4 121 212
99 201 224
47 148 1
71 218 218
46 154 1
1 52 1
24 225 247
140 166 219
1 46 1
27 88 1
53 89 1
163 219 1
1 239 1
161 246 1
180 234 1
137 153 1
11 47 47
107 184 1
81 174 1
185 236 13
82 197 114
67 223 67
219 223 1
16 224 1
126 219 1
105 139 139
85 125 1
1 13 1
78 256 78
134 181 1
157 199 157
89 157 1
28 149 212
174 255 140
134 212 212
141 167 1
133 243 1
149 203 1
152 160 160
107 160 160
142 152 93
107 122 157
160 234 1
19 151 1
115 209 1
28 44 212
107 157 157
135 248 1
207 211 1
74 164 1
32 246 1
32 132 224
33 245 1
10 221 13
13 131 13
113 154 157
59 116 105
3 244 199
218 228 218
22 199 1
75 149 1
50 229 67
72 254 254
59 215 1
12 163 1
8 14 78
113 183 1
41 101 1
182 249 1
176 210 247
9 64 1
26 137 224
15 195 1
12 144 1
72 133 192
7 51 1
2 223 1
55 219 1
100 233 1
200 230 1
223 235 253
1 102 1
79 249 192
87 131 1
48 59 105
40 237 1
26 132 224
9 141 1
78 151 78
31 251 251
120 126 120
102 108 102
148 218 1
44 133 67
99 239 239
7 113 1
60 148 139
169 199 1
44 88 192
72 241 254
4 254 254
92 101 92
140 195 219
224 233 224
29 226 1
72 194 218
