256 6521
153 200 1
172 241 1
26 182 2
110 240 2
36 201 5
68 201 5
146 253 6
20 115 6
124 140 7
124 185 7
186 200 8
208 245 9
208 226 9
159 194 10
159 206 10
31 80 11
96 145 11
189 198 12
41 157 12
19 91 13
18 125 14
83 114 14
29 37 15
135 179 15
36 132 16
20 45 17
83 203 18
141 143 18
126 225 21
83 141 22
179 249 23
120 202 24
78 120 24
112 212 25
56 251 27
99 251 27
183 246 29
50 61 29
31 142 30
31 121 30
187 199 33
43 77 33
113 209 34
85 119 35
69 204 36
71 204 36
103 241 39
88 241 39
167 177 40
166 177 40
82 245 42
108 254 44
199 211 44
76 138 45
102 254 47
92 205 48
54 139 49
93 116 59
74 109 59
215 256 60
75 215 60
68 86 62
86 250 62
130 197 63
100 197 63
139 157 64
207 224 65
214 224 65
148 234 66
78 106 66
91 127 67
174 197 68
78 237 72
78 90 72
116 165 74
95 120 76
169 193 79
94 233 79
213 239 84
213 255 84
122 195 88
175 195 88
136 236 93
113 147 96
154 243 99
107 190 101
111 244 105
188 236 109
181 248 115
192 247 132
182 228 160
232 235 176
217 232 182
239 255 193
1 99 1
127 196 67
1 184 1
123 147 96
12 102 12
48 108 1
87 177 40
58 195 1
110 164 1
154 251 27
58 249 23
82 168 1
22 128 18
38 150 1
168 186 8
54 180 1
144 181 7
146 200 6
181 186 115
49 73 12
129 170 1
39 158 39
33 91 1
109 213 84
117 193 84
210 245 42
87 233 1
61 66 1
40 90 1
15 58 15
204 205 36
26 160 2
99 218 1
151 192 16
3 221 3
54 84 1
78 108 1
194 206 15
147 209 34
129 145 11
11 53 11
75 234 60
2 181 2
186 233 6
50 58 15
150 238 1
81 167 1
60 72 60
12 189 12
9 110 1
177 225 21
91 223 13
97 225 21
159 173 1
121 142 30
1 80 1
37 215 1
80 86 62
14 128 14
78 122 1
49 219 49
90 237 72
11 145 11
83 128 18
201 203 1
46 47 33
11 104 11
1 27 1
3 135 3
1 182 1
10 58 10
151 161 48
7 140 7
5 36 5
3 10 3
4 70 4
64 216 49
14 77 1
52 204 36
40 223 1
98 169 79
12 28 12
1 22 1
27 114 1
6 137 6
31 171 30
3 212 3
86 174 62
128 222 14
206 238 15
70 139 64
24 138 24
1 64 1
182 235 176
8 186 8
155 172 155
25 224 5
3 62 3
10 177 1
47 211 44
71 224 65
100 174 63
201 249 5
83 105 1
117 255 84
1 112 1
6 118 6
10 71 10
6 7 6
34 164 10
124 144 7
33 137 1
40 107 1
53 142 11
173 236 1
79 117 79
158 180 1
56 98 1
217 231 160
101 159 1
156 199 12
66 78 66
59 78 24
170 200 8
46 67 1
47 96 1
2 55 2
3 11 3
108 211 44
4 12 4
59 98 59
117 169 79
84 233 84
128 141 18
116 169 59
89 204 36
88 201 1
152 208 9
55 153 1
37 135 15
1 129 1
151 198 1
89 216 1
117 227 59
5 67 5
46 236 1
143 241 1
163 247 16
65 222 1
98 200 6
37 84 1
103 195 88
120 155 1
114 205 1
103 118 1
3 67 3
167 225 21
7 185 7
102 108 44
114 143 14
1 4 1
10 48 10
14 125 14
34 79 1
7 111 1
1 247 1
16 80 11
55 141 1
170 186 115
196 223 13
97 167 97
185 252 2
17 55 17
110 192 1
2 76 2
22 160 1
46 244 1
1 37 1
6 75 6
86 197 62
34 68 11
63 86 62
82 210 42
99 184 27
12 122 12
4 24 1
115 185 7
79 227 59
12 139 12
1 63 1
133 169 79
4 39 4
75 256 60
53 209 34
162 241 39
85 125 1
15 142 10
3 34 3
17 70 1
10 13 10
20 131 1
55 215 55
50 164 29
83 143 18
111 247 10
232 252 2
9 20 1
106 190 101
64 219 64
3 9 3
3 15 3
12 103 12
35 67 1
1 38 1
5 15 5
26 98 2
114 153 1
115 253 6
49 64 49
136 137 93
103 122 88
1 191 1
209 219 1
97 177 40
217 252 2
56 184 27
120 138 45
222 239 1
43 203 1
1 251 1
11 248 1
11 214 11
14 135 1
6 213 6
138 193 24
3 108 1
37 183 15
173 200 1
69 247 16
17 120 17
2 213 2
15 193 1
26 214 1
101 116 24
39 53 1
2 137 2
228 234 2
145 147 11
1 176 1
136 213 84
16 207 16
1 200 1
63 250 62
65 230 48
2 45 2
215 220 60
161 163 161
1 151 1
11 195 1
86 94 1
32 111 10
120 248 6
49 103 12
1 51 1
38 57 38
70 216 49
157 219 64
10 62 10
1 113 1
159 170 1
36 151 36
191 208 1
33 102 33
129 165 1
1 194 1
1 119 1
144 185 7
137 239 84
1 49 1
43 166 12
23 37 15
157 216 49
94 123 1
110 228 2
46 149 33
118 185 7
178 195 88
68 152 5
1 240 1
168 185 7
138 180 24
32 209 10
31 124 1
166 225 21
176 228 160
94 213 79
3 92 3
16 71 16
13 76 1
65 206 10
131 163 1
66 180 24
72 245 1
90 190 66
17 226 1
6 103 1
84 136 84
77 153 1
40 78 1
128 143 18
5 135 5
12 236 1
11 132 11
193 213 84
1 83 1
87 147 1
1 18 1
10 121 10
151 224 48
1 229 1
94 169 79
106 214 1
171 208 5
3 145 3
10 214 10
48 161 48
45 101 24
14 191 14
8 153 1
148 220 60
92 99 1
196 242 10
80 100 63
8 104 1
59 94 59
10 53 10
59 253 6
10 145 10
75 220 60
59 164 1
98 227 59
41 150 41
14 190 1
202 227 24
110 196 1
19 146 1
1 36 1
9 25 9
123 209 34
89 144 1
97 126 97
49 127 1
163 224 65
14 92 1
103 158 39
10 80 10
57 77 1
92 199 1
78 181 6
3 134 3
1 69 1
133 236 109
1 243 1
141 229 18
1 25 1
78 81 1
123 173 1
126 255 1
178 250 1
7 141 1
24 55 24
168 170 8
172 192 16
1 190 1
4 87 4
102 211 44
97 138 1
110 232 2
88 175 88
148 172 1
2 186 2
94 189 1
51 68 1
20 80 1
4 235 1
1 162 1
121 247 11
96 209 34
117 239 84
164 246 29
79 234 24
129 161 36
202 237 24
170 248 115
222 245 1
5 209 5
16 204 16
166 186 1
233 236 93
54 177 12
74 227 59
42 143 1
10 67 10
72 234 66
127 225 1
99 241 1
11 154 1
68 172 11
111 182 1
5 129 5
170 180 6
28 102 28
10 223 10
38 126 1
1 150 1
10 31 10
115 178 1
11 31 11
16 161 16
3 13 3
5 25 5
65 172 48
22 57 1
76 241 1
149 201 1
208 210 9
24 90 24
1 239 1
8 128 1
10 242 10
140 242 1
49 222 1
8 129 1
49 131 49
24 169 24
199 254 44
201 245 5
12 41 12
21 177 21
4 139 4
201 204 5
220 256 60
7 99 1
120 250 1
47 68 1
23 238 15
24 106 24
63 174 63
95 138 45
23 206 15
211 254 44
64 225 12
224 230 48
18 128 18
74 253 6
20 59 17
115 118 7
15 99 1
70 157 64
142 242 10
164 244 10
41 97 12
129 204 36
27 251 27
1 193 1
9 243 1
172 224 48
149 187 33
36 163 36
160 228 160
8 200 8
139 216 49
133 188 133
119 237 1
240 256 2
155 214 48
96 250 11
32 67 32
3 179 3
6 117 6
5 29 5
28 122 12
2 133 2
174 209 11
68 159 10
181 239 6
1 160 1
4 40 4
48 135 10
100 145 11
11 197 11
1 79 1
1 67 1
5 210 5
114 222 114
53 123 53
65 192 16
95 227 24
71 214 65
2 252 2
10 49 1
115 200 8
1 142 1
65 82 5
3 192 3
89 132 16
48 138 1
48 247 16
1 26 1
41 203 1
18 22 18
197 241 1
121 171 30
38 240 2
135 194 15
60 106 60
70 219 64
57 142 1
124 253 6
32 99 1
17 61 1
120 237 24
40 225 21
169 184 1
5 11 5
83 179 1
110 252 2
39 148 1
120 180 24
33 47 33
55 220 55
4 119 4
41 256 1
1 132 1
13 87 1
1 236 1
98 203 1
183 240 1
42 201 5
107 128 1
79 180 24
141 144 1
32 163 10
3 127 3
163 225 1
3 183 3
168 248 8
14 38 1
208 218 9
136 188 93
77 200 1
23 76 1
10 37 10
1 183 1
126 245 1
33 147 1
2 116 2
71 205 48
93 231 2
219 256 1
28 46 28
25 151 5
111 242 10
45 88 1
17 76 17
61 198 1
206 249 15
72 101 66
46 173 12
26 218 1
156 198 156
1 12 1
10 183 10
3 48 3
2 231 2
136 233 93
161 224 65
8 59 6
1 203 1
18 141 18
104 130 63
59 213 59
3 205 3
3 250 3
172 194 10
184 251 27
131 219 49
15 209 10
42 208 9
51 56 51
45 67 1
10 132 10
59 145 1
100 117 1
24 72 24
159 224 10
64 140 1
77 109 1
107 250 1
12 198 12
145 223 10
9 82 9
31 122 1
68 197 68
251 254 1
139 219 64
160 176 160
26 71 1
165 188 59
19 196 13
118 134 1
31 101 1
71 92 65
29 58 15
66 215 60
99 243 99
125 191 125
101 148 66
53 171 11
205 213 1
9 251 1
169 253 6
202 214 1
75 138 24
133 136 93
67 223 13
172 211 1
1 2 1
189 205 1
152 223 5
104 132 11
1 195 1
21 87 21
91 196 67
125 141 14
199 208 1
19 127 13
19 125 1
16 138 1
29 135 15
1 187 1
51 184 27
3 159 3
10 23 10
126 166 40
118 217 2
60 180 24
183 206 15
215 254 1
116 188 59
1 208 1
4 131 4
206 246 15
121 184 1
3 25 3
63 145 11
70 131 49
12 177 12
1 115 1
1 146 1
11 152 5
11 192 11
1 34 1
15 238 15
46 191 1
51 128 1
158 241 39
5 52 5
47 199 44
40 97 40
146 181 6
55 180 24
34 53 34
135 210 5
116 213 59
228 231 160
211 255 1
72 237 72
1 218 1
15 214 10
47 102 47
49 54 49
188 213 84
54 157 49
12 187 12
175 241 39
95 237 24
189 206 1
126 241 12
19 240 1
59 167 1
77 162 12
76 217 2
12 219 12
10 19 10
220 253 6
157 193 1
3 249 3
1 214 1
57 121 1
83 103 1
34 147 34
49 225 12
66 256 60
18 139 1
63 206 10
1 107 1
81 183 81
162 175 39
81 148 1
57 100 1
5 201 5
2 84 2
20 60 17
1 108 1
2 202 2
1 244 1
15 187 1
5 10 5
16 101 1
91 146 1
102 148 1
16 153 1
109 137 93
12 221 1
94 137 79
214 241 1
16 172 16
80 149 1
25 38 1
33 132 1
18 32 1
13 178 1
194 196 10
205 219 1
8 170 8
219 241 12
40 87 40
81 164 29
41 175 12
192 234 1
145 224 11
13 18 1
60 101 60
65 151 48
88 176 1
115 168 8
1 10 1
26 28 1
23 161 10
46 187 33
51 91 1
1 19 1
76 95 76
44 254 44
61 246 29
1 145 1
3 53 3
85 146 1
39 157 12
204 224 36
37 249 15
29 180 1
51 243 27
30 142 30
1 212 1
37 238 15
1 87 1
48 85 1
233 239 84
17 20 17
52 205 48
45 133 24
54 216 54
44 187 33
22 31 1
36 204 36
13 220 1
3 112 3
41 51 1
157 171 1
125 222 14
139 184 1
156 168 1
127 191 1
132 188 1
13 69 10
136 169 79
60 190 60
88 166 12
2 168 2
54 64 49
28 199 28
94 108 1
24 79 24
122 222 1
167 185 1
27 179 1
1 253 1
1 118 1
108 156 12
33 203 1
96 102 1
2 144 2
185 200 7
43 111 1
2 58 1
2 227 2
83 249 1
105 238 10
202 247 1
69 155 36
83 204 1
187 211 33
102 153 1
2 101 2
44 149 33
3 5 3
34 171 11
159 183 10
140 185 7
46 146 1
53 148 1
155 200 1
152 226 152
1 153 1
14 82 1
12 108 12
1 17 1
25 155 5
76 238 1
54 149 12
3 208 3
109 192 1
145 192 11
71 207 65
169 188 79
69 230 36
94 193 79
23 191 1
169 255 79
129 142 11
34 230 11
39 103 39
97 106 1
4 49 4
119 232 1
117 131 1
80 130 63
193 235 2
1 140 1
72 90 72
163 214 163
36 92 36
19 68 10
29 221 29
1 210 1
57 97 1
14 83 14
10 111 10
163 207 65
7 101 6
87 225 21
10 238 10
137 233 93
164 226 5
90 234 66
174 232 1
69 151 36
36 65 36
10 69 10
72 256 60
162 195 39
167 211 12
23 106 1
1 114 1
123 159 10
73 147 1
93 229 1
94 188 79
92 207 65
127 195 1
42 141 1
1 81 1
193 196 1
144 168 7
130 237 1
114 140 1
138 146 6
67 164 10
80 232 1
181 203 1
85 165 1
2 59 2
1 110 1
114 191 14
21 126 21
1 252 1
206 256 1
7 193 6
24 247 1
20 133 17
9 42 9
2 120 2
60 237 60
151 230 151
103 218 1
48 129 36
146 204 1
5 69 5
1 235 1
100 148 1
3 207 3
121 212 5
72 153 1
13 162 1
125 186 1
227 236 59
151 163 48
67 91 67
1 186 1
72 159 1
68 80 63
15 37 15
20 90 17
4 181 1
17 239 17
43 87 12
12 49 12
44 165 1
231 235 160
114 125 14
66 101 66
10 166 1
24 84 24
80 241 1
38 232 2
101 213 24
97 166 40
76 202 24
31 212 5
86 100 62
19 74 1
19 48 10
5 242 5
179 206 15
11 239 1
87 126 40
32 245 5
45 219 1
90 148 66
138 199 1
1 94 1
175 178 88
142 248 1
50 221 29
71 155 48
4 177 4
1 41 1
164 240 1
1 196 1
16 163 16
33 73 33
227 229 1
238 249 15
6 124 6
40 242 1
51 206 1
30 209 11
25 191 1
27 184 27
34 208 5
65 188 1
182 232 182
187 215 1
8 144 7
50 253 1
88 210 1
17 21 1
179 233 1
5 31 5
7 200 7
120 244 1
164 225 1
35 119 35
61 199 1
107 109 24
166 167 40
10 247 10
24 131 1
2 66 2
5 223 5
10 135 10
18 203 18
147 244 10
151 172 151
7 115 7
176 182 176
2 123 1
5 112 5
71 163 65
159 242 10
116 227 59
112 226 9
24 95 24
52 105 10
61 221 29
28 149 28
68 252 1
50 238 15
94 165 59
139 153 1
7 118 7
133 193 84
51 251 27
52 71 52
188 227 59
69 145 11
106 148 66
30 152 5
155 247 16
13 89 10
5 105 5
10 228 1
1 40 1
50 170 1
82 134 9
20 76 17
215 239 24
19 80 10
30 173 1
87 137 1
5 34 5
27 107 1
18 84 1
192 205 16
16 180 1
161 207 65
12 162 12
62 80 62
45 180 24
130 174 63
84 255 84
173 198 12
5 104 5
21 40 21
101 166 1
36 147 11
1 143 1
59 86 1
13 127 13
4 162 4
56 181 1
188 195 1
11 171 11
10 16 10
200 215 6
6 98 6
23 58 23
1 59 1
118 248 7
37 206 15
5 64 1
64 131 49
12 216 12
95 105 1
74 215 24
113 196 10
184 232 1
78 182 2
22 125 14
47 165 1
81 146 1
34 145 11
2 200 2
26 69 1
185 186 7
132 207 16
10 113 10
152 210 9
173 195 12
1 137 1
4 88 4
97 153 1
82 112 9
1 135 1
15 227 1
11 174 11
68 253 1
144 170 7
78 133 24
17 117 17
63 104 63
108 120 1
101 190 101
43 181 1
83 132 1
54 219 49
12 178 12
3 226 3
31 250 11
133 238 1
7 223 1
11 80 11
51 151 1
183 241 1
208 212 9
169 211 1
239 252 2
163 230 48
158 162 158
16 209 11
36 96 11
79 137 79
38 220 2
19 203 1
55 73 1
43 254 33
223 256 1
160 175 1
3 155 3
71 192 16
32 173 1
146 188 6
156 189 12
219 228 1
134 218 9
38 223 1
57 234 2
217 235 176
50 246 29
12 70 12
24 190 24
130 250 62
1 66 1
2 248 2
12 39 12
48 151 48
19 256 1
160 240 2
69 214 36
4 187 4
53 92 11
90 131 1
126 177 40
128 191 14
175 243 1
1 154 1
84 94 79
60 102 1
10 32 10
13 104 10
213 233 84
148 153 1
200 248 8
182 231 160
17 45 17
137 180 24
2 185 2
27 210 1
10 106 1
4 35 4
98 165 59
89 140 1
17 62 1
18 20 1
27 56 27
20 107 17
106 243 1
55 106 55
180 234 24
25 112 25
192 239 1
81 210 5
36 99 1
24 188 24
48 71 48
119 161 1
22 141 22
134 208 9
2 115 2
1 105 1
2 56 1
176 231 160
101 211 1
43 44 33
39 178 39
12 254 12
1 6 1
217 228 160
150 173 12
40 114 1
26 39 1
90 168 6
191 222 14
103 129 1
29 99 1
9 142 5
199 246 1
178 189 12
40 145 1
3 82 3
1 13 1
68 174 68
3 206 3
6 17 6
26 248 2
155 204 36
123 135 10
8 114 1
5 82 5
3 163 3
2 176 2
83 191 14
53 130 11
224 247 16
17 209 1
188 239 84
140 234 6
102 150 12
135 237 1
84 223 1
14 143 14
20 237 17
181 200 8
153 241 1
5 191 1
201 218 5
12 73 12
179 210 5
10 89 10
110 231 2
164 221 29
80 108 1
18 87 1
43 187 33
33 170 1
8 248 8
75 216 1
5 63 5
4 41 4
3 213 1
69 207 36
68 100 63
207 254 1
136 239 84
33 80 1
16 107 1
20 105 1
44 129 1
118 253 6
88 178 88
61 150 1
71 105 10
11 155 11
77 189 12
6 101 6
85 227 1
9 201 5
20 154 1
173 229 1
75 125 1
89 242 10
124 186 7
40 167 40
141 240 1
84 214 1
36 221 10
63 95 1
18 62 1
8 90 6
148 165 24
59 165 59
1 104 1
103 106 1
113 167 1
37 179 15
129 247 16
8 61 1
117 243 1
16 48 16
137 185 6
101 157 1
1 192 1
49 157 49
12 157 12
105 180 1
7 144 7
47 156 12
48 69 36
7 62 1
113 171 11
110 219 1
81 246 29
29 61 29
234 237 66
35 224 1
188 233 93
24 59 24
68 250 62
86 145 11
134 155 5
140 146 6
20 147 1
1 14 1
55 75 55
1 33 1
199 255 1
2 26 2
32 233 1
1 147 1
1 170 1
103 239 1
160 231 160
6 140 6
1 159 1
134 242 5
112 197 5
22 229 18
6 224 1
45 50 1
2 7 2
6 146 6
14 170 1
202 256 24
108 205 1
101 180 24
146 170 6
15 249 15
220 243 1
1 20 1
218 226 9
46 77 46
92 168 1
216 219 49
12 149 12
53 241 1
29 164 29
45 240 2
15 201 5
79 136 79
14 188 1
14 245 1
49 153 1
55 148 55
20 233 17
69 206 10
3 100 3
116 176 2
56 243 27
105 224 10
27 51 27
1 5 1
4 161 1
60 198 1
140 230 1
118 200 7
107 129 1
1 103 1
201 208 5
152 201 5
101 136 24
128 203 18
127 159 10
140 171 1
20 193 17
5 91 5
1 88 1
135 200 1
188 193 84
123 161 11
112 138 1
24 109 24
41 198 12
30 171 30
135 164 15
5 172 5
146 249 1
76 218 1
106 126 1
132 166 1
25 152 9
79 84 79
16 197 11
48 65 48
204 207 36
135 139 1
8 107 6
46 117 1
173 178 12
14 18 14
136 243 1
75 190 60
1 156 1
17 59 17
1 241 1
57 74 2
22 147 1
55 66 55
11 247 11
43 47 33
93 213 84
51 198 1
129 172 36
67 213 1
71 143 1
140 170 7
30 121 30
145 207 11
169 209 1
101 243 1
131 157 49
220 234 60
169 183 1
74 164 1
1 8 1
143 155 1
238 254 1
10 130 10
183 194 15
53 112 5
92 154 1
20 95 17
13 32 13
15 89 10
37 58 15
138 220 24
47 139 12
137 218 1
163 172 48
161 172 48
17 24 17
75 167 1
1 256 1
2 146 2
195 241 39
80 122 1
145 217 1
73 80 1
123 189 1
1 21 1
19 67 13
128 175 1
12 88 12
134 236 1
129 132 16
88 158 39
44 202 1
4 97 4
72 95 24
69 132 16
231 232 160
6 116 6
100 130 63
68 130 63
76 167 1
13 92 10
128 147 1
78 109 24
3 29 3
243 251 27
20 101 17
3 102 1
43 149 33
4 204 1
103 167 12
45 46 1
211 249 1
140 144 7
17 137 17
1 130 1
60 148 60
32 223 13
106 155 1
28 33 28
158 173 12
59 150 1
42 88 1
105 142 10
192 224 16
26 93 2
129 230 36
76 155 1
48 165 1
30 242 10
144 253 6
153 157 1
89 230 48
6 59 6
190 249 1
126 134 1
5 171 5
170 250 1
102 199 44
202 215 24
87 148 1
144 248 7
78 191 1
9 226 9
44 199 44
79 236 79
117 168 6
86 147 11
210 226 9
132 178 1
89 207 65
6 240 2
6 165 6
105 207 10
17 127 1
39 174 1
73 237 1
221 246 29
2 6 2
8 109 6
3 209 3
8 20 6
81 249 15
20 74 17
13 223 13
22 203 18
141 222 14
71 212 5
48 231 1
4 133 1
89 118 1
79 169 79
160 182 160
177 218 1
20 120 17
4 154 1
5 62 5
101 237 66
132 172 16
97 217 1
31 154 1
228 232 160
64 210 1
52 240 1
150 237 1
135 206 15
16 52 16
22 191 14
101 194 1
69 124 1
165 227 59
20 213 17
127 188 1
40 197 1
90 220 60
2 70 1
85 128 1
83 123 1
228 235 160
2 110 2
60 170 6
3 242 3
3 23 3
206 232 1
21 231 1
1 45 1
92 163 65
205 207 48
132 214 16
17 72 17
33 46 33
113 145 11
10 50 10
90 106 66
71 153 1
168 221 1
20 231 2
64 194 1
9 65 5
12 69 1
138 233 24
157 204 1
26 139 1
23 142 10
19 164 10
159 193 1
1 189 1
13 195 1
225 247 1
4 173 4
3 201 3
131 173 12
98 237 24
208 224 5
171 198 1
64 154 1
33 156 12
1 39 1
27 248 1
87 187 12
109 193 84
30 132 11
227 256 24
11 34 11
183 238 15
93 109 93
6 136 6
112 114 1
18 199 1
107 148 66
99 154 99
30 198 1
31 199 1
78 190 66
21 238 1
9 218 9
99 185 1
201 226 5
10 117 1
158 191 1
6 180 6
170 181 170
98 116 59
89 192 16
17 255 17
7 177 1
163 204 36
110 176 2
137 227 59
84 98 79
20 215 17
48 118 1
201 238 5
116 255 59
3 32 3
166 247 1
92 224 65
61 238 15
1 173 1
235 241 1
66 177 1
104 245 5
47 151 1
43 102 33
3 197 3
3 19 3
25 82 9
5 65 5
4 43 4
30 78 1
6 200 6
163 210 5
56 252 1
12 156 12
112 163 5
160 171 1
115 144 7
101 220 60
137 158 1
69 242 10
160 165 2
121 224 11
190 255 24
137 236 93
158 178 39
172 204 36
213 236 84
13 137 1
11 16 11
52 132 16
5 192 5
1 120 1
129 151 36
133 214 1
84 121 1
89 172 48
192 204 16
8 65 1
12 43 12
6 106 6
115 146 6
1 202 1
65 150 1
5 132 5
3 223 3
1 54 1
108 136 1
20 93 17
212 226 9
89 151 48
15 135 15
144 244 1
133 239 84
94 223 1
2 170 2
105 161 10
105 159 10
92 161 65
61 164 29
53 145 11
14 171 1
94 191 1
11 86 11
197 245 5
90 163 1
117 232 2
135 228 1
8 233 6
11 161 11
172 214 48
11 151 11
121 145 11
16 192 16
27 78 1
7 106 6
28 108 28
30 188 1
90 129 1
4 158 4
131 179 1
130 199 1
7 248 7
65 114 1
7 124 7
51 85 1
148 190 66
150 199 12
41 63 1
45 118 6
12 166 12
7 63 1
131 212 1
14 232 1
60 247 1
44 243 1
6 144 6
88 89 1
122 175 88
12 158 12
13 229 1
87 97 40
84 93 84
11 147 11
83 247 1
141 146 1
1 73 1
4 102 4
192 249 10
66 182 2
1 75 1
100 250 62
10 209 10
12 54 12
10 36 10
94 146 6
5 61 5
62 142 11
21 145 1
2 240 2
62 130 62
126 175 12
52 155 48
18 83 18
63 197 63
2 94 2
211 251 1
30 115 1
117 165 59
137 157 1
15 39 1
59 193 59
154 184 27
112 253 1
7 181 7
22 177 1
1 48 1
100 240 1
14 117 1
4 33 4
1 31 1
120 220 24
132 139 1
24 76 24
74 182 2
20 253 6
92 169 1
2 193 2
29 125 1
62 201 5
5 221 5
164 203 1
61 81 29
83 99 1
34 82 5
24 60 24
1 7 1
7 127 1
147 161 11
80 213 1
25 194 5
50 135 15
126 212 1
69 163 36
23 183 15
11 62 11
74 128 1
18 47 1
77 120 1
145 171 11
54 173 12
1 215 1
1 167 1
170 191 1
8 87 1
17 190 17
98 236 79
72 253 6
184 243 27
23 196 10
80 171 11
1 201 1
84 227 59
77 251 1
63 100 63
85 88 12
3 132 3
1 134 1
37 81 15
181 209 1
54 234 1
45 144 6
118 124 118
169 225 1
15 206 15
165 254 1
109 117 84
133 233 93
1 32 1
33 108 33
20 178 1
196 200 1
115 116 6
93 239 84
205 224 48
4 28 4
146 185 6
5 152 5
78 180 24
198 239 1
36 249 10
15 183 15
64 185 1
100 241 1
40 49 12
28 178 12
22 153 1
26 91 1
1 82 1
4 216 4
129 159 10
7 82 1
137 226 1
19 32 13
207 219 1
1 175 1
141 191 14
56 154 27
152 212 9
152 179 5
33 107 1
10 63 10
211 242 1
15 50 15
15 188 1
113 120 1
166 245 1
43 208 1
4 241 4
135 166 1
75 90 60
24 104 1
7 146 6
136 244 1
95 175 1
20 241 1
90 252 2
16 185 1
125 144 1
1 97 1
103 178 88
5 247 5
133 227 59
12 97 12
87 197 1
141 219 1
114 243 1
194 235 1
144 226 1
2 160 2
42 247 5
25 250 5
26 209 1
36 247 16
55 90 55
165 223 1
52 207 52
3 245 3
62 86 62
1 169 1
1 77 1
160 235 160
115 227 6
21 170 1
1 86 1
112 216 1
220 237 60
15 74 1
14 22 14
52 247 16
18 143 18
30 62 11
1 95 1
14 197 1
86 130 62
35 85 35
26 199 1
4 199 4
24 78 24
44 89 1
146 195 1
28 211 28
94 227 59
13 163 10
47 108 44
165 191 1
10 151 10
106 188 24
5 89 5
30 126 1
40 81 1
139 181 1
28 87 12
224 236 1
12 101 1
36 56 1
121 153 1
120 236 24
180 236 24
17 74 17
34 179 10
73 155 1
186 248 186
25 54 1
59 215 24
18 224 1
59 70 1
138 238 1
151 155 151
178 241 39
143 227 1
100 201 5
189 239 1
20 98 17
85 173 12
73 149 33
33 125 1
1 70 1
27 227 1
17 227 17
36 157 1
128 229 18
104 114 1
112 208 9
2 38 2
169 236 79
5 130 5
35 251 1
1 127 1
160 189 1
79 114 1
170 253 6
3 176 1
48 96 11
25 64 1
10 11 10
198 205 1
52 195 1
125 212 1
200 220 6
13 196 13
138 222 1
178 238 1
61 183 29
42 125 1
70 246 1
27 99 27
245 251 1
16 224 16
2 253 2
75 150 1
132 224 16
76 117 24
96 218 5
1 246 1
169 239 79
151 244 10
32 187 1
40 146 1
76 120 76
65 238 10
125 146 1
87 102 12
114 229 14
62 94 1
5 9 5
49 147 1
18 153 1
107 234 66
71 151 48
6 93 6
13 19 13
61 216 1
136 210 1
131 152 1
83 152 1
145 181 1
10 125 1
144 175 1
48 209 11
142 171 142
98 117 79
97 136 1
197 203 1
17 193 17
146 236 6
2 228 2
3 36 3
134 137 1
25 62 5
26 203 1
140 165 6
29 222 1
84 153 1
171 232 1
25 208 9
1 91 1
8 115 8
117 236 84
10 30 10
3 104 3
208 217 1
39 88 39
54 109 1
86 213 1
10 246 10
210 252 1
72 148 66
136 255 84
6 236 6
192 243 1
63 128 1
1 23 1
117 133 84
152 195 1
194 201 5
15 221 15
155 253 1
5 159 5
6 253 6
1 185 1
75 81 1
10 105 10
210 218 9
135 249 15
59 188 59
1 117 1
1 30 1
146 223 1
5 194 5
8 113 1
60 69 1
1 35 1
18 188 1
87 224 1
34 123 34
82 102 1
50 159 10
184 185 1
43 46 33
169 227 59
13 150 1
92 172 48
7 24 6
148 212 1
20 24 17
73 187 33
47 248 1
9 227 1
5 32 5
164 174 10
139 165 1
233 255 84
11 48 11
1 177 1
54 142 1
4 93 1
12 21 12
85 161 1
78 148 66
61 206 15
153 154 1
52 76 1
36 192 16
11 245 5
146 238 1
164 183 29
100 104 63
1 3 1
79 240 2
177 228 1
9 206 5
84 116 59
43 73 33
109 236 109
193 202 24
1 61 1
142 207 11
7 92 1
31 71 11
182 220 2
26 64 1
107 185 6
31 244 10
52 171 11
1 84 1
91 207 10
179 218 5
49 139 49
134 226 134
109 253 6
104 117 1
190 214 1
153 191 1
99 166 1
52 176 1
11 69 11
104 161 11
1 152 1
109 136 93
22 222 14
220 221 1
94 120 24
133 154 1
12 211 12
168 174 1
79 201 1
10 147 10
53 96 53
51 165 1
143 229 143
2 255 2
132 245 5
193 227 59
40 177 40
6 179 1
95 181 6
131 232 1
4 21 4
167 190 1
47 187 33
180 254 1
1 125 1
22 67 1
38 78 2
33 173 12
16 151 16
62 113 11
87 167 40
92 230 48
173 240 1
12 44 12
123 242 10
252 256 2
21 225 21
50 184 1
145 247 11
1 15 1
99 134 1
2 57 2
1 56 1
15 81 15
48 52 48
5 13 5
25 212 25
120 171 1
127 223 13
119 217 1
22 75 1
105 205 10
205 247 16
55 255 24
11 164 10
76 252 2
3 246 3
12 33 12
216 229 1
93 169 79
6 185 6
106 110 2
66 76 24
59 169 59
37 201 5
190 240 2
96 113 96
205 214 48
5 19 5
1 166 1
7 160 2
146 178 1
22 70 1
160 217 160
214 236 1
16 251 1
27 136 1
45 116 24
233 256 24
41 206 1
143 203 143
33 149 33
89 161 89
168 181 8
148 237 66
149 216 12
110 151 1
1 181 1
69 104 11
94 117 79
107 253 6
174 250 62
49 77 12
18 222 14
12 199 12
29 70 1
15 167 1
5 92 5
4 46 4
119 216 12
94 241 1
71 116 1
23 179 23
10 221 10
62 68 62
163 223 10
122 171 1
192 207 16
133 173 1
21 166 21
84 193 84
151 247 16
106 228 2
226 245 9
46 250 1
156 242 1
9 38 1
196 235 1
128 236 1
1 28 1
45 105 1
102 187 33
84 239 84
14 224 1
132 151 16
2 217 2
109 163 1
82 147 5
109 165 59
126 200 1
63 208 5
136 193 84
1 16 1
5 157 1
47 149 33
12 85 12
109 233 93
99 157 1
198 216 12
56 215 1
41 158 12
98 136 79
1 65 1
5 16 5
97 160 1
1 53 1
4 108 4
2 95 2
34 213 1
20 138 17
153 184 1
4 253 1
147 153 1
1 227 1
65 205 48
33 77 33
49 231 1
37 255 1
24 30 1
71 215 1
7 254 1
3 86 3
50 206 15
65 78 1
134 228 1
7 18 1
88 155 1
101 144 6
10 29 10
43 69 1
1 85 1
84 202 24
24 233 24
2 165 2
9 245 9
6 168 6
196 206 10
198 233 1
71 132 16
3 174 3
232 234 2
10 65 10
3 152 3
78 223 1
21 90 1
87 90 1
29 206 15
5 164 5
84 103 1
57 236 2
2 138 2
158 199 12
57 160 2
188 202 24
54 171 1
18 144 1
153 171 1
50 248 1
19 63 10
76 190 24
143 218 1
17 75 17
113 121 11
85 170 1
57 182 2
7 34 1
46 199 33
10 81 10
79 95 24
116 132 1
119 167 12
77 118 1
48 141 1
20 165 17
102 189 12
120 178 1
16 201 5
128 199 1
12 40 12
1 57 1
26 38 2
22 137 1
173 187 12
13 159 10
80 105 10
9 134 9
41 173 12
66 142 1
128 221 1
20 116 17
3 16 3
2 74 2
160 220 2
91 202 1
17 169 17
21 97 21
52 151 48
73 116 1
95 169 24
91 242 10
1 60 1
2 118 2
121 253 1
82 205 5
62 100 62
86 216 1
44 108 44
63 176 1
73 173 12
52 214 52
128 152 1
73 244 1
52 124 1
129 152 5
67 101 1
82 151 5
75 107 60
223 245 5
160 219 1
17 202 17
6 138 6
57 240 2
70 224 1
1 89 1
133 155 1
104 250 62
133 146 6
194 205 10
44 190 1
84 169 79
3 81 3
24 237 24
88 162 39
163 251 1
62 95 1
63 130 63
76 245 1
131 185 1
2 149 1
9 72 1
60 112 1
16 241 1
59 233 59
152 218 9
173 225 12
136 219 1
80 229 1
48 230 48
128 233 1
136 140 6
145 209 11
5 207 5
92 178 1
122 241 39
38 85 1
72 152 1
31 75 1
92 214 65
153 249 1
11 30 11
84 159 1
4 23 1
5 86 5
10 224 10
124 206 1
42 179 5
4 167 4
73 87 12
16 36 16
106 253 6
126 173 12
87 166 87
105 196 10
4 52 1
41 102 12
3 244 3
126 174 1
20 137 17
5 58 5
4 156 4
96 112 5
105 129 10
81 193 1
107 175 1
70 119 12
173 177 12
136 179 1
97 208 1
55 230 1
87 123 1
23 249 23
138 181 6
1 93 1
26 113 1
102 210 1
57 90 2
184 237 1
70 161 1
156 243 1
21 229 1
156 225 12
119 202 1
83 160 1
108 216 12
139 149 12
26 179 1
37 214 10
52 127 10
46 87 12
1 219 1
121 190 1
39 94 1
74 116 74
134 174 5
3 39 1
9 79 1
75 79 24
52 77 1
139 229 1
24 116 24
10 129 10
185 225 1
71 129 36
217 245 1
147 204 11
159 223 10
2 162 1
186 245 1
185 228 2
61 249 15
129 169 1
176 235 176
70 94 1
49 212 1
35 149 12
62 227 1
180 202 180
46 251 1
64 152 1
30 237 1
110 128 1
129 155 36
23 200 1
34 85 1
39 54 12
22 143 18
72 75 60
10 192 10
17 215 17
230 253 1
140 232 2
10 86 10
164 212 5
26 142 1
166 242 1
119 195 12
10 24 1
143 176 1
81 194 15
127 176 1
213 243 1
16 203 1
28 187 28
71 83 1
24 239 24
44 198 12
128 153 1
84 133 84
9 221 5
114 145 1
67 243 1
24 120 24
177 251 1
24 255 24
132 251 1
176 232 176
1 254 1
105 235 1
148 238 1
30 72 1
116 133 59
60 168 6
30 223 10
186 222 1
23 40 1
56 239 1
95 183 1
50 140 1
22 243 1
59 255 59
64 100 1
26 228 2
96 236 1
97 110 1
41 146 1
3 153 1
79 93 79
71 119 1
135 165 1
142 156 1
83 94 1
42 43 1
25 96 5
143 153 1
63 196 10
77 82 1
76 171 1
59 117 59
59 146 6
48 153 1
1 222 1
131 153 1
134 201 5
63 68 63
118 227 6
168 202 6
59 116 59
133 137 93
112 210 9
110 208 1
51 99 27
160 251 1
2 182 2
3 142 3
28 123 1
16 142 11
151 186 1
18 229 18
21 103 12
24 47 1
3 96 3
207 253 1
53 234 1
238 246 15
77 149 33
3 164 3
98 239 79
21 74 1
5 246 5
6 120 6
2 148 2
87 88 12
10 68 10
47 69 1
6 255 6
16 232 1
14 114 14
145 248 1
147 164 10
20 236 17
12 175 12
24 206 1
8 157 1
78 220 60
20 148 17
109 239 84
32 71 10
124 202 6
92 151 48
9 152 9
127 242 10
140 186 7
222 229 14
165 244 1
64 238 1
40 139 12
1 138 1
32 95 1
5 208 5
90 101 66
114 203 14
26 220 2
101 181 6
205 245 5
8 16 1
67 218 5
4 195 4
72 122 1
3 105 3
63 112 5
47 214 1
50 79 1
6 24 6
2 183 1
172 247 16
131 139 49
64 195 12
39 75 1
131 186 1
94 255 79
118 144 7
66 77 1
118 168 7
77 102 33
109 180 24
16 132 16
158 175 39
116 253 6
46 196 1
134 220 1
55 107 55
24 179 1
51 154 27
67 87 1
95 222 1
201 252 1
3 37 3
192 214 16
117 233 84
146 193 6
85 185 1
86 92 11
61 193 1
102 198 12
108 188 1
55 69 1
11 207 11
166 228 1
55 72 55
89 212 5
1 158 1
93 137 93
25 94 1
20 75 17
29 246 29
176 217 176
20 87 1
183 226 5
132 155 16
209 217 1
48 142 11
88 195 88
167 188 1
58 105 10
118 142 1
85 104 1
29 74 1
1 216 1
8 168 8
172 207 48
49 70 49
12 173 12
6 94 6
186 235 2
38 115 2
41 251 1
187 247 1
145 205 11
142 251 1
74 94 59
86 104 62
74 249 1
28 44 28
9 112 9
153 235 1
171 226 5
142 159 10
65 132 16
97 238 1
129 214 36
140 229 1
103 181 1
90 184 1
81 149 1
126 149 12
71 144 1
139 163 1
21 244 1
1 58 1
91 234 1
164 206 15
135 223 10
18 223 1
172 193 1
77 176 1
6 217 2
112 118 1
50 203 1
1 172 1
161 235 1
123 178 1
10 114 1
10 207 10
56 100 1
155 181 1
90 203 1
155 161 48
116 177 1
12 245 1
28 93 1
114 224 1
179 214 10
30 170 1
8 181 8
207 210 5
180 220 24
75 219 1
131 216 131
49 80 1
3 218 3
25 210 9
74 193 59
3 138 1
204 230 36
9 161 5
5 249 5
43 210 1
9 210 9
39 228 1
92 204 36
128 189 1
45 169 24
25 201 5
174 255 1
19 162 1
2 17 2
24 66 24
5 20 1
73 198 12
173 189 12
13 240 1
1 96 1
13 96 10
51 107 1
1 232 1
87 202 1
27 185 1
5 37 5
192 201 5
115 170 115
74 84 59
10 250 10
13 67 13
78 143 1
2 106 2
174 229 1
160 204 1
41 113 1
139 194 1
130 159 10
117 228 2
126 211 12
94 103 1
1 11 1
62 232 1
110 253 2
17 95 17
201 230 5
231 234 2
10 249 10
4 47 4
17 35 1
28 73 28
11 204 11
146 165 6
21 167 21
21 216 12
80 98 1
243 255 1
164 248 1
38 200 2
116 164 1
45 107 24
1 109 1
167 173 12
103 176 1
115 204 1
214 222 1
50 60 1
97 159 1
1 139 1
73 241 12
133 164 1
19 144 1
181 219 1
1 42 1
182 240 2
124 125 1
116 211 1
41 122 12
69 179 10
88 207 1
23 246 15
161 217 1
78 208 1
71 85 1
17 66 17
38 62 1
1 249 1
128 190 1
33 211 33
121 174 11
48 63 11
55 130 1
79 98 79
137 217 2
161 214 161
89 125 1
39 55 1
111 118 1
70 202 1
214 233 1
144 256 6
37 61 15
79 213 79
187 234 1
91 187 1
186 232 2
18 105 1
86 123 11
1 168 1
16 89 16
25 179 5
20 78 17
31 107 1
13 123 10
219 237 1
137 188 93
24 136 24
26 176 2
45 202 24
129 207 36
118 238 1
19 201 5
66 240 2
34 63 11
22 33 1
50 137 1
16 129 16
4 85 4
11 68 11
53 189 1
98 137 79
133 191 1
17 101 17
206 221 15
3 210 3
147 205 11
39 91 1
101 193 24
86 248 1
23 75 1
103 175 103
228 240 2
23 28 1
6 169 6
3 171 3
148 236 24
12 119 12
12 87 12
161 230 48
10 61 10
28 49 12
26 57 2
1 245 1
29 153 1
89 92 65
141 154 1
6 115 6
5 123 5
4 103 4
155 242 10
82 127 5
34 132 11
183 221 183
56 62 1
17 94 17
116 137 59
1 111 1
15 70 1
59 74 59
78 234 66
31 62 11
66 234 66
110 218 1
40 198 12
36 224 36
36 218 5
74 156 1
98 166 1
99 193 1
39 239 1
56 83 1
3 61 3
43 211 33
121 164 10
104 105 10
196 236 1
30 103 1
17 78 17
115 201 1
9 252 1
48 172 48
129 223 10
190 234 66
168 200 168
35 41 12
74 160 2
1 178 1
10 205 10
86 241 1
11 20 1
65 204 36
3 63 3
26 252 26
7 68 1
31 50 10
83 115 1
113 149 1
158 189 12
19 211 1
32 91 32
181 253 6
41 141 1
50 188 1
92 208 5
116 185 6
5 244 5
45 61 1
17 133 17
133 148 24
214 254 1
40 44 12
150 197 1
12 72 1
33 182 1
127 232 1
24 234 24
1 76 1
63 256 1
48 54 1
135 183 15
75 230 1
136 202 24
119 239 1
89 159 10
60 90 60
231 240 2
2 219 1
36 69 36
70 223 1
14 178 1
13 111 10
19 38 1
4 178 4
52 201 5
10 244 10
12 241 12
65 201 5
122 158 39
92 241 1
81 179 15
107 199 1
52 192 16
210 223 5
1 234 1
20 83 1
229 233 1
12 208 1
110 115 2
30 48 11
144 254 1
70 199 12
74 202 24
84 120 24
79 232 2
42 192 5
14 222 14
146 237 6
230 243 1
20 117 17
67 157 1
28 55 1
61 87 1
135 246 15
30 68 11
92 247 16
21 199 12
41 254 12
253 256 6
1 68 1
147 217 1
161 205 48
59 109 59
60 256 60
28 43 28
38 249 1
40 178 12
24 165 24
61 227 1
12 35 12
75 148 60
66 220 60
200 246 1
20 248 6
10 52 10
165 213 59
147 212 5
24 77 1
1 155 1
40 218 1
86 134 5
152 204 5
47 153 1
17 188 17
51 89 1
41 152 1
117 136 84
32 127 32
98 109 79
28 174 1
123 207 11
5 127 5
132 247 132
73 159 1
11 178 1
215 237 60
1 226 1
12 76 1
42 221 5
96 248 1
33 229 1
55 161 1
105 223 10
117 170 6
61 145 10
83 139 1
1 171 1
67 179 10
90 170 6
20 155 1
60 133 24
3 71 3
41 189 41
130 243 1
137 169 79
17 116 17
180 214 1
147 242 10
35 92 1
71 80 11
170 193 6
128 205 1
67 126 1
146 214 1
22 183 1
55 91 1
159 214 10
61 170 1
58 176 1
185 189 1
101 234 66
52 87 1
114 128 14
99 121 1
19 49 1
25 218 9
180 209 1
172 253 1
45 78 24
39 218 1
1 121 1
59 184 1
80 250 62
61 232 1
39 214 1
48 226 5
156 161 1
150 240 1
35 198 12
10 149 1
213 215 24
24 32 1
2 20 2
175 198 12
1 136 1
23 194 15
140 150 1
72 190 66
39 173 12
11 52 11
52 189 1
155 207 48
24 175 1
102 183 1
33 187 33
147 206 10
67 115 1
12 150 12
1 131 1
2 235 2
190 224 1
120 146 6
83 125 14
50 183 29
9 168 1
89 155 48
113 231 1
47 136 1
179 241 1
4 149 4
194 244 10
203 229 203
151 239 1
4 153 1
113 224 11
168 182 2
48 250 11
117 151 1
140 253 6
96 226 5
112 132 5
139 214 1
149 171 1
24 46 1
27 243 27
179 240 1
75 78 60
17 106 17
131 198 12
3 194 3
178 196 1
4 254 4
144 148 6
2 90 2
127 155 10
20 201 1
66 122 1
57 248 2
10 204 10
183 205 10
2 190 2
1 144 1
91 241 1
63 144 1
168 256 6
54 156 12
3 129 3
80 146 1
206 242 10
51 224 1
68 198 1
1 128 1
1 157 1
6 55 6
95 202 24
78 185 6
115 226 1
164 247 10
12 46 12
142 229 1
132 163 16
73 175 12
5 204 5
103 224 1
75 137 24
137 161 1
155 187 1
45 137 24
72 224 1
161 237 1
3 214 3
218 241 1
57 148 2
79 233 79
8 217 2
70 133 1
111 127 10
67 161 10
157 198 12
17 225 1
122 178 122
5 245 5
120 133 24
21 122 12
165 170 6
108 245 1
180 256 24
45 127 1
8 126 1
96 152 5
28 176 1
73 211 33
52 92 52
143 168 1
116 251 1
118 140 7
102 154 1
86 117 1
20 227 17
166 182 1
93 199 1
38 239 2
236 239 84
131 246 1
96 212 5
3 111 3
57 180 2
117 245 1
57 110 2
185 253 6
130 162 1
15 138 1
99 125 1
150 252 1
191 227 1
76 110 2
113 222 1
25 122 1
92 112 5
90 138 24
37 202 1
43 156 12
113 123 113
21 45 1
196 253 1
208 237 1
106 144 6
131 210 1
131 203 1
24 43 1
112 198 1
132 223 10
110 125 1
146 150 1
86 177 1
15 27 1
10 245 5
219 254 12
105 141 1
222 256 1
207 208 5
66 251 1
146 228 2
1 228 1
43 199 33
67 98 1
91 105 10
120 130 1
110 160 2
92 217 1
154 169 1
19 223 19
64 145 1
79 239 79
6 227 6
98 148 24
103 235 1
77 195 12
1 106 1
88 103 88
133 253 6
5 78 1
161 192 16
144 225 1
213 227 59
24 133 24
5 111 5
60 74 24
150 198 12
63 149 1
200 241 1
90 215 60
105 171 10
109 178 1
156 177 12
212 245 9
39 162 39
4 229 1
194 203 1
73 213 1
2 152 1
54 114 1
160 197 1
31 106 1
66 85 1
23 29 15
84 236 84
60 142 1
58 228 1
144 186 7
58 147 10
137 165 59
55 188 24
49 75 1
114 149 1
103 162 39
24 44 1
89 163 89
202 210 1
81 91 10
46 109 1
58 135 15
26 183 1
128 187 1
198 209 1
27 181 1
110 170 2
79 202 24
185 235 2
1 165 1
163 171 11
15 246 15
117 125 1
10 160 1
112 128 1
242 246 10
29 245 5
67 154 1
52 196 10
18 205 1
195 202 1
190 204 1
107 215 60
150 201 1
163 220 1
141 200 1
30 219 1
17 180 17
177 179 1
125 210 1
140 248 7
126 198 12
70 174 1
3 196 3
81 157 1
31 136 1
68 111 10
52 234 1
34 47 1
98 216 1
65 129 36
1 116 1
63 155 11
82 135 5
108 198 12
73 199 33
77 187 33
227 247 1
111 207 10
182 217 182
12 167 12
19 99 1
152 241 1
4 101 1
21 247 1
87 179 1
1 198 1
138 170 6
3 204 3
106 234 66
88 124 1
35 215 1
7 8 7
59 79 59
44 151 1
94 98 94
36 55 1
73 88 12
52 230 48
29 238 15
86 229 1
65 155 48
218 229 1
142 150 1
5 96 5
23 198 1
28 96 1
145 231 1
64 144 1
26 120 2
82 218 9
61 110 1
49 65 1
84 219 1
18 120 1
6 233 6
133 240 2
16 252 1
221 232 1
184 194 1
69 89 36
153 233 1
37 104 10
2 215 2
85 254 12
180 193 24
246 250 10
140 251 1
128 204 1
2 5 1
54 58 1
62 159 10
47 169 1
119 138 1
11 129 11
243 253 1
194 200 1
47 218 1
12 224 1
41 219 12
20 97 1
122 199 12
65 184 1
5 80 5
30 145 11
206 233 1
145 161 11
201 240 1
1 161 1
19 93 1
60 82 1
24 101 24
37 101 1
10 184 1
48 60 1
156 252 1
68 239 1
10 142 10
28 162 12
80 104 80
57 145 1
40 135 1
76 177 1
137 139 1
91 206 10
21 160 1
64 182 1
26 249 1
2 71 1
75 252 2
118 143 1
14 141 14
78 253 6
45 224 1
8 138 6
149 217 1
56 99 27
188 192 1
17 90 17
16 92 16
217 240 2
84 186 6
55 103 1
68 145 11
42 152 9
5 235 1
58 169 1
102 130 1
144 200 7
81 254 1
83 176 1
83 218 1
98 105 1
104 176 1
144 216 1
96 174 11
64 211 12
26 256 2
104 244 10
16 247 16
82 125 1
62 174 62
53 65 11
115 131 1
28 35 12
64 150 12
45 120 45
106 236 24
219 242 1
108 214 1
120 208 1
109 170 6
71 187 1
159 174 10
96 123 96
42 212 9
81 139 1
195 210 1
159 244 10
105 242 10
16 41 1
76 170 6
50 179 15
96 110 1
98 247 1
15 194 15
55 60 55
116 240 2
187 239 1
134 212 9
20 190 17
42 245 42
153 243 1
23 199 1
24 91 1
44 47 44
70 183 1
165 239 59
219 231 1
24 142 1
61 178 1
147 197 11
63 253 1
123 236 1
95 145 1
44 253 1
4 198 4
197 251 1
109 251 1
26 231 2
170 171 1
50 90 1
76 256 24
93 136 93
185 209 1
223 243 1
70 112 1
209 242 10
151 205 151
89 224 65
80 182 1
199 205 1
85 158 12
86 210 5
18 85 1
136 232 2
1 100 1
66 190 66
53 256 1
210 250 5
42 218 9
70 155 1
14 88 1
21 96 1
2 169 2
106 248 6
148 255 24
4 122 4
150 186 1
11 227 1
12 142 1
80 238 10
55 222 1
32 75 1
2 140 2
27 129 1
84 213 84
75 154 1
14 166 1
160 232 160
104 197 63
44 208 1
124 168 7
36 235 1
10 159 10
121 141 1
108 221 1
154 255 1
40 156 12
33 44 33
24 193 24
70 83 1
126 239 1
14 149 1
29 50 29
141 207 1
61 148 1
64 157 64
117 138 24
78 94 24
86 176 1
14 165 1
93 236 93
79 109 79
178 209 1
135 146 1
183 227 1
54 73 12
2 237 2
59 227 59
62 197 62
214 247 16
8 50 1
90 107 66
116 239 59
83 222 14
113 253 1
67 254 1
96 121 11
96 171 11
17 107 17
39 226 1
242 244 10
31 72 1
59 84 59
72 132 1
55 147 1
94 183 1
7 168 7
140 236 6
100 153 1
78 160 2
53 190 1
112 218 9
64 151 1
140 168 7
99 114 1
10 127 10
65 69 36
184 214 1
39 44 12
107 146 6
20 222 1
6 76 6
24 213 24
117 253 6
9 84 1
197 202 1
26 189 1
77 143 1
168 251 1
94 128 1
81 101 1
67 159 10
59 177 1
7 170 7
29 212 5
137 146 6
88 167 12
222 226 1
3 238 3
13 152 5
117 248 6
195 251 1
85 245 1
56 97 1
84 217 2
55 237 55
1 126 1
145 253 1
103 227 1
106 231 2
121 123 11
5 206 5
102 147 1
114 141 14
74 87 1
20 180 17
17 138 17
100 134 5
132 133 1
99 132 1
183 187 1
11 92 11
182 215 2
79 116 59
96 156 1
46 103 12
16 205 16
48 66 1
52 78 1
153 203 1
133 255 84
39 201 1
1 221 1
134 152 134
182 201 1
95 201 1
70 170 1
232 240 2
76 101 24
137 213 84
216 227 1
20 55 17
12 195 12
72 89 1
96 202 1
54 87 12
153 236 1
171 234 1
29 130 10
117 174 1
43 198 12
25 209 5
95 193 24
10 15 10
50 242 10
107 256 60
72 93 24
21 57 1
62 63 62
161 231 1
46 104 1
54 199 12
24 65 1
90 243 1
202 230 1
64 139 64
184 254 1
15 23 15
146 211 1
48 199 1
210 231 1
27 236 1
57 86 1
140 199 1
35 125 1
93 123 1
43 101 1
45 254 1
45 231 2
67 196 67
5 121 5
190 256 60
181 227 6
120 240 2
10 197 10
4 225 4
1 124 1
22 186 1
164 223 10
130 191 1
89 176 1
183 247 10
6 228 2
53 75 1
86 205 11
73 214 1
61 220 1
142 243 1
80 206 10
85 189 12
35 216 12
169 218 1
122 142 1
87 157 12
11 63 11
35 95 1
132 229 1
2 139 1
149 175 12
111 256 1
29 203 1
48 89 48
10 196 10
133 158 1
3 224 3
71 73 1
6 66 6
149 184 1
143 181 1
35 209 1
7 236 6
54 70 49
132 161 16
42 63 5
101 229 1
2 124 2
116 196 1
123 153 1
60 75 60
191 229 14
26 251 1
29 159 10
70 166 12
18 140 1
100 249 10
64 223 1
41 77 12
49 216 49
17 165 17
98 100 1
133 213 84
143 197 1
75 180 24
16 65 16
115 163 1
6 239 6
58 76 1
50 245 5
68 96 11
83 221 1
141 203 18
22 87 1
16 148 1
68 132 11
75 237 60
61 201 5
80 175 1
144 249 1
191 203 14
120 123 1
49 60 1
20 256 17
4 189 4
221 233 1
11 250 11
25 111 5
3 30 3
30 80 11
179 223 10
2 60 2
156 247 1
78 239 24
24 57 2
161 256 1
86 225 1
66 169 24
54 131 54
17 146 6
109 228 2
74 98 59
7 109 6
1 213 1
50 124 1
117 214 1
58 246 15
14 59 1
224 250 11
53 199 1
44 207 1
24 98 24
68 210 5
1 242 1
30 167 1
55 113 1
36 48 36
1 133 1
140 245 1
20 72 17
138 241 1
96 199 1
3 147 3
91 106 1
35 219 12
66 75 60
169 241 1
39 85 12
28 40 12
213 249 1
48 87 1
52 109 1
40 126 40
10 237 1
22 83 22
201 206 5
136 181 6
172 205 172
4 220 1
193 236 84
91 193 1
109 121 1
8 147 1
160 183 1
35 173 12
17 79 17
24 87 1
63 157 1
47 83 1
211 224 1
38 110 2
3 42 3
6 170 6
222 238 1
92 192 16
184 197 1
10 91 10
163 255 1
61 68 10
56 167 1
77 215 1
3 91 3
45 209 1
60 149 1
129 243 1
131 226 1
79 94 79
6 190 6
31 247 11
11 114 1
88 192 1
74 141 1
43 108 33
99 204 1
44 211 44
107 189 1
4 211 4
104 195 1
55 206 1
96 177 1
132 216 1
48 214 48
2 18 1
59 202 24
72 120 24
19 244 10
182 223 1
96 105 10
17 234 17
58 206 15
6 84 6
3 151 3
48 155 48
164 167 1
130 249 10
227 233 59
118 184 1
49 207 1
150 189 150
104 204 11
6 74 6
109 133 109
142 145 11
122 166 12
67 237 1
55 95 24
131 238 1
10 172 10
89 137 1
208 256 1
143 207 1
131 241 12
98 188 79
24 166 1
65 166 1
106 220 60
62 212 5
18 197 1
24 220 24
212 225 1
120 255 24
13 237 1
207 228 1
1 230 1
96 173 1
117 119 1
24 137 24
84 109 84
18 162 1
27 123 1
51 228 1
34 96 34
82 251 1
181 210 1
33 254 33
69 232 1
38 195 1
198 212 1
28 47 28
31 44 1
6 82 1
194 249 15
6 214 1
106 185 6
41 218 1
11 97 1
48 102 1
156 212 1
182 207 1
4 126 4
59 208 1
66 162 1
81 161 10
19 254 1
28 207 1
203 248 1
66 237 66
43 55 1
144 165 6
2 24 2
37 194 37
56 114 1
1 46 1
24 33 1
70 79 1
59 171 1
21 114 1
94 141 1
157 189 12
8 106 6
126 181 1
5 224 5
64 75 1
207 238 10
218 245 9
201 212 5
99 219 1
20 252 2
21 196 1
159 184 1
188 198 1
12 131 12
109 225 1
6 256 6
63 164 10
193 208 1
12 229 1
91 115 1
134 153 1
1 29 1
135 232 1
65 71 65
2 220 2
2 107 2
165 236 59
148 151 1
57 87 1
101 146 6
8 120 6
179 242 10
30 53 11
23 143 1
7 121 1
89 188 1
124 225 1
77 212 1
68 186 1
23 78 1
60 194 1
77 145 1
166 195 12
115 124 7
33 253 1
195 250 1
65 247 16
76 199 1
136 145 1
145 206 10
46 221 1
190 209 1
144 190 6
77 183 1
155 163 48
62 248 1
86 170 1
18 40 1
166 178 12
13 114 1
117 137 84
10 131 1
48 132 16
1 174 1
123 255 1
49 243 1
233 249 1
2 79 2
38 235 2
149 161 1
195 226 1
5 134 5
128 173 1
81 105 10
113 193 1
147 219 1
231 252 2
12 127 1
112 199 1
156 216 12
157 220 1
21 164 1
6 223 1
3 58 3
69 188 1
81 124 1
1 62 1
68 212 5
68 104 63
125 128 14
56 137 1
24 107 24
10 155 10
69 135 10
154 218 1
138 172 1
5 197 5
3 131 1
38 98 2
176 241 1
149 172 1
161 247 16
74 143 1
91 229 1
123 129 11
12 75 1
48 97 1
57 215 2
74 77 1
14 207 1
1 206 1
87 131 12
31 165 1
106 198 1
168 178 1
79 145 1
133 142 1
64 203 1
9 139 1
95 100 1
92 132 16
133 225 1
8 118 7
137 205 1
12 61 1
203 222 14
19 131 1
80 197 63
69 192 16
192 209 11
180 227 24
57 231 2
149 177 12
110 137 2
248 253 6
73 103 12
1 98 1
172 230 172
133 180 24
74 245 1
52 154 1
66 225 1
140 162 1
14 203 14
79 207 1
58 179 58
11 95 1
202 236 24
95 214 1
88 208 1
13 238 10
85 235 1
54 222 1
47 209 1
82 224 5
68 232 1
35 97 12
14 104 1
11 121 11
213 254 1
77 80 1
50 105 10
94 122 1
113 177 1
34 129 11
67 242 10
1 233 1
74 110 2
99 149 1
129 163 36
89 246 10
197 250 62
83 190 1
81 153 1
11 209 11
126 196 1
70 200 1
32 158 1
39 56 1
12 148 1
156 180 1
180 188 24
156 237 1
20 189 1
57 101 2
9 122 1
166 218 1
10 234 1
87 200 1
170 255 6
127 172 10
6 133 6
52 219 1
134 204 5
240 252 2
66 202 24
96 106 1
10 123 10
168 212 1
42 82 42
144 146 6
47 73 33
47 71 1
5 250 5
200 254 1
155 192 16
108 149 33
34 131 1
91 153 1
17 84 17
74 191 1
142 162 1
12 126 12
37 86 10
147 174 11
138 212 1
117 200 6
142 244 10
93 111 1
61 189 1
172 200 1
186 227 6
109 223 1
77 122 12
39 175 39
12 225 12
58 194 15
46 63 1
74 233 59
5 166 1
22 130 1
142 250 11
174 203 1
92 129 36
143 205 1
26 105 1
12 77 12
185 248 7
17 166 1
88 190 1
42 249 5
193 239 193
108 219 12
50 70 1
104 147 11
42 105 5
55 166 1
60 166 1
160 234 2
158 209 1
68 79 1
26 75 2
6 151 1
54 126 12
135 198 1
78 172 1
156 250 1
19 133 1
28 180 1
194 195 1
91 132 10
89 221 10
12 247 1
124 148 6
115 155 1
53 212 5
172 189 1
34 113 34
84 204 1
146 172 1
91 194 10
2 187 1
77 161 1
24 93 24
10 164 10
25 183 5
20 94 17
189 200 1
27 153 1
189 216 12
181 255 6
6 95 6
25 234 1
82 152 9
1 122 1
24 228 2
78 107 66
92 198 1
54 147 1
40 58 1
41 207 1
64 126 12
55 162 1
6 234 6
68 164 10
145 149 1
139 246 1
112 256 1
187 202 1
153 192 1
6 181 6
69 78 1
36 104 11
65 185 1
46 152 1
38 252 2
55 164 1
3 68 3
14 228 1
36 59 1
53 197 11
27 90 1
125 139 1
73 90 1
134 179 5
13 24 1
85 102 12
52 129 36
55 209 1
67 127 67
52 69 36
12 237 1
138 202 24
27 34 1
7 240 2
194 221 15
74 165 74
184 255 1
116 226 1
75 95 24
130 152 5
28 32 1
5 155 5
199 213 1
98 255 79
1 220 1
129 191 1
12 64 12
153 166 1
14 256 1
180 239 24
31 145 11
164 236 1
77 124 1
1 123 1
8 45 6
125 229 14
151 168 1
241 256 1
105 124 1
159 249 10
112 152 9
60 66 60
3 130 3
29 87 1
62 233 1
156 192 1
135 153 1
121 240 1
171 255 1
75 134 1
85 241 12
41 95 1
108 206 1
84 134 1
1 92 1
47 195 12
164 205 10
93 210 1
81 219 1
24 35 1
5 113 5
11 21 1
107 193 24
110 217 2
123 145 11
61 96 10
85 247 1
18 134 1
123 200 1
53 70 1
10 100 10
92 164 10
62 230 11
3 70 1
45 89 1
191 247 1
122 162 39
50 193 1
53 214 11
93 171 1
166 236 1
13 216 1
243 250 1
158 177 12
12 210 1
48 82 5
145 174 11
20 220 17
233 247 1
28 224 1
253 255 6
124 238 1
132 201 5
137 221 1
84 118 6
6 60 6
191 198 1
201 242 5
180 230 1
145 226 5
13 21 1
19 33 1
134 203 1
13 135 10
145 185 1
111 116 1
103 125 1
22 245 1
35 120 1
66 130 1
99 155 1
20 84 17
60 202 24
15 61 15
133 230 1
1 101 1
105 152 5
95 180 24
19 61 10
104 173 1
207 247 16
35 59 1
164 175 1
7 225 1
144 221 1
163 179 10
11 36 11
185 195 1
47 81 1
26 236 2
121 198 1
33 167 12
4 175 4
93 188 93
50 256 1
5 218 5
26 232 2
70 108 12
167 189 12
116 167 1
134 140 1
21 173 12
23 176 1
173 218 1
206 250 10
32 229 1
203 243 1
124 146 6
86 142 11
97 243 1
118 216 1
119 189 12
163 208 5
104 191 1
106 146 6
46 108 33
167 184 1
122 245 1
19 115 1
25 105 5
48 205 48
11 196 10
92 197 11
10 194 10
155 224 48
51 205 1
5 151 5
58 238 15
85 182 1
6 37 1
109 219 1
120 122 1
223 241 1
114 165 1
62 82 5
97 134 1
133 194 1
49 247 1
8 60 6
35 150 12
3 247 3
93 135 1
1 55 1
90 253 6
125 195 1
6 8 6
103 204 1
144 177 1
46 106 1
166 223 1
10 99 1
88 194 1
71 161 65
153 217 1
15 131 1
155 160 1
71 89 65
85 191 1
104 171 11
102 194 1
40 160 1
101 247 1
102 222 1
123 218 5
7 42 1
91 101 1
60 155 1
5 90 1
105 244 105
80 174 63
95 220 24
5 212 5
82 201 5
215 225 1
64 207 1
5 48 5
44 95 1
19 159 10
5 196 5
164 222 1
71 126 1
34 201 5
120 234 24
32 161 10
178 232 1
58 61 15
4 165 1
54 162 12
78 256 60
105 206 10
101 139 1
48 134 5
34 167 1
34 104 11
24 215 24
72 167 1
73 150 12
73 89 1
174 220 1
28 105 1
36 71 36
97 98 1
55 207 1
89 214 89
40 186 1
11 89 11
23 239 1
239 250 1
2 136 2
189 228 1
87 115 1
151 206 10
104 112 5
99 156 1
133 187 1
56 89 1
70 230 1
50 209 10
158 249 1
1 50 1
20 65 1
71 197 11
17 238 1
65 223 10
42 226 9
209 228 1
18 255 1
40 182 1
40 76 1
145 172 11
127 139 1
34 154 1
24 74 24
121 137 1
33 78 1
2 236 2
24 135 1
122 225 12
117 213 117
54 110 1
188 253 6
5 175 1
17 145 1
161 200 1
190 205 1
174 212 5
62 118 1
93 223 1
58 205 10
17 93 17
130 244 10
32 118 1
26 80 1
176 213 2
214 230 48
54 201 1
100 233 1
51 240 1
39 230 1
80 90 1
24 86 1
162 199 12
23 217 1
84 195 1
173 205 1
29 234 1
3 256 1
92 145 11
49 149 12
20 188 17
29 33 1
83 229 18
109 210 1
8 99 1
206 215 1
2 8 2
76 194 1
36 136 1
54 243 1
176 192 1
73 108 33
188 204 1
4 166 4
2 177 1
136 198 1
53 251 1
9 208 9
157 228 1
90 100 1
111 156 1
152 171 5
42 52 5
22 66 1
100 179 10
54 132 1
121 147 11
221 227 1
26 95 2
115 186 115
14 99 1
146 163 1
10 253 1
136 176 2
122 194 1
15 152 5
172 215 1
80 192 11
64 109 1
23 159 10
89 186 1
4 150 4
56 229 1
66 106 66
167 198 12
226 251 1
75 147 1
34 89 11
63 239 1
71 244 10
30 71 11
42 56 1
90 127 1
96 253 1
236 255 84
122 177 12
107 217 2
189 244 1
31 55 1
30 101 1
67 103 1
212 227 1
24 202 24
36 214 36
36 89 36
29 81 29
172 233 1
48 203 1
29 242 10
14 204 1
24 172 1
72 139 1
18 42 1
91 190 1
83 100 1
141 215 1
151 170 1
110 243 1
119 241 12
84 105 1
67 206 10
92 184 1
6 202 6
15 247 10
203 244 1
51 96 1
68 219 1
81 82 5
101 115 6
17 236 17
55 146 6
236 251 1
19 103 1
63 137 1
163 192 16
65 89 65
34 105 10
212 218 9
85 198 12
107 237 66
87 168 1
141 163 1
166 244 1
101 162 1
137 178 1
128 171 1
53 147 53
154 193 1
9 123 5
27 125 1
37 136 1
69 224 36
109 146 6
3 98 1
153 188 1
136 229 1
14 78 1
24 75 24
25 58 5
126 219 12
42 46 1
147 163 11
48 224 48
162 177 12
1 74 1
79 165 59
30 247 11
74 79 59
33 199 33
1 148 1
26 132 1
17 136 17
109 249 1
1 78 1
33 101 1
157 173 12
33 72 1
29 32 10
67 132 10
87 210 1
190 254 1
81 238 15
57 170 2
204 242 10
100 161 11
145 219 1
58 88 1
76 159 1
1 24 1
113 202 1
58 178 1
38 134 1
11 200 1
146 233 6
61 128 1
3 113 3
194 217 1
90 210 1
154 241 1
183 218 5
192 230 16
62 155 11
121 161 11
42 144 1
83 117 1
122 150 12
4 64 4
38 228 2
121 208 5
104 196 10
73 205 1
90 109 24
10 108 1
76 234 24
82 254 1
171 176 1
43 155 1
7 119 1
68 121 11
164 184 1
1 217 1
153 245 1
192 248 1
58 131 1
23 140 1
113 191 1
96 146 1
29 197 10
210 240 1
109 169 79
17 135 1
7 176 2
129 205 36
105 220 1
85 153 1
29 208 5
194 238 15
130 155 11
106 247 1
102 186 1
36 116 1
139 204 1
125 143 14
115 157 1
204 221 10
129 249 10
65 153 1
181 245 1
11 142 11
115 161 1
161 171 11
78 111 1
233 253 6
43 190 1
17 256 17
68 221 10
95 215 24
71 198 1
15 29 15
79 112 1
72 117 24
16 66 1
58 201 5
72 138 24
32 160 1
33 159 1
119 140 1
123 196 10
19 143 1
46 235 1
105 111 105
107 180 24
90 229 1
84 119 1
25 148 1
158 239 1
39 122 39
4 219 4
193 247 1
59 239 59
102 149 33
10 179 10
68 138 1
171 230 11
143 255 1
18 191 14
46 253 1
159 178 1
56 113 1
60 245 1
43 124 1
64 168 1
158 254 12
69 250 11
48 198 1
153 229 1
89 95 1
5 248 1
64 205 1
35 218 1
137 193 84
6 102 1
114 194 1
154 192 1
186 253 6
207 230 48
8 210 1
175 216 12
38 75 2
83 118 1
181 241 1
138 253 6
17 54 1
30 77 1
122 207 1
42 109 1
130 170 1
119 147 1
72 170 6
161 184 1
36 102 1
101 130 1
88 118 1
26 161 1
50 216 1
37 54 1
90 181 6
29 250 10
9 212 9
50 230 10
190 237 66
17 176 2
191 205 1
144 218 1
61 191 1
77 219 12
112 137 1
97 164 1
43 164 1
120 201 1
1 238 1
67 111 10
35 37 1
32 52 10
74 256 24
215 230 1
29 57 1
62 127 10
82 159 5
130 195 1
47 154 1
117 146 6
45 185 6
127 235 1
46 82 1
75 92 1
9 217 1
14 86 1
62 182 1
69 172 36
104 174 63
2 180 2
26 70 1
113 154 1
190 229 1
99 153 1
66 224 1
51 59 1
129 212 5
192 212 5
128 210 1
217 246 1
29 77 1
16 230 16
125 156 1
162 190 1
15 222 1
93 227 59
1 164 1
156 227 1
8 199 1
156 217 1
112 189 1
119 136 1
24 127 1
44 115 1
44 173 12
17 213 17
57 120 2
14 229 14
3 52 3
79 222 1
175 223 1
196 252 1
162 180 1
15 164 15
26 33 1
193 219 1
100 178 1
121 239 1
75 195 1
190 247 1
16 155 16
2 21 1
112 244 5
92 108 1
19 138 1
63 179 10
74 135 1
147 250 11
120 213 24
135 245 5
166 251 1
42 134 9
19 135 10
66 126 1
43 126 12
186 247 1
11 224 11
106 215 60
88 122 88
61 140 1
49 170 1
35 83 1
23 138 1
153 219 1
72 199 1
56 116 1
94 198 1
1 72 1
32 74 1
50 57 1
76 116 24
55 142 1
82 113 5
192 232 1
149 196 1
188 194 1
182 238 1
83 251 1
89 174 11
134 250 5
221 234 1
18 220 1
19 189 1
1 149 1
223 227 1
63 248 1
95 243 1
151 207 48
156 228 1
5 226 5
54 187 12
120 141 1
5 23 5
62 250 62
50 81 29
108 134 1
19 218 5
128 174 1
18 155 1
154 202 1
164 195 1
5 42 5
144 213 6
141 147 1
32 103 1
41 232 1
105 172 10
101 232 2
43 225 12
81 159 10
65 228 1
125 203 14
71 247 16
39 171 1
26 255 2
115 135 1
5 179 5
155 166 1
72 106 66
12 89 1
12 67 1
156 193 1
2 75 2
32 50 10
106 169 24
57 150 1
40 166 40
82 129 5
4 92 1
58 222 1
177 205 1
198 235 1
97 117 1
9 17 1
90 155 1
48 204 36
127 149 1
81 111 10
82 226 9
31 162 1
1 211 1
15 107 1
79 210 1
201 224 5
63 254 1
84 171 1
33 152 1
56 173 1
71 171 11
147 245 5
101 256 60
1 9 1
59 242 1
165 245 1
94 136 79
32 196 32
45 148 24
62 104 62
221 230 10
28 68 1
57 67 1
56 217 1
35 123 1
187 235 1
38 112 1
208 243 1
4 54 4
179 251 1
11 130 11
120 209 1
72 178 1
84 137 84
4 116 1
86 93 1
38 233 2
156 170 1
215 227 24
25 106 1
67 155 10
61 76 1
193 255 193
93 117 84
1 237 1
55 234 55
99 202 1
60 132 1
66 136 24
22 105 1
51 101 1
5 238 5
75 253 6
30 44 1
85 141 1
149 241 12
165 253 6
41 104 1
197 244 10
152 181 1
48 163 48
3 69 3
6 193 6
55 231 2
178 248 1
11 128 1
217 253 2
117 135 1
81 136 1
148 183 1
30 92 11
48 92 48
103 253 1
69 209 11
63 117 1
10 240 1
89 198 1
73 216 12
86 106 1
114 129 1
2 103 1
45 138 45
83 210 1
31 36 11
18 130 1
8 253 6
23 85 1
91 244 10
156 219 12
113 181 1
109 167 1
90 91 1
16 127 10
17 111 1
23 105 10
46 73 46
128 208 1
183 191 1
116 219 1
65 92 65
69 205 36
49 158 12
184 224 1
179 238 15
85 123 1
41 246 1
13 34 10
118 141 1
132 204 16
155 235 1
101 248 6
137 183 1
78 202 24
171 204 11
74 239 59
154 203 1
65 91 10
80 145 11
22 50 1
6 248 6
35 176 1
198 244 1
60 179 1
65 103 1
98 145 1
61 239 1
36 205 36
126 163 1
96 206 10
212 241 1
70 104 1
127 199 1
239 251 1
66 232 2
56 121 1
25 98 1
42 145 5
1 102 1
121 256 1
101 165 24
12 238 1
122 125 1
225 230 1
55 256 55
6 18 1
123 150 1
109 113 1
39 227 1
158 255 1
155 205 155
180 198 1
148 216 1
1 209 1
26 213 2
89 173 1
48 100 11
174 202 1
124 212 1
169 202 24
24 232 2
104 221 10
191 234 1
59 181 6
161 222 1
58 110 1
27 154 27
148 210 1
111 159 10
40 246 1
162 235 1
39 67 1
17 237 17
15 205 10
57 228 2
102 179 1
194 207 10
136 168 6
100 154 1
92 139 1
32 159 10
221 237 1
85 155 1
92 155 48
80 224 11
38 136 2
43 222 1
66 127 1
129 134 5
6 45 6
143 196 1
132 235 1
156 209 1
88 147 1
123 217 1
41 92 1
179 194 15
71 173 1
127 211 1
48 192 16
163 175 1
5 7 1
22 79 1
53 113 53
77 91 1
108 132 1
150 162 12
28 204 1
80 155 11
112 140 1
9 49 1
199 235 1
100 166 1
129 242 10
158 168 1
12 95 1
14 137 1
94 116 59
26 193 2
166 196 1
54 105 1
134 187 1
95 101 24
74 180 24
107 168 6
97 251 1
149 206 1
46 153 1
35 155 1
75 105 1
39 236 1
67 233 1
37 199 1
17 148 17
150 183 1
93 113 1
64 173 12
101 106 101
154 185 1
55 98 24
1 199 1
42 87 1
168 171 1
89 241 1
90 224 1
196 249 10
66 228 2
24 63 1
66 135 1
101 110 2
34 62 11
33 235 1
71 201 5
8 242 1
103 251 1
2 256 2
95 231 2
6 150 1
131 145 1
118 218 1
202 255 24
49 250 1
150 151 1
168 211 1
33 112 1
25 83 1
53 201 5
113 201 5
59 236 59
19 208 5
4 205 1
235 250 1
115 252 2
83 144 1
116 220 24
106 237 66
11 118 1
154 199 1
32 129 10
90 180 24
25 177 1
146 248 6
37 172 10
134 167 1
31 151 11
8 190 6
100 169 1
45 147 1
143 222 14
167 216 12
54 125 1
129 148 1
90 206 1
81 206 15
115 243 1
40 111 1
98 193 79
35 217 1
122 139 12
20 255 17
96 235 1
170 185 7
63 150 1
119 187 12
145 187 1
183 211 1
147 218 5
80 137 1
21 159 1
44 73 33
116 136 59
28 119 12
11 101 1
37 67 10
128 252 1
220 238 1
5 53 5
62 156 1
150 208 1
27 92 1
32 239 1
165 185 6
84 190 24
103 119 12
94 109 79
205 223 10
107 115 6
28 45 1
69 80 11
50 69 10
13 176 1
52 146 1
166 229 1
49 106 1
60 120 24
5 153 1
14 236 1
24 146 6
120 252 2
43 192 1
10 206 10
156 171 1
6 107 6
3 168 1
39 241 39
78 175 1
134 151 5
14 16 1
45 76 45
139 239 1
92 153 1
201 246 5
143 191 14
58 62 10
58 242 10
11 185 1
104 207 11
123 152 5
25 239 1
124 180 6
2 72 2
42 210 42
139 190 1
103 247 1
35 199 12
39 195 39
163 165 1
202 208 1
9 107 1
52 210 5
13 138 1
136 182 2
169 171 1
109 158 1
73 114 1
3 65 3
37 88 1
109 243 1
42 151 5
129 209 11
215 231 2
107 161 1
147 181 1
25 153 1
113 158 1
213 247 1
20 122 1
5 75 1
4 144 1
153 242 1
66 90 66
170 188 6
37 221 15
143 165 1
44 213 1
86 119 1
36 207 36
1 225 1
24 53 1
211 213 1
38 54 1
218 254 1
78 93 24
167 182 1
121 122 1
125 157 1
119 121 1
77 130 1
39 106 1
8 185 7
34 209 34
2 78 2
155 230 155
39 130 1
148 240 2
212 231 1
5 30 5
41 194 1
74 248 6
232 244 1
100 244 10
4 73 4
38 73 1
154 248 1
113 153 1
45 56 1
96 147 96
215 229 1
61 195 1
141 212 1
79 182 2
27 254 1
101 177 1
138 228 2
72 78 72
49 233 1
51 235 1
123 171 11
61 117 1
60 99 1
193 234 24
151 176 1
109 116 59
154 157 1
122 153 1
83 196 1
11 65 11
178 219 12
105 249 10
6 78 6
47 78 1
70 74 1
95 110 2
89 222 1
16 69 16
37 157 1
95 177 1
149 176 1
118 233 6
89 247 16
127 226 5
215 247 1
107 227 24
92 96 11
175 236 1
13 91 13
73 120 1
30 205 11
79 148 24
192 242 10
31 120 1
234 256 60
46 177 12
100 221 10
61 165 1
71 95 1
170 237 6
148 256 60
53 135 10
13 16 10
43 140 1
36 194 10
51 146 1
95 112 1
170 210 1
71 76 1
190 220 60
73 240 1
167 221 1
122 193 1
19 35 1
148 199 1
28 127 1
2 184 1
12 145 1
48 121 11
93 233 93
79 99 1
165 204 1
185 254 1
17 216 1
150 226 1
169 173 1
105 241 1
89 96 11
115 187 1
156 205 1
96 193 1
175 250 1
101 241 1
3 121 3
71 172 48
19 194 10
137 176 2
163 219 1
53 62 11
24 94 24
47 119 12
23 112 5
49 181 1
92 181 1
50 160 1
57 252 2
101 141 1
13 169 1
16 57 1
74 163 1
14 217 1
100 171 11
101 202 24
122 203 1
58 68 10
7 173 1
100 253 1
112 191 1
74 133 59
29 174 10
23 135 15
66 252 2
218 250 5
153 252 1
147 201 5
65 212 5
65 80 11
181 222 1
134 229 1
74 129 1
61 130 10
141 176 1
146 147 1
61 215 1
136 141 1
63 190 1
207 214 65
142 189 1
148 175 1
98 224 1
104 192 11
61 77 1
168 244 1
125 238 1
6 148 6
158 233 1
37 138 1
25 192 5
198 219 12
11 96 11
232 233 2
122 144 1
46 189 12
64 208 1
13 201 5
18 78 1
54 196 1
80 89 11
129 244 10
151 214 48
81 138 1
145 190 1
15 77 1
193 249 1
128 133 1
179 225 1
85 156 12
88 198 12
52 172 48
47 66 1
26 110 2
57 179 1
97 182 1
113 117 1
21 108 12
13 46 1
31 227 1
10 161 10
54 106 1
88 250 1
154 177 1
81 234 1
143 223 1
227 255 59
138 240 2
240 243 1
53 206 10
54 232 1
26 52 1
15 179 15
60 165 24
84 244 1
90 197 1
45 192 1
155 175 1
8 22 1
106 117 24
112 255 1
63 97 1
67 117 1
101 156 1
123 142 11
89 217 1
39 200 1
235 249 1
62 102 1
30 31 30
124 138 6
183 244 10
25 226 9
121 201 5
97 173 12
123 231 1
218 227 1
3 80 3
15 110 1
206 216 1
198 204 1
71 253 1
191 249 1
103 168 1
72 247 1
8 243 1
39 137 1
111 128 1
41 226 1
95 196 1
71 124 1
143 179 1
33 202 1
177 224 1
178 184 1
136 164 1
38 222 1
41 165 1
134 193 1
163 177 1
99 223 1
239 256 24
15 224 10
80 189 1
32 87 1
14 122 1
6 109 6
162 168 1
5 81 5
159 243 1
200 227 6
75 177 1
3 21 1
81 173 1
71 230 48
119 178 12
7 199 1
149 199 33
216 240 1
1 231 1
113 244 10
18 114 14
183 197 10
80 159 10
180 215 24
17 161 1
155 169 1
27 229 1
146 161 1
52 216 1
161 189 1
30 63 11
9 153 1
76 227 24
94 163 1
97 246 1
63 222 1
23 221 15
188 205 1
83 135 1
92 195 1
31 96 11
11 113 11
136 180 24
11 160 1
147 178 1
52 89 52
96 142 11
59 224 1
194 224 10
61 200 1
93 255 84
61 162 1
171 190 1
95 158 1
110 239 2
13 94 1
60 93 24
143 161 1
50 200 1
60 70 1
83 165 1
82 208 9
27 214 1
84 180 24
53 80 11
144 240 2
47 77 33
57 76 2
1 204 1
178 215 1
4 157 4
153 225 1
123 163 11
48 207 48
5 148 1
74 220 24
167 227 1
45 95 45
11 242 10
22 208 1
84 203 1
56 162 1
82 230 5
94 133 79
93 252 2
170 230 1
57 176 2
28 227 1
6 79 6
76 179 1
28 50 1
41 43 12
9 145 5
121 179 10
104 247 11
23 50 15
124 200 7
166 189 12
13 60 1
26 119 1
30 230 11
41 119 12
7 186 7
1 141 1
123 203 1
35 182 1
140 178 1
74 167 1
1 250 1
167 175 12
20 111 1
6 25 1
65 156 1
156 196 1
125 153 1
32 164 10
53 177 1
151 211 1
98 202 24
83 167 1
29 173 1
181 224 1
29 147 10
26 205 1
114 139 1
30 34 11
17 245 1
79 105 1
67 251 1
54 154 1
29 79 1
89 162 1
86 113 11
26 153 1
96 133 1
108 196 1
16 73 1
126 167 126
1 205 1
42 166 1
89 156 1
142 185 1
182 190 2
26 31 1
60 78 60
88 230 1
137 152 1
79 133 79
109 227 59
104 200 1
50 227 1
134 249 5
46 219 12
150 254 12
222 244 1
13 206 10
49 82 1
189 219 12
60 217 2
98 249 1
163 232 1
53 165 1
128 184 1
30 240 1
129 147 11
46 142 1
53 178 1
88 93 1
148 168 6
21 123 1
161 226 5
193 233 84
160 243 1
101 117 24
175 239 1
134 255 1
77 199 33
92 165 1
30 204 11
10 64 1
159 222 1
155 250 11
89 227 1
50 62 10
46 186 1
155 177 1
68 113 11
20 109 17
22 144 1
218 239 1
49 152 1
63 76 1
182 254 1
100 131 1
173 252 1
20 50 1
83 106 1
139 208 1
81 98 1
70 218 1
57 210 1
179 182 1
110 152 1
59 115 6
44 186 1
168 180 6
99 146 1
172 223 10
13 174 10
158 244 1
201 225 1
52 99 1
58 59 1
20 168 6
94 126 1
18 145 1
55 120 24
53 67 10
5 47 1
177 245 1
127 201 5
98 234 24
191 193 1
150 163 1
28 200 1
86 109 1
156 179 1
43 133 1
21 208 1
24 117 24
107 119 1
29 170 1
113 134 5
7 156 1
230 250 11
230 242 10
100 254 1
31 60 1
2 234 2
27 109 1
170 220 6
81 187 1
156 165 1
55 251 1
16 162 1
51 119 1
20 186 6
162 174 1
134 210 9
71 86 11
6 215 6
35 179 1
84 172 1
167 172 1
21 29 1
214 237 1
64 98 1
10 93 1
52 111 10
32 135 10
152 246 5
125 193 1
59 82 1
52 55 1
31 170 1
246 249 15
176 252 2
184 229 1
67 145 10
83 170 1
23 100 10
52 200 1
178 236 1
148 215 60
22 60 1
44 50 1
124 220 6
60 226 1
194 222 1
63 103 1
95 250 1
135 162 1
6 51 1
119 206 1
65 200 1
53 138 1
108 173 12
14 15 1
164 201 5
74 206 1
2 239 2
134 196 5
88 140 1
91 212 5
124 153 1
89 199 1
46 139 12
74 127 1
44 204 1
24 148 24
18 95 1
194 227 1
29 227 1
81 223 10
67 129 10
17 199 1
47 51 1
20 51 1
39 215 1
115 149 1
235 242 1
13 84 1
242 250 10
14 94 1
6 47 1
142 226 5
96 232 1
235 244 1
5 227 1
139 248 1
151 209 11
13 226 5
5 161 5
118 256 6
143 237 1
160 203 1
122 173 12
166 181 1
130 200 1
182 251 1
56 146 1
35 153 1
29 218 5
149 243 1
1 224 1
20 66 17
69 115 1
155 178 1
9 176 1
34 151 11
5 183 5
103 165 1
7 41 1
119 156 12
159 192 10
109 201 1
42 244 5
108 111 1
216 228 1
230 240 1
174 191 1
20 239 17
160 163 1
21 106 1
11 251 1
95 146 6
225 241 12
125 167 1
61 217 1
96 245 5
2 43 1
133 141 1
51 98 1
192 199 1
123 248 1
150 241 12
146 168 6
186 217 2
30 216 1
115 119 1
10 171 10
79 214 1
22 93 1
30 129 11
130 255 1
152 182 1
145 256 1
130 161 11
77 173 12
68 238 10
24 45 24
159 161 10
22 114 14
131 213 1
100 137 1
83 219 1
138 168 6
28 41 12
133 235 2
64 153 1
32 119 1
201 221 5
131 194 1
16 195 1
28 38 1
53 232 1
49 72 1
26 190 2
106 255 24
132 197 11
14 189 1
141 168 1
135 150 1
19 51 1
132 167 1
18 19 1
102 185 1
173 241 12
109 202 24
1 223 1
180 190 24
33 230 1
1 163 1
230 247 16
130 238 10
7 56 1
86 189 1
20 202 17
39 221 1
108 199 108
64 70 64
149 247 1
125 241 1
160 193 2
231 248 2
58 75 1
1 47 1
115 147 1
37 70 1
168 236 6
189 190 1
43 142 1
87 243 1
221 248 1
189 211 12
163 242 10
52 252 1
183 202 1
9 40 1
56 160 1
102 200 1
222 235 1
3 172 3
174 225 1
95 252 2
51 210 1
96 130 11
70 78 1
119 191 1
35 230 1
39 191 1
9 21 1
97 152 1
73 131 12
7 221 1
10 190 1
61 102 1
101 215 60
95 230 1
24 29 1
86 96 11
16 182 1
89 210 5
27 120 1
201 210 5
112 122 1
25 186 1
182 252 2
132 221 10
62 136 1
109 171 1
22 209 1
170 232 2
134 135 5
75 101 60
46 136 1
40 93 1
110 222 1
233 241 1
6 42 1
48 242 10
18 102 1
19 184 1
41 86 1
11 141 1
76 89 1
69 71 36
37 182 1
60 239 24
5 118 1
80 119 1
105 112 5
13 90 1
43 209 1
45 250 1
170 243 1
165 251 1
137 255 84
141 150 1
16 113 11
118 236 6
17 253 6
102 182 1
129 167 1
110 235 2
115 220 6
100 136 1
95 132 1
55 190 55
20 234 17
67 109 1
52 222 1
46 123 1
118 170 7
7 81 1
128 241 1
14 214 1
1 44 1
150 220 1
4 248 1
85 242 1
2 99 1
28 228 1
11 230 11
73 212 1
74 237 24
36 52 36
21 70 12
134 197 5
76 169 24
19 224 10
110 186 2
29 165 1
218 246 5
169 212 1
183 214 10
4 256 1
109 204 1
50 185 1
48 99 1
95 98 24
45 248 6
18 59 1
6 167 1
119 233 1
48 212 5
95 99 1
14 153 1
55 92 1
145 225 1
52 94 1
169 233 79
215 216 1
113 136 1
72 83 1
172 221 10
203 234 1
177 190 1
79 106 24
35 43 12
7 202 6
8 124 7
44 131 12
124 188 6
155 227 1
79 255 79
95 107 24
197 215 1
86 133 1
221 242 10
39 95 1
41 166 12
37 224 10
176 201 1
25 93 1
54 204 1
225 234 1
31 216 1
180 211 1
6 219 1
163 176 1
20 169 17
45 253 6
60 84 24
32 46 1
82 198 1
79 195 1
10 120 1
120 135 1
101 107 101
238 248 1
43 127 1
15 71 10
133 245 1
95 96 1
156 173 12
43 122 12
94 239 79
127 150 1
143 220 1
137 207 1
79 242 1
233 244 1
21 255 1
90 240 2
175 247 1
216 239 1
47 254 47
85 219 12
55 246 1
73 77 73
162 194 1
132 159 10
112 245 9
3 89 3
141 184 1
2 93 2
31 214 11
97 255 1
125 249 1
25 59 1
129 171 11
2 232 2
123 176 1
95 140 6
88 234 1
36 209 11
101 191 1
122 151 1
20 245 1
101 253 6
49 56 1
