256 255
21 162 119
5 153 126
82 188 82
49 146 102
15 219 37
59 188 59
110 188 110
66 181 26
126 188 126
46 188 46
37 188 37
17 188 17
78 87 31
14 149 28
51 234 81
62 188 62
16 188 16
99 102 73
25 210 180
156 188 156
157 188 157
155 188 155
34 188 34
188 222 222
67 250 59
12 188 12
209 218 239
100 230 118
16 96 35
69 88 219
28 188 28
188 212 212
112 188 112
11 188 11
43 233 20
177 203 234
212 223 185
63 188 63
186 188 186
188 256 256
204 220 172
29 237 154
104 188 104
103 132 191
42 53 71
122 188 122
121 128 249
34 231 77
187 211 55
182 188 182
133 188 133
94 188 94
188 224 224
84 184 198
222 251 244
149 188 149
188 237 237
101 113 17
188 192 192
188 253 253
166 188 166
110 142 195
20 160 105
59 199 152
157 176 187
98 188 98
168 188 168
141 188 141
62 170 168
18 134 216
126 229 171
61 188 61
13 73 11
21 188 21
26 201 25
122 240 42
3 253 91
66 188 66
101 188 101
41 174 224
86 133 203
60 71 8
132 188 132
188 213 213
117 188 117
55 206 7
64 81 12
179 188 179
112 215 54
102 188 102
188 254 254
105 205 214
36 249 189
131 137 207
49 188 49
106 241 135
85 188 85
252 255 110
73 188 73
22 118 122
55 188 55
23 45 106
158 186 212
71 188 71
77 109 67
19 172 149
143 152 101
120 188 120
154 248 46
188 203 203
69 188 69
124 166 245
39 138 69
10 141 34
135 188 135
188 202 202
164 244 130
87 188 87
188 230 230
188 244 244
18 188 18
58 188 58
165 188 165
188 246 246
117 232 21
7 188 7
187 188 187
33 188 33
188 239 239
154 188 154
40 188 40
188 255 255
44 190 63
228 236 192
76 123 202
46 140 94
188 209 209
139 256 220
4 61 236
161 207 41
28 225 90
168 169 80
42 188 42
30 191 217
188 214 214
31 188 31
148 217 137
68 108 62
188 245 245
17 243 44
106 188 106
23 188 23
90 188 90
188 234 234
8 145 85
24 189 222
185 188 185
208 227 1
54 188 54
127 188 127
188 233 233
116 224 58
118 188 118
2 214 49
188 189 189
147 156 127
6 35 133
41 188 41
91 188 91
173 246 112
188 249 249
119 188 119
80 188 80
26 188 26
8 188 8
151 247 213
94 226 128
52 188 52
151 188 151
188 198 198
171 188 171
89 195 253
93 171 82
95 188 95
155 200 120
20 188 20
44 188 44
90 144 157
68 188 68
57 254 153
40 163 23
38 98 155
188 191 191
114 182 246
63 221 68
105 188 105
50 136 255
33 115 256
125 180 40
197 213 156
75 188 75
188 219 219
120 235 165
150 165 50
81 188 81
50 188 50
152 188 152
91 193 95
130 188 130
111 245 184
32 179 138
1 188 1
188 207 207
11 167 132
72 135 179
172 188 172
97 104 98
188 217 217
239 242 230
25 188 25
31 107 61
188 227 227
95 178 182
27 127 227
185 196 117
188 216 216
137 188 137
153 188 153
65 80 254
188 236 236
138 188 138
128 188 128
9 202 75
67 188 67
123 188 123
12 175 33
56 58 209
85 238 186
7 48 237
129 198 66
70 192 18
79 216 166
82 194 104
92 119 141
54 83 151
47 130 233
74 75 52
52 183 87
184 188 184
77 188 77
188 220 220
35 188 35
37 159 16
188 195 195
180 188 180
