128 4647
75 122 122
25 111 61
35 55 86
80 107 107
13 44 110
73 82 76
36 122 109
27 68 90
20 95 81
62 68 90
15 43 98
61 125 61
30 113 30
50 111 50
19 93 71
50 94 127
82 125 76
27 75 122
54 112 112
43 57 98
6 101 55
79 111 61
3 16 24
50 98 50
91 93 25
11 126 11
9 12 104
78 119 78
13 36 110
9 55 104
40 71 71
2 60 60
18 27 50
28 86 28
89 114 114
25 105 2
38 67 116
13 64 110
2 127 127
34 78 78
82 101 76
92 116 116
59 105 2
59 96 128
26 37 60
99 117 99
8 13 30
13 92 110
40 66 66
87 89 1
28 42 28
21 77 77
20 104 104
18 98 50
36 73 109
94 98 127
32 50 32
20 109 81
5 74 74
48 80 42
51 115 51
34 110 110
7 79 32
18 61 50
17 88 88
5 13 110
47 76 47
30 39 30
6 14 69
18 33 99
87 90 1
36 65 66
82 84 76
24 62 24
27 74 122
2 49 28
96 112 128
53 101 55
110 111 61
52 58 29
73 119 15
65 94 127
98 111 61
13 17 47
19 117 71
54 121 121
9 113 104
18 125 50
3 53 53
45 90 124
71 88 88
55 59 55
95 100 59
85 90 90
122 123 122
14 76 76
67 87 1
2 78 78
39 126 126
5 101 55
20 55 81
67 101 116
60 103 107
31 34 114
70 75 51
40 63 112
24 74 24
25 109 25
18 50 50
63 77 77
4 80 78
8 18 50
54 79 79
77 89 77
32 34 32
1 128 1
16 41 88
27 127 127
4 19 78
30 78 78
8 47 30
101 122 55
43 78 78
6 82 76
44 113 126
47 85 47
53 96 128
76 98 76
82 88 88
8 85 30
26 83 60
10 107 107
49 65 28
3 23 11
48 127 127
11 127 127
54 84 115
23 75 11
6 126 126
37 62 120
66 75 66
89 112 112
46 50 50
40 94 127
28 111 28
26 122 60
7 34 32
42 101 42
18 66 50
5 112 112
7 116 32
21 121 121
23 27 11
8 52 30
40 91 25
54 125 72
5 65 66
45 101 124
5 9 104
13 59 110
47 111 47
88 101 88
39 120 120
36 95 109
61 106 61
57 117 83
55 85 55
8 107 107
25 52 52
58 125 29
93 121 121
73 90 90
44 70 51
89 101 55
12 80 42
15 84 115
16 74 89
45 94 127
27 58 29
38 63 112
5 124 124
8 93 30
68 94 127
13 21 77
94 108 127
96 128 128
30 125 30
37 47 47
84 100 59
50 118 121
41 47 88
9 103 107
41 112 88
15 23 11
35 76 86
83 117 83
4 20 78
38 78 78
37 50 50
62 97 79
4 115 78
82 111 61
19 55 71
30 64 30
38 80 42
74 119 15
7 59 32
64 82 76
64 100 59
79 126 79
38 44 126
48 58 29
56 101 55
17 122 47
49 75 28
69 90 69
89 97 79
39 95 85
33 114 99
64 86 86
48 100 59
33 69 99
116 118 116
27 37 120
71 112 71
68 120 120
17 69 47
43 91 25
84 126 115
58 123 29
55 126 55
9 31 104
20 115 81
27 94 127
90 106 90
41 69 88
43 64 98
11 45 124
56 117 83
19 121 121
4 14 78
8 100 30
51 127 127
67 92 116
28 114 28
85 105 2
37 51 51
19 100 71
37 66 120
19 98 71
7 57 32
34 89 114
93 117 46
44 117 83
2 21 2
64 83 83
27 122 122
19 82 71
43 44 98
35 70 86
5 95 73
33 42 99
35 107 107
84 120 120
78 99 99
33 121 99
54 91 25
71 113 71
55 61 61
75 91 25
94 100 127
33 98 99
9 116 116
58 122 29
29 64 29
13 101 55
83 107 107
3 41 88
60 108 60
47 48 47
18 114 50
36 38 109
26 103 107
18 75 50
42 63 42
106 120 120
6 99 99
19 112 71
9 52 104
28 113 28
38 124 124
14 33 99
15 106 15
2 57 2
49 106 28
16 126 89
104 115 104
42 90 42
39 97 79
77 78 78
45 115 124
82 83 76
58 66 29
6 47 47
22 77 77
50 91 50
68 123 90
83 96 128
59 97 59
45 55 124
120 128 128
24 80 42
85 128 128
65 85 66
40 97 79
102 117 83
15 114 114
30 122 30
14 24 69
18 121 121
47 107 107
7 68 32
56 76 76
99 128 99
17 24 47
91 120 120
20 91 81
26 118 60
92 100 59
11 63 11
85 117 83
59 65 59
17 82 47
52 89 52
97 117 83
86 100 86
31 58 29
62 64 64
39 91 25
94 113 127
121 126 121
4 69 78
40 44 126
67 122 116
99 112 99
103 119 107
63 90 112
16 85 89
84 94 127
28 125 28
42 81 42
43 87 1
15 95 15
117 123 83
33 50 99
5 58 29
23 70 51
92 113 125
30 70 30
67 119 116
42 100 42
81 82 81
18 60 60
31 83 83
59 92 59
63 81 81
11 54 11
27 119 15
11 40 11
60 118 60
48 124 124
15 21 77
17 87 1
54 85 72
4 65 78
21 26 60
91 94 127
48 108 22
12 84 52
93 126 46
16 48 89
20 68 81
49 52 28
46 80 42
24 92 24
5 102 6
105 116 116
48 82 76
57 80 42
10 112 112
23 103 107
21 114 77
17 84 47
32 119 32
85 107 107
42 117 42
43 50 50
6 39 6
35 109 86
9 70 104
43 102 98
75 83 83
28 40 28
39 51 51
9 89 104
43 81 81
22 30 30
67 84 116
24 38 24
37 115 120
19 36 71
12 72 52
43 66 66
14 91 69
28 63 28
65 119 66
46 101 55
23 66 11
16 95 89
42 113 42
102 120 120
87 112 1
14 126 69
37 118 121
85 92 125
59 122 59
19 109 71
50 53 50
90 109 90
1 58 1
39 53 53
20 119 81
47 124 124
15 58 29
36 126 109
46 103 107
21 65 77
83 95 83
11 110 11
61 115 61
115 125 115
36 41 88
12 106 52
16 49 28
5 99 99
2 102 2
23 36 11
56 92 53
17 67 116
71 76 71
80 114 42
101 114 55
46 49 28
35 40 86
21 123 77
20 66 81
112 128 128
72 101 55
43 104 104
43 100 59
52 123 52
83 94 127
29 50 29
34 51 51
43 61 61
34 75 114
34 68 114
2 42 42
15 125 15
49 108 28
36 67 116
41 91 88
74 106 106
2 76 2
36 113 109
26 77 60
99 109 99
58 116 29
8 67 116
33 57 99
28 121 121
40 67 116
49 118 121
14 83 69
61 65 61
20 42 42
80 106 42
29 35 29
12 102 52
7 65 32
25 94 127
16 83 83
112 121 121
3 29 29
79 127 127
69 73 69
77 88 88
49 116 116
93 125 46
85 99 99
2 61 61
49 109 28
28 80 28
1 24 1
25 40 25
62 111 61
59 118 121
84 89 115
21 102 77
30 49 28
42 58 29
78 116 116
55 56 55
31 119 15
43 124 124
9 110 104
41 79 88
87 99 1
51 71 71
42 89 42
21 25 77
62 122 122
63 79 112
44 67 116
17 128 128
61 117 61
114 121 121
7 40 32
101 109 55
18 20 50
63 111 61
85 93 46
98 109 98
51 103 107
44 128 128
2 34 2
20 77 81
36 94 127
3 78 78
19 49 28
100 125 59
4 102 78
33 85 99
12 14 52
6 94 127
61 74 61
44 101 55
48 116 116
15 70 51
44 95 126
29 88 29
16 61 61
47 62 47
44 51 51
29 107 29
3 123 24
47 113 47
6 81 81
31 126 106
33 115 99
6 23 11
6 63 112
1 10 1
62 86 86
75 109 109
2 86 86
71 72 71
36 83 83
42 86 42
104 123 104
108 123 22
13 79 110
26 126 60
41 110 88
1 11 1
5 116 116
78 79 78
87 92 1
81 99 99
5 30 30
110 121 121
30 32 32
54 65 66
19 32 32
19 43 71
94 102 127
19 28 28
103 109 107
7 24 32
42 68 42
6 123 74
41 81 88
10 67 116
3 64 64
95 121 121
37 81 81
47 97 47
17 43 47
65 116 116
121 122 121
42 112 42
33 56 99
28 87 1
59 107 107
50 120 50
31 100 59
45 97 124
77 86 86
13 60 60
46 52 52
66 110 110
84 106 115
31 97 79
6 118 121
20 110 81
110 113 110
119 120 120
73 117 83
4 60 60
22 80 42
30 127 127
25 99 99
9 11 104
44 97 79
1 98 1
39 119 15
5 115 115
65 126 66
13 75 110
38 59 59
2 24 2
2 4 78
12 113 52
23 43 11
47 118 121
44 119 15
52 67 116
5 43 98
21 87 1
18 101 50
3 42 42
14 113 69
61 108 61
24 105 2
95 105 2
24 31 106
7 46 32
1 126 1
73 74 74
13 95 110
73 87 1
72 74 72
53 124 124
101 124 124
53 78 78
9 63 104
23 72 11
83 113 83
65 125 66
100 115 59
2 82 2
37 39 120
14 115 69
26 110 60
21 89 77
85 119 15
83 90 83
44 50 50
105 122 2
37 65 120
17 52 47
11 97 11
32 60 32
12 22 52
24 118 121
44 102 126
47 72 47
94 116 127
24 69 69
13 46 110
95 128 128
16 84 115
25 50 50
16 79 79
1 94 1
7 62 32
47 105 47
16 39 89
17 103 107
40 92 48
7 60 32
69 76 76
36 56 53
70 90 51
6 100 59
36 44 109
71 100 71
105 108 2
23 100 11
45 47 124
53 112 53
47 79 47
3 62 24
54 123 72
38 54 72
71 94 127
37 43 120
27 39 122
55 95 55
98 110 110
47 120 47
32 49 32
25 103 107
10 119 15
8 91 30
49 84 28
45 96 128
30 77 30
6 74 74
35 78 78
19 94 127
9 74 104
9 61 104
92 120 120
10 58 29
94 101 127
8 19 71
40 83 83
37 74 120
54 100 59
68 89 90
2 7 32
9 111 104
11 76 11
77 99 99
18 43 50
9 107 107
7 85 32
9 46 104
55 108 55
77 98 77
9 32 32
8 82 30
61 76 61
81 104 104
29 99 29
6 31 106
63 103 107
8 94 127
85 108 22
16 56 53
73 101 55
2 109 2
43 72 98
119 126 15
13 52 52
78 113 78
26 71 60
92 104 104
64 107 107
58 82 29
40 90 90
4 119 78
9 51 104
40 65 66
2 73 2
3 121 121
3 28 28
3 127 127
13 34 110
8 11 30
93 101 55
53 98 98
65 120 120
45 49 28
31 33 99
94 126 127
67 90 116
111 115 61
21 31 77
39 100 59
5 117 83
48 106 106
88 107 88
66 111 61
112 127 127
20 31 81
92 108 22
84 122 115
63 64 112
28 78 78
49 70 28
75 112 112
36 57 109
5 75 73
104 127 127
2 103 107
15 89 15
43 56 98
43 63 98
61 99 99
8 23 30
22 47 47
25 39 25
16 102 89
53 81 81
47 57 47
116 121 116
111 118 121
91 97 25
32 118 32
73 98 98
5 109 109
23 40 11
14 57 69
22 105 2
55 106 55
33 92 99
111 128 128
51 53 51
52 112 52
8 111 30
10 121 121
21 97 77
12 21 52
57 63 112
13 20 81
11 81 81
66 83 66
39 43 98
16 46 46
26 52 60
62 123 74
15 93 46
5 108 22
19 105 71
2 29 29
78 126 78
69 82 76
61 73 61
86 128 128
6 19 71
11 94 127
94 95 127
18 115 50
27 97 79
7 91 32
23 82 11
53 65 66
18 85 50
1 9 1
44 120 120
12 55 52
19 63 71
67 118 116
101 127 127
62 65 66
53 86 86
47 122 47
51 108 51
28 99 99
31 122 106
81 100 81
10 98 98
60 77 60
7 67 32
65 112 66
26 45 60
18 26 60
4 111 78
33 61 99
39 66 66
69 115 69
30 124 30
10 104 104
47 82 47
75 100 59
63 96 128
61 121 121
60 107 107
36 45 124
15 111 61
7 80 32
48 77 77
98 118 121
34 105 2
56 124 124
18 77 50
19 46 71
56 77 77
107 116 107
1 2 1
31 65 66
20 62 81
59 111 61
91 106 25
5 49 28
20 82 81
72 84 115
70 73 51
36 114 114
72 127 127
39 67 116
55 102 55
78 82 78
94 125 127
74 111 61
73 83 83
85 97 79
19 79 71
13 57 110
45 71 71
1 20 1
94 128 127
1 31 1
69 109 69
10 123 64
54 111 61
6 26 60
4 64 78
1 66 1
56 122 53
17 125 47
43 103 107
50 95 50
2 116 116
26 121 60
21 75 77
13 114 110
68 122 90
50 78 50
8 34 30
7 25 32
8 115 30
42 99 99
80 104 104
93 108 22
54 107 107
19 103 107
20 65 81
34 69 69
1 42 1
68 92 90
48 113 48
34 95 114
9 92 104
88 103 88
41 100 88
64 66 66
92 102 125
17 117 47
76 111 61
87 120 1
28 83 28
14 44 69
3 65 66
39 75 75
74 116 116
12 71 71
109 117 83
17 46 47
76 79 76
34 100 114
109 128 128
20 40 81
12 44 52
57 75 57
53 88 88
109 115 115
44 82 76
77 105 2
82 117 76
4 48 78
37 57 120
6 27 122
16 63 112
4 44 78
37 40 120
105 112 2
27 55 55
2 114 2
60 62 60
11 35 86
118 124 121
34 64 114
21 92 77
97 128 128
89 108 22
46 59 59
29 94 29
41 95 88
74 122 122
107 113 107
30 117 30
89 111 61
9 121 121
35 108 86
110 128 128
26 95 60
45 102 124
63 67 116
25 71 71
59 82 76
41 123 88
10 99 99
8 99 99
16 64 64
49 122 28
34 52 52
63 109 112
76 108 76
82 100 76
4 107 107
101 113 55
33 99 99
49 112 28
43 65 66
41 118 88
28 123 28
79 119 15
2 54 2
5 98 98
10 127 127
82 98 76
53 91 25
10 126 64
101 102 55
58 80 29
2 8 30
106 125 106
38 81 81
32 113 32
18 65 50
68 106 90
82 112 76
24 88 88
3 5 24
3 44 24
9 119 104
32 51 32
89 94 127
20 94 127
51 124 124
21 54 77
17 79 47
8 57 30
37 87 1
14 17 47
26 88 88
31 125 106
37 106 120
55 124 124
1 55 1
26 44 60
3 12 52
41 56 88
20 52 81
68 73 90
113 128 128
53 82 76
37 100 120
26 38 60
47 95 47
60 119 60
1 86 1
10 74 64
36 43 98
44 83 83
101 112 55
62 107 107
29 71 29
31 106 106
74 97 79
52 108 52
55 94 127
65 88 88
82 90 76
39 54 72
39 49 28
86 127 127
56 85 53
62 119 15
49 85 28
15 92 15
84 119 115
10 105 2
7 42 32
16 54 89
55 100 55
3 69 69
33 107 99
34 65 114
2 74 2
78 93 78
41 80 88
5 41 88
44 63 112
58 95 29
87 123 1
23 95 11
64 96 128
55 88 88
37 108 120
120 124 124
34 74 114
74 127 127
16 26 60
38 107 107
91 127 127
11 38 11
91 104 104
22 81 81
23 64 11
10 55 55
2 121 121
29 95 29
12 123 52
50 88 88
90 117 83
82 110 76
46 48 46
16 24 24
92 123 125
28 35 28
68 74 90
12 66 52
54 77 77
76 121 121
80 120 42
4 45 78
37 75 120
19 23 71
15 39 15
12 26 60
77 100 77
19 39 71
78 105 78
26 58 29
24 108 22
35 54 86
1 87 1
14 49 28
60 87 1
41 87 1
34 40 114
115 117 83
7 88 32
27 107 107
39 77 77
44 78 78
74 113 74
31 44 106
70 80 42
71 127 127
98 104 104
33 86 99
46 58 29
74 100 59
64 127 127
34 114 114
87 93 1
5 103 107
37 99 99
14 96 128
11 121 121
32 116 32
10 41 88
17 63 47
2 68 2
39 65 66
34 36 114
13 45 124
32 80 32
48 105 2
37 111 61
29 33 29
6 13 110
100 123 59
9 120 104
94 99 99
61 107 107
50 90 50
71 79 71
35 127 127
97 120 120
11 101 11
9 57 104
12 33 99
40 56 53
49 99 99
32 91 32
41 92 88
51 118 121
23 124 124
95 123 74
83 88 88
76 113 76
1 32 1
43 101 55
28 81 28
5 29 29
26 81 60
11 15 11
43 71 71
7 53 32
18 128 50
12 35 86
28 96 28
100 126 59
32 61 32
98 114 114
65 79 66
12 54 52
9 18 50
79 91 25
97 102 79
7 126 32
27 123 122
27 63 112
16 47 47
47 49 28
47 126 47
26 42 60
52 115 52
40 122 48
13 68 110
17 27 47
66 92 66
35 71 71
1 28 1
12 97 52
44 98 98
69 128 128
8 97 30
88 112 88
107 127 107
24 114 114
54 60 60
23 81 81
29 55 29
100 114 114
32 105 32
28 61 28
37 95 120
22 121 121
66 112 66
6 124 124
19 77 71
11 105 2
11 55 11
106 118 121
83 100 59
49 120 28
90 100 59
51 128 128
1 116 1
46 56 46
49 98 28
32 127 32
28 116 116
79 108 22
27 99 99
27 105 2
105 127 127
50 56 50
38 116 116
114 128 128
15 28 28
95 109 109
13 48 110
21 115 77
9 72 104
61 63 61
57 71 71
61 62 61
49 117 28
26 114 60
119 127 127
76 80 42
71 114 71
7 51 32
78 96 78
8 24 30
51 62 51
29 41 29
10 103 107
10 31 64
62 95 75
78 120 78
14 80 42
38 48 48
102 115 115
2 93 2
23 56 11
118 123 121
80 81 42
30 62 30
72 100 59
74 92 125
58 79 29
12 37 120
23 99 99
7 10 32
35 48 86
17 75 47
40 102 48
58 75 29
61 104 104
113 125 125
37 48 120
113 119 15
18 95 50
26 34 60
32 125 32
47 74 47
44 80 42
67 128 116
11 17 47
27 34 114
10 15 15
21 71 71
1 61 1
18 127 127
7 63 32
19 89 71
1 54 1
1 4 1
1 29 1
4 16 78
3 17 47
51 76 51
35 63 86
12 103 107
34 84 114
105 114 2
90 126 90
57 106 106
14 20 81
18 76 50
60 71 60
50 96 50
35 47 86
16 96 128
76 96 128
32 104 32
1 81 1
62 90 90
3 10 64
60 68 60
51 122 51
4 91 78
56 105 2
113 127 127
88 124 88
5 34 114
14 73 69
64 67 116
34 87 1
63 98 98
7 56 32
53 127 127
63 95 112
83 109 83
15 46 46
5 44 126
24 89 24
50 103 107
86 110 86
4 89 78
37 92 120
66 67 116
10 37 120
10 85 64
37 59 120
21 116 116
48 114 114
30 87 1
19 30 71
5 16 89
64 114 114
36 58 29
89 126 89
74 99 99
70 86 86
38 43 98
33 94 99
104 108 104
65 68 66
93 122 46
50 112 50
83 106 83
9 95 104
33 96 99
44 100 59
3 102 24
40 43 98
65 89 66
119 122 15
41 114 88
30 128 128
4 53 78
73 111 61
84 101 55
64 79 64
41 106 88
49 103 107
97 118 121
78 103 107
93 114 114
14 117 69
64 93 46
66 94 127
13 122 110
112 119 112
44 104 104
68 88 88
26 57 60
49 125 28
56 65 66
73 86 86
116 128 116
99 127 99
63 94 127
24 37 120
26 125 60
15 55 55
15 122 15
16 72 89
98 113 98
37 94 127
5 14 69
6 65 66
48 104 104
12 57 52
40 60 60
61 116 116
36 109 109
37 70 51
10 12 52
10 79 64
12 101 52
84 115 115
52 60 60
65 92 66
85 125 125
101 107 107
53 94 127
23 122 11
16 119 15
42 94 127
5 63 112
37 93 120
86 94 127
7 115 32
10 44 64
48 95 48
73 102 6
7 107 32
20 27 81
9 20 104
101 115 55
38 42 42
10 48 64
15 120 120
35 41 88
39 87 1
41 128 88
50 71 50
8 126 30
6 49 28
7 77 32
10 90 64
110 124 124
18 94 127
29 86 29
20 79 81
5 92 125
62 87 1
70 71 71
21 33 99
8 29 29
45 95 124
24 82 76
9 58 29
63 107 107
33 36 99
69 80 42
66 100 59
96 102 128
19 68 71
2 38 2
6 20 81
62 70 51
58 83 29
37 103 107
97 108 22
35 128 128
4 58 29
20 76 81
35 90 86
67 104 116
73 118 121
24 35 86
17 119 47
15 121 121
37 119 120
10 14 69
35 103 107
97 112 112
9 83 104
57 62 57
54 122 72
19 66 71
19 48 71
6 16 89
43 106 98
16 103 107
4 41 88
32 46 32
4 62 78
16 34 114
12 34 52
82 114 76
6 61 61
53 93 46
10 84 115
35 74 86
69 89 69
24 109 109
4 55 78
49 110 28
27 80 42
17 110 47
17 56 47
83 108 22
62 113 75
19 85 71
53 89 53
4 11 78
102 103 107
7 103 32
1 95 1
26 101 60
62 128 128
25 112 25
70 94 127
27 111 61
37 86 86
60 120 60
86 103 107
3 111 61
28 92 28
68 98 98
97 111 61
103 111 107
45 91 124
64 117 83
23 63 11
13 96 128
57 119 15
28 32 32
56 121 121
100 102 59
69 100 69
18 51 50
39 92 125
18 21 50
57 97 79
62 102 6
8 80 42
39 41 88
45 80 42
47 99 99
48 73 48
6 62 6
21 40 77
3 68 90
35 95 86
48 64 64
23 69 11
38 87 1
3 115 115
23 57 11
3 105 2
74 101 55
19 37 71
64 65 66
68 113 90
37 116 116
2 99 99
58 86 29
15 115 115
49 111 28
49 107 107
44 48 126
14 84 69
5 15 15
18 81 50
8 113 30
20 128 128
2 89 2
19 127 127
33 116 99
12 60 60
46 74 46
22 91 22
48 67 116
53 55 55
64 124 124
32 90 32
19 76 71
1 96 1
13 56 110
22 59 22
27 44 126
53 122 53
11 90 11
15 90 15
22 46 22
20 126 81
22 70 51
105 124 124
32 103 32
31 89 106
47 125 47
37 45 124
72 118 121
13 49 28
31 109 109
97 109 79
31 69 69
45 56 124
94 103 107
10 16 64
59 99 99
31 111 61
12 127 127
37 58 29
63 124 124
37 44 120
101 110 55
2 30 30
94 105 127
20 36 81
89 117 83
60 113 60
58 60 29
34 63 114
26 82 60
66 101 55
96 106 128
43 117 98
11 111 61
71 98 71
114 123 114
105 109 2
36 120 120
21 67 116
34 82 76
92 95 125
40 98 98
50 60 60
31 113 106
7 102 32
4 124 78
94 119 127
39 122 122
101 121 121
18 116 116
25 31 25
29 67 29
34 54 114
19 90 71
3 24 24
6 18 50
17 31 47
5 36 109
92 121 121
37 54 120
33 88 88
42 66 42
33 97 99
6 77 77
66 82 76
15 80 42
13 63 110
23 35 86
20 100 81
79 105 2
34 56 114
2 17 47
32 42 32
102 109 109
103 112 107
45 118 121
12 65 52
74 93 46
20 51 51
24 57 24
75 80 42
16 50 50
50 109 50
6 11 11
28 104 104
14 125 69
47 70 51
45 105 124
1 101 1
101 104 104
38 84 115
80 97 42
31 52 52
37 71 71
65 77 77
12 77 52
21 39 77
47 102 47
1 62 1
107 111 107
5 80 42
34 106 114
14 64 69
66 116 116
29 102 29
62 84 115
19 101 71
14 101 55
36 84 115
17 26 60
43 54 98
14 111 61
21 98 77
98 103 107
12 61 61
55 80 42
4 123 78
43 94 127
32 81 32
28 50 50
17 41 88
20 30 30
7 29 29
6 12 52
3 76 76
28 69 28
6 71 71
49 89 28
9 65 104
42 57 42
85 127 127
63 73 112
47 60 60
40 58 29
62 71 71
8 69 30
23 93 11
57 58 29
8 102 30
33 82 99
50 75 50
46 93 46
38 77 77
1 112 1
43 68 98
96 99 99
81 106 81
21 22 77
88 108 88
43 73 98
89 103 107
45 110 124
6 97 79
84 111 61
3 27 24
39 40 48
82 87 1
20 98 81
22 32 32
42 104 104
27 45 124
82 128 128
54 81 81
91 92 25
57 65 66
7 54 32
9 118 121
30 115 30
69 77 77
8 16 30
10 122 64
7 105 32
96 122 128
55 90 55
26 43 60
39 90 90
22 108 22
30 60 60
25 61 61
14 26 60
24 97 79
18 102 50
26 91 60
30 57 30
22 64 22
10 11 11
40 93 46
69 110 110
7 32 32
2 13 2
12 62 52
9 66 104
99 110 99
104 111 104
48 111 61
3 43 98
19 29 29
53 87 1
8 42 42
16 111 61
10 54 64
16 87 1
5 111 61
33 117 99
35 67 116
32 36 32
82 109 76
2 92 2
79 103 107
44 54 72
18 111 50
6 45 124
35 46 86
35 86 86
31 45 124
69 98 69
75 108 22
50 61 50
7 69 32
28 54 28
96 104 104
54 114 114
31 43 98
7 123 32
19 33 99
56 95 53
43 75 98
51 95 51
115 128 128
2 94 127
26 99 99
74 104 104
17 107 107
115 127 127
77 111 61
88 94 88
72 93 46
77 124 124
31 118 121
50 116 116
35 66 86
28 29 29
17 68 47
83 91 25
90 119 15
56 112 53
21 128 128
38 88 88
22 104 104
5 39 73
33 51 99
43 74 98
6 36 109
1 18 1
98 121 121
58 92 29
93 106 46
20 71 71
46 108 22
22 24 22
54 94 127
76 110 76
20 78 78
67 88 88
56 67 116
118 127 127
27 57 122
80 128 42
75 82 76
2 120 120
39 93 46
48 103 107
81 91 81
21 112 77
3 22 22
33 118 99
8 45 30
43 98 98
10 72 64
81 123 81
2 105 2
35 118 121
19 95 71
7 78 32
69 97 69
81 116 116
98 105 2
48 54 72
31 48 106
7 45 32
5 107 107
85 112 112
39 56 53
80 121 121
35 61 86
22 128 128
29 93 29
20 101 81
6 70 51
68 105 2
8 103 107
30 90 30
43 111 61
48 74 48
1 16 1
13 70 51
65 100 59
37 113 120
36 47 47
20 41 88
62 91 25
39 96 128
67 69 116
94 97 127
105 118 121
97 122 79
3 6 24
39 62 75
94 96 127
40 113 48
19 83 71
71 111 71
30 51 30
26 63 60
21 119 77
35 121 121
14 31 69
7 16 32
126 127 127
55 119 55
21 125 77
17 111 47
20 106 81
4 73 78
69 70 51
21 90 77
22 56 22
56 119 53
41 124 88
12 98 52
68 81 81
19 70 71
5 110 110
32 66 32
35 89 86
65 72 66
54 117 83
119 125 15
19 41 88
21 94 127
13 69 110
26 75 60
79 120 120
21 70 51
9 78 78
3 75 24
103 115 107
54 120 120
12 125 52
9 112 104
14 105 2
26 66 60
41 115 88
34 117 114
32 122 32
43 115 98
52 56 52
12 36 52
49 121 121
76 88 88
56 90 53
12 17 47
57 126 126
23 31 11
33 95 99
8 73 30
7 96 32
62 108 22
11 98 11
9 22 104
9 71 104
10 63 112
68 126 90
39 81 81
47 116 116
26 32 32
31 49 28
10 114 114
10 25 25
46 126 46
40 99 99
25 114 114
17 37 47
33 35 99
56 103 107
3 61 61
77 127 127
14 43 69
22 71 71
52 85 52
30 46 30
29 101 29
80 122 42
72 108 22
43 88 88
16 43 98
13 43 110
70 102 51
113 123 74
34 83 114
26 124 60
38 85 57
59 80 42
103 105 107
2 37 120
8 84 30
19 71 71
33 44 99
20 47 81
42 109 42
78 117 78
9 123 104
55 91 55
12 24 52
102 113 6
121 127 127
98 115 98
45 100 124
15 33 99
58 81 29
9 28 104
90 101 55
21 81 81
63 68 112
17 126 47
27 33 99
54 106 106
8 32 32
52 109 52
5 38 57
93 102 46
64 69 69
66 88 88
105 121 121
28 64 28
31 74 106
51 88 88
1 118 1
36 72 109
4 127 127
54 93 46
47 81 81
45 79 124
56 82 76
64 80 42
40 41 88
25 78 78
70 95 51
63 100 59
6 112 112
96 118 121
23 84 11
45 65 124
102 119 15
39 63 112
45 48 124
70 93 51
54 126 72
29 83 29
78 101 78
44 105 2
52 107 107
127 128 127
31 84 115
51 89 51
49 88 88
67 110 116
22 26 60
35 96 128
34 85 114
80 98 42
79 102 79
10 82 76
42 49 28
62 82 76
55 76 76
5 81 81
76 109 76
47 51 51
55 67 116
9 102 104
67 116 116
64 112 112
20 105 81
32 107 32
23 25 11
5 68 90
43 48 98
2 71 71
35 112 86
65 117 66
103 108 107
10 81 81
73 108 22
52 114 52
21 49 28
116 127 127
22 72 22
7 84 32
16 106 106
17 114 47
35 110 86
21 100 77
12 47 47
53 117 83
3 91 25
35 51 86
56 75 53
10 100 59
13 83 110
50 99 99
7 21 32
2 55 2
33 125 99
17 35 86
42 82 42
1 127 1
33 80 99
3 4 78
111 127 127
12 78 78
41 99 88
29 127 29
16 91 25
63 71 71
22 117 22
14 95 69
36 116 116
4 103 107
20 96 128
32 52 32
8 120 30
32 124 32
7 48 32
8 40 30
30 34 30
16 97 79
23 77 11
20 97 81
26 84 60
37 52 120
3 63 112
13 111 61
6 92 125
7 99 32
4 93 78
13 118 121
112 126 112
82 107 107
10 60 60
24 48 24
47 119 47
22 83 22
36 40 109
12 64 52
78 127 127
16 65 66
9 76 104
46 75 46
30 114 30
92 111 61
22 114 22
61 81 81
28 119 28
89 104 104
48 93 46
55 125 55
50 127 127
19 56 71
28 62 28
7 93 32
21 60 60
29 85 29
13 73 110
42 118 121
26 40 60
48 62 48
33 59 99
47 103 107
69 114 69
20 124 124
104 120 104
6 76 76
22 122 22
10 117 83
29 82 29
47 50 50
28 128 28
102 123 74
37 112 120
105 111 61
23 125 11
88 99 88
31 39 106
80 119 42
37 96 128
71 115 71
14 53 69
49 100 28
13 50 50
81 86 86
37 110 120
66 68 66
27 62 122
48 117 83
80 96 42
8 92 30
17 71 71
46 118 121
1 72 1
82 95 76
20 86 86
32 94 32
45 76 124
44 96 128
76 103 107
16 93 46
58 105 29
50 89 50
84 92 115
3 48 24
106 117 83
57 108 22
51 59 51
49 101 28
58 103 29
93 95 46
36 105 2
18 48 50
20 35 86
75 87 1
6 122 122
33 77 99
11 125 11
80 101 42
35 58 29
70 113 51
56 72 53
42 53 42
51 94 127
53 115 53
16 88 88
32 92 32
1 99 1
36 64 64
67 96 116
31 68 90
24 50 50
3 47 47
56 89 53
80 105 42
17 96 128
89 100 59
4 21 78
84 114 114
5 18 50
52 61 61
56 87 1
76 82 76
49 64 28
44 124 124
77 108 77
50 58 29
93 105 2
56 96 128
20 29 29
7 41 32
68 70 51
2 97 2
41 67 88
98 116 116
22 98 22
18 107 107
7 38 32
90 96 128
3 40 24
7 37 32
54 67 116
34 91 114
49 105 28
54 113 72
64 87 1
18 36 50
21 96 128
3 89 24
64 89 64
16 100 59
24 59 59
60 79 60
51 80 42
10 76 76
5 71 71
114 126 114
16 45 124
63 125 112
26 97 60
7 23 32
36 63 112
79 101 55
12 58 29
21 74 77
43 93 46
8 15 30
32 74 32
88 104 88
53 128 128
67 127 127
44 127 127
29 118 29
13 38 110
53 69 69
36 92 109
23 38 11
6 127 127
38 122 122
37 109 120
24 78 78
4 31 78
34 101 55
43 126 98
75 106 106
102 118 121
3 37 120
54 109 109
37 85 120
59 83 59
5 23 11
51 64 51
10 36 64
74 126 126
58 109 29
38 53 53
61 75 61
91 125 25
39 102 6
35 122 86
13 53 110
96 117 128
15 109 15
39 44 126
8 49 28
21 76 77
91 111 61
59 104 104
83 101 55
66 102 66
31 107 107
6 106 106
27 31 106
10 27 64
44 58 29
52 80 42
57 113 57
21 83 77
77 123 77
23 97 11
112 117 83
38 102 57
91 128 128
51 117 51
79 97 79
7 127 32
3 94 127
2 12 2
27 85 122
21 57 77
13 58 29
31 98 98
79 124 124
1 100 1
86 96 128
32 62 32
93 104 104
40 119 15
48 53 53
41 62 88
23 59 11
64 92 64
93 113 46
8 101 30
31 82 76
79 106 79
48 61 61
1 53 1
36 59 59
32 111 32
23 39 11
20 72 81
52 118 121
46 121 121
33 108 99
63 87 1
56 123 53
80 111 42
100 113 59
31 124 124
37 46 120
21 45 124
19 116 116
44 74 126
41 63 88
30 35 30
28 91 28
8 26 60
42 70 42
24 121 121
68 75 90
38 119 15
2 53 2
24 84 115
64 78 78
51 107 107
96 126 128
41 78 88
54 62 72
82 92 76
44 47 47
19 120 71
38 97 79
76 81 81
23 46 11
34 97 114
18 29 29
36 85 109
56 79 53
98 101 55
80 88 88
70 107 107
17 28 28
10 70 51
14 106 69
1 89 1
60 61 60
21 69 77
40 108 22
8 86 30
50 80 50
52 59 52
11 37 120
119 121 121
27 84 115
34 50 50
24 111 61
3 93 46
67 78 116
30 118 121
36 89 109
11 96 128
3 83 83
123 128 128
51 55 51
22 37 120
26 55 60
72 87 1
59 120 120
117 122 83
14 40 69
92 115 115
11 100 11
41 71 88
74 118 121
8 96 128
63 122 112
43 85 98
62 100 59
47 88 88
1 106 1
41 61 88
2 28 28
3 20 81
44 56 53
33 111 99
4 76 78
37 107 107
90 108 22
48 96 128
68 86 86
34 59 114
3 92 24
7 72 32
70 72 51
1 26 1
35 119 86
27 70 51
112 124 124
23 94 127
20 74 81
11 28 28
7 49 32
4 110 78
20 43 81
13 82 76
54 58 29
6 87 1
29 123 29
54 68 90
49 93 28
14 119 69
53 84 53
61 70 51
21 117 77
21 58 29
36 62 109
86 97 86
36 119 15
77 106 77
38 40 48
19 96 71
20 26 60
105 123 2
48 75 48
20 63 81
67 81 116
17 123 47
35 94 127
12 15 52
64 98 98
31 80 42
46 68 46
27 28 28
9 91 104
34 126 114
14 68 69
34 121 121
6 38 57
68 93 46
65 127 127
2 79 2
23 116 116
38 75 57
4 32 32
49 57 28
101 119 55
16 31 106
12 85 52
13 97 110
19 81 71
82 89 76
45 116 116
67 93 116
120 121 121
23 61 61
68 108 22
64 111 61
3 60 60
40 84 115
6 93 46
22 109 22
53 70 51
14 87 1
29 103 29
13 116 116
77 96 128
17 85 47
95 108 22
45 64 124
22 101 55
9 114 104
37 90 120
30 91 30
57 94 127
23 80 42
67 102 116
55 86 86
69 83 69
10 17 47
34 104 104
109 121 121
107 128 107
65 93 66
15 49 28
57 127 127
4 40 78
3 126 24
30 86 30
6 96 128
76 93 76
68 116 116
34 90 114
15 41 88
52 71 71
2 85 2
18 123 50
75 102 6
11 21 11
82 102 76
99 118 99
29 43 29
25 125 25
9 23 104
37 114 120
91 113 25
9 84 104
40 101 55
94 118 127
8 39 30
11 31 11
48 49 28
24 124 124
13 67 116
35 100 86
4 26 60
47 96 128
45 72 124
56 115 53
66 72 66
20 28 28
43 52 52
17 121 121
21 56 77
33 48 99
29 48 29
76 87 1
107 117 107
42 54 42
40 62 48
5 62 73
19 51 71
15 102 15
53 61 61
54 83 83
13 127 127
32 45 32
20 92 81
24 28 28
76 91 76
26 28 60
23 105 2
48 99 99
3 50 50
41 57 88
1 7 1
15 82 76
14 63 69
64 109 64
45 106 124
61 94 127
94 127 127
58 93 29
113 120 120
42 69 42
111 126 61
7 11 32
71 121 121
55 128 128
24 91 25
22 106 22
43 45 124
43 80 42
63 119 112
9 54 104
85 123 74
51 77 51
61 124 124
19 108 71
53 63 53
12 105 2
68 84 115
2 118 121
68 101 55
5 20 81
43 82 76
109 111 61
48 83 83
9 101 104
15 35 86
67 123 116
57 92 125
49 53 28
7 12 32
4 47 78
95 111 61
69 122 69
77 83 77
28 43 28
21 113 77
26 33 99
44 68 90
58 126 29
5 105 2
77 87 1
20 70 51
61 96 128
15 87 1
51 114 51
5 84 115
86 123 86
11 109 11
38 61 61
53 66 66
75 117 83
24 36 109
14 98 69
23 90 11
89 119 15
40 95 48
12 13 52
28 36 28
29 98 29
99 105 99
17 113 47
80 95 42
63 89 112
35 92 86
44 122 126
7 95 32
100 109 59
7 101 32
36 93 46
8 121 121
61 86 86
31 62 106
16 19 71
93 120 120
63 93 46
10 21 77
23 62 11
46 95 46
38 113 57
3 119 15
82 120 120
94 107 107
7 15 32
19 128 71
28 77 28
48 97 79
3 73 24
25 86 86
43 92 98
100 108 22
13 28 28
45 66 124
28 49 28
29 104 29
81 118 121
21 24 77
36 50 50
43 122 98
54 75 72
24 93 46
4 105 78
60 110 60
84 85 115
6 117 83
40 54 72
51 116 116
51 78 78
54 87 1
88 120 88
15 73 15
64 88 88
72 78 78
55 82 76
110 122 110
8 9 104
33 100 99
64 119 15
74 117 83
64 84 115
15 63 112
92 97 79
60 111 60
45 62 124
95 119 15
54 102 72
57 103 107
57 124 124
99 104 99
79 80 42
13 25 110
35 57 86
32 47 32
17 118 121
19 106 71
75 101 55
13 39 110
105 125 2
37 64 120
23 109 11
81 97 81
31 75 106
37 61 61
26 68 60
91 117 25
16 32 32
5 119 15
36 123 109
25 53 25
60 88 88
41 68 88
43 119 98
45 73 124
45 54 124
108 118 121
19 25 71
6 58 29
16 27 89
83 115 83
67 70 116
66 81 81
37 77 120
59 95 59
61 67 116
55 60 60
81 114 81
33 83 99
16 23 11
42 80 42
76 120 120
9 105 104
67 91 116
18 30 50
29 49 29
31 110 110
9 109 104
60 124 60
89 93 46
117 118 121
56 68 53
4 46 78
41 121 88
63 72 112
30 48 30
2 90 2
24 64 64
28 52 28
16 35 86
88 114 88
53 119 53
35 60 60
42 120 42
25 88 88
5 126 126
110 125 110
33 62 99
48 125 48
3 117 83
10 18 50
34 86 86
14 48 69
26 31 60
19 40 71
28 82 28
22 103 107
90 124 124
22 111 61
77 95 77
17 109 47
75 76 76
40 85 48
21 106 77
11 46 11
67 80 116
41 108 88
6 110 110
94 117 127
8 114 30
12 95 52
68 83 83
9 106 104
80 86 42
12 53 52
119 123 15
29 65 29
44 114 114
46 98 46
96 116 116
16 125 89
100 119 59
93 109 46
22 74 22
90 93 46
20 23 81
14 15 69
7 119 32
14 104 104
53 106 53
15 108 22
21 108 77
52 96 128
43 89 98
23 101 11
99 121 99
4 79 78
22 113 22
51 68 51
64 101 55
38 103 107
5 93 46
71 95 71
18 67 116
16 73 89
61 82 61
42 55 42
6 119 15
57 101 55
69 107 107
91 107 107
40 75 48
85 101 55
56 102 53
32 114 32
27 91 25
33 103 99
10 40 64
40 51 51
11 18 50
70 98 51
22 87 1
67 89 116
43 97 98
40 125 48
56 113 53
73 96 128
64 77 77
36 70 51
2 67 116
86 95 86
31 50 50
53 75 53
24 77 77
34 111 61
10 38 64
17 47 47
3 36 109
19 107 107
42 126 42
13 86 86
26 94 60
4 9 78
35 114 86
58 115 29
95 113 113
31 121 121
23 107 107
33 87 1
35 38 86
39 82 76
70 87 1
4 114 78
13 90 110
66 117 66
25 67 116
27 78 78
4 81 78
67 120 116
7 47 32
99 107 99
60 92 60
4 94 127
95 115 115
24 29 29
37 76 120
24 117 83
8 75 30
7 39 32
35 87 1
63 110 110
22 126 22
14 59 69
25 122 25
25 34 114
56 70 51
53 120 120
41 102 88
38 56 53
74 75 74
83 128 128
3 120 120
8 105 30
20 24 81
19 125 71
7 120 32
10 97 64
79 87 1
44 92 126
58 96 29
10 24 64
70 117 51
23 26 60
4 29 29
18 63 50
87 106 1
34 94 127
85 91 25
5 21 77
14 94 127
33 109 99
97 126 79
17 21 47
34 112 114
71 118 121
88 118 88
81 93 81
1 111 1
51 126 51
43 84 98
89 105 2
38 99 99
1 50 1
77 125 77
44 109 109
3 70 51
25 49 28
19 34 71
26 105 60
59 121 121
78 107 107
20 37 81
17 86 86
42 60 60
34 77 77
14 30 30
3 31 106
25 93 25
6 68 90
88 111 88
49 124 28
27 95 122
33 79 99
20 56 81
24 119 15
62 72 72
47 89 47
54 101 55
41 88 88
107 118 107
75 97 79
88 89 88
102 110 110
16 77 77
14 118 121
13 93 110
55 78 78
10 118 121
72 104 104
8 31 30
23 73 11
15 88 88
78 89 78
17 95 47
77 84 77
48 50 50
31 96 128
60 78 60
50 67 116
36 82 76
40 115 115
21 105 2
103 116 107
54 119 15
66 70 51
21 109 77
5 91 25
66 87 1
13 126 110
23 86 86
91 108 22
17 59 47
3 125 24
84 93 46
6 8 30
44 86 86
62 117 83
16 113 89
57 128 128
34 38 114
37 88 88
93 110 110
20 53 81
56 114 114
32 126 32
117 126 83
65 99 99
10 95 64
63 112 112
16 44 89
10 42 42
5 113 73
2 23 2
23 41 88
38 117 83
69 112 69
18 32 32
67 113 116
70 77 51
67 95 116
39 125 125
14 108 22
4 36 78
91 126 25
21 55 77
9 44 104
70 79 51
100 107 107
25 89 25
75 86 86
60 63 60
34 122 114
34 118 121
50 107 107
23 83 11
16 82 76
27 82 76
32 128 32
3 110 110
43 114 114
14 42 42
46 65 66
44 71 71
75 104 104
93 111 61
108 115 22
10 68 64
77 121 121
23 50 50
27 54 72
88 90 88
21 82 77
73 92 125
26 96 60
65 128 128
88 92 88
43 120 120
63 105 2
2 128 128
38 128 128
47 61 47
96 125 128
5 27 122
78 125 78
32 88 32
52 97 52
15 47 47
46 87 1
13 89 110
26 39 60
53 58 29
1 47 1
5 73 73
49 71 28
51 70 51
77 128 128
10 77 77
72 119 15
109 124 124
41 84 88
38 64 64
45 114 124
29 116 29
36 75 109
44 126 126
13 84 110
39 113 85
9 81 104
67 83 116
13 78 78
84 108 22
52 83 52
32 41 32
103 106 107
12 56 52
13 23 11
14 27 69
30 93 30
95 125 125
57 86 86
59 88 88
91 98 25
88 121 88
70 115 51
23 92 11
34 62 114
36 68 90
18 71 50
9 128 104
22 93 22
10 113 64
75 84 115
11 78 78
97 125 79
1 37 1
48 89 89
13 62 110
46 113 46
36 61 61
116 126 116
31 81 81
95 97 79
40 117 83
45 86 86
116 117 116
8 56 30
4 83 78
52 95 52
60 86 60
12 116 116
84 112 115
59 98 59
5 85 73
29 37 29
24 126 24
40 53 53
42 102 42
16 124 124
23 123 11
6 34 114
112 118 121
41 50 88
44 85 126
10 128 128
96 120 128
100 111 61
21 44 77
14 21 77
2 15 2
37 79 120
14 74 69
68 72 90
4 54 78
3 54 24
14 55 55
25 110 110
11 102 11
80 90 42
15 37 120
6 67 116
24 95 24
104 122 104
20 60 60
34 128 128
49 62 28
60 126 60
45 124 124
3 66 66
27 113 122
4 23 78
73 93 46
35 45 86
27 38 122
7 73 32
42 127 127
99 106 99
113 124 124
109 120 120
65 111 61
12 115 52
96 101 128
24 68 90
1 34 1
11 43 11
8 58 29
21 38 77
49 92 28
6 91 25
5 118 121
12 39 52
40 70 51
8 53 30
5 24 24
90 104 104
24 33 99
89 123 89
74 96 128
71 123 71
61 83 61
60 96 60
87 116 1
36 97 79
20 48 81
25 70 51
79 115 115
101 128 128
1 33 1
57 93 46
82 118 121
34 48 114
43 108 22
52 127 127
95 118 121
65 115 66
79 88 88
69 91 69
10 53 53
47 64 47
41 101 88
36 102 109
82 91 76
100 118 121
15 26 60
49 58 29
14 114 69
13 19 71
22 34 22
17 23 47
71 81 71
123 127 127
108 120 120
60 116 60
43 83 98
25 58 29
66 89 66
9 117 104
14 22 22
35 42 42
42 67 116
25 32 32
40 68 90
1 68 1
32 58 29
45 57 124
8 95 30
33 63 99
15 91 25
53 57 53
94 114 127
82 85 76
52 70 51
28 85 28
52 102 52
58 101 29
11 119 11
82 123 76
31 35 86
39 103 107
54 63 112
24 51 51
70 119 51
19 50 50
4 97 78
2 108 2
84 97 115
29 112 29
14 35 86
58 113 29
1 119 1
42 56 42
8 60 60
100 117 59
29 40 29
68 85 90
17 19 71
83 97 83
21 41 88
27 56 53
33 113 99
58 72 29
28 48 28
10 59 59
72 103 107
86 119 86
80 82 42
22 67 116
95 117 83
38 83 83
51 96 128
13 103 107
22 118 121
38 62 57
32 71 32
25 51 51
41 75 88
82 97 76
53 102 53
80 124 42
34 67 116
5 94 127
68 80 42
26 107 107
42 121 121
4 99 99
59 94 127
41 90 88
13 55 55
97 127 127
66 96 128
4 116 116
20 49 28
8 87 1
11 57 11
87 122 1
21 84 77
74 80 42
15 124 124
53 68 53
2 111 61
1 102 1
74 90 90
30 42 42
123 125 125
2 32 32
98 124 124
41 116 88
62 81 81
31 63 112
52 111 61
43 107 107
26 119 60
51 106 51
100 110 110
58 98 29
4 95 78
11 27 11
3 34 114
21 93 77
86 111 86
14 19 71
84 105 2
48 123 48
62 126 126
14 93 69
70 97 51
36 87 1
39 107 107
78 100 78
58 63 29
17 112 47
14 18 50
8 109 30
60 84 60
68 109 90
49 128 28
90 95 90
29 74 29
46 79 46
11 12 52
20 93 81
10 93 46
50 66 50
78 81 78
20 125 81
104 107 107
27 96 128
27 124 124
19 87 1
42 51 42
14 25 69
34 60 60
14 112 69
108 117 22
6 111 61
2 113 2
16 58 29
19 122 71
111 121 121
38 127 127
74 84 115
41 59 88
22 116 116
9 39 104
20 32 32
42 78 78
1 19 1
90 99 99
54 97 79
35 81 86
61 68 61
51 81 51
22 49 28
31 85 106
62 96 128
6 69 69
122 128 128
17 45 124
21 28 28
114 118 121
68 125 90
65 80 42
17 91 47
79 104 104
19 104 104
48 90 90
34 93 114
45 74 124
36 54 109
96 123 128
35 115 86
57 95 57
60 128 60
28 124 28
77 97 77
65 98 66
80 87 1
11 51 51
10 71 71
10 73 64
4 84 78
41 43 88
12 79 52
16 68 90
65 104 104
5 17 47
14 38 69
37 102 120
31 41 88
23 58 29
7 104 32
37 84 120
47 117 47
1 120 1
48 84 115
105 106 2
37 121 121
14 51 51
61 105 61
63 102 112
6 72 72
30 41 88
21 34 77
3 85 24
9 62 104
65 106 66
1 30 1
17 106 47
34 108 22
78 118 121
19 52 71
47 100 47
63 116 116
48 109 109
41 51 88
46 53 46
13 119 110
15 54 15
46 119 46
51 61 51
12 40 52
65 124 124
66 127 127
52 64 52
95 120 120
62 105 2
26 29 29
69 94 127
7 128 32
17 53 47
40 73 48
29 80 29
77 117 77
100 112 59
13 22 22
5 120 120
18 54 50
73 105 2
73 103 107
75 93 46
2 43 2
101 106 55
35 59 86
38 47 47
70 106 51
101 126 55
34 44 114
82 113 76
70 76 51
53 99 99
49 97 28
48 91 25
82 126 76
48 70 51
100 122 59
32 110 32
49 51 28
37 120 120
83 127 127
33 110 99
32 117 32
81 110 81
73 123 74
13 14 110
37 89 120
44 125 126
34 115 114
24 47 47
59 101 55
72 82 76
109 123 109
16 51 51
4 8 78
6 98 98
2 87 1
99 108 99
15 103 107
66 126 66
1 88 1
4 109 78
22 89 22
82 122 76
7 75 32
1 90 1
46 89 46
40 64 64
30 88 88
16 117 83
71 107 107
70 122 51
79 112 112
1 46 1
26 98 60
94 110 127
2 35 86
9 48 104
71 80 71
30 81 30
1 83 1
69 72 69
27 114 114
73 113 73
105 119 2
40 123 48
100 106 59
3 128 128
91 105 2
57 84 115
22 57 22
72 95 72
112 125 112
56 108 22
44 93 46
70 125 51
50 51 50
27 79 79
73 116 116
46 100 59
36 127 127
96 113 128
96 108 128
28 60 60
29 68 29
96 100 128
117 120 120
3 84 115
73 84 115
24 104 104
30 71 71
21 32 32
103 123 107
55 75 55
80 92 42
34 43 114
25 80 42
56 88 88
80 109 42
22 100 22
35 49 28
63 65 66
26 60 60
4 96 78
27 86 86
70 82 51
17 49 28
32 33 32
5 123 74
84 88 88
5 31 106
40 72 72
74 108 22
96 107 107
8 90 30
16 38 89
39 111 61
42 75 42
58 78 29
21 107 107
98 106 98
125 128 128
41 70 88
23 44 11
40 59 59
107 121 107
6 40 48
29 52 29
5 12 52
81 103 107
37 41 88
41 73 88
9 125 104
33 76 99
61 80 42
28 51 28
53 116 116
95 114 114
48 101 55
40 57 48
14 92 69
5 106 106
20 59 81
78 85 78
56 97 53
8 104 104
52 98 52
16 57 89
18 68 50
100 103 107
15 117 83
81 88 88
24 90 90
9 64 104
115 124 124
34 70 51
23 115 11
26 59 60
21 37 120
14 85 69
112 114 114
97 105 2
12 111 61
30 33 99
20 75 81
39 123 74
50 86 50
74 91 25
104 121 121
56 73 53
45 112 124
81 84 81
21 110 77
23 37 120
103 121 107
51 104 104
16 101 55
26 113 60
12 63 52
45 51 124
12 19 71
27 53 53
109 122 109
65 95 66
43 95 98
84 117 83
33 40 99
11 114 11
83 102 83
17 29 29
78 106 78
108 127 127
41 85 88
126 128 128
52 69 52
51 125 51
75 105 2
34 80 42
24 43 98
37 125 120
3 122 24
44 88 88
29 32 29
58 107 29
18 108 50
47 123 47
95 126 126
21 95 77
27 60 60
12 70 51
56 109 53
72 91 25
20 108 81
40 121 121
78 111 78
47 90 47
80 115 42
74 77 77
64 125 64
5 67 116
80 117 42
90 121 121
18 72 50
8 77 30
62 85 75
5 57 57
87 95 1
24 32 32
93 94 127
47 80 42
47 94 127
23 110 11
20 121 121
61 71 71
106 115 115
19 69 71
24 67 116
111 114 61
1 125 1
78 88 88
22 107 107
37 73 120
65 84 66
29 60 29
16 108 22
57 123 74
103 127 107
31 108 22
3 30 30
48 92 48
7 114 32
28 88 88
12 59 52
65 82 76
49 80 28
22 102 22
70 78 78
27 125 122
46 111 61
16 62 89
40 46 46
72 86 86
109 119 15
11 58 29
36 118 121
65 97 66
13 30 30
41 83 88
106 116 116
22 115 22
81 95 81
95 110 110
15 17 47
71 84 71
9 29 29
48 63 112
96 111 128
28 70 28
86 98 86
19 35 71
11 25 11
7 98 32
37 127 127
21 63 77
23 34 11
9 127 127
12 107 107
81 112 81
55 105 2
81 124 124
12 126 52
69 101 55
5 100 59
10 101 55
68 102 90
98 119 98
54 57 72
83 93 46
67 72 116
6 9 104
40 82 76
14 36 69
70 123 51
25 104 104
34 73 114
32 44 32
87 113 1
92 118 121
110 114 110
73 95 73
1 117 1
92 103 107
64 70 51
13 128 128
31 36 109
19 113 71
21 127 127
56 66 66
36 74 109
7 71 32
30 102 30
96 109 128
13 31 110
29 121 29
4 77 78
51 75 51
77 107 107
21 61 61
41 82 88
17 57 47
1 103 1
6 55 55
77 118 121
1 93 1
40 114 114
21 66 77
61 77 61
95 104 104
52 91 52
66 103 107
20 25 81
26 62 60
27 92 122
41 96 88
28 67 116
14 56 69
113 116 116
104 105 104
69 104 104
10 23 11
39 106 106
36 100 59
20 34 81
60 67 60
36 80 42
78 86 78
13 37 120
8 10 30
50 68 50
71 77 71
66 108 22
49 56 28
5 52 52
30 38 30
63 123 112
49 95 28
31 92 106
8 44 30
18 99 99
83 105 2
23 119 11
19 74 71
8 89 30
41 54 88
56 84 53
2 104 104
21 85 77
5 54 72
9 13 104
18 88 88
26 36 60
84 113 115
115 121 121
64 128 128
19 88 88
67 68 116
18 113 50
3 103 107
63 84 115
15 79 15
85 102 6
13 65 110
7 35 32
31 94 127
76 86 86
51 56 51
81 94 127
5 127 127
56 57 53
99 101 99
3 113 24
22 85 22
107 114 107
23 49 28
35 99 99
101 117 55
31 57 106
45 70 124
25 41 88
19 92 71
27 69 69
32 35 32
75 116 116
23 28 28
38 101 55
3 108 22
9 60 60
20 116 116
20 117 81
19 97 71
9 38 104
57 67 116
44 115 115
3 21 77
103 107 107
26 89 60
42 88 88
70 92 51
20 50 50
24 63 112
33 41 88
1 60 1
57 73 57
27 41 88
1 104 1
33 60 99
25 29 29
35 53 86
17 97 47
84 95 115
49 79 28
14 123 69
37 123 120
95 116 116
60 94 60
36 91 25
26 79 60
68 95 90
18 55 50
29 126 29
44 62 126
89 92 89
5 97 79
60 104 60
8 65 30
50 105 50
34 79 114
17 98 47
16 89 89
49 91 28
103 120 107
53 105 2
86 93 86
20 122 81
74 94 127
74 89 89
88 113 88
28 68 28
11 108 11
63 106 112
25 30 30
37 63 120
61 97 61
13 33 99
49 69 28
65 113 66
64 68 64
7 31 32
9 21 104
4 67 116
5 35 86
1 107 1
23 30 30
33 37 99
2 126 2
95 96 128
54 103 107
38 73 57
14 99 99
5 96 128
80 102 42
4 126 78
12 109 52
66 95 66
15 60 60
9 80 104
115 116 116
10 106 64
125 127 127
36 69 69
2 81 81
75 85 75
2 40 2
28 122 28
51 121 121
8 70 30
81 119 81
45 92 124
7 8 32
34 123 114
11 124 124
44 65 66
57 70 51
3 112 112
105 113 2
60 85 60
40 128 128
28 103 107
38 70 51
66 78 78
111 119 61
58 94 29
10 32 32
109 113 109
8 51 30
22 41 88
26 93 60
20 67 116
1 41 1
23 88 88
50 113 50
103 126 107
4 30 78
52 126 52
88 110 88
7 55 32
21 27 77
70 120 51
16 92 89
60 70 60
102 111 61
49 87 1
45 82 124
38 105 2
77 112 77
60 99 99
40 88 88
113 117 83
6 78 78
48 112 112
5 26 60
44 108 22
59 90 59
73 97 79
50 64 50
8 119 30
84 109 115
14 58 29
45 89 124
20 61 81
68 77 77
39 68 90
35 83 86
6 104 104
69 103 107
75 114 114
5 82 76
2 69 2
4 59 78
46 97 46
87 128 1
30 36 30
63 70 51
54 56 53
3 74 24
28 120 28
34 46 114
111 122 61
14 54 69
79 82 76
92 106 106
54 74 72
28 94 127
54 124 124
63 74 112
12 87 1
33 45 99
88 117 88
20 57 81
13 102 110
63 117 83
44 57 126
4 5 78
58 73 29
7 109 32
58 106 29
59 89 59
117 125 83
13 85 110
67 86 116
82 119 76
98 108 22
15 19 71
4 56 78
22 62 22
43 105 2
118 128 121
66 99 99
3 67 116
71 96 71
83 111 61
3 116 116
46 70 51
38 65 66
1 84 1
45 103 107
91 115 25
52 77 52
1 114 1
83 121 121
29 44 29
58 128 29
20 69 81
19 44 71
20 33 99
50 77 50
49 59 28
14 23 11
8 55 30
6 7 32
57 100 59
2 124 124
56 62 53
75 92 125
62 93 46
55 58 29
46 84 46
86 88 88
60 127 60
31 123 106
87 124 1
6 85 6
3 80 42
57 104 104
4 13 78
23 79 11
45 77 124
106 111 61
46 60 60
9 35 104
23 114 11
88 105 88
17 36 47
1 121 1
31 114 114
68 119 15
53 100 59
25 82 76
7 89 32
10 45 124
11 16 11
14 86 86
15 65 66
61 111 61
33 119 99
34 35 86
106 123 106
17 89 47
46 104 104
22 23 11
54 105 2
72 117 83
93 115 46
20 88 88
59 109 59
23 96 128
13 121 121
9 68 104
10 111 61
91 96 128
95 102 6
32 76 32
70 109 51
30 67 116
17 54 47
1 70 1
35 91 86
45 78 78
54 86 86
41 53 88
36 108 22
13 117 110
31 105 2
44 73 126
47 86 86
54 73 72
34 45 124
3 87 1
47 54 47
10 125 64
28 47 28
5 33 99
67 114 116
43 55 55
52 62 52
75 111 61
17 105 47
27 118 121
48 119 15
23 104 104
3 7 32
77 80 42
11 88 88
72 85 72
61 87 1
42 76 42
23 24 11
52 105 2
63 85 112
23 127 127
2 48 2
70 110 51
16 30 30
64 118 121
53 108 22
32 108 32
53 76 76
40 89 89
56 118 121
38 123 74
13 112 110
61 92 61
3 56 53
52 90 52
15 20 81
3 72 24
69 111 61
15 126 15
6 105 2
57 78 78
4 15 78
46 69 69
29 128 29
33 58 29
32 69 32
44 75 126
9 75 104
60 66 60
44 84 115
20 64 81
67 125 116
24 86 86
54 95 72
33 112 99
18 64 50
76 99 99
7 112 32
31 102 106
97 121 121
49 72 28
104 116 116
80 118 121
45 84 124
14 39 69
29 78 29
19 123 71
18 69 50
60 91 60
47 71 71
68 79 90
21 35 86
33 67 99
26 102 60
27 87 1
13 41 88
114 122 114
16 28 28
72 89 89
15 34 114
41 64 88
35 50 50
16 80 42
5 56 53
44 123 126
25 76 76
9 14 104
57 82 76
90 118 121
9 69 104
77 93 77
9 34 104
7 83 32
27 100 59
47 68 47
14 88 88
1 71 1
18 89 50
96 105 128
23 71 71
15 44 15
27 73 122
101 105 2
4 18 50
16 37 120
15 98 98
7 22 32
19 58 29
6 54 72
29 58 29
8 110 30
21 104 104
90 105 2
45 87 1
31 38 106
58 99 29
95 103 107
12 91 52
6 108 22
10 39 64
30 104 104
2 100 2
10 56 53
91 100 25
91 122 25
22 112 22
15 66 66
27 40 48
42 122 42
41 107 88
47 69 47
50 117 50
59 93 59
47 128 128
3 38 24
15 100 59
76 105 2
9 122 104
50 106 50
37 56 120
57 77 77
40 47 47
36 76 76
16 122 89
110 115 110
49 102 28
33 78 99
94 115 127
13 18 50
20 38 81
8 88 88
24 49 28
65 96 128
1 78 1
50 84 50
17 48 47
14 37 120
8 22 30
67 94 127
23 55 11
40 74 48
60 83 60
98 99 99
59 67 116
45 52 124
19 110 71
32 48 32
33 70 99
102 114 114
61 127 127
102 106 106
75 123 74
80 91 42
12 74 52
51 90 51
9 40 104
66 80 42
87 88 1
79 93 46
89 95 89
14 66 69
124 125 124
95 99 99
35 77 86
31 72 106
30 116 116
80 89 42
64 94 127
3 95 24
81 115 81
32 75 32
12 69 52
33 73 99
108 125 22
28 71 28
39 127 127
16 36 109
5 83 83
6 103 107
45 83 124
36 125 109
107 123 107
93 119 46
49 94 127
29 115 29
45 113 124
60 65 60
65 102 66
15 96 128
31 117 83
97 119 15
15 53 53
58 108 29
31 40 106
96 97 128
81 101 81
36 88 88
48 122 48
5 40 48
14 122 69
16 75 89
81 127 127
97 115 115
54 92 72
61 118 121
51 65 51
32 97 32
31 95 106
59 126 59
9 93 104
31 67 116
34 41 88
16 18 50
46 82 76
58 111 29
38 68 90
9 99 99
92 93 46
37 38 120
17 94 127
19 86 71
48 118 121
17 93 47
60 101 60
2 20 81
111 123 61
3 57 24
12 51 51
38 51 51
64 90 64
17 70 51
38 92 125
31 54 106
48 65 66
8 17 30
37 60 60
100 105 2
21 68 77
79 86 86
89 122 89
60 95 60
15 127 127
91 95 25
6 10 64
2 51 51
48 68 90
55 72 55
117 121 121
58 71 29
96 119 128
8 117 30
45 108 124
8 43 30
30 68 30
10 34 114
12 45 124
60 72 60
112 113 112
56 100 59
41 104 88
67 117 116
19 91 71
6 44 126
57 68 90
29 111 29
32 95 32
9 126 104
111 120 61
47 127 127
101 125 55
14 79 69
1 105 1
1 8 1
50 104 50
26 64 60
4 118 121
49 127 127
95 101 55
103 128 107
40 127 127
82 103 107
73 106 106
105 126 2
49 63 28
104 124 104
85 95 85
24 45 124
35 102 86
44 91 25
6 84 115
40 100 59
43 125 98
46 94 127
30 50 50
54 80 42
8 59 30
94 112 127
4 33 99
108 122 22
15 105 2
11 61 61
31 93 46
9 98 104
19 73 71
13 115 110
64 126 64
45 111 124
11 33 99
13 51 51
19 53 71
8 27 30
36 48 109
38 58 29
16 107 107
108 110 22
54 64 64
24 72 24
55 111 61
11 66 11
12 128 128
8 38 30
82 106 76
75 103 107
70 103 107
102 105 2
37 105 120
46 107 107
13 16 110
18 73 50
62 92 125
4 121 121
23 76 11
38 39 57
38 95 57
32 120 32
55 71 71
9 96 104
26 50 60
4 71 78
27 102 122
3 19 71
75 119 15
82 115 76
32 70 32
28 66 28
43 67 116
99 120 99
6 56 53
31 73 106
18 49 50
64 75 64
113 121 121
7 76 32
8 21 30
45 122 124
