64 1816
27 50 22
20 47 14
25 50 18
20 41 14
9 43 2
15 47 10
2 28 2
17 28 10
4 36 1
19 62 14
6 12 6
14 63 14
36 46 30
14 49 14
45 50 38
1 22 1
3 9 1
14 33 14
23 49 18
4 51 1
11 37 6
23 56 18
4 42 1
44 54 38
51 55 46
31 61 26
11 21 6
20 30 14
35 40 30
13 61 6
25 32 18
9 23 2
7 63 2
26 55 26
1 28 1
1 55 1
33 42 26
6 19 6
28 42 22
25 44 18
52 59 46
32 51 26
19 23 14
10 17 10
34 62 34
14 64 14
7 23 2
32 57 26
2 19 2
7 60 2
48 57 42
5 43 1
49 55 42
33 38 26
2 40 2
8 50 2
4 50 1
13 36 6
46 60 46
7 41 2
34 36 30
23 48 18
5 40 1
13 62 6
11 22 6
2 38 2
25 37 18
10 53 10
43 50 38
7 36 2
47 60 42
14 28 14
7 59 2
29 31 22
26 38 26
31 41 26
18 33 18
7 14 2
14 61 14
2 60 2
1 50 1
6 53 6
28 52 22
20 21 14
6 13 6
43 60 38
38 56 38
13 46 6
16 44 10
3 28 1
4 32 1
20 48 14
43 64 38
13 27 6
60 62 54
6 9 2
28 48 22
3 32 1
57 61 50
29 44 22
18 25 18
8 22 2
2 5 1
12 32 6
32 46 26
38 64 38
24 26 18
37 46 30
19 58 14
34 54 34
23 36 18
37 55 30
12 63 6
30 37 30
2 41 2
8 52 2
2 23 2
29 32 22
45 58 38
1 61 1
33 40 26
6 49 6
7 30 2
28 33 22
16 40 10
30 36 30
21 59 14
20 61 14
26 53 26
2 15 2
57 62 50
50 59 50
2 18 2
14 34 14
19 47 14
41 45 34
19 50 14
4 7 1
3 52 1
41 50 34
43 54 38
46 55 46
21 33 14
21 38 14
12 15 6
29 59 22
30 60 30
1 3 1
53 59 46
19 44 14
58 61 54
51 53 46
22 35 22
27 40 22
32 40 26
37 47 30
26 63 26
46 47 42
50 52 46
12 20 6
18 34 18
43 47 38
51 59 46
10 45 10
31 36 26
20 55 14
38 42 38
30 38 30
25 35 18
11 53 6
9 48 2
33 36 26
50 51 46
6 41 6
35 54 30
52 53 46
17 24 10
58 60 54
4 54 1
1 2 1
25 57 18
49 61 42
46 54 46
9 35 2
3 6 1
31 34 26
27 53 22
33 56 26
6 64 6
15 29 10
28 56 22
41 53 34
46 63 46
4 21 1
22 30 22
38 47 38
12 61 6
30 48 30
40 47 34
29 45 22
42 63 42
21 39 14
37 45 30
30 45 30
14 22 14
1 33 1
9 39 2
34 38 34
3 53 1
12 26 6
7 58 2
11 46 6
45 63 38
11 63 6
3 61 1
35 63 30
10 16 10
34 35 30
44 60 38
22 24 18
22 61 22
4 58 1
17 33 10
11 36 6
2 64 2
4 52 1
10 33 10
46 53 46
33 59 26
3 23 1
24 42 18
13 22 6
26 58 26
27 61 22
16 54 10
46 52 46
15 25 10
7 52 2
2 11 2
28 35 22
6 24 6
32 37 26
7 51 2
10 47 10
8 18 2
20 57 14
35 37 30
5 39 1
36 53 30
9 64 2
39 57 34
26 47 26
6 38 6
35 48 30
12 58 6
7 37 2
2 53 2
18 47 18
52 63 46
18 49 18
7 64 2
29 46 22
14 50 14
54 58 54
29 35 22
17 29 10
11 56 6
23 53 18
20 32 14
45 60 38
2 48 2
35 51 30
5 21 1
26 40 26
16 26 10
5 35 1
6 30 6
12 56 6
10 46 10
48 52 42
22 31 22
34 63 34
13 42 6
28 58 22
17 57 10
47 49 42
38 51 38
7 13 2
35 46 30
5 18 1
51 58 46
40 41 34
15 42 10
10 15 10
39 60 34
23 52 18
23 26 18
11 29 6
16 64 10
35 38 30
20 27 14
53 55 46
26 54 26
58 59 54
45 53 38
35 42 30
23 33 18
32 48 26
20 45 14
41 54 34
2 22 2
29 49 22
20 33 14
47 52 42
9 22 2
16 17 10
39 49 34
7 18 2
9 38 2
14 30 14
13 51 6
16 22 10
33 52 26
21 26 14
16 20 10
9 32 2
17 52 10
8 24 2
51 60 46
21 41 14
36 44 30
10 39 10
9 33 2
20 53 14
37 51 30
14 20 14
4 38 1
5 30 1
44 53 38
6 34 6
5 19 1
18 19 14
14 60 14
5 62 1
24 31 18
12 46 6
47 59 42
1 17 1
1 23 1
26 36 26
2 59 2
48 55 42
34 57 34
30 51 30
18 37 18
13 23 6
60 61 54
4 39 1
23 31 18
43 51 38
52 61 46
20 40 14
12 23 6
37 64 30
44 50 38
2 45 2
12 36 6
30 61 30
10 24 10
3 21 1
16 24 10
55 56 50
39 62 34
24 54 18
10 51 10
9 19 2
31 48 26
6 8 2
17 19 10
14 54 14
9 12 2
19 24 14
42 50 42
13 19 6
27 41 22
4 40 1
36 47 30
48 54 42
15 17 10
13 40 6
11 51 6
27 39 22
44 51 38
55 57 50
31 56 26
19 31 14
22 53 22
18 57 18
36 62 30
34 45 34
16 51 10
32 38 26
11 44 6
36 49 30
2 31 2
5 55 1
58 62 58
13 48 6
28 53 22
25 40 18
34 60 34
19 63 14
4 18 1
56 57 50
16 35 10
5 45 1
25 45 18
39 42 34
1 19 1
26 29 22
10 38 10
21 28 14
13 64 6
9 62 2
22 47 22
12 37 6
28 57 22
26 61 26
18 45 18
6 26 6
8 62 2
41 51 34
17 39 10
9 14 2
42 51 42
41 48 34
13 45 6
37 59 30
6 39 6
22 26 22
16 60 10
6 25 6
8 33 2
25 38 18
10 11 6
1 30 1
11 32 6
25 59 18
43 48 38
42 57 42
23 59 18
53 58 46
25 33 18
22 52 22
4 37 1
40 63 34
43 53 38
40 42 34
30 35 30
19 61 14
22 63 22
44 61 38
21 46 14
15 33 10
44 62 38
4 35 1
42 54 42
9 59 2
34 53 34
14 23 14
33 43 26
37 61 30
7 9 2
46 61 46
9 46 2
17 47 10
14 44 14
2 43 2
28 36 22
25 31 18
4 14 1
15 18 10
40 61 34
5 25 1
37 49 30
3 50 1
19 55 14
5 24 1
37 42 30
13 17 6
27 57 22
51 61 46
31 46 26
27 54 22
35 58 30
23 40 18
11 62 6
24 58 18
12 30 6
2 57 2
20 54 14
3 39 1
29 52 22
18 40 18
43 55 38
12 29 6
4 12 1
29 41 22
9 10 2
26 48 26
31 64 26
3 59 1
25 56 18
9 49 2
39 59 34
1 24 1
11 23 6
39 51 34
15 24 10
10 19 10
12 34 6
3 46 1
15 57 10
2 10 2
5 64 1
4 47 1
40 51 34
32 45 26
27 36 22
14 32 14
10 40 10
29 57 22
2 12 2
20 38 14
2 8 2
20 29 14
20 63 14
6 22 6
42 62 42
44 56 38
20 37 14
22 48 22
16 45 10
7 61 2
20 31 14
5 50 1
17 35 10
39 43 34
45 64 38
26 51 26
32 59 26
24 32 18
1 4 1
20 56 14
4 63 1
20 26 14
7 62 2
32 44 26
35 57 30
21 23 14
24 60 18
52 58 46
13 52 6
38 54 38
20 58 14
9 34 2
47 51 42
19 49 14
55 58 50
25 48 18
27 48 22
16 37 10
22 34 22
25 42 18
31 55 26
35 47 30
16 32 10
6 50 6
23 35 18
26 52 26
15 63 10
51 63 46
18 32 18
10 42 10
5 16 1
37 50 30
26 33 26
9 15 2
34 51 34
33 45 26
49 54 42
18 23 18
22 37 22
21 44 14
45 59 38
28 62 22
5 38 1
12 55 6
30 58 30
40 43 34
1 57 1
1 9 1
12 44 6
11 33 6
28 31 22
11 30 6
19 46 14
29 39 22
21 24 14
1 48 1
5 14 1
3 48 1
10 54 10
4 8 1
1 52 1
28 41 22
52 64 46
15 34 10
14 27 14
13 16 6
48 64 42
24 45 18
52 54 46
15 36 10
14 47 14
1 39 1
11 64 6
24 34 18
35 50 30
22 36 22
2 32 2
1 15 1
14 51 14
43 59 38
12 59 6
23 62 18
34 52 34
19 60 14
24 41 18
15 64 10
14 26 14
14 21 14
13 26 6
36 43 30
38 52 38
48 58 42
40 49 34
13 43 6
14 39 14
29 51 22
17 31 10
1 43 1
30 59 30
19 27 14
3 40 1
5 47 1
26 46 26
37 53 30
39 47 34
5 20 1
10 27 10
8 15 2
38 50 38
22 33 22
5 12 1
4 15 1
26 34 26
50 54 50
3 13 1
29 55 22
36 56 30
22 28 22
38 39 34
47 62 42
2 4 1
7 53 2
40 44 34
39 63 34
10 14 10
62 63 58
43 46 38
14 38 14
57 64 50
1 27 1
9 37 2
11 26 6
16 63 10
23 44 18
24 30 18
17 37 10
41 64 34
4 23 1
36 54 30
32 49 26
9 54 2
6 23 6
35 52 30
24 33 18
42 52 42
22 55 22
29 33 22
15 16 10
21 58 14
29 50 22
27 59 22
8 16 2
12 17 6
9 56 2
5 54 1
9 31 2
38 58 38
10 37 10
32 47 26
10 58 10
1 20 1
61 62 54
1 59 1
26 28 22
1 31 1
22 62 22
27 28 22
22 27 22
24 51 18
8 9 2
46 56 46
2 35 2
19 38 14
9 52 2
23 24 18
48 59 42
17 64 10
15 60 10
32 58 26
41 44 34
18 28 18
4 49 1
49 50 42
42 55 42
11 34 6
42 53 42
22 57 22
12 16 6
33 37 26
13 63 6
40 58 34
23 60 18
15 26 10
4 64 1
1 16 1
20 39 14
41 59 34
8 40 2
16 46 10
43 57 38
15 43 10
51 62 46
29 58 22
54 63 54
56 64 50
8 32 2
5 33 1
10 29 10
6 58 6
21 29 14
22 32 22
30 40 30
30 44 30
35 41 30
18 24 18
36 42 30
9 57 2
47 48 42
55 62 50
1 37 1
31 60 26
5 9 1
15 54 10
4 34 1
18 41 18
34 39 34
38 55 38
22 64 22
26 31 26
43 45 38
23 63 18
1 26 1
12 49 6
44 57 38
1 54 1
14 29 14
2 14 2
22 23 18
21 57 14
47 56 42
59 62 54
29 37 22
21 54 14
15 35 10
8 44 2
23 46 18
42 64 42
3 20 1
13 41 6
24 27 18
7 8 2
1 13 1
14 52 14
45 62 38
31 62 26
37 43 30
35 43 30
4 5 1
28 37 22
19 42 14
22 54 22
8 47 2
11 60 6
11 55 6
19 21 14
49 62 42
14 35 14
15 58 10
48 61 42
46 59 46
10 64 10
2 25 2
10 59 10
24 52 18
12 64 6
28 64 22
46 57 46
5 27 1
2 56 2
2 63 2
34 50 34
4 25 1
22 49 22
22 41 22
17 43 10
54 64 54
26 41 26
22 25 18
49 58 42
27 51 22
48 56 42
14 41 14
6 55 6
12 62 6
19 36 14
54 59 54
37 62 30
20 60 14
29 38 22
30 57 30
24 48 18
7 10 2
10 31 10
31 63 26
36 55 30
6 32 6
27 43 22
1 8 1
17 63 10
21 37 14
40 62 34
24 40 18
3 7 1
8 34 2
16 18 10
3 19 1
10 63 10
3 25 1
41 62 34
29 63 22
21 55 14
4 44 1
8 21 2
53 63 46
8 56 2
12 47 6
31 45 26
12 21 6
30 46 30
13 30 6
10 22 10
60 63 54
16 58 10
27 55 22
45 61 38
5 13 1
31 39 26
6 27 6
38 48 38
19 39 14
32 63 26
2 6 2
18 30 18
14 36 14
8 41 2
13 38 6
10 26 10
53 61 46
34 55 34
13 20 6
27 63 22
46 49 42
28 60 22
45 48 38
40 54 34
25 58 18
32 55 26
11 41 6
50 62 50
24 28 18
6 42 6
24 39 18
6 18 6
9 53 2
13 39 6
26 44 26
10 50 10
23 41 18
37 63 30
35 53 30
27 49 22
33 55 26
14 40 14
24 25 18
25 29 18
23 42 18
11 50 6
33 47 26
53 64 46
5 8 1
18 50 18
21 64 14
8 25 2
57 59 50
11 35 6
46 48 42
57 60 50
13 34 6
13 53 6
33 44 26
21 35 14
48 63 42
27 34 22
37 54 30
19 37 14
2 37 2
5 56 1
17 22 10
8 13 2
40 46 34
13 59 6
10 25 10
18 27 18
27 47 22
21 25 14
6 46 6
32 42 26
27 29 22
13 58 6
3 41 1
34 40 34
28 30 22
12 43 6
31 32 26
21 56 14
41 63 34
3 4 1
39 56 34
29 42 22
5 22 1
47 54 42
44 55 38
16 50 10
18 60 18
23 32 18
61 64 54
13 31 6
33 62 26
14 62 14
18 36 18
52 56 46
41 42 34
32 61 26
30 49 30
33 48 26
15 37 10
8 61 2
22 44 22
47 50 42
46 62 46
36 57 30
36 50 30
18 58 18
7 24 2
16 52 10
25 51 18
26 64 26
7 54 2
38 45 38
36 51 30
4 26 1
50 61 50
13 35 6
5 31 1
26 27 22
8 39 2
30 55 30
13 44 6
45 49 38
5 41 1
34 44 34
15 51 10
1 47 1
5 63 1
23 61 18
2 9 2
27 33 22
37 60 30
16 43 10
23 25 18
8 17 2
18 63 18
27 62 22
45 55 38
30 32 26
4 19 1
37 57 30
4 13 1
23 39 18
16 33 10
6 44 6
1 46 1
31 57 26
2 16 2
8 53 2
15 45 10
9 61 2
22 60 22
32 56 26
41 57 34
59 64 54
43 49 38
2 20 2
3 31 1
26 30 26
14 53 14
45 47 38
10 62 10
41 49 34
53 54 46
8 29 2
24 61 18
47 55 42
22 40 22
28 43 22
52 62 46
19 43 14
44 45 38
56 63 50
14 56 14
1 56 1
54 55 50
30 34 30
24 64 18
17 45 10
49 53 42
2 39 2
34 42 34
43 52 38
49 56 42
14 17 10
47 63 42
7 43 2
9 63 2
6 28 6
23 45 18
21 40 14
1 62 1
20 51 14
12 41 6
25 30 18
20 42 14
49 63 42
1 7 1
2 58 2
3 16 1
33 63 26
6 29 6
19 22 14
28 39 22
1 36 1
8 31 2
27 46 22
28 34 22
29 56 22
17 61 10
10 57 10
32 53 26
10 13 6
12 40 6
40 48 34
10 34 10
17 59 10
27 52 22
18 46 18
6 20 6
2 51 2
18 43 18
1 11 1
38 44 38
48 49 42
10 32 10
9 47 2
38 61 38
30 64 30
31 49 26
8 43 2
3 57 1
20 49 14
16 57 10
44 58 38
17 41 10
1 63 1
14 31 14
18 52 18
34 46 34
56 58 50
20 22 14
12 24 6
1 60 1
40 45 34
3 55 1
19 20 14
11 48 6
4 11 1
20 36 14
1 18 1
60 64 54
9 41 2
5 32 1
49 60 42
9 50 2
30 31 26
54 61 54
18 51 18
12 28 6
49 59 42
46 64 46
39 54 34
9 28 2
39 46 34
59 63 54
2 54 2
4 31 1
1 51 1
20 25 14
42 59 42
27 56 22
51 64 46
21 62 14
10 28 10
30 56 30
33 53 26
22 59 22
8 27 2
18 39 18
50 56 50
31 33 26
21 52 14
18 44 18
39 45 34
12 18 6
24 62 18
16 39 10
19 51 14
11 12 6
35 61 30
7 40 2
25 60 18
29 60 22
12 13 6
6 11 6
30 50 30
21 31 14
16 28 10
17 54 10
40 55 34
2 33 2
34 43 34
1 12 1
4 17 1
32 54 26
21 36 14
19 53 14
2 27 2
4 30 1
22 39 22
27 58 22
27 31 22
9 27 2
25 39 18
25 62 18
42 43 38
2 29 2
41 60 34
27 30 22
7 22 2
10 44 10
41 55 34
6 57 6
1 44 1
28 54 22
48 51 42
39 52 34
15 49 10
24 29 18
19 48 14
2 30 2
47 58 42
23 47 18
4 20 1
18 48 18
13 37 6
7 29 2
17 26 10
12 38 6
26 57 26
52 57 46
3 51 1
10 23 10
38 59 38
17 58 10
7 25 2
19 54 14
11 27 6
44 46 38
3 11 1
48 62 42
11 17 6
51 54 46
14 43 14
7 50 2
6 60 6
55 60 50
10 36 10
14 59 14
3 54 1
19 40 14
45 56 38
59 61 54
5 53 1
40 56 34
3 42 1
8 51 2
32 62 26
14 24 14
43 44 38
3 63 1
1 42 1
34 49 34
30 33 26
3 38 1
3 27 1
40 52 34
38 57 38
7 57 2
30 54 30
58 64 58
41 61 34
22 42 22
5 60 1
43 56 38
11 40 6
46 50 46
26 32 26
35 64 30
23 28 18
32 34 26
16 36 10
10 55 10
13 55 6
4 28 1
30 62 30
23 64 18
18 21 14
7 42 2
37 44 30
42 47 42
7 15 2
17 60 10
41 58 34
31 38 26
31 58 26
27 38 22
6 61 6
22 38 22
15 62 10
29 54 22
41 46 34
23 55 18
6 47 6
37 39 30
6 59 6
8 64 2
10 21 10
17 18 10
12 19 6
17 25 10
35 45 30
2 3 1
11 45 6
32 35 26
28 49 22
9 11 2
8 20 2
15 55 10
1 5 1
11 18 6
15 52 10
1 58 1
26 60 26
26 43 26
13 25 6
7 19 2
51 57 46
42 45 38
1 53 1
57 58 50
2 7 2
26 50 26
18 53 18
38 40 34
5 61 1
50 60 50
24 44 18
43 61 38
1 49 1
2 61 2
32 50 26
15 40 10
9 36 2
58 63 58
42 48 42
2 52 2
4 41 1
6 52 6
35 56 30
17 42 10
11 57 6
45 54 38
12 52 6
32 33 26
31 44 26
26 62 26
26 56 26
32 41 26
50 63 50
11 61 6
11 25 6
2 24 2
40 50 34
53 56 46
10 30 10
50 55 50
8 12 2
10 35 10
49 64 42
11 13 6
26 42 26
21 48 14
1 64 1
16 56 10
43 58 38
6 7 2
31 53 26
22 56 22
15 38 10
36 52 30
2 26 2
7 16 2
1 41 1
18 54 18
20 50 14
54 62 54
34 37 30
17 48 10
42 60 42
7 38 2
1 6 1
22 43 22
47 57 42
15 39 10
54 56 50
40 59 34
4 43 1
16 30 10
14 46 14
3 44 1
5 59 1
29 30 22
43 62 38
8 42 2
3 5 1
55 64 50
27 60 22
18 62 18
6 62 6
12 51 6
16 48 10
13 33 6
10 20 10
35 49 30
6 63 6
34 58 34
1 45 1
15 61 10
32 52 26
42 58 42
9 25 2
5 51 1
31 43 26
2 55 2
39 64 34
1 29 1
12 31 6
7 20 2
1 25 1
30 52 30
11 19 6
28 46 22
18 29 18
24 38 18
3 36 1
37 40 30
26 59 26
33 50 26
19 30 14
44 63 38
15 22 10
15 31 10
3 37 1
23 50 18
44 48 38
36 59 30
8 28 2
1 34 1
30 41 30
25 63 18
17 53 10
24 43 18
37 48 30
20 43 14
18 42 18
38 43 38
22 46 22
16 53 10
39 41 34
2 42 2
51 56 46
15 30 10
4 59 1
19 32 14
10 52 10
35 59 30
9 58 2
1 32 1
11 49 6
8 38 2
53 60 46
31 42 26
37 52 30
3 49 1
18 61 18
16 21 10
6 43 6
7 44 2
27 35 22
21 49 14
31 50 26
56 59 50
41 43 34
14 19 14
27 32 22
36 45 30
28 47 22
37 41 30
59 60 54
12 60 6
38 60 38
18 31 18
10 12 6
17 36 10
33 34 26
11 20 6
48 60 42
2 46 2
25 52 18
53 57 46
56 61 50
16 49 10
6 14 6
6 40 6
1 21 1
3 17 1
54 57 50
11 15 6
3 22 1
44 52 38
30 43 30
8 59 2
40 64 34
35 55 30
32 39 26
41 56 34
3 62 1
50 53 46
25 36 18
31 40 26
10 41 10
8 19 2
29 64 22
11 28 6
11 39 6
5 48 1
24 37 18
34 61 34
12 35 6
42 49 42
36 64 30
3 45 1
38 49 38
11 38 6
12 39 6
16 29 10
5 29 1
24 59 18
25 61 18
18 38 18
4 16 1
5 17 1
46 58 46
33 41 26
24 55 18
21 63 14
33 39 26
26 45 26
49 51 42
30 47 30
8 48 2
10 43 10
25 64 18
61 63 54
26 49 26
46 51 46
6 10 6
2 49 2
9 24 2
10 18 10
3 18 1
28 51 22
12 22 6
14 42 14
4 33 1
33 61 26
28 61 22
25 28 18
44 49 38
6 51 6
18 64 18
15 23 10
44 59 38
19 45 14
6 15 6
4 55 1
3 60 1
55 61 50
42 56 42
20 59 14
19 26 14
11 31 6
2 36 2
51 52 46
4 62 1
30 42 30
5 7 1
6 36 6
24 56 18
9 21 2
16 62 10
37 58 30
19 57 14
33 54 26
39 53 34
26 37 26
25 53 18
34 48 34
2 47 2
4 60 1
24 50 18
48 53 42
7 31 2
55 63 50
22 51 22
47 64 42
15 50 10
13 57 6
34 59 34
11 59 6
25 41 18
42 61 42
14 18 14
21 53 14
6 35 6
9 26 2
7 45 2
57 63 50
16 25 10
39 50 34
21 43 14
17 55 10
35 62 30
33 49 26
36 61 30
24 63 18
20 44 14
52 55 46
23 51 18
3 34 1
6 45 6
12 53 6
21 42 14
9 45 2
10 56 10
16 55 10
5 36 1
36 58 30
17 34 10
3 33 1
31 37 26
14 45 14
15 44 10
21 34 14
33 58 26
29 62 22
3 43 1
7 49 2
16 27 10
38 62 38
27 45 22
48 50 42
28 45 22
17 62 10
36 39 30
3 58 1
22 29 22
12 27 6
26 39 26
53 62 46
14 16 10
19 34 14
28 38 22
6 17 6
14 58 14
25 47 18
20 23 14
36 37 30
29 43 22
21 45 14
8 26 2
6 48 6
14 25 14
36 60 30
7 46 2
6 37 6
3 12 1
32 60 26
5 52 1
18 26 18
2 34 2
40 60 34
35 36 30
27 44 22
13 15 6
6 56 6
1 40 1
15 19 10
14 57 14
22 58 22
2 62 2
21 47 14
28 32 22
21 50 14
25 27 18
24 47 18
2 13 2
1 10 1
39 58 34
2 21 2
6 31 6
3 30 1
34 41 34
14 37 14
18 35 18
10 49 10
25 26 18
17 46 10
9 60 2
11 52 6
38 46 38
15 21 10
36 41 30
9 17 2
62 64 58
52 60 46
13 14 6
36 63 30
21 27 14
54 60 54
63 64 58
10 60 10
4 45 1
31 47 26
8 35 2
30 39 30
20 52 14
1 35 1
45 46 38
23 58 18
5 6 1
33 57 26
50 64 50
16 38 10
45 57 38
42 44 38
18 20 14
56 62 50
10 48 10
15 59 10
36 38 30
17 51 10
20 28 14
14 15 10
21 51 14
4 48 1
7 47 2
4 9 1
33 60 26
7 27 2
18 56 18
15 27 10
49 52 42
40 57 34
23 54 18
21 60 14
11 16 6
13 21 6
26 35 26
50 57 50
30 53 30
6 21 6
28 50 22
43 63 38
17 44 10
32 43 26
9 40 2
8 14 2
1 14 1
14 48 14
20 62 14
3 56 1
8 54 2
19 29 14
4 10 1
38 53 38
31 51 26
23 27 18
7 39 2
1 38 1
28 29 22
41 47 34
55 59 50
2 50 2
5 57 1
49 57 42
31 52 26
28 44 22
7 33 2
24 46 18
45 51 38
56 60 50
5 44 1
22 45 22
42 46 42
16 47 10
19 28 14
6 33 6
22 50 22
14 55 14
40 53 34
31 59 26
32 36 26
2 17 2
7 48 2
47 61 42
6 16 6
2 44 2
44 47 38
39 40 34
15 20 10
18 22 18
38 63 38
38 41 34
