256 6352
5 218 1
213 253 1
54 207 2
43 79 2
93 161 4
91 230 4
73 159 5
73 202 5
93 200 6
88 177 7
51 74 7
147 179 8
56 221 8
86 198 9
16 216 10
82 199 12
31 238 13
190 250 14
18 132 15
44 210 15
28 170 18
166 240 19
240 243 19
86 100 21
169 203 22
158 209 22
42 122 23
94 193 28
45 165 29
38 165 29
113 185 30
45 131 30
68 75 32
190 235 33
129 252 34
123 191 36
172 248 41
172 210 41
50 207 42
92 116 46
149 217 46
152 246 47
152 239 47
100 141 48
57 81 48
215 233 51
88 215 51
135 179 52
111 135 52
77 197 54
194 236 55
182 214 57
201 220 58
201 241 58
146 148 59
74 108 62
163 190 64
71 251 65
112 187 65
112 237 66
112 155 66
87 192 67
108 177 70
109 187 71
80 114 71
98 176 75
97 179 76
234 246 77
96 239 79
187 243 80
100 228 83
120 250 85
141 168 89
123 134 94
137 188 99
203 224 102
137 183 106
213 249 107
131 212 110
127 196 110
160 219 116
146 181 117
136 210 130
215 230 162
176 229 169
237 255 225
8 20 8
105 119 2
52 79 2
2 205 2
70 244 33
70 208 62
17 162 1
92 106 7
221 229 4
26 140 26
6 233 4
109 243 71
10 214 4
142 204 1
2 46 2
116 123 7
25 113 1
82 189 4
38 204 38
70 163 64
91 194 4
2 91 2
1 44 1
8 12 8
52 137 4
11 23 11
42 228 2
124 196 1
204 222 1
29 31 1
97 111 52
87 183 1
86 228 21
13 61 1
1 5 1
39 70 4
22 148 22
1 88 1
195 243 80
4 186 4
210 237 7
88 157 7
172 211 41
151 168 89
163 208 62
120 145 85
109 236 55
87 249 1
48 248 7
140 249 107
177 190 70
56 242 8
7 61 7
4 46 4
114 169 4
97 221 52
128 138 2
68 229 32
104 113 30
65 80 65
64 161 4
1 210 1
117 220 58
148 180 59
7 86 7
54 234 54
8 24 1
164 246 2
101 148 22
131 165 29
30 195 1
41 136 41
117 201 58
126 181 22
83 214 57
1 203 1
4 139 4
36 137 7
7 186 7
37 193 15
186 198 7
9 27 9
100 182 83
106 170 7
201 247 4
127 131 110
1 13 1
161 214 4
190 207 2
121 187 71
60 246 47
26 51 1
55 137 7
16 205 10
66 112 66
2 232 2
33 74 33
121 253 1
54 105 2
145 211 7
2 211 2
103 194 65
1 142 1
197 210 2
6 161 4
214 228 57
157 195 19
208 235 33
133 212 1
148 216 4
7 112 7
111 249 1
1 127 1
1 25 1
37 43 15
223 242 8
129 170 18
212 231 110
197 246 54
110 173 1
5 53 1
137 178 7
198 222 9
7 150 7
2 16 2
15 36 15
116 132 7
20 223 8
4 130 4
4 80 4
52 161 4
1 73 1
197 234 54
94 170 18
40 94 40
65 139 19
139 240 19
135 209 4
169 224 22
134 193 28
80 82 4
196 226 1
193 247 28
68 195 4
71 243 71
146 180 117
117 180 117
57 72 7
2 197 2
1 202 1
123 126 4
98 229 75
36 134 36
240 254 19
12 63 2
125 207 42
40 191 36
2 239 2
7 77 2
36 170 18
80 148 4
134 170 18
128 217 7
92 176 4
2 21 2
83 90 2
146 178 4
40 98 4
2 166 2
183 215 51
183 188 99
86 214 21
22 180 22
143 254 2
7 88 7
38 104 29
4 102 4
52 82 12
50 122 23
36 193 28
11 78 11
2 7 2
53 191 15
30 131 30
84 112 66
107 126 1
55 103 55
109 197 2
2 131 1
59 209 59
194 247 7
9 61 9
68 176 32
189 250 7
125 173 2
186 215 7
1 50 1
76 147 8
147 241 4
216 232 10
185 213 1
101 126 101
172 229 4
1 209 1
104 127 30
56 76 8
46 160 46
39 75 32
112 236 55
2 14 2
39 105 2
4 88 4
19 69 7
4 229 4
55 251 55
35 119 35
185 234 1
19 46 19
103 108 7
199 221 52
38 100 1
34 170 18
1 51 1
231 245 1
4 44 4
7 136 7
4 208 4
22 68 22
88 186 7
1 55 1
6 93 6
56 147 8
52 242 8
110 212 110
64 74 62
94 188 7
83 141 48
30 227 30
194 251 65
58 150 4
142 220 1
84 194 65
136 224 4
167 228 48
12 20 8
67 87 67
14 145 14
100 214 57
27 198 9
57 86 21
177 235 33
33 75 4
77 119 2
81 83 48
81 219 19
47 96 47
108 163 64
28 40 28
7 228 7
80 162 7
123 129 34
14 190 14
4 224 4
176 192 1
4 49 4
4 101 4
122 143 23
81 228 48
225 244 7
34 193 28
40 129 34
22 224 22
1 36 1
155 173 66
106 188 99
129 134 34
130 157 7
7 213 1
115 190 62
112 143 2
43 210 15
77 247 2
20 125 2
55 65 55
1 11 1
4 181 4
88 255 7
182 228 83
183 227 1
116 156 9
64 162 7
68 98 32
29 131 29
22 203 22
177 244 33
28 44 15
1 26 1
4 244 4
112 173 66
2 44 2
2 111 2
1 124 1
98 169 75
53 80 7
30 110 30
74 190 62
178 219 116
175 254 7
2 83 2
7 120 7
27 126 4
32 169 32
159 202 5
180 226 59
48 209 4
58 92 4
74 193 7
118 220 58
76 83 4
203 226 22
71 163 7
74 244 33
115 120 14
78 138 23
118 209 117
3 156 1
101 106 4
162 188 51
181 201 58
25 176 1
1 35 1
4 91 4
64 126 4
38 113 29
164 175 15
7 141 7
57 101 4
24 153 24
4 148 4
22 102 22
2 9 2
225 245 4
1 192 1
177 208 62
123 193 28
156 159 1
122 138 23
7 235 7
2 34 2
104 138 1
2 18 2
1 156 1
1 178 1
47 230 2
51 137 51
44 175 44
182 198 9
83 103 19
47 60 47
30 136 1
12 222 4
1 74 1
128 137 106
213 220 1
31 188 1
127 212 110
19 27 19
157 254 19
128 188 99
64 208 62
136 233 7
72 146 4
195 209 4
102 158 22
75 98 75
36 48 7
158 182 4
210 211 130
111 179 52
112 160 19
157 166 19
47 152 47
9 66 9
131 231 110
149 229 4
4 144 4
39 229 32
97 199 52
22 226 22
155 237 66
83 139 19
70 177 70
5 115 1
88 161 4
4 134 4
198 207 2
23 138 23
94 134 94
75 113 1
186 188 7
18 68 4
21 221 4
64 244 33
33 66 7
118 194 4
55 93 4
7 155 7
47 197 47
115 145 14
1 159 1
39 176 32
29 45 29
1 240 1
93 135 4
130 172 41
14 171 7
19 160 19
194 211 7
147 193 4
54 239 47
30 139 1
155 255 66
28 49 28
170 181 4
35 163 2
85 250 85
219 240 19
104 227 30
13 39 1
196 204 29
109 121 71
91 241 4
205 232 10
1 104 1
7 71 7
102 224 102
14 120 14
8 76 8
9 225 9
35 105 2
22 176 22
50 217 2
86 168 21
145 172 7
86 241 4
4 151 4
30 38 29
170 247 18
115 200 4
82 111 12
154 221 1
158 229 22
92 217 46
4 118 4
23 125 23
1 106 1
21 83 21
118 124 1
83 111 4
90 103 2
81 214 48
87 153 1
1 29 1
63 152 47
2 19 2
39 169 32
72 151 7
7 55 7
70 115 62
87 254 1
21 197 2
123 170 18
149 220 4
65 157 19
171 215 7
1 126 1
120 244 14
37 249 1
203 215 4
17 77 1
20 147 8
12 194 4
28 90 2
2 201 2
23 50 23
1 67 1
220 226 58
15 28 15
79 255 2
155 188 7
165 204 29
225 236 55
21 138 2
154 256 1
217 221 4
100 249 1
7 222 7
69 129 15
196 220 1
197 245 2
122 207 23
53 248 41
35 74 2
80 251 65
33 70 33
94 191 36
30 127 30
2 207 2
82 179 12
107 249 107
41 191 15
201 209 58
61 223 4
83 238 1
7 121 7
124 218 124
9 173 9
46 156 9
4 161 4
147 242 8
189 219 7
103 162 7
108 188 7
110 145 1
35 167 2
44 202 1
113 169 1
21 109 19
95 225 4
19 137 7
34 140 1
1 65 1
114 194 65
2 4 2
77 244 2
40 180 4
80 127 1
72 206 1
7 189 7
42 184 23
166 219 116
124 253 1
68 126 22
170 178 7
81 167 48
41 253 1
112 221 4
72 211 7
33 123 7
157 178 19
28 221 4
36 49 36
42 50 42
137 189 51
72 188 51
74 145 14
21 186 7
4 82 4
158 200 4
151 248 7
2 151 2
122 184 122
109 175 7
115 163 62
2 184 2
163 177 64
193 203 4
114 238 1
159 239 1
138 184 23
2 90 2
52 221 52
105 139 2
7 149 7
146 213 1
117 148 59
127 206 30
204 220 1
82 221 12
113 150 1
64 70 64
110 204 29
138 143 138
75 176 75
84 155 66
209 226 59
118 148 59
166 197 2
203 205 4
55 200 4
161 205 4
17 182 1
164 242 4
207 246 2
132 171 15
173 240 19
11 42 11
165 206 29
44 71 7
200 202 1
7 193 7
1 167 1
1 113 1
58 203 22
2 37 2
1 75 1
170 251 7
39 45 1
68 129 4
82 210 4
157 240 19
29 76 1
92 149 46
13 168 1
124 256 124
18 115 7
254 256 1
64 235 33
101 188 4
42 154 1
62 154 1
1 199 1
150 168 89
11 122 11
18 193 18
65 182 19
143 207 42
53 168 7
102 115 4
100 197 2
103 195 65
55 80 55
8 59 4
58 116 4
1 17 1
172 174 41
173 255 173
6 192 1
59 199 4
40 247 36
4 109 4
1 157 1
74 163 62
4 209 4
236 255 55
15 72 7
7 57 7
4 43 4
12 135 12
168 208 7
28 129 28
1 6 1
68 218 1
39 183 4
1 180 1
129 245 4
12 179 12
220 224 22
38 227 29
4 146 4
2 221 2
130 219 7
38 206 29
109 217 19
1 116 1
80 253 1
32 97 4
1 87 1
4 126 4
127 154 1
180 227 1
62 143 2
2 10 2
121 239 2
113 204 29
138 207 42
66 198 9
4 129 4
146 209 117
27 167 27
62 208 62
48 75 4
50 196 1
149 254 46
42 52 2
1 33 1
8 97 8
4 21 4
154 231 1
40 193 28
2 11 2
22 174 4
30 203 1
188 189 51
66 148 4
4 147 4
110 196 110
55 187 55
109 251 65
2 119 2
14 137 7
56 166 4
126 220 22
118 180 117
1 105 1
119 166 2
96 187 2
108 208 62
6 156 4
136 248 41
48 204 1
68 169 32
173 176 4
13 159 1
1 3 1
19 236 19
92 182 19
81 224 4
4 250 4
27 125 2
78 137 2
37 69 37
24 30 1
168 186 7
115 177 62
118 181 117
40 164 15
4 22 4
1 154 1
146 159 1
64 86 7
1 56 1
41 101 4
1 187 1
61 198 9
18 252 18
7 85 7
24 207 1
118 146 118
217 219 116
132 143 2
62 74 62
115 175 7
125 138 125
15 198 7
103 119 2
124 129 1
71 114 71
24 127 1
38 235 1
131 204 29
180 239 2
6 226 4
106 215 51
2 48 2
1 90 1
155 210 7
108 145 14
48 249 1
17 43 1
76 111 52
48 141 48
3 54 1
54 152 47
2 152 2
90 96 47
43 50 2
141 228 48
4 183 4
179 217 4
49 129 34
1 2 1
94 148 4
123 138 2
144 221 4
7 62 7
211 251 7
162 235 7
60 152 47
196 219 1
4 28 4
7 175 7
58 245 58
44 131 1
28 191 28
105 214 2
152 232 2
49 193 28
64 85 14
58 195 4
29 181 1
70 236 7
104 197 1
80 99 7
66 194 65
120 158 4
109 230 7
180 181 180
1 24 1
9 227 1
225 251 65
57 157 19
4 37 4
103 251 65
2 168 2
84 118 4
84 219 19
1 30 1
47 236 2
84 223 4
143 184 23
2 148 2
60 63 60
155 212 1
132 238 1
11 143 11
8 147 8
8 135 8
90 246 47
18 247 18
51 183 51
26 104 1
213 238 1
19 86 19
42 197 2
81 108 7
124 133 124
60 122 2
205 220 4
128 146 4
31 67 1
193 252 28
147 161 4
208 244 33
2 174 2
27 81 27
46 60 2
2 139 2
21 150 21
40 147 4
149 224 4
180 203 22
195 236 55
147 221 8
96 168 2
34 247 34
9 237 9
2 198 2
1 20 1
21 141 21
86 141 21
52 135 52
58 118 58
45 244 1
9 19 9
61 137 7
241 246 2
21 167 21
97 135 52
2 35 2
1 131 1
22 41 4
27 151 27
197 253 1
26 178 1
40 252 34
1 59 1
112 225 66
242 255 4
83 137 7
2 63 2
158 220 22
194 256 1
49 187 7
125 181 2
2 95 2
92 237 19
130 175 15
79 197 47
100 174 7
10 185 1
2 52 2
37 171 15
114 251 65
117 226 59
4 6 4
1 72 1
30 104 30
61 98 4
1 177 1
55 192 1
7 94 7
4 117 4
7 174 7
58 193 4
4 62 4
109 177 7
90 149 2
1 61 1
8 215 4
1 235 1
154 206 1
2 105 2
63 96 47
158 245 22
68 122 2
1 207 1
4 203 4
62 64 62
1 221 1
36 252 34
1 128 1
107 140 107
47 239 47
4 210 4
175 198 7
4 136 4
211 233 7
160 166 160
174 205 4
104 231 30
1 7 1
118 226 59
149 163 7
48 86 21
156 222 9
4 187 4
173 194 65
13 31 13
42 220 2
123 247 36
75 155 4
94 252 34
149 166 46
119 213 1
105 184 2
60 197 47
1 46 1
10 226 4
1 110 1
148 209 59
85 208 14
51 72 51
136 251 7
35 118 2
174 210 130
20 69 4
69 211 15
191 198 7
90 121 2
121 243 71
18 52 4
88 150 7
9 81 9
28 94 28
27 183 7
124 183 1
147 198 4
55 84 55
44 132 15
135 188 4
227 230 1
29 30 29
2 208 2
119 170 2
149 198 9
30 204 29
111 119 2
2 143 2
38 185 29
137 196 1
60 131 1
53 210 53
160 217 160
51 233 51
89 214 48
31 181 1
143 192 1
7 28 7
179 199 52
62 235 33
65 243 65
42 94 2
14 46 7
122 232 2
61 149 46
139 144 139
108 176 4
76 221 52
79 127 1
47 168 2
1 107 1
4 89 4
4 251 4
17 95 1
89 156 9
7 191 7
4 135 4
90 213 1
120 141 7
5 192 1
148 150 4
7 210 7
75 106 4
20 239 2
59 139 4
1 169 1
1 253 1
15 94 15
165 166 1
51 88 51
57 135 4
17 87 1
1 10 1
45 104 30
39 231 1
133 185 1
23 143 23
214 245 4
114 240 19
181 226 59
52 111 52
74 250 14
171 252 15
9 222 9
84 225 66
110 131 110
82 97 12
90 95 2
1 238 1
124 145 1
17 145 1
111 220 4
90 184 2
29 185 29
56 223 8
2 209 2
64 108 64
114 186 7
92 103 19
1 228 1
9 157 9
148 201 58
204 231 29
21 157 19
124 198 1
1 130 1
101 158 22
147 223 8
19 66 19
81 250 7
89 248 7
51 130 7
89 114 19
55 186 7
6 36 4
80 131 1
78 143 23
173 251 65
55 66 55
91 214 4
76 88 4
179 221 52
139 149 46
149 156 9
160 194 19
101 121 4
15 41 15
4 220 4
130 132 15
45 206 30
6 75 4
50 105 2
4 180 4
139 217 46
133 218 133
111 203 4
90 152 47
25 67 25
8 75 4
130 210 130
21 57 21
161 216 4
15 53 15
146 245 58
163 256 1
156 219 9
39 102 22
7 41 7
1 78 1
1 151 1
24 213 1
1 37 1
111 254 4
126 194 4
53 235 7
142 232 1
9 46 9
1 91 1
2 254 2
18 223 4
86 150 21
146 226 59
16 191 4
7 51 7
155 205 4
3 115 1
155 204 1
61 219 46
60 123 2
65 194 65
214 236 19
22 181 22
68 226 22
4 158 4
95 167 4
53 174 53
127 253 1
186 210 7
66 236 55
123 178 7
5 130 1
181 209 181
192 209 1
95 206 1
13 108 1
72 170 7
135 170 4
64 115 62
163 244 33
82 135 12
33 189 7
4 58 4
1 224 1
156 184 2
46 194 19
20 56 8
126 158 22
75 132 4
1 218 1
26 202 1
52 218 1
93 113 1
76 135 52
110 127 110
121 245 4
102 146 22
103 155 65
49 191 49
2 59 2
62 85 14
106 111 4
73 106 1
105 138 2
112 243 65
50 123 2
2 177 2
1 77 1
77 162 2
72 220 4
146 175 4
182 235 7
4 7 4
57 192 1
4 168 4
170 175 15
120 190 14
103 136 7
2 42 2
174 248 41
99 185 1
59 225 4
9 13 1
54 157 2
89 134 7
2 47 2
71 155 65
240 252 7
174 183 7
4 171 4
49 134 36
96 134 2
7 64 7
1 34 1
21 161 4
131 153 1
126 193 4
4 59 4
142 164 1
32 68 32
1 23 1
85 99 7
1 54 1
65 119 2
89 250 7
98 143 2
114 243 71
186 195 7
2 92 2
186 252 7
78 125 23
15 119 2
115 125 2
1 175 1
15 171 15
134 191 36
10 109 4
161 252 4
2 130 2
152 223 2
83 86 21
2 170 2
5 198 1
163 186 7
2 250 2
136 171 15
36 99 7
76 223 8
146 197 2
71 109 71
174 217 7
62 115 62
131 250 1
51 241 4
29 104 29
29 118 1
150 156 9
34 158 4
1 19 1
186 190 7
1 93 1
5 184 1
150 189 7
4 206 1
57 202 1
131 185 30
100 146 4
72 233 51
77 89 2
1 82 1
5 154 1
115 128 7
116 139 46
1 236 1
162 252 7
159 189 1
105 246 2
9 243 9
60 66 2
70 145 14
29 113 29
211 213 1
130 225 7
216 241 4
142 249 1
40 206 1
163 241 4
22 145 4
9 109 9
132 175 15
51 54 2
139 157 19
152 247 2
1 4 1
209 211 4
104 206 30
132 228 7
109 111 4
54 79 47
1 165 1
164 170 15
30 153 1
132 233 7
20 143 2
198 236 9
134 228 7
87 222 1
1 140 1
56 170 4
20 52 8
112 194 65
116 198 9
7 84 7
20 189 4
43 63 2
36 78 2
4 64 4
14 62 14
225 232 4
130 164 15
114 200 4
83 222 48
14 208 14
100 121 19
8 52 8
26 249 26
158 224 22
81 100 48
170 191 18
244 250 14
144 240 19
54 250 2
39 121 4
75 154 1
169 176 169
156 243 9
90 143 2
114 207 2
40 224 4
217 232 4
1 45 1
15 34 15
42 204 1
98 227 1
14 33 14
1 18 1
153 210 1
86 96 2
128 149 7
96 152 47
135 191 4
170 256 1
4 188 4
167 182 48
27 83 27
73 103 1
9 21 9
135 181 4
4 34 4
36 165 1
22 39 22
36 247 36
1 38 1
1 254 1
36 44 15
2 178 2
120 121 7
81 151 48
96 250 2
149 178 46
2 219 2
4 248 4
29 220 1
72 162 72
205 216 205
54 197 54
181 189 4
163 235 33
236 237 55
1 158 1
27 48 27
1 42 1
78 105 2
19 55 19
84 173 66
194 243 65
11 159 1
198 254 9
65 103 65
4 14 4
9 89 9
111 223 8
65 236 55
186 214 7
4 108 4
85 107 1
45 92 1
108 244 33
66 182 19
4 95 4
60 124 1
7 195 7
84 245 4
36 57 7
206 231 30
119 177 2
1 208 1
116 149 46
31 140 1
15 132 15
81 89 48
7 194 7
33 62 33
6 232 4
92 155 19
39 68 39
50 155 2
12 97 12
13 24 1
192 195 1
113 131 30
13 26 1
103 236 55
84 236 55
114 230 7
10 122 2
70 235 33
11 47 2
65 84 65
78 207 23
107 153 1
131 235 1
247 252 34
12 136 4
89 140 1
1 189 1
1 152 1
29 43 1
2 20 2
164 210 15
146 241 58
19 81 19
115 252 7
79 152 47
196 212 110
43 171 43
139 236 19
7 177 7
37 145 7
31 205 1
18 69 15
40 49 36
67 198 1
125 184 23
180 202 1
155 254 19
129 193 28
124 219 1
52 108 4
12 153 1
155 225 66
48 188 7
1 39 1
79 90 47
119 205 2
220 238 1
147 203 4
15 210 15
13 37 1
41 163 7
29 249 1
42 91 2
99 106 99
116 254 46
17 124 1
12 223 8
156 213 1
1 145 1
140 221 1
16 127 1
9 156 9
102 245 22
118 241 58
77 90 47
1 200 1
112 154 1
2 102 2
2 245 2
53 146 4
121 148 4
1 117 1
89 222 48
220 241 220
154 165 1
71 236 55
7 230 7
7 240 7
207 210 2
7 171 7
32 158 22
47 54 47
85 185 1
41 210 41
116 120 7
20 111 8
109 114 109
1 193 1
70 148 4
4 176 4
80 109 71
123 252 34
174 225 7
83 170 7
15 230 7
116 178 116
69 210 15
88 137 51
14 34 7
151 222 48
60 90 60
102 117 22
1 138 1
20 196 1
174 246 2
184 190 2
65 121 65
104 256 1
4 214 4
58 148 58
103 255 65
90 235 2
2 51 2
44 227 1
1 185 1
12 242 8
1 150 1
13 216 1
19 61 19
224 226 22
120 215 7
13 158 1
19 166 19
49 169 4
104 196 30
159 192 1
69 132 15
196 231 110
186 193 7
24 169 1
41 232 4
238 244 1
148 184 2
58 246 2
170 193 18
2 255 2
39 98 32
83 91 4
2 93 2
17 168 1
2 39 2
28 188 7
115 235 33
178 240 19
9 112 9
152 155 2
29 165 29
41 248 41
130 248 41
7 234 2
165 227 29
101 146 22
6 221 4
15 175 15
51 89 7
6 117 4
4 120 4
63 79 47
106 230 51
5 76 1
70 228 7
147 199 8
151 153 1
2 27 2
2 70 2
100 168 48
9 240 9
150 157 19
49 123 36
187 236 55
4 137 4
23 149 2
25 223 1
1 220 1
24 187 1
141 241 4
114 153 1
46 96 2
136 202 1
61 173 19
2 40 2
24 166 1
122 210 2
17 225 1
5 159 5
77 152 47
11 178 2
222 239 2
22 241 22
41 132 15
50 143 50
189 233 189
128 162 51
171 213 1
55 173 55
21 139 19
95 126 4
10 116 4
61 162 7
149 160 46
57 222 48
53 162 7
65 198 9
7 182 7
17 34 1
4 52 4
7 83 7
23 178 2
60 202 1
156 214 9
68 154 1
36 230 7
103 232 4
140 142 1
102 225 4
31 153 1
198 225 9
66 155 66
21 175 7
50 78 23
148 226 148
30 121 1
1 47 1
1 188 1
11 63 2
1 58 1
163 248 7
2 100 2
94 103 7
35 143 2
189 215 51
1 155 1
1 227 1
1 164 1
47 251 2
36 172 15
19 112 19
60 187 2
32 62 4
140 248 1
1 122 1
158 203 22
178 217 178
70 74 62
200 204 1
86 167 21
60 234 47
100 167 48
49 171 15
34 40 34
106 183 106
1 125 1
88 188 51
55 255 55
214 230 7
73 175 1
5 202 5
32 75 32
116 217 116
61 244 7
5 165 1
218 256 218
15 164 15
13 238 13
35 71 2
32 98 32
214 222 48
81 182 48
68 146 22
2 134 2
108 115 62
10 16 10
114 121 71
21 69 7
89 130 7
97 223 8
127 137 1
35 65 2
23 122 23
1 232 1
1 137 1
2 103 2
1 41 1
80 236 55
2 128 2
166 217 166
54 96 47
101 108 4
133 224 1
109 195 71
106 115 7
85 163 14
71 80 71
70 166 7
141 236 19
150 167 48
6 8 4
57 228 57
56 59 4
4 255 4
2 200 2
2 85 2
81 96 2
34 171 15
57 142 1
148 162 4
1 217 1
100 222 48
31 144 1
19 110 1
106 137 106
31 142 1
137 150 7
14 151 7
14 164 7
81 99 7
19 251 19
26 77 1
1 197 1
78 176 2
9 186 7
61 195 19
70 99 7
10 205 10
16 232 16
12 228 4
156 168 9
129 186 7
8 157 4
195 252 7
59 126 22
114 171 7
2 98 2
152 171 2
15 107 1
175 191 15
2 149 2
108 235 33
99 147 4
106 147 4
4 177 4
51 230 51
144 153 1
15 172 15
161 253 1
1 86 1
1 22 1
3 106 1
34 37 15
2 158 2
29 79 1
1 171 1
149 242 4
21 146 4
7 49 7
178 254 46
127 231 110
168 214 48
6 23 2
62 78 2
8 179 8
8 56 8
4 157 4
7 132 7
140 202 1
2 123 2
139 186 7
156 167 9
173 246 2
36 153 1
7 233 7
101 182 4
59 181 59
69 171 15
23 160 2
209 214 4
180 220 58
112 240 19
173 236 55
79 96 79
84 237 66
21 100 21
191 193 28
77 239 47
7 145 7
15 108 7
150 229 4
4 200 4
38 88 1
7 21 7
45 231 30
1 149 1
4 221 4
63 90 63
121 190 7
191 252 34
2 120 2
148 220 58
80 186 7
28 217 7
38 152 1
35 240 2
1 133 1
25 153 1
32 210 4
212 247 1
20 218 1
132 174 15
65 216 4
45 177 1
58 181 58
72 246 2
11 91 2
2 68 2
198 238 1
76 97 76
51 154 1
115 141 7
54 71 2
52 211 4
19 146 4
27 112 19
19 90 2
61 86 19
80 121 71
91 199 4
23 42 23
129 191 34
46 61 46
91 232 4
28 113 1
58 201 58
87 129 1
44 140 1
14 77 2
82 201 4
44 141 7
29 227 29
1 163 1
101 241 22
29 212 29
94 247 36
24 182 1
61 144 61
46 186 7
57 94 7
12 243 4
53 181 4
21 53 7
208 209 4
53 136 53
130 149 7
144 254 144
219 254 46
221 232 4
52 97 52
55 223 4
126 176 22
146 174 4
137 203 4
2 109 2
54 237 2
92 232 4
3 253 3
73 135 1
178 204 1
41 195 7
94 135 4
43 62 7
178 194 19
142 160 1
105 146 2
4 16 4
236 243 55
9 48 9
144 149 46
248 253 1
22 59 22
2 33 2
157 199 4
29 110 29
17 195 1
49 252 34
59 117 59
12 221 12
12 199 12
16 100 4
56 169 4
42 135 2
96 120 2
7 11 2
4 10 4
102 160 4
105 125 2
158 212 1
1 251 1
201 208 4
25 249 1
2 57 2
95 215 4
52 199 52
124 207 1
2 173 2
219 242 4
58 208 4
1 225 1
45 212 30
41 68 4
8 223 8
8 127 1
75 186 4
72 88 51
46 219 46
12 125 2
2 60 2
92 225 19
1 216 1
131 164 1
112 206 1
1 205 1
2 235 2
29 191 1
70 91 4
4 98 4
101 199 4
50 56 2
89 157 19
66 200 4
12 82 12
157 225 19
2 6 2
209 212 1
235 242 4
24 217 1
40 203 4
1 139 1
212 215 1
4 100 4
57 179 4
135 226 4
160 246 2
103 131 1
185 226 1
9 220 4
52 176 4
121 171 7
63 119 2
107 133 1
25 192 25
95 203 4
74 194 7
184 217 2
1 226 1
25 93 1
1 161 1
184 207 23
90 141 2
105 197 2
210 248 41
64 145 14
177 237 7
195 198 9
157 244 7
109 194 65
2 237 2
3 17 1
7 19 7
114 187 71
54 77 54
104 131 30
92 200 4
66 173 66
95 161 4
187 194 65
133 167 1
186 231 1
31 201 1
231 238 1
157 222 19
95 187 4
8 82 8
55 94 7
7 248 7
33 135 4
51 62 7
76 82 12
51 189 51
141 209 4
138 250 2
47 82 2
30 165 29
132 194 7
36 255 7
66 164 7
76 102 4
42 78 23
6 101 4
130 251 7
91 122 2
2 96 2
60 91 2
11 76 2
4 48 4
7 101 4
62 120 14
17 74 1
54 240 2
7 15 7
40 174 15
18 173 7
27 86 21
62 189 7
105 207 2
88 190 7
210 250 7
7 236 7
145 163 14
40 91 4
166 230 7
160 251 19
141 240 19
199 216 4
37 132 15
16 48 4
4 75 4
111 166 4
2 146 2
19 168 19
53 55 7
73 186 1
143 200 2
186 230 7
120 177 14
69 119 2
66 163 7
155 201 4
50 221 2
1 31 1
74 177 62
101 178 4
10 219 4
1 69 1
39 77 2
45 122 1
211 249 1
47 150 2
2 54 2
117 118 117
89 168 89
77 234 77
1 115 1
18 207 2
72 229 4
111 221 52
190 244 33
43 117 4
76 208 4
116 155 19
9 219 9
43 175 15
46 254 46
2 112 2
2 55 2
174 244 7
38 102 1
46 92 46
67 81 1
198 219 9
195 251 65
81 222 48
4 32 4
3 69 1
136 172 41
2 182 2
14 170 7
122 228 2
2 156 2
22 245 22
59 148 59
145 208 14
55 246 2
67 187 1
72 128 51
45 214 1
120 220 4
100 111 4
1 212 1
1 129 1
216 242 4
33 235 33
96 197 47
119 232 2
21 156 9
53 256 1
21 125 2
84 243 65
123 244 7
83 255 19
49 94 36
144 178 46
1 204 1
90 197 47
4 74 4
149 219 46
201 245 58
28 69 15
4 99 4
146 201 58
112 165 1
236 239 2
164 183 7
117 181 117
50 184 23
9 198 9
8 220 4
102 177 4
86 156 9
132 164 15
19 51 7
2 175 2
52 99 4
108 120 14
36 111 4
62 190 62
76 200 4
155 236 55
118 251 4
28 123 28
49 148 4
104 189 1
105 132 2
1 84 1
49 98 4
38 143 1
127 227 30
125 225 2
2 101 2
4 12 4
4 205 4
93 130 4
160 239 2
65 114 65
35 251 2
2 155 2
132 229 4
105 122 2
4 111 4
140 188 1
152 234 47
77 246 77
19 176 4
110 231 110
45 248 1
28 175 15
7 46 7
217 241 4
27 42 2
1 27 1
1 136 1
32 110 1
100 116 19
20 83 4
109 198 9
88 120 7
162 189 51
28 238 1
151 214 48
67 169 1
158 160 4
130 136 130
58 112 4
40 218 1
101 102 22
22 170 4
2 66 2
21 110 1
65 251 65
42 138 42
170 185 1
28 215 7
136 227 1
134 252 34
93 112 4
94 180 4
54 131 1
42 140 1
30 185 30
62 186 7
44 164 15
12 110 1
86 242 4
163 194 7
151 204 1
29 136 1
43 177 7
63 113 1
70 108 70
102 128 4
105 112 2
106 150 7
1 62 1
76 199 52
80 240 19
211 245 4
116 219 116
46 217 46
80 153 1
48 198 9
64 190 64
1 100 1
18 204 1
75 158 22
25 207 1
45 243 1
14 99 7
9 234 2
114 233 7
3 164 1
122 196 1
102 131 1
99 111 4
108 249 1
138 157 2
125 190 2
24 189 1
10 63 2
207 232 2
170 219 7
103 148 4
2 234 2
31 173 1
219 226 4
65 250 7
41 55 7
153 202 1
4 149 4
154 202 1
65 256 1
4 33 4
58 87 1
53 130 53
13 132 1
151 156 9
91 100 4
29 204 29
54 60 47
41 194 7
17 193 1
7 124 1
135 212 1
119 187 2
36 226 4
165 200 1
48 240 19
145 190 14
153 192 1
91 245 4
8 221 8
114 135 4
22 201 22
200 232 4
157 176 4
132 178 7
144 162 7
1 53 1
137 186 7
146 204 1
9 100 9
110 162 1
1 215 1
27 57 27
123 227 1
25 162 1
88 148 4
61 74 7
147 233 4
48 98 4
123 149 7
90 234 47
205 230 4
27 135 4
46 221 4
99 119 2
1 201 1
57 67 1
42 119 2
51 99 51
66 103 65
7 247 7
117 245 58
36 129 34
2 189 2
2 229 2
7 148 4
80 189 7
162 183 51
12 76 12
194 253 1
77 78 2
15 248 15
2 132 2
152 197 47
55 155 55
24 25 1
18 127 1
18 66 7
177 197 2
27 50 2
92 136 7
47 90 47
115 250 14
161 225 4
19 116 19
169 255 4
49 192 1
239 252 2
58 180 58
2 252 2
25 190 1
243 256 1
2 203 2
71 195 71
136 211 136
162 177 7
79 188 2
35 50 2
61 101 4
48 72 7
12 60 2
12 215 4
74 172 7
2 242 2
117 179 4
239 247 2
116 222 19
1 96 1
165 173 1
129 243 7
35 60 2
73 76 1
23 165 1
92 208 7
147 165 1
191 247 191
89 234 2
51 184 2
13 237 1
72 230 72
47 234 47
2 129 2
45 110 30
8 209 4
48 57 48
28 132 15
75 157 4
3 29 1
15 252 15
76 179 76
173 243 65
81 86 21
4 86 4
100 198 9
121 158 4
107 182 1
172 193 15
2 193 2
92 144 92
72 74 7
32 215 4
170 173 7
124 142 1
37 170 15
47 190 2
150 214 48
1 14 1
37 40 15
42 236 2
68 137 4
88 218 1
118 249 1
186 250 7
4 36 4
95 184 2
90 119 2
1 246 1
103 112 65
29 216 1
19 225 19
119 125 2
164 211 15
86 249 1
44 177 7
19 83 19
4 194 4
58 59 58
104 167 1
84 255 66
1 245 1
184 206 1
7 43 7
7 18 7
29 127 29
53 211 53
17 25 1
2 172 2
75 105 2
104 185 30
88 128 51
1 63 1
86 91 4
117 146 117
146 158 22
19 187 19
95 164 4
1 52 1
102 186 4
4 55 4
126 127 1
61 142 1
19 84 19
110 246 1
86 222 21
29 196 29
2 171 2
2 199 2
120 253 1
138 205 2
34 203 4
21 86 21
176 197 2
29 125 1
71 121 71
54 90 47
93 209 4
6 151 4
109 240 19
93 119 2
1 119 1
4 69 4
201 216 4
5 124 1
28 252 28
43 256 1
61 184 2
69 239 2
92 254 92
2 157 2
128 205 4
201 207 2
92 184 2
4 9 4
45 185 30
47 79 47
184 231 1
2 97 2
217 240 19
11 50 11
69 175 15
119 226 2
127 165 29
64 177 64
119 244 2
11 180 2
169 229 169
63 114 2
91 221 4
32 39 32
80 194 65
118 129 4
151 167 48
43 223 4
2 141 2
2 244 2
76 105 2
4 132 4
193 216 4
64 163 64
126 204 1
114 236 55
74 203 4
11 184 11
74 183 7
27 168 27
1 248 1
79 105 2
4 70 4
22 209 22
146 147 4
51 188 51
27 132 7
58 209 58
33 89 7
39 222 4
1 247 1
67 161 1
38 222 1
17 24 1
100 256 1
7 9 7
2 230 2
58 163 4
38 107 1
93 249 1
60 160 2
86 196 1
67 82 1
160 178 160
186 236 7
198 215 7
183 225 7
91 119 2
170 218 1
52 229 4
7 250 7
137 240 7
2 228 2
1 194 1
109 247 7
1 103 1
102 203 102
175 186 7
27 189 7
52 200 4
137 215 51
123 130 15
81 140 1
134 247 36
4 167 4
49 216 4
12 120 4
35 246 2
39 220 22
98 158 22
140 192 1
58 220 58
66 161 4
76 150 4
190 208 62
55 71 55
46 116 46
62 122 2
64 120 14
65 173 65
66 84 66
86 182 21
130 174 130
202 210 1
79 211 2
7 178 7
121 128 7
76 94 4
105 182 2
112 251 65
80 250 7
9 255 9
11 118 2
9 149 9
154 226 1
96 127 1
45 196 30
48 121 19
2 125 2
171 175 15
62 92 7
167 237 19
106 167 7
75 238 1
205 247 4
52 232 4
1 223 1
91 95 91
26 213 26
54 246 54
200 227 1
3 26 1
92 162 7
110 227 30
157 192 1
46 144 46
120 163 14
56 217 4
28 146 4
34 36 34
154 254 1
15 26 1
96 165 1
4 175 4
121 156 9
7 244 7
27 103 19
130 211 130
206 245 1
89 93 4
28 193 28
39 244 4
121 236 55
16 253 1
61 237 19
1 49 1
237 251 65
26 107 26
1 80 1
28 166 7
109 185 1
53 222 7
69 111 4
45 127 30
83 121 19
72 131 1
153 217 1
129 211 15
104 255 1
6 205 4
159 215 1
7 144 7
31 96 1
123 206 1
118 245 58
195 223 4
19 141 19
35 147 2
45 189 1
12 187 4
33 244 33
47 252 2
229 233 4
142 227 1
120 194 7
9 236 9
67 253 1
37 44 15
2 135 2
2 99 2
95 127 1
90 255 2
31 74 1
114 192 1
131 150 1
128 215 51
85 151 7
176 203 22
174 184 2
1 206 1
48 228 48
141 179 4
22 210 4
35 42 2
12 200 4
149 168 19
112 189 7
136 140 1
5 30 1
95 254 4
144 215 7
7 27 7
58 146 58
42 56 2
117 138 2
2 75 2
94 129 34
85 235 14
174 178 7
25 123 1
226 241 58
112 255 66
1 250 1
2 225 2
110 175 1
106 128 106
112 157 19
33 61 7
98 157 4
35 92 2
13 193 1
14 235 14
131 246 1
15 44 15
55 178 19
4 84 4
1 153 1
104 165 29
78 112 2
145 219 7
18 142 1
182 222 48
7 53 7
131 189 1
2 65 2
167 214 48
95 226 4
145 247 7
146 171 4
3 256 1
8 104 1
91 210 4
185 231 30
94 132 15
18 85 7
53 141 7
19 240 19
69 255 7
161 243 4
69 206 1
62 244 33
2 78 2
2 176 2
195 254 19
4 162 4
91 118 4
51 106 51
186 244 7
5 214 1
189 200 4
115 212 1
104 168 1
91 161 4
87 156 1
94 240 7
9 92 9
22 165 1
157 237 19
64 202 1
47 241 2
1 196 1
63 131 1
15 127 1
7 14 7
52 85 4
51 229 4
55 190 7
4 68 4
129 162 7
82 233 4
52 147 8
14 161 4
75 220 22
6 20 4
152 254 2
106 110 1
105 169 2
5 189 1
40 170 18
158 227 1
2 126 2
216 249 1
70 193 7
87 202 1
80 235 7
65 89 19
4 179 4
17 65 1
4 189 4
148 153 1
105 254 2
183 249 1
224 251 4
72 189 51
4 94 4
176 224 22
46 201 4
8 43 4
71 150 19
156 217 9
82 119 2
104 204 29
109 147 4
60 112 2
156 190 7
103 173 65
80 200 4
139 219 46
50 120 2
15 129 15
117 161 4
198 200 4
191 206 1
88 230 51
18 211 15
158 222 4
69 138 2
12 184 2
1 111 1
8 192 1
188 206 1
49 95 4
71 237 65
89 243 19
121 195 71
48 147 4
135 141 4
139 254 139
85 143 2
62 145 14
11 125 11
34 123 34
179 191 4
19 157 19
20 200 4
47 77 47
9 144 9
2 84 2
107 213 107
41 228 7
101 156 4
122 149 2
8 11 2
200 205 4
40 151 7
4 15 4
170 174 15
53 183 7
48 66 19
77 104 1
117 128 4
16 200 4
80 176 4
33 144 7
77 109 2
75 233 4
94 205 4
87 187 1
46 139 46
101 166 4
2 69 2
82 200 4
163 250 14
70 85 14
253 256 1
174 193 15
32 176 32
179 223 8
92 157 19
206 240 1
224 248 4
169 201 22
99 215 51
10 203 4
42 150 2
19 219 19
13 155 1
4 195 4
2 79 2
12 41 4
158 201 22
35 79 2
37 143 2
175 252 15
14 128 7
9 182 9
14 138 2
74 85 14
73 148 1
48 193 7
44 199 4
28 66 7
78 193 2
144 198 9
92 235 7
4 247 4
39 247 4
219 238 1
7 151 7
198 243 9
93 251 4
89 155 19
139 156 9
142 238 1
57 240 19
110 225 1
199 242 8
15 37 15
1 92 1
28 233 7
185 227 185
23 207 23
128 199 4
3 99 1
139 248 7
32 229 32
83 129 7
132 191 15
18 192 1
2 77 2
57 167 48
85 145 85
12 119 2
93 220 4
144 217 46
38 184 1
199 230 4
111 170 4
17 181 1
160 186 7
123 186 7
69 165 1
29 206 29
67 249 1
18 28 18
9 187 9
135 254 4
83 136 7
22 36 4
161 181 4
9 49 7
10 250 4
97 140 1
136 138 2
102 126 22
78 174 2
127 174 1
87 143 1
165 175 1
6 128 4
148 242 4
163 175 7
85 114 7
20 70 4
34 228 7
36 82 4
79 138 2
35 241 2
209 235 4
170 231 1
194 225 65
164 224 4
57 254 19
115 239 2
149 221 4
108 250 14
21 26 1
7 164 7
55 131 1
108 223 4
2 22 2
119 136 2
74 238 1
88 165 1
216 240 4
12 134 4
221 245 4
123 164 15
41 164 15
151 205 4
129 229 4
8 28 4
183 203 4
61 152 2
1 239 1
113 231 30
51 108 7
115 208 115
135 159 1
158 192 1
185 206 185
147 158 4
7 70 7
131 207 1
48 169 4
235 244 235
87 107 1
31 155 1
12 141 4
155 194 65
93 159 1
7 208 7
17 31 1
40 110 1
19 254 19
34 129 34
38 84 1
2 36 2
125 192 1
53 238 1
83 169 4
198 249 1
186 254 7
42 225 2
37 248 15
68 247 4
62 70 62
127 176 1
23 27 2
74 218 1
1 102 1
2 188 2
105 251 2
59 146 59
219 225 19
163 180 4
43 134 15
106 186 7
2 43 2
225 255 225
115 182 7
85 138 2
22 126 22
149 209 4
173 225 173
97 212 1
32 148 22
27 49 7
179 215 4
10 138 2
2 23 2
1 256 1
53 172 41
1 173 1
9 134 7
60 136 2
87 188 1
129 167 7
160 223 4
37 164 37
13 126 1
92 197 2
47 246 47
172 195 7
1 43 1
148 164 4
25 218 1
59 201 58
23 84 2
110 113 30
72 186 7
189 193 7
98 105 2
18 123 18
17 140 1
71 198 9
173 185 1
112 219 19
22 220 22
77 229 2
161 232 4
9 151 9
173 184 2
186 200 4
4 156 4
128 189 51
120 179 4
64 100 7
138 237 2
63 141 2
27 89 27
21 230 7
182 200 4
25 208 1
37 165 1
115 244 33
9 99 7
145 146 4
206 227 206
20 242 20
57 83 57
11 35 2
124 144 1
57 60 2
209 241 58
55 207 2
117 164 4
42 107 1
12 220 4
44 183 7
132 247 15
194 240 19
170 248 15
178 198 9
133 256 133
148 245 58
166 175 7
5 185 1
29 231 29
58 83 4
85 132 7
198 217 9
75 101 22
101 180 22
30 113 30
18 34 18
73 77 1
28 67 1
30 53 1
186 255 7
9 155 9
7 37 7
116 140 1
46 167 19
77 182 2
178 181 4
55 132 7
171 191 15
2 15 2
20 102 4
6 99 4
57 151 48
1 219 1
154 176 1
222 240 19
125 143 125
146 250 4
7 33 7
7 80 7
1 184 1
4 219 4
18 242 4
19 109 19
104 150 1
4 170 4
164 202 1
93 137 4
108 246 2
14 232 4
7 187 7
4 13 1
2 117 2
7 44 7
3 195 1
48 153 1
224 252 4
194 255 65
25 32 1
113 206 30
7 106 7
34 156 7
141 214 48
154 166 1
100 202 1
105 229 2
7 172 7
79 239 79
78 116 2
7 183 7
186 233 7
19 89 19
157 198 9
113 165 29
14 238 1
31 221 1
7 65 7
30 206 30
2 58 2
97 152 2
15 43 15
55 228 19
131 227 30
11 175 2
27 141 27
71 173 65
104 139 1
2 224 2
62 204 1
6 248 4
111 189 4
3 110 1
12 157 4
110 213 1
92 178 46
171 210 15
97 230 4
44 70 7
139 147 4
80 171 7
132 172 15
2 190 2
2 206 1
66 184 2
41 53 41
89 141 89
200 216 4
122 226 2
166 249 1
219 237 19
13 246 1
10 121 4
27 145 7
116 121 19
33 93 4
152 211 2
162 233 51
143 244 2
153 172 1
38 231 29
135 171 4
2 216 2
84 244 7
106 143 2
2 136 2
23 139 2
53 91 4
61 134 7
150 225 19
2 41 2
69 189 7
6 9 4
48 122 2
19 139 19
8 111 8
16 163 4
47 114 2
97 217 4
66 205 4
143 146 2
38 127 29
30 196 30
41 130 41
2 94 2
15 130 15
2 223 2
43 234 2
64 217 7
109 155 65
189 210 7
59 180 59
167 217 19
5 251 1
2 160 2
197 219 2
23 62 2
100 139 19
135 197 2
22 194 4
64 218 1
63 197 47
4 20 4
19 182 19
138 225 2
7 89 7
69 169 4
71 103 65
122 173 2
117 126 22
16 245 4
18 221 4
40 123 40
161 229 4
59 66 4
139 166 46
93 186 4
1 198 1
126 148 22
72 183 51
50 72 2
135 242 8
25 142 1
180 201 58
16 244 4
4 51 4
36 206 1
207 212 1
49 249 1
4 76 4
152 164 2
119 209 2
93 216 4
209 245 58
107 226 1
84 117 4
110 128 1
96 173 2
148 202 1
21 168 21
23 38 1
1 71 1
1 241 1
103 190 7
16 95 4
7 198 7
99 126 4
83 162 7
15 185 1
108 146 4
83 210 7
2 222 2
2 236 2
83 187 19
129 160 7
9 52 4
134 227 1
9 178 9
62 196 1
195 240 19
16 238 1
27 187 19
184 239 2
4 216 4
114 132 7
134 144 7
30 64 1
14 21 7
19 222 19
149 157 19
55 154 1
169 181 22
94 235 7
100 151 48
229 245 22
3 72 1
37 114 7
63 102 2
106 162 51
70 114 7
32 247 4
90 151 2
146 227 1
224 255 4
27 244 7
2 220 2
204 212 29
54 63 47
168 203 4
44 148 4
83 166 19
61 92 61
70 183 7
157 217 19
7 82 4
105 234 2
194 196 1
63 175 2
137 149 7
92 109 19
4 199 4
63 171 2
204 205 1
43 170 15
110 185 30
27 240 19
19 229 4
118 158 22
19 228 19
131 196 131
14 115 14
179 216 4
1 16 1
82 85 4
101 252 4
2 71 2
104 246 1
8 132 4
193 201 4
26 200 1
50 90 2
165 240 1
50 253 1
48 238 1
218 250 1
39 225 4
35 99 2
1 95 1
144 163 7
55 70 7
81 227 1
158 233 4
22 98 22
7 40 7
2 12 2
128 183 128
229 237 4
48 150 48
87 144 1
64 186 7
29 256 1
26 120 1
127 167 1
85 177 14
2 56 2
76 228 4
81 125 2
20 107 1
228 240 19
13 173 1
7 74 7
110 192 1
140 187 1
55 88 7
22 118 22
6 48 4
194 237 65
180 245 58
128 245 4
157 206 1
152 243 2
63 118 2
15 96 2
11 34 2
41 153 1
170 252 18
104 159 1
216 224 4
32 111 4
118 204 1
57 223 4
8 199 8
36 41 15
43 65 7
25 178 1
2 246 2
86 89 21
1 190 1
90 94 2
122 145 2
197 238 1
97 201 4
141 196 1
60 79 47
14 181 4
91 249 1
154 239 1
61 160 46
15 81 7
201 252 4
51 216 4
38 65 1
217 236 19
167 179 4
7 72 7
28 239 2
69 153 1
21 166 19
144 156 9
1 15 1
162 190 7
13 208 1
164 247 15
125 210 2
89 185 1
120 235 14
1 229 1
28 245 4
155 198 9
38 74 1
109 224 4
4 242 4
123 245 4
200 251 4
88 221 4
99 173 7
22 83 4
67 197 1
34 197 2
70 160 7
167 207 2
27 233 7
101 250 4
70 102 4
85 244 14
33 250 14
58 158 22
33 120 14
132 152 2
137 138 2
244 253 1
32 64 4
88 252 7
144 166 46
26 209 1
196 206 30
62 142 1
38 164 1
72 144 7
168 182 48
19 155 19
121 137 7
165 253 1
124 249 1
7 116 7
58 226 58
19 255 19
183 189 51
241 253 1
23 240 2
93 128 4
96 162 2
1 83 1
9 188 7
187 230 7
4 128 4
1 12 1
51 83 7
234 239 47
85 120 85
44 48 7
184 186 2
165 179 1
42 169 2
113 195 1
24 133 1
9 150 9
165 196 29
20 39 4
47 61 2
1 81 1
19 25 1
18 36 18
69 148 4
7 232 4
222 228 48
4 41 4
141 157 19
36 94 36
33 163 33
12 177 4
132 210 15
1 160 1
88 163 7
72 105 2
4 191 4
129 157 7
171 190 7
70 179 4
227 235 1
111 147 8
90 207 2
47 200 2
39 101 22
76 106 4
11 166 2
46 59 4
154 192 1
141 205 4
189 216 4
87 198 1
210 240 7
65 155 65
122 230 2
161 188 4
147 210 4
6 95 4
17 187 1
46 117 4
59 204 1
40 61 7
35 40 2
162 230 162
78 220 2
28 161 4
8 166 4
198 252 7
33 105 2
222 244 7
55 236 55
37 247 15
123 185 1
94 164 15
121 210 7
55 120 7
8 77 2
51 97 4
47 186 2
184 250 2
48 157 19
166 202 1
103 114 65
187 195 187
141 167 48
6 80 4
171 204 1
44 62 7
1 97 1
1 213 1
7 129 7
82 128 4
7 114 7
20 87 1
41 246 2
232 251 4
54 164 2
4 160 4
52 156 4
6 133 1
49 149 7
66 68 4
179 252 4
113 256 1
43 69 15
26 39 1
208 250 14
177 217 7
33 103 7
10 53 4
186 221 4
68 189 4
21 79 2
143 152 2
100 183 7
42 133 1
154 200 1
116 195 19
19 173 19
22 158 22
173 177 7
55 225 55
116 157 19
89 182 48
108 143 2
11 138 11
46 243 19
242 244 4
168 230 7
7 34 7
69 196 1
79 100 2
191 255 7
80 119 2
124 211 1
54 193 2
13 153 1
205 239 2
200 218 1
168 205 4
6 147 4
122 125 23
75 146 22
129 233 7
25 141 1
37 236 7
42 61 2
1 94 1
78 93 2
99 162 51
49 170 18
232 234 2
32 115 4
88 233 88
49 155 7
4 40 4
42 105 2
79 222 2
11 243 2
179 222 4
170 220 4
49 130 15
188 233 51
29 38 29
206 247 1
51 208 7
77 185 1
36 186 7
224 232 4
138 190 2
126 203 22
42 125 42
176 220 22
206 233 1
14 173 7
233 235 7
33 177 33
19 42 2
28 130 15
175 231 1
75 224 22
94 203 4
101 209 22
62 108 62
77 113 1
22 133 1
1 231 1
60 175 2
161 201 4
4 121 4
97 147 8
127 186 1
30 45 30
143 225 2
41 175 15
65 112 65
32 34 4
95 101 4
95 163 4
59 245 58
161 199 4
148 241 58
77 178 2
45 113 45
43 241 4
14 64 14
159 198 1
47 113 1
20 85 4
121 178 19
159 218 1
33 50 2
43 128 7
82 185 1
39 180 22
46 74 7
4 56 4
80 88 7
9 77 2
20 224 4
5 19 1
11 210 2
73 256 1
158 221 4
145 222 7
9 107 1
161 173 4
15 215 7
52 160 4
93 157 4
57 103 19
115 218 1
76 158 4
40 118 4
30 87 1
7 162 7
109 116 19
56 82 8
147 226 4
36 70 7
7 215 7
10 215 4
184 236 2
22 208 4
114 235 7
19 185 1
188 256 1
42 239 2
4 174 4
9 15 7
2 241 2
78 217 2
56 199 8
144 147 4
51 225 7
180 244 4
226 238 1
13 22 1
8 39 4
73 155 1
10 41 4
104 212 30
132 189 7
23 184 23
122 245 2
145 194 7
89 198 9
39 240 4
29 142 1
23 83 2
79 237 2
196 202 1
69 164 69
55 109 55
63 120 2
132 206 1
203 228 4
116 144 46
19 234 2
34 125 2
77 212 1
105 178 2
182 213 1
23 63 2
79 143 2
18 138 2
1 244 1
162 254 7
242 245 4
195 215 7
26 134 1
19 21 19
1 183 1
62 132 7
81 172 7
39 226 22
4 182 4
124 134 1
1 182 1
33 252 7
34 186 7
45 227 30
81 158 4
33 183 7
181 245 58
208 240 7
15 170 15
99 227 1
110 122 1
113 227 30
19 94 7
183 208 7
187 207 2
221 223 8
4 53 4
1 121 1
142 208 1
27 190 7
78 173 2
172 217 7
64 252 7
193 229 4
161 163 4
104 118 1
72 215 72
116 150 19
203 225 4
29 75 1
137 248 7
91 242 4
131 245 1
137 231 1
47 155 2
160 253 1
160 204 1
7 254 7
131 206 30
75 189 4
35 100 2
235 251 7
12 56 8
64 224 4
124 165 1
33 85 14
95 181 4
6 76 4
220 254 4
51 128 51
22 75 22
43 164 15
26 124 1
62 75 4
163 182 7
66 251 65
65 240 19
22 239 2
4 57 4
10 96 2
117 171 4
142 247 1
80 244 7
2 8 2
29 253 1
96 159 1
115 181 4
3 65 1
47 129 2
57 226 4
94 200 4
30 82 1
20 115 4
170 199 4
89 167 48
166 178 166
11 229 2
145 189 7
7 128 7
55 235 7
4 93 4
17 67 1
168 198 9
13 245 1
172 203 4
142 168 1
149 246 2
31 72 1
126 226 22
42 98 2
106 136 7
15 254 7
90 201 2
55 195 55
162 215 162
110 207 1
141 206 1
1 135 1
178 180 4
24 144 1
49 214 7
74 235 33
66 80 65
130 200 4
129 207 2
20 204 1
9 228 9
26 99 1
43 44 15
19 102 4
35 125 2
58 135 4
14 80 7
13 25 1
94 211 15
45 164 1
79 234 47
2 240 2
170 186 7
6 83 4
45 203 1
102 194 4
6 16 4
1 112 1
118 250 4
92 160 46
96 169 2
6 167 4
79 129 2
156 173 9
54 104 1
4 123 4
1 179 1
48 78 2
153 176 1
130 209 4
7 109 7
68 231 1
96 213 1
122 222 2
96 105 2
19 243 19
135 199 52
205 242 4
44 69 15
37 64 7
22 117 22
19 114 19
52 255 4
120 131 1
89 151 89
90 237 2
9 189 7
125 152 2
56 141 4
2 50 2
18 175 15
150 233 7
41 145 7
113 196 30
41 160 7
9 116 9
27 214 27
72 99 51
48 64 7
43 205 4
149 152 2
13 252 1
7 137 7
113 208 1
4 230 4
203 243 4
2 118 2
99 230 51
49 233 7
16 24 1
65 71 65
7 168 7
85 246 2
28 222 7
97 250 4
236 251 55
99 207 2
208 222 7
193 227 1
150 177 7
126 144 4
150 193 7
78 122 78
62 194 7
154 247 1
232 237 4
24 218 1
204 221 1
111 212 1
239 246 47
196 243 1
16 226 4
150 151 150
70 254 7
57 131 1
88 253 1
96 124 1
9 55 9
239 241 2
112 135 4
181 184 2
20 76 8
178 248 7
40 65 7
24 212 1
12 210 4
86 190 7
120 256 1
19 195 19
57 100 57
4 155 4
161 195 4
145 186 7
1 28 1
1 147 1
15 159 1
2 162 2
163 223 4
64 233 7
150 186 7
194 199 4
2 186 2
132 232 4
99 153 1
65 77 2
69 120 7
11 247 2
61 106 7
180 189 4
113 141 1
177 224 4
15 232 4
2 88 2
161 200 4
41 90 2
140 154 1
99 137 99
29 234 1
1 176 1
4 238 1
15 51 7
62 148 4
41 211 41
27 62 7
157 185 1
217 244 7
56 66 4
145 200 4
2 80 2
70 195 7
186 219 7
171 224 4
221 242 8
34 61 7
2 106 2
148 181 59
111 194 4
91 175 4
165 208 1
21 33 7
2 28 2
24 180 1
150 228 48
5 108 1
166 198 9
7 251 7
74 115 74
7 170 7
103 121 65
199 214 4
154 188 1
55 115 7
66 156 9
88 189 88
75 121 4
160 231 1
172 202 1
1 40 1
167 222 167
108 119 2
130 235 7
1 60 1
175 217 7
134 139 7
62 177 62
14 25 1
78 140 1
146 218 1
33 245 4
15 35 2
73 192 1
130 167 7
34 45 1
47 203 2
126 224 22
174 206 1
1 32 1
194 195 65
3 8 1
107 216 1
10 151 4
153 230 1
39 152 2
4 85 4
147 208 4
143 167 2
2 140 1
133 192 1
138 243 2
8 18 4
89 139 19
142 154 142
15 220 4
18 43 15
9 168 9
54 230 2
55 241 4
57 214 57
3 83 1
35 254 2
168 224 4
80 123 7
17 166 1
53 79 2
2 138 2
28 247 28
2 32 2
69 94 15
115 222 7
38 192 1
8 159 1
217 255 19
121 198 9
66 225 66
86 181 4
80 243 80
4 78 2
60 224 2
102 196 1
62 130 7
2 62 2
107 210 1
235 250 14
69 243 7
1 186 1
217 252 7
56 181 4
51 133 1
9 250 7
49 204 1
128 233 51
59 88 4
4 8 4
26 66 1
124 173 1
95 252 4
27 64 7
1 146 1
2 150 2
9 175 7
48 137 7
157 214 19
43 172 15
104 173 1
110 253 1
70 250 14
15 174 15
44 186 7
34 230 7
4 65 4
183 230 51
14 239 2
39 209 22
8 9 4
73 231 1
46 189 7
122 238 1
49 184 2
137 230 51
36 220 4
4 106 4
39 54 2
33 188 7
15 103 7
125 218 1
143 232 2
24 236 1
11 104 1
10 24 1
157 203 4
40 121 7
44 88 7
5 73 5
7 108 7
16 50 2
7 156 7
53 122 2
200 255 4
95 216 4
71 211 7
168 195 19
6 251 4
70 180 4
163 192 1
169 180 22
134 184 2
121 251 65
19 191 7
171 231 1
52 179 52
82 151 4
84 215 7
90 162 2
79 207 2
37 60 2
47 63 47
74 147 4
67 140 1
72 106 51
29 81 1
78 80 2
98 216 4
31 41 1
32 58 22
201 223 4
225 237 225
71 226 4
81 141 48
28 164 15
201 213 1
194 254 19
198 237 9
160 196 1
16 179 4
91 167 4
106 122 2
8 84 4
47 214 2
53 64 7
27 207 2
30 71 1
48 167 48
22 58 22
95 232 4
52 76 52
2 81 2
41 158 4
14 177 14
24 230 1
63 105 2
7 99 7
51 162 51
63 218 1
140 256 1
97 195 4
65 87 1
39 203 22
14 211 7
136 208 7
75 229 75
166 195 19
183 186 7
41 249 1
142 226 1
70 128 7
83 226 4
28 61 7
157 219 19
92 181 4
7 48 7
151 210 7
40 80 7
67 191 1
91 188 4
39 243 4
225 240 19
44 51 7
176 201 22
77 172 2
132 137 7
131 239 1
147 153 1
25 57 1
116 227 1
36 128 7
82 91 4
105 215 2
86 235 7
3 141 1
1 242 1
129 247 34
75 82 4
161 180 4
148 246 2
62 163 62
57 149 19
31 76 1
26 253 1
10 216 10
67 192 67
138 152 2
237 248 7
142 253 1
177 195 7
116 168 19
9 130 7
61 126 4
27 157 19
98 252 4
43 130 15
23 229 2
113 127 30
9 79 2
43 167 7
115 205 4
168 254 19
150 198 9
7 211 7
17 150 1
98 115 4
64 214 7
50 125 50
132 252 15
52 115 4
182 203 4
159 161 1
61 217 46
114 125 2
3 96 1
165 212 29
57 172 7
191 246 2
1 148 1
136 153 1
98 210 4
175 194 7
4 236 4
102 125 2
152 203 2
2 147 2
171 174 15
30 243 1
113 190 1
68 233 4
4 115 4
17 129 1
165 230 1
96 220 2
13 239 1
88 254 7
23 202 1
41 144 7
159 184 1
42 176 2
100 206 1
35 197 2
57 156 9
28 235 7
83 116 19
13 36 1
76 181 4
81 150 48
25 76 1
152 244 2
188 247 7
122 186 2
85 167 7
167 181 4
28 34 28
35 77 2
8 16 4
101 159 1
2 248 2
87 102 1
17 86 1
85 161 4
156 203 4
159 168 1
36 244 7
85 148 4
143 210 2
211 248 41
173 237 173
86 146 4
61 232 4
39 145 4
121 186 7
108 186 7
167 244 7
60 96 47
230 233 51
21 91 4
6 234 2
141 150 141
51 193 7
9 103 9
54 125 2
5 95 1
39 204 1
5 97 1
44 134 15
118 246 2
59 163 4
83 127 1
225 238 1
178 212 1
65 187 65
2 215 2
25 87 25
47 51 2
74 110 1
157 182 19
180 248 4
126 168 4
61 88 7
23 131 1
4 169 4
20 173 4
70 189 7
131 178 1
26 35 1
172 223 4
67 229 1
243 251 65
222 255 19
34 191 34
9 160 9
66 92 19
224 237 4
55 98 4
151 159 1
34 49 34
38 121 1
49 247 49
167 168 48
26 71 1
2 163 2
22 205 4
71 133 1
2 82 2
56 138 2
60 69 2
137 233 51
2 167 2
4 228 4
58 237 4
78 239 2
53 123 15
141 222 48
101 123 4
150 172 7
71 93 4
148 215 4
112 126 4
44 233 7
3 102 1
76 249 1
48 186 7
140 189 1
12 143 2
93 158 4
151 245 4
183 228 7
59 235 4
97 118 4
87 131 1
46 72 7
112 195 65
4 249 1
89 227 1
30 212 30
140 177 1
250 253 1
16 170 4
29 153 1
153 184 1
177 253 1
69 221 4
5 103 1
33 124 1
156 240 9
134 175 15
34 130 15
25 30 1
57 237 19
128 207 2
90 240 2
36 171 15
151 160 19
190 247 7
87 225 1
2 181 2
2 164 2
2 217 2
32 101 22
234 237 2
142 185 1
42 143 42
51 69 7
109 130 7
24 225 1
3 186 1
197 239 47
57 79 2
3 188 1
100 234 2
110 215 1
81 186 7
146 179 4
75 203 22
26 53 1
9 67 1
12 161 4
89 216 4
10 179 4
9 25 1
139 198 9
115 153 1
86 151 21
42 153 1
1 68 1
165 193 1
148 221 4
27 182 27
121 164 7
31 121 1
94 174 15
21 27 21
25 130 1
27 228 27
148 168 4
18 218 1
89 135 4
26 238 1
55 156 9
81 247 7
1 181 1
2 185 1
145 250 145
1 57 1
198 251 9
78 190 2
88 183 51
34 128 7
159 237 1
187 198 9
41 172 41
31 110 1
146 207 2
5 17 1
2 89 2
16 173 4
101 194 4
143 183 2
57 119 2
9 95 4
2 243 2
180 213 1
150 219 19
10 106 4
132 141 7
35 127 1
118 213 1
11 12 2
37 81 7
103 225 65
24 239 1
157 194 19
48 83 48
33 186 7
4 226 4
66 237 66
186 256 1
197 256 1
119 143 2
89 136 7
136 197 2
175 247 15
88 237 7
211 212 1
160 161 4
39 66 4
17 75 1
34 94 34
21 225 19
42 108 2
116 173 19
61 156 9
226 245 58
207 219 2
158 243 4
58 136 4
58 241 58
59 101 22
31 154 1
7 54 2
4 18 4
174 218 1
172 177 7
157 243 19
36 179 4
86 114 19
117 163 4
194 198 9
46 109 19
78 85 2
119 147 2
13 104 1
92 198 9
1 255 1
106 161 4
3 111 1
130 197 2
117 241 58
81 162 7
138 218 1
22 169 22
215 221 4
12 205 4
191 230 7
75 211 4
214 217 19
4 39 4
149 177 7
179 232 4
57 204 1
121 203 4
177 183 7
4 116 4
17 142 1
118 159 1
69 238 1
40 132 15
250 251 7
218 252 1
49 164 15
84 121 65
94 186 7
128 129 7
132 181 4
101 176 22
158 193 4
52 230 4
19 100 19
4 92 4
44 155 7
47 94 2
17 105 1
72 164 7
55 106 7
26 139 1
4 225 4
42 90 2
95 186 4
101 117 22
61 135 4
57 58 4
85 108 14
112 130 7
1 134 1
96 248 2
1 64 1
1 98 1
83 155 19
19 158 4
183 253 1
37 251 7
49 114 7
53 134 15
58 93 4
156 157 9
53 237 7
93 234 2
68 158 22
95 149 4
100 150 48
147 254 4
69 143 2
84 174 7
1 237 1
108 193 7
13 72 1
52 96 2
117 172 4
30 43 1
2 64 2
145 244 14
88 250 7
101 224 22
33 176 4
7 157 7
54 206 1
94 181 4
35 122 2
181 204 1
173 235 7
54 65 2
156 166 9
62 99 7
154 161 1
28 197 2
196 227 30
79 134 2
9 217 9
9 51 7
82 240 4
1 120 1
48 221 4
80 95 4
116 158 4
46 185 1
28 131 1
144 244 7
16 161 4
4 107 1
233 243 7
19 121 19
160 191 7
122 174 2
56 75 4
222 249 1
24 161 1
44 47 2
203 229 22
154 238 1
180 241 58
92 139 92
38 181 1
83 253 1
82 218 1
16 34 4
20 63 2
43 57 7
160 192 1
60 205 2
185 203 1
22 101 22
9 158 4
161 175 4
25 237 1
137 172 7
33 64 33
2 108 2
10 68 4
149 252 7
168 240 19
168 200 4
94 163 7
78 117 2
66 220 4
143 158 2
105 172 2
37 226 4
37 91 4
137 202 1
184 211 2
134 200 4
47 147 2
18 49 18
3 93 1
67 223 1
1 9 1
138 144 2
128 202 1
37 127 1
74 140 1
8 143 2
26 150 1
5 164 1
105 120 2
18 55 7
64 72 7
115 191 7
13 29 1
54 72 2
23 239 2
9 17 1
146 202 1
158 181 22
204 238 1
105 244 2
105 152 2
71 194 65
42 81 2
21 207 2
12 176 4
108 190 108
91 146 4
94 196 1
30 174 1
136 228 7
61 108 7
115 232 4
81 256 1
122 169 2
1 143 1
94 233 7
55 194 55
152 195 2
4 256 1
17 212 1
96 202 1
48 97 4
134 201 4
70 120 14
50 190 2
70 150 7
95 219 4
121 179 4
211 219 7
6 200 6
71 160 19
130 233 7
109 189 7
40 204 1
18 174 15
1 8 1
18 129 18
132 219 7
192 194 1
92 129 7
5 252 1
165 217 1
210 221 4
221 241 4
69 100 7
61 164 7
100 127 1
7 91 4
32 225 4
21 182 21
164 171 15
80 150 19
190 240 7
18 40 18
49 69 15
219 244 7
19 198 9
56 90 2
1 233 1
73 109 1
9 86 9
151 225 19
239 255 2
233 244 7
35 158 2
72 137 51
179 200 4
83 182 83
69 190 7
104 110 30
11 65 2
67 233 1
11 133 1
197 200 2
3 204 1
4 27 4
16 44 4
106 193 7
42 177 2
61 200 4
168 255 19
54 146 2
130 188 7
48 156 9
29 82 1
15 178 7
45 75 1
50 174 2
52 168 4
49 244 7
155 229 4
50 140 1
108 213 1
19 237 19
9 44 7
39 206 1
132 136 15
129 164 15
177 193 7
76 239 2
76 86 4
6 100 4
1 243 1
153 238 1
35 68 2
15 69 15
4 243 4
62 226 4
19 256 1
146 172 4
79 98 2
74 126 4
37 136 15
164 216 4
9 167 9
78 168 2
177 246 2
133 178 1
6 125 2
169 184 2
56 173 4
2 137 2
215 256 1
80 192 1
61 65 19
49 83 7
29 122 1
21 89 21
19 214 19
21 105 2
224 253 1
10 229 4
118 201 58
2 53 2
21 31 1
31 32 1
198 248 7
118 122 2
179 220 4
124 235 1
15 247 15
16 129 4
9 153 1
39 170 4
4 222 4
51 171 7
75 201 22
100 212 1
214 242 4
56 220 4
71 186 7
121 240 19
12 111 12
84 232 4
2 194 2
7 130 7
34 173 7
17 153 1
194 220 4
48 100 48
139 169 4
27 144 19
1 70 1
6 148 4
107 236 1
9 166 9
156 237 9
62 250 14
146 163 4
223 237 4
113 126 1
41 161 4
4 163 4
66 240 19
186 251 7
165 242 1
95 183 4
75 165 1
1 132 1
63 140 1
76 79 2
64 197 2
19 217 19
199 219 4
55 240 19
38 212 29
18 219 7
97 166 4
118 125 2
41 157 7
26 96 1
67 219 1
164 197 2
224 236 4
116 126 4
4 114 4
69 98 4
7 217 7
59 177 4
53 229 4
187 215 7
87 180 1
48 69 7
166 254 46
155 202 1
148 210 4
177 256 1
10 20 4
146 253 1
21 76 4
124 213 1
18 140 1
77 110 1
85 165 1
92 183 7
45 162 1
141 161 4
1 76 1
103 175 7
109 157 19
32 50 2
40 122 2
11 169 2
102 138 2
68 110 1
59 122 2
118 136 4
102 164 4
95 223 4
128 229 4
54 57 2
73 244 1
89 100 48
150 182 48
200 245 4
64 238 1
45 68 1
185 239 1
61 155 19
15 143 2
126 225 4
183 233 51
30 160 1
39 49 4
228 246 2
18 99 7
150 240 19
84 156 9
61 116 46
95 138 2
117 240 4
172 206 1
213 234 1
153 256 1
5 194 1
3 64 1
221 236 4
146 221 4
172 184 2
66 191 7
140 213 140
2 49 2
120 191 7
2 121 2
82 216 4
96 181 2
81 240 19
99 216 4
46 193 7
9 181 4
29 213 1
110 195 1
217 254 46
151 228 48
57 89 48
66 255 66
116 159 1
59 237 4
196 249 1
7 243 7
59 118 59
67 218 1
160 254 46
97 133 1
38 45 29
31 87 1
27 118 4
109 133 1
6 72 4
16 51 4
110 197 1
58 122 2
34 222 7
2 179 2
176 189 4
125 244 2
89 143 2
32 251 4
55 114 55
86 189 7
13 67 1
143 171 2
40 237 7
116 166 116
9 80 9
17 249 1
36 40 36
84 150 19
126 229 22
85 214 7
22 243 4
44 87 1
4 245 4
182 224 4
248 256 1
44 195 7
98 219 4
117 242 4
216 256 1
88 99 51
17 56 1
29 209 1
13 41 1
19 248 7
32 177 4
82 187 4
79 133 1
84 230 7
20 118 4
15 168 7
41 85 7
63 136 2
5 111 1
150 163 7
34 152 2
118 152 2
175 243 7
113 232 1
74 182 7
30 157 1
1 114 1
41 220 4
87 185 1
56 151 4
88 171 7
59 94 4
132 203 4
82 205 4
106 250 7
157 181 4
15 155 7
65 91 4
190 200 4
103 218 1
45 167 1
2 115 2
144 151 19
79 163 2
79 145 2
26 172 1
67 113 1
37 178 7
176 217 4
21 130 7
101 235 4
112 140 1
188 196 1
21 48 21
15 49 15
26 29 1
77 173 2
97 124 1
3 173 1
50 189 2
71 171 7
68 213 1
98 147 4
74 186 7
92 159 1
23 155 2
84 171 7
139 202 1
45 67 1
116 160 116
182 193 7
32 63 2
81 131 1
22 46 4
79 252 2
56 188 4
117 154 1
105 149 2
4 212 1
1 234 1
81 130 7
74 221 4
13 80 1
50 63 2
46 238 1
158 226 22
10 190 4
163 169 4
160 213 1
41 86 7
106 189 51
135 173 4
98 235 4
1 118 1
33 208 33
96 246 47
136 174 136
120 146 4
127 168 1
61 117 4
137 194 7
14 148 4
21 29 1
208 219 7
53 144 7
66 185 1
18 186 7
21 35 2
192 227 1
167 216 4
161 179 4
14 245 4
88 217 7
15 18 15
24 253 1
7 166 7
137 170 7
196 214 1
108 144 7
207 243 2
66 197 2
95 250 4
22 32 22
13 243 1
91 131 1
19 230 7
98 212 1
104 145 1
41 141 7
129 195 7
99 159 1
111 116 4
130 171 15
25 226 1
164 209 4
4 166 4
173 232 4
93 122 2
70 171 7
16 122 2
143 168 2
100 192 1
24 159 1
49 194 7
172 236 7
164 173 7
2 226 2
99 189 51
51 217 7
104 111 1
224 239 2
108 167 7
142 184 1
146 200 4
60 189 2
139 224 4
224 235 4
147 237 4
51 79 2
17 133 1
125 167 2
119 188 2
89 204 1
38 132 1
43 95 4
131 155 1
179 203 4
30 84 1
139 161 4
28 73 1
33 92 7
83 211 7
4 164 4
82 246 2
9 196 1
130 256 1
33 145 14
167 247 7
132 221 4
81 168 48
177 250 14
142 239 1
61 245 4
85 190 14
33 172 7
67 73 1
75 169 75
227 231 30
205 237 4
96 140 1
152 235 2
22 191 4
94 194 7
16 56 4
80 198 9
11 44 2
6 227 1
140 144 1
58 117 58
15 136 15
53 175 15
20 158 4
193 250 7
138 252 2
12 147 8
110 206 30
185 256 1
59 110 1
150 227 1
2 180 2
65 207 2
81 242 4
128 210 7
95 162 4
49 235 7
10 28 4
25 143 1
96 161 2
120 208 14
13 229 1
122 205 2
11 187 2
21 151 21
194 209 4
156 195 9
83 143 2
7 173 7
19 199 4
9 194 9
18 181 4
12 248 4
75 128 4
16 156 4
41 236 7
146 224 22
55 208 7
12 191 4
61 190 7
182 188 7
171 193 15
117 229 22
149 179 4
228 231 1
61 224 4
19 186 7
210 223 4
53 110 1
51 91 4
18 75 4
31 139 1
181 183 4
93 229 4
124 204 1
155 251 65
62 253 1
183 220 4
136 166 7
11 105 2
115 186 7
65 220 4
40 105 2
46 168 19
71 231 1
79 122 2
54 233 2
173 227 1
25 131 1
54 121 2
8 232 4
27 194 19
114 156 9
102 202 1
41 155 7
196 230 1
226 230 4
38 58 1
59 224 22
73 208 1
36 72 7
78 231 1
86 106 7
37 154 1
113 170 1
41 122 2
117 203 22
90 105 2
19 246 2
30 231 30
142 187 1
166 186 7
10 142 1
46 237 19
175 179 4
1 66 1
8 242 8
48 110 1
188 203 4
143 216 2
91 148 4
123 242 4
110 165 29
27 203 4
156 192 1
2 161 2
31 210 1
201 226 58
22 249 1
24 43 1
15 123 15
49 132 15
43 132 15
106 120 7
146 220 58
22 186 4
19 151 19
120 213 1
131 213 1
7 66 7
18 37 15
145 153 1
50 104 1
189 240 7
164 182 7
83 157 19
220 232 4
19 65 19
129 235 7
122 151 2
80 204 1
76 157 4
19 80 19
61 254 61
62 240 7
211 236 7
131 219 1
90 132 2
188 210 7
31 254 1
16 53 4
83 104 1
72 191 7
53 100 7
2 145 2
105 106 2
206 237 1
54 251 2
21 222 21
37 197 2
22 236 4
162 169 4
38 228 1
138 231 1
169 250 4
191 250 7
13 151 1
42 95 2
85 192 1
71 164 7
41 174 41
95 210 4
48 61 19
42 159 1
11 171 2
69 81 7
96 104 1
31 256 1
57 253 1
75 223 4
2 144 2
77 248 2
176 219 4
57 231 1
59 105 2
173 198 9
196 197 1
126 152 2
204 214 1
99 135 4
96 209 2
62 247 7
73 122 1
106 112 7
93 126 4
2 247 2
2 187 2
12 47 2
92 255 19
45 187 1
75 86 4
24 83 1
128 213 1
60 105 2
58 192 1
117 228 4
28 134 28
55 196 1
100 106 7
18 159 1
54 194 2
134 163 7
133 206 1
114 173 65
5 81 1
236 240 19
40 56 4
88 96 2
111 245 4
96 184 2
6 215 4
45 217 1
60 252 2
43 123 15
57 207 2
46 57 19
122 167 2
143 195 2
8 216 4
176 225 4
200 211 4
114 199 4
50 163 2
106 233 51
129 200 4
116 154 1
52 247 4
8 30 1
2 114 2
127 199 1
9 82 4
123 175 15
54 166 2
89 165 1
8 128 4
28 68 4
22 216 4
216 236 4
141 247 7
51 235 7
121 233 7
111 199 111
143 164 2
51 215 51
52 122 2
109 171 7
99 128 99
89 106 7
48 214 48
108 117 4
46 246 2
58 80 4
65 255 65
75 126 22
51 252 7
106 153 1
100 120 7
66 253 1
83 198 9
99 165 1
101 203 22
59 232 4
156 198 156
133 163 1
70 181 4
164 231 1
69 96 2
137 179 4
27 80 19
1 166 1
131 240 1
89 242 4
52 74 4
192 212 1
40 133 1
13 133 1
97 138 2
7 100 7
26 256 1
23 29 1
56 73 1
38 195 1
23 26 1
62 171 7
83 167 48
1 230 1
18 41 15
72 254 7
83 228 83
4 71 4
22 125 2
3 43 1
82 134 4
119 172 2
107 123 1
109 125 2
196 253 1
18 59 4
70 206 1
78 91 2
42 160 2
122 197 2
84 240 19
121 169 4
56 202 1
189 238 1
28 36 28
177 212 1
198 209 4
190 213 1
51 124 1
93 206 1
57 141 48
46 240 19
56 153 1
30 88 1
92 247 7
17 227 1
40 158 4
62 182 7
177 213 1
165 255 1
52 69 4
107 161 1
67 211 1
100 115 7
174 175 15
70 192 1
96 144 2
30 200 1
67 216 1
72 82 4
54 108 2
15 193 15
34 139 7
144 211 7
18 170 18
56 204 1
7 36 7
14 165 1
176 183 4
145 232 4
60 226 2
3 35 1
103 106 7
103 123 7
18 98 4
37 82 4
50 67 1
57 225 19
35 54 2
61 231 1
27 222 27
56 67 1
152 207 2
116 136 7
106 208 7
204 227 29
172 234 2
67 128 1
7 253 1
65 199 4
4 252 4
70 194 7
53 185 1
129 203 4
87 186 1
164 205 4
23 204 1
16 199 4
103 149 19
142 216 1
188 252 7
97 218 1
94 177 7
38 53 1
140 159 1
63 234 47
145 235 14
92 219 46
159 204 1
131 166 1
86 194 19
14 74 14
13 253 1
45 232 1
70 232 4
20 140 1
10 60 2
96 254 2
33 219 7
94 123 94
53 171 15
162 193 7
82 122 2
159 208 1
138 195 2
4 150 4
168 245 4
86 134 7
47 178 2
66 241 4
196 229 1
101 222 4
98 179 4
73 254 1
145 177 14
7 167 7
50 71 2
62 67 1
33 240 7
37 163 7
120 143 2
27 67 1
181 212 1
99 243 7
112 231 1
46 256 1
25 168 1
1 168 1
101 112 4
11 148 2
50 51 2
156 255 9
17 202 1
35 248 2
15 105 2
218 225 1
46 55 19
69 160 7
101 229 22
189 230 51
116 205 4
53 98 4
1 21 1
101 226 22
3 197 1
147 183 4
156 191 7
169 223 4
140 245 1
135 245 4
107 130 1
125 249 1
42 194 2
183 190 7
66 195 65
133 170 1
245 255 4
153 208 1
211 240 7
79 128 2
61 114 19
98 104 1
35 161 2
63 75 2
14 222 7
109 139 19
65 66 65
34 132 15
28 41 15
19 71 19
195 244 7
14 70 14
45 158 1
99 233 51
21 228 21
227 239 1
174 202 1
181 241 58
141 183 7
109 170 7
48 89 48
35 180 2
57 106 7
7 160 7
9 139 9
105 221 2
91 216 4
70 222 7
50 246 2
22 146 22
31 213 1
39 168 4
127 148 1
73 253 1
79 175 2
202 250 1
132 184 2
53 138 2
7 219 7
6 115 4
132 148 4
79 206 1
29 41 1
94 218 1
163 229 4
79 99 2
63 156 2
84 103 65
4 61 4
41 209 4
167 219 19
114 179 4
95 235 4
35 67 1
40 217 7
71 157 19
123 150 7
11 77 2
8 235 4
100 131 1
97 219 4
81 221 4
80 140 1
98 174 4
151 157 19
133 251 1
166 250 7
98 101 22
165 241 1
162 224 4
157 226 4
123 184 2
54 181 2
35 62 2
78 156 2
12 72 4
7 154 1
5 70 1
146 205 4
84 168 19
127 194 1
15 131 1
132 179 4
8 126 4
137 251 7
3 229 1
143 251 2
69 234 2
103 157 19
38 255 1
115 180 4
80 228 19
71 199 4
112 141 19
80 195 80
43 255 7
214 256 1
156 181 4
69 231 1
48 81 48
176 178 4
34 242 4
13 45 1
15 87 1
18 171 15
23 141 2
34 165 1
8 15 4
3 7 1
58 161 4
42 113 1
62 105 2
25 182 1
48 163 7
109 242 4
16 102 4
88 114 7
49 140 1
122 130 2
153 173 1
47 118 2
32 214 4
52 225 4
57 61 19
49 107 1
167 243 19
62 215 7
4 145 4
27 246 2
38 187 1
165 185 29
68 215 4
57 150 48
106 199 4
112 156 9
4 72 4
44 114 7
86 179 4
75 255 4
50 167 2
1 85 1
23 73 1
187 225 65
6 141 4
130 184 2
37 204 1
203 245 22
55 89 19
67 83 1
111 217 4
121 230 7
14 176 4
32 48 4
4 172 4
3 82 1
130 242 4
66 114 65
5 24 1
156 160 9
91 156 4
54 158 2
25 202 1
47 248 2
140 236 1
196 225 1
53 106 7
121 146 4
129 168 7
89 212 1
182 240 19
14 203 4
126 241 22
30 130 1
154 241 1
141 242 4
63 104 1
45 186 1
42 170 2
30 230 1
88 210 7
160 222 19
71 240 19
85 200 4
59 226 59
12 148 4
31 70 1
151 180 4
18 126 4
154 209 1
63 194 2
148 239 2
143 160 2
128 143 2
174 249 1
87 119 1
31 200 1
80 175 7
156 249 1
97 164 4
36 158 4
14 135 4
27 28 7
19 44 7
90 154 1
40 172 15
198 214 9
145 248 7
54 61 2
91 143 2
5 131 1
215 225 7
50 182 2
77 144 2
105 252 2
91 129 4
4 201 4
142 157 1
134 234 2
19 101 4
16 17 1
93 252 4
57 162 7
40 67 1
61 212 1
45 235 1
121 225 65
107 195 1
231 251 1
215 251 7
34 172 15
139 180 4
72 91 4
171 206 1
27 208 7
239 254 2
55 121 55
134 156 7
12 64 4
120 242 4
5 166 1
93 95 4
156 229 4
142 254 1
25 139 1
66 121 65
33 57 7
36 175 15
67 119 1
217 228 19
64 221 4
19 149 19
10 184 2
103 137 7
66 157 19
145 168 7
31 235 1
34 181 4
23 91 2
10 240 4
119 185 1
68 83 4
61 64 7
117 169 22
21 52 4
47 135 2
55 204 1
55 226 4
90 208 2
57 255 19
84 251 65
152 231 1
199 223 8
35 152 2
27 230 7
58 234 2
72 147 4
61 139 61
65 193 7
29 244 1
237 245 4
112 121 65
53 92 7
62 173 7
67 69 1
94 117 4
120 182 7
60 170 2
41 229 4
33 214 7
138 159 1
126 155 4
91 127 1
124 191 1
88 162 51
128 130 7
85 162 7
151 213 1
38 131 29
217 223 4
30 134 1
63 77 47
35 137 2
45 115 1
64 151 7
93 176 4
158 159 1
142 192 1
47 136 2
37 184 2
20 208 4
141 182 48
199 248 4
44 247 15
89 117 4
145 181 4
95 178 4
58 228 4
76 160 4
17 171 1
14 163 14
17 69 1
11 137 2
111 151 4
183 245 4
110 245 1
140 251 1
90 204 1
226 240 4
130 151 7
169 226 22
79 119 2
110 144 1
48 192 1
26 109 1
63 71 2
53 83 7
44 171 15
2 210 2
2 212 1
167 242 4
186 189 7
20 98 4
12 160 4
176 188 4
8 34 4
42 188 2
1 109 1
65 101 4
81 198 9
6 111 4
48 146 4
154 197 1
9 218 1
1 79 1
225 243 65
102 118 22
190 204 1
156 211 7
39 43 4
2 191 2
12 13 1
10 30 1
35 112 2
87 218 1
159 209 1
104 175 1
7 69 7
4 237 4
119 178 2
70 141 7
98 254 4
4 241 4
176 184 2
77 153 1
46 150 19
60 208 2
41 230 7
122 256 1
113 194 1
77 85 2
61 204 1
6 114 4
58 85 4
7 190 7
191 201 4
32 55 4
88 206 1
152 248 2
190 218 1
80 222 19
81 157 19
18 48 7
197 221 2
117 225 4
190 255 7
76 193 4
28 95 4
2 74 2
27 100 27
139 153 1
101 184 2
43 191 15
104 244 1
81 191 7
179 189 4
80 167 19
75 115 4
77 199 2
65 88 7
233 254 7
155 186 7
42 237 2
55 112 55
16 182 4
187 190 7
71 89 19
105 183 2
213 227 1
45 89 1
9 120 7
240 251 19
25 125 1
14 244 14
99 161 4
31 214 1
201 215 4
112 242 4
155 175 7
19 103 19
33 215 7
19 60 2
81 139 19
46 222 19
143 162 2
31 46 1
131 230 1
174 219 7
147 148 4
217 243 19
143 205 2
57 219 19
183 248 7
60 77 47
75 122 2
9 129 7
110 205 1
86 173 19
20 256 1
150 222 48
200 230 4
33 158 4
160 175 7
122 244 2
6 59 4
92 105 2
2 122 2
74 162 7
46 149 46
40 146 4
38 135 1
166 215 7
198 241 4
119 144 2
62 103 7
18 237 7
54 156 2
11 212 1
97 205 4
111 218 1
228 242 4
106 240 7
77 96 47
69 108 7
30 164 1
125 168 2
3 233 1
99 101 4
31 230 1
171 186 7
90 106 2
12 50 2
57 177 7
6 132 4
144 159 1
25 253 1
75 107 1
53 251 7
210 232 4
59 219 4
13 56 1
14 250 14
34 118 4
62 102 4
122 153 1
214 240 19
157 162 7
85 176 4
118 132 4
97 216 4
70 188 7
50 139 2
22 164 4
38 129 1
13 150 1
82 116 4
38 110 29
9 74 7
112 230 7
89 218 1
1 162 1
1 141 1
15 253 1
170 233 7
35 232 2
112 256 1
43 138 2
72 136 7
170 254 7
41 176 4
126 146 22
23 245 2
76 137 4
127 254 1
51 191 7
75 200 4
32 140 1
46 123 7
77 105 2
67 251 1
73 140 1
25 47 1
58 97 4
77 160 2
199 236 4
11 207 11
137 219 7
75 205 4
40 139 7
3 249 1
97 204 1
62 87 1
46 146 4
95 176 4
7 58 4
38 109 1
143 208 2
91 151 4
10 233 4
54 241 2
186 222 7
170 206 1
227 237 1
78 237 2
192 228 1
11 249 1
22 211 4
80 187 80
222 223 4
