128 4700
59 116 52
117 124 53
14 70 6
61 67 3
15 32 15
15 60 15
19 86 19
75 124 11
15 36 15
57 78 14
40 46 40
40 75 11
101 109 37
35 111 35
3 80 3
127 128 63
28 93 28
17 85 17
34 100 34
32 84 20
83 88 19
17 99 17
44 115 44
62 117 53
35 75 11
52 92 28
11 95 11
13 56 13
26 47 26
55 85 21
12 105 12
59 109 45
65 89 1
60 105 41
45 105 41
31 79 15
57 103 39
30 98 30
26 60 26
38 85 21
93 124 29
45 47 45
28 44 28
79 82 15
66 108 2
34 110 34
22 112 22
64 114 50
20 49 20
32 105 32
92 95 28
67 106 3
96 109 32
55 66 2
41 48 41
41 112 41
16 95 16
63 109 45
60 66 2
40 69 5
15 110 15
32 50 32
33 43 33
62 88 24
63 72 8
24 83 19
13 95 13
16 47 16
66 110 2
61 115 51
3 105 3
29 122 29
78 94 14
44 63 44
16 67 3
88 124 24
1 95 1
52 108 44
13 58 13
28 49 28
106 122 42
38 96 32
26 36 26
1 42 1
58 125 58
60 99 35
82 97 18
33 60 33
90 113 26
32 77 13
1 41 1
56 73 9
84 87 20
44 81 17
40 60 40
1 40 1
80 126 16
76 93 12
48 69 5
87 117 23
2 102 2
59 62 59
26 99 26
7 97 7
15 125 15
47 119 47
42 90 26
65 82 1
75 98 11
12 90 12
45 100 36
6 95 6
50 101 37
94 116 30
80 127 16
101 116 37
34 79 15
10 97 10
9 91 9
5 90 5
56 80 16
8 100 8
6 77 6
5 71 5
34 75 11
25 115 25
36 97 33
33 66 2
97 107 33
31 46 31
64 119 55
5 77 5
1 9 1
43 60 43
105 127 41
22 33 22
18 46 18
107 111 43
84 117 20
20 114 20
61 109 45
51 55 51
42 44 42
23 60 23
10 70 6
49 64 49
3 116 3
54 103 39
65 80 1
86 128 22
8 88 8
60 114 50
27 88 24
40 49 40
15 22 15
34 96 32
55 81 17
70 87 6
12 66 2
6 46 6
4 95 4
26 30 26
90 121 26
6 13 6
49 67 3
6 73 6
10 30 10
113 121 49
59 103 39
5 79 5
46 91 27
3 110 3
19 31 19
58 99 35
90 93 26
48 80 16
76 110 12
41 115 41
1 6 1
10 29 10
85 110 21
97 108 33
112 127 48
60 86 22
96 116 32
21 31 21
100 113 36
61 99 35
112 113 48
75 86 11
34 76 12
11 85 11
24 34 24
104 121 40
101 106 37
86 95 22
62 118 54
113 119 49
38 80 16
62 94 30
118 126 54
34 72 8
19 40 19
36 114 36
72 125 8
25 65 1
102 123 38
5 68 4
101 126 37
65 69 1
48 64 48
65 116 1
63 111 47
47 90 26
24 28 24
6 49 6
13 53 13
14 41 14
10 76 10
57 88 24
60 72 8
22 77 13
19 51 19
18 124 18
53 108 44
38 88 24
73 109 9
64 100 36
20 108 20
2 28 2
24 75 11
40 77 13
45 65 1
58 108 44
89 116 25
46 84 20
37 94 30
2 43 2
33 89 25
62 77 13
32 67 3
12 21 12
8 111 8
59 91 27
23 24 23
6 7 6
68 88 4
4 35 4
46 117 46
37 89 25
26 97 26
25 121 25
14 83 14
23 116 23
44 55 44
64 75 11
88 98 24
27 101 27
12 30 12
26 27 26
34 78 14
79 106 15
61 95 31
8 74 8
73 97 9
56 95 31
30 93 29
28 91 27
40 78 14
28 39 28
100 118 36
17 41 17
73 104 9
12 120 12
14 75 11
59 61 59
51 79 15
9 74 9
116 124 52
7 20 7
10 56 10
1 10 1
61 81 17
101 128 37
43 84 20
9 58 9
19 101 19
27 77 13
96 103 32
57 100 36
31 97 31
25 63 25
65 117 1
62 78 14
41 81 17
27 89 25
51 58 51
1 116 1
9 84 9
125 128 61
19 66 2
10 114 10
68 91 4
66 118 2
52 68 4
43 77 13
92 116 28
31 110 31
43 76 12
63 103 39
90 124 26
24 67 3
54 90 26
20 101 20
38 42 38
26 112 26
38 63 38
63 124 60
52 101 37
85 121 21
46 75 11
94 101 30
65 76 1
19 88 19
4 41 4
58 100 36
7 66 2
3 79 3
2 7 2
6 69 5
107 128 43
16 91 16
78 88 14
109 126 45
6 110 6
34 99 34
46 60 46
3 96 3
67 73 3
86 115 22
87 98 23
37 87 23
19 50 19
25 95 25
112 117 48
71 94 7
82 120 18
63 95 31
16 105 16
46 71 7
45 69 5
16 74 10
57 98 34
83 126 19
64 122 58
50 65 1
43 106 42
5 122 5
89 90 25
42 102 38
93 120 29
18 43 18
13 25 13
69 118 5
4 25 4
48 92 28
14 80 14
2 95 2
68 76 4
44 90 26
68 95 4
32 101 32
51 98 34
92 114 28
3 62 3
11 88 11
80 104 16
45 67 3
52 88 24
43 69 5
32 108 32
30 48 30
18 87 18
39 102 38
33 38 33
104 113 40
9 81 9
7 81 7
36 103 36
9 121 9
50 71 7
24 100 24
66 96 2
33 46 33
53 102 38
63 116 52
63 69 5
64 128 64
77 90 13
29 73 9
11 43 11
71 103 7
81 84 17
31 57 31
61 122 58
43 53 43
58 84 20
25 90 25
50 121 50
10 105 10
19 71 7
23 89 23
97 114 33
71 109 7
16 24 16
14 29 14
23 48 23
32 100 32
26 86 22
14 68 4
45 93 29
85 96 21
19 32 19
40 125 40
1 124 1
11 49 11
83 109 19
5 69 5
6 37 6
121 125 57
86 121 22
52 103 39
50 60 50
46 54 46
4 78 4
42 78 14
85 94 21
22 76 12
11 13 11
99 117 35
2 26 2
44 87 23
87 107 23
106 124 42
53 116 52
19 97 19
35 103 35
79 96 15
57 73 9
84 106 20
67 93 3
69 76 5
26 82 18
60 127 60
9 22 9
78 121 14
8 93 8
45 80 16
42 45 42
93 107 29
64 79 15
25 38 25
32 40 32
27 80 16
18 21 18
1 34 1
7 53 7
79 91 15
33 36 33
59 105 41
108 127 44
97 105 33
5 20 5
74 113 10
59 98 34
107 112 43
110 113 46
33 74 10
116 128 52
3 33 3
23 117 23
96 123 32
115 123 51
50 95 31
40 94 30
34 63 34
62 120 56
52 67 3
79 103 15
5 29 5
4 18 4
14 24 14
7 85 7
55 94 30
32 43 32
88 97 24
45 106 42
11 24 11
41 128 41
37 123 37
10 98 10
57 104 40
37 67 3
6 67 3
52 84 20
72 90 8
29 85 21
2 27 2
75 78 11
12 88 12
25 26 25
81 97 17
55 86 22
11 50 11
29 57 29
13 68 4
20 23 20
5 84 5
61 112 48
2 122 2
97 121 33
21 37 21
21 126 21
109 114 45
13 47 13
43 125 43
77 117 13
13 24 13
5 119 5
12 74 10
53 77 13
60 115 51
45 117 45
2 70 2
19 84 19
65 79 1
86 126 22
24 93 24
6 23 6
104 109 40
44 98 34
90 127 26
67 69 3
33 85 21
84 94 20
25 85 21
51 73 9
18 20 18
22 125 22
18 40 18
111 118 47
38 106 38
41 47 41
59 125 59
82 87 18
73 80 9
3 118 3
30 103 30
3 68 3
31 45 31
71 91 7
55 70 6
47 68 4
85 86 21
17 32 17
107 108 43
69 128 5
45 107 43
32 103 32
108 115 44
73 111 9
77 99 13
2 115 2
50 93 29
114 122 50
56 107 43
62 67 3
31 67 3
5 113 5
21 105 21
4 38 4
8 12 8
38 110 38
25 39 25
118 128 54
31 89 25
100 115 36
26 45 26
46 67 3
84 110 20
38 73 9
125 127 61
109 117 45
40 104 40
28 36 28
24 78 14
80 98 16
108 125 44
5 65 1
90 125 26
120 127 56
2 82 2
1 76 1
98 109 34
12 110 12
93 125 29
37 95 31
25 48 25
77 125 13
50 104 40
80 95 16
29 123 29
20 43 20
76 107 12
37 88 24
53 92 28
64 111 47
6 127 6
61 70 6
92 110 28
86 96 22
20 46 20
22 94 22
80 90 16
75 111 11
16 110 16
35 46 35
52 96 32
3 64 3
53 86 22
12 23 12
1 103 1
3 126 3
83 127 19
93 121 29
91 127 27
13 104 13
27 71 7
14 104 14
36 73 9
22 70 6
63 110 46
28 96 28
54 98 34
5 30 5
7 118 7
2 80 2
2 128 2
55 118 54
5 75 5
33 81 17
81 118 17
104 114 40
64 66 2
58 105 41
64 124 60
42 101 37
84 114 20
40 50 40
92 126 28
53 58 53
11 40 11
26 115 26
32 39 32
121 124 57
2 72 2
12 86 12
61 84 20
78 126 14
86 114 22
30 83 19
89 127 25
56 91 27
46 47 46
28 81 17
24 33 24
28 123 28
98 111 34
50 94 30
29 105 29
85 123 21
55 112 48
56 59 56
90 128 26
71 75 7
40 45 40
27 91 27
91 95 27
97 128 33
40 84 20
11 114 11
54 112 48
2 78 2
20 48 20
31 109 31
79 105 15
113 114 49
41 95 31
4 98 4
46 98 34
58 112 48
17 87 17
61 76 12
51 69 5
63 115 51
44 102 38
52 58 52
107 122 43
32 94 30
68 107 4
103 107 39
74 83 10
76 79 12
16 30 16
55 90 26
7 39 7
27 49 27
43 67 3
81 86 17
96 119 32
48 117 48
3 82 3
51 91 27
83 92 19
72 93 8
42 83 19
68 80 4
15 71 7
6 32 6
38 104 38
54 86 22
74 105 10
30 65 1
47 96 32
64 69 5
28 78 14
12 78 12
89 105 25
93 101 29
7 33 7
36 57 36
5 86 5
47 65 1
50 117 50
17 33 17
56 84 20
53 78 14
1 72 1
31 128 31
76 126 12
9 106 9
46 51 46
43 94 30
111 121 47
77 88 13
37 80 16
53 107 43
74 77 10
10 11 10
55 101 37
104 111 40
64 103 39
56 111 47
86 112 22
95 118 31
108 119 44
70 76 6
69 99 5
11 118 11
81 116 17
8 43 8
8 23 8
56 60 56
4 51 4
21 124 21
35 77 13
53 118 53
61 117 53
109 125 45
43 85 21
48 94 30
60 92 28
37 69 5
17 31 17
13 40 13
94 103 30
56 78 14
12 76 12
15 81 15
24 105 24
11 81 11
15 64 15
42 95 31
11 79 11
80 108 16
4 104 4
99 106 35
37 68 4
19 103 19
1 26 1
10 25 10
16 19 16
63 78 14
111 122 47
60 82 18
74 81 10
12 18 12
51 111 47
22 43 22
20 74 10
52 112 48
21 78 14
9 78 9
95 123 31
20 99 20
110 120 46
94 118 30
67 78 3
7 31 7
7 76 7
94 125 30
23 97 23
44 83 19
118 125 54
77 126 13
35 119 35
16 39 16
10 73 9
45 104 40
50 64 50
64 105 41
77 109 13
7 63 7
3 58 3
33 95 31
28 76 12
103 110 39
17 95 17
59 77 13
88 102 24
21 96 21
45 70 6
53 71 7
79 97 15
111 115 47
6 89 6
25 111 25
107 110 43
6 20 6
65 93 1
80 99 16
14 86 14
30 94 30
68 128 4
12 22 12
54 113 49
2 124 2
30 84 20
17 34 17
73 115 9
69 74 5
35 51 35
37 98 34
23 90 23
87 100 23
42 100 36
69 79 5
76 81 12
4 9 4
19 69 5
107 124 43
16 25 16
92 97 28
9 26 9
13 14 13
90 118 26
42 124 42
26 111 26
45 61 45
38 90 26
121 127 57
1 67 1
68 97 4
98 126 34
45 52 45
1 65 1
66 76 2
55 108 44
14 28 14
114 127 50
77 102 13
22 50 22
25 97 25
72 128 8
46 55 46
88 104 24
25 100 25
73 103 9
95 110 31
43 121 43
18 57 18
9 10 9
12 69 5
110 114 46
117 127 53
65 83 1
110 115 46
22 101 22
71 76 7
46 95 31
94 97 30
90 108 26
29 117 29
7 8 7
79 116 15
89 103 25
9 65 1
32 68 4
17 109 17
110 117 46
59 100 36
47 94 30
29 93 29
44 109 44
10 93 10
111 125 47
92 101 28
32 66 2
3 85 3
32 98 32
119 123 55
53 96 32
24 118 24
69 96 5
33 93 29
14 113 14
7 32 7
120 123 56
94 124 30
59 102 38
84 107 20
12 14 12
41 99 35
69 106 5
71 93 7
52 79 15
23 109 23
5 78 5
39 66 2
17 94 17
86 94 22
63 121 57
8 11 8
52 114 50
54 105 41
41 67 3
49 89 25
72 75 8
107 125 43
48 54 48
38 71 7
58 98 34
117 118 53
18 78 14
6 104 6
79 100 15
37 126 37
30 42 30
63 123 59
7 27 7
11 106 11
14 22 14
16 94 16
59 73 9
1 64 1
12 41 12
32 59 32
31 84 20
83 100 19
11 128 11
55 74 10
64 125 61
3 6 3
117 123 53
14 100 14
21 51 21
93 113 29
63 104 40
100 103 36
63 79 15
37 72 8
70 116 6
47 85 21
12 13 12
5 89 5
54 101 37
7 67 3
6 87 6
91 117 27
22 42 22
3 30 3
99 128 35
42 111 42
62 107 43
44 118 44
126 127 62
54 115 51
12 91 12
49 107 43
64 113 49
72 74 8
2 12 2
53 110 46
95 102 31
68 116 4
11 19 11
37 56 37
76 92 12
88 112 24
8 21 8
3 8 3
32 89 25
2 13 2
44 64 44
39 76 12
17 115 17
42 72 8
59 80 16
46 48 46
17 69 5
10 12 10
17 128 17
84 101 20
80 107 16
43 92 28
116 126 52
86 104 22
37 76 12
13 102 13
48 56 48
69 97 5
71 128 7
29 82 18
54 126 54
35 76 12
51 89 25
25 106 25
20 71 7
71 80 7
91 97 27
39 94 30
47 110 46
113 128 49
6 59 6
20 95 20
62 115 51
62 71 7
89 118 25
96 105 32
15 35 15
68 111 4
46 116 46
58 120 56
78 106 14
41 116 41
16 42 16
19 120 19
25 127 25
57 96 32
63 99 35
64 110 46
72 98 8
62 65 1
21 42 21
105 124 41
72 101 8
60 75 11
112 121 48
22 68 4
14 71 7
18 97 18
22 31 22
119 124 55
64 118 54
57 79 15
35 71 7
39 74 10
35 84 20
108 122 44
81 101 17
48 83 19
5 76 5
15 77 13
3 72 3
55 126 55
31 54 31
18 70 6
12 59 12
3 21 3
70 115 6
1 18 1
23 128 23
16 22 16
59 121 57
37 92 28
65 115 1
7 89 7
33 88 24
1 57 1
93 97 29
63 93 29
46 121 46
16 86 16
6 97 6
29 100 29
30 75 11
40 91 27
59 101 37
7 17 7
71 82 7
92 121 28
15 70 6
73 99 9
31 112 31
81 95 17
32 56 32
29 69 5
46 107 43
111 124 47
71 98 7
22 32 22
82 103 18
74 84 10
83 87 19
59 123 59
77 121 13
90 111 26
66 128 2
98 123 34
92 128 28
55 100 36
8 123 8
74 106 10
62 90 26
118 123 54
73 85 9
64 117 53
62 96 32
60 112 48
30 70 6
94 106 30
10 39 10
103 127 39
35 44 35
5 14 5
4 94 4
51 93 29
34 45 34
24 26 24
1 13 1
22 121 22
83 117 19
74 97 10
59 106 42
11 70 6
61 75 11
104 116 40
25 70 6
84 91 20
10 103 10
28 54 28
39 80 16
97 112 33
14 45 14
91 107 27
12 94 12
81 93 17
4 105 4
33 40 33
53 100 36
36 56 36
83 99 19
60 126 60
97 104 33
1 5 1
67 110 3
107 120 43
79 86 15
75 120 11
5 23 5
15 30 15
17 26 17
25 42 25
1 126 1
17 102 17
39 58 39
116 120 52
50 84 20
12 68 4
4 56 4
73 96 9
21 70 6
13 21 13
100 104 36
8 35 8
45 125 45
62 100 36
59 108 44
87 103 23
40 67 3
70 125 6
78 79 14
1 15 1
77 98 13
46 80 16
1 105 1
106 112 42
4 64 4
43 101 37
50 103 39
26 59 26
3 67 3
82 114 18
15 79 15
52 125 52
35 40 35
50 79 15
4 90 4
13 22 13
27 96 27
26 91 26
26 96 26
15 89 15
48 124 48
68 127 4
60 120 56
122 128 58
100 126 36
55 80 16
61 103 39
11 55 11
6 94 6
36 79 15
4 113 4
55 67 3
1 19 1
98 127 34
17 117 17
90 123 26
82 92 18
70 106 6
35 36 35
39 96 32
82 127 18
14 78 14
74 110 10
18 86 18
4 69 4
71 84 7
73 92 9
35 106 35
44 68 4
45 102 38
9 61 9
31 82 18
6 15 6
16 21 16
53 76 12
29 65 1
74 98 10
92 113 28
97 124 33
23 50 23
98 120 34
5 102 5
13 79 13
57 117 53
49 108 44
5 74 5
66 101 2
40 92 28
41 77 13
70 91 6
50 70 6
89 107 25
77 108 13
73 74 9
37 64 37
76 114 12
89 128 25
45 92 28
35 54 35
91 106 27
4 115 4
8 10 8
53 74 10
93 98 29
22 110 22
10 18 10
6 101 6
2 88 2
67 122 3
25 73 9
42 123 42
27 54 27
103 116 39
80 84 16
107 116 43
15 21 15
2 71 2
46 99 35
16 73 9
41 122 41
60 77 13
63 94 30
22 96 22
49 128 49
68 73 4
17 56 17
96 99 32
34 39 34
22 47 22
10 21 10
62 97 33
7 25 7
8 26 8
58 126 58
6 93 6
30 67 3
25 104 25
9 67 3
25 82 18
26 103 26
31 113 31
25 77 13
51 100 36
26 54 26
50 62 50
126 128 62
1 85 1
77 124 13
51 84 20
18 71 7
9 75 9
46 113 46
17 65 1
112 126 48
107 117 43
42 65 1
49 123 49
22 59 22
92 125 28
96 121 32
2 76 2
20 90 20
28 110 28
77 80 13
99 103 35
38 94 30
2 31 2
51 90 26
4 16 4
75 128 11
48 91 27
78 100 14
96 98 32
62 112 48
11 90 11
99 105 35
88 117 24
46 105 41
5 18 5
34 49 34
76 86 12
76 118 12
42 115 42
37 49 37
14 119 14
51 74 10
62 81 17
83 98 19
73 123 9
60 121 57
22 100 22
2 19 2
36 98 34
58 107 43
22 24 22
96 104 32
4 22 4
3 93 3
49 122 49
14 117 14
54 72 8
2 46 2
45 124 45
27 36 27
98 104 34
62 121 57
27 43 27
93 106 29
19 126 19
57 83 19
25 30 25
13 98 13
11 18 11
77 127 13
37 121 37
119 125 55
18 36 18
69 117 5
81 127 17
69 126 5
35 122 35
37 74 10
26 121 26
108 128 44
76 102 12
14 72 8
78 90 14
63 113 49
18 111 18
22 104 22
70 127 6
40 108 40
2 54 2
19 100 19
96 115 32
10 79 10
60 109 45
17 35 17
52 75 11
83 108 19
87 104 23
22 83 19
115 117 51
85 87 21
23 123 23
33 79 15
97 103 33
78 97 14
113 116 49
5 125 5
61 104 40
95 117 31
9 32 9
10 108 10
77 128 13
17 88 17
35 80 16
35 120 35
3 76 3
23 80 16
42 56 42
18 41 18
108 110 44
64 94 30
28 90 26
33 83 19
3 7 3
40 80 16
33 101 33
61 111 47
34 82 18
6 52 6
46 52 46
63 98 34
10 87 10
55 105 41
35 88 24
56 88 24
22 80 16
63 122 58
12 19 12
18 66 2
52 107 43
60 110 46
53 119 53
16 108 16
35 55 35
2 114 2
28 38 28
29 94 29
22 36 22
4 70 4
27 81 17
50 125 50
24 88 24
8 78 8
33 103 33
7 99 7
83 114 19
9 16 9
55 115 51
37 83 19
45 110 45
41 73 9
59 79 15
7 71 7
30 62 30
92 127 28
1 70 1
18 56 18
83 125 19
8 57 8
8 13 8
50 110 46
12 115 12
26 50 26
55 106 42
57 89 25
94 126 30
27 111 27
62 87 23
27 113 27
55 128 55
51 126 51
54 124 54
73 114 9
51 112 48
66 97 2
93 96 29
35 107 35
72 83 8
54 61 54
96 106 32
61 106 42
14 108 14
71 118 7
46 86 22
17 21 17
8 72 8
21 54 21
60 70 6
92 98 28
22 38 22
40 85 21
7 95 7
39 48 39
12 16 12
22 27 22
44 95 31
14 21 14
84 128 20
6 29 6
80 117 16
67 117 3
12 109 12
67 114 3
112 120 48
5 22 5
1 75 1
11 83 11
22 111 22
105 116 41
20 57 20
55 98 34
46 100 36
71 127 7
52 83 19
10 115 10
88 100 24
114 120 50
24 80 16
32 78 14
7 9 7
29 41 29
8 29 8
44 65 1
20 21 20
6 78 6
68 122 4
89 125 25
56 118 54
42 79 15
46 119 46
3 81 3
61 107 43
80 114 16
28 59 28
62 104 40
23 32 23
53 103 39
101 119 37
7 13 7
1 22 1
17 44 17
85 125 21
98 107 34
14 34 14
15 74 10
68 119 4
49 83 19
105 113 41
29 68 4
56 99 35
114 119 50
3 71 3
57 111 47
10 52 10
114 123 50
58 61 58
26 48 26
41 49 41
4 40 4
76 91 12
7 64 7
1 128 1
51 82 18
63 106 42
8 27 8
46 102 38
29 108 29
8 24 8
24 111 24
28 82 18
5 110 5
45 96 32
21 85 21
23 53 23
24 121 24
34 40 34
43 72 8
19 81 17
96 125 32
81 91 17
57 84 20
55 103 39
100 120 36
60 107 43
120 124 56
44 46 44
28 114 28
10 121 10
35 37 35
26 31 26
85 97 21
15 31 15
60 103 39
50 86 22
105 106 41
16 52 16
37 103 37
44 105 41
23 110 23
42 97 33
83 128 19
24 62 24
103 111 39
9 125 9
78 108 14
57 92 28
53 113 49
19 33 19
8 41 8
56 103 39
54 60 54
5 98 5
21 119 21
53 85 21
97 109 33
49 51 49
48 76 12
110 119 46
54 110 46
1 74 1
25 113 25
3 43 3
48 111 47
63 119 55
60 71 7
29 99 29
7 45 7
35 52 35
95 112 31
24 43 24
3 27 3
31 37 31
60 100 36
67 82 3
23 57 23
74 99 10
82 119 18
82 107 18
64 97 33
12 61 12
10 14 10
7 26 7
31 83 19
122 127 58
34 73 9
26 58 26
123 126 59
42 91 27
38 119 38
53 115 51
82 121 18
88 116 24
30 77 13
15 80 15
54 114 50
1 102 1
20 109 20
18 102 18
31 62 31
75 108 11
12 118 12
5 32 5
38 72 8
63 67 3
43 98 34
93 112 29
4 111 4
13 78 13
58 93 29
57 81 17
29 83 19
7 122 7
26 42 26
34 35 34
39 67 3
19 48 19
67 90 3
30 37 30
12 48 12
60 113 49
104 124 40
58 94 30
11 21 11
61 94 30
105 115 41
121 128 57
13 121 13
1 114 1
98 118 34
6 39 6
27 85 21
62 101 37
17 123 17
21 98 21
55 117 53
57 112 48
17 18 17
31 70 6
20 65 1
56 90 26
72 84 8
31 106 31
19 61 19
61 74 10
12 25 12
2 100 2
50 116 50
13 20 13
58 115 51
122 124 58
43 99 35
16 117 16
56 87 23
103 115 39
43 105 41
4 52 4
4 26 4
2 36 2
57 102 38
70 71 6
49 94 30
62 70 6
16 115 16
52 104 40
4 67 3
18 65 1
7 91 7
57 64 57
41 111 41
16 38 16
109 127 45
72 100 8
10 109 10
14 23 14
23 112 23
27 73 9
25 94 25
26 124 26
64 68 4
48 79 15
76 124 12
9 51 9
43 88 24
2 68 2
51 107 43
4 11 4
35 94 30
8 15 8
36 104 36
94 127 30
19 24 19
21 102 21
55 95 31
5 40 5
62 127 62
57 95 31
50 74 10
89 106 25
59 114 50
16 34 16
6 88 6
98 117 34
29 81 17
16 31 16
22 26 22
106 115 42
11 15 11
18 83 18
60 101 37
51 113 49
36 72 8
48 78 14
31 100 31
32 96 32
57 101 37
1 101 1
64 93 29
9 43 9
10 54 10
19 29 19
6 27 6
59 82 18
46 49 46
64 109 45
58 81 17
14 81 14
88 110 24
25 81 17
78 103 14
4 12 4
31 53 31
7 41 7
51 67 3
88 108 24
81 122 17
118 122 54
14 15 14
9 73 9
4 17 4
21 67 3
18 22 18
88 122 24
123 127 59
81 105 17
57 127 57
38 65 1
28 31 28
77 122 13
8 9 8
32 85 21
18 76 12
66 122 2
30 96 30
47 74 10
21 80 16
7 119 7
45 121 45
15 101 15
66 77 2
8 95 8
48 86 22
16 81 16
108 113 44
28 41 28
50 88 24
39 64 39
46 115 46
78 82 14
23 52 23
36 99 35
47 105 41
6 117 6
45 50 45
94 115 30
7 68 4
114 115 50
30 105 30
36 102 36
61 92 28
40 98 34
51 59 51
66 71 2
57 109 45
44 93 29
36 67 3
38 101 37
17 59 17
12 52 12
8 22 8
116 127 52
11 22 11
61 123 59
90 117 26
8 42 8
68 86 4
58 60 58
59 117 53
43 97 33
34 44 34
26 57 26
90 112 26
71 106 7
1 54 1
43 49 43
29 96 29
17 81 17
54 67 3
85 92 21
42 59 42
9 72 8
24 109 24
37 50 37
19 42 19
6 84 6
85 91 21
32 37 32
90 95 26
102 116 38
9 105 9
106 128 42
71 90 7
21 128 21
34 37 34
11 14 11
76 100 12
102 121 38
113 124 49
100 112 36
47 92 28
119 122 55
67 116 3
48 110 46
45 108 44
58 101 37
68 104 4
73 124 9
68 106 4
37 54 37
41 61 41
27 33 27
45 78 14
31 71 7
47 57 47
12 95 12
51 78 14
26 61 26
81 87 17
5 11 5
70 97 6
48 120 48
39 107 39
41 62 41
45 75 11
34 83 19
49 79 15
26 43 26
84 97 20
24 81 17
62 80 16
85 105 21
7 86 7
55 56 55
119 120 55
29 106 29
24 61 24
14 115 14
22 93 22
9 30 9
8 120 8
34 57 34
52 78 14
28 104 28
60 81 17
30 92 28
52 121 52
30 73 9
9 54 9
79 128 15
42 120 42
23 78 14
10 43 10
52 128 52
109 122 45
35 74 10
71 86 7
64 98 34
4 121 4
82 110 18
92 118 28
3 11 3
8 64 8
10 83 10
59 126 59
93 119 29
8 46 8
18 113 18
23 115 23
45 94 30
38 116 38
47 83 19
49 98 34
66 113 2
68 114 4
48 96 32
58 103 39
9 76 9
95 124 31
80 116 16
98 124 34
90 101 26
69 93 5
91 124 27
13 16 13
66 95 2
57 91 27
79 85 15
69 82 5
1 47 1
32 115 32
115 119 51
51 108 44
10 44 10
98 103 34
14 57 14
15 92 15
102 113 38
11 62 11
96 107 32
15 88 15
50 77 13
17 54 17
14 120 14
11 23 11
23 72 8
13 37 13
86 125 22
93 111 29
8 32 8
15 56 15
21 56 21
101 107 37
44 47 44
40 128 40
39 119 39
56 116 52
84 102 20
90 115 26
103 125 39
107 119 43
9 68 4
37 110 37
28 72 8
27 29 27
64 126 62
50 90 26
44 74 10
75 76 11
118 121 54
66 125 2
66 89 2
52 113 49
6 71 6
105 108 41
60 90 26
104 125 40
5 42 5
44 72 8
107 113 43
62 63 62
35 57 35
25 64 25
71 112 7
87 92 23
29 88 24
2 79 2
118 124 54
22 117 22
30 85 21
36 119 36
40 87 23
80 100 16
72 95 8
62 106 42
1 8 1
24 123 24
18 29 18
15 83 15
46 53 46
47 109 45
62 72 8
6 80 6
70 77 6
1 86 1
49 113 49
34 118 34
99 118 35
22 87 22
95 103 31
20 84 20
53 112 48
1 61 1
82 101 18
49 56 49
38 53 38
88 120 24
19 38 19
16 26 16
110 112 46
46 92 28
73 108 9
3 26 3
88 90 24
26 89 25
98 119 34
61 78 14
123 125 59
85 128 21
21 84 20
4 48 4
35 73 9
1 69 1
46 73 9
70 92 6
37 82 18
1 79 1
19 109 19
13 112 13
55 61 55
60 119 55
3 5 3
72 104 8
70 124 6
22 72 8
75 88 11
20 122 20
74 121 10
36 127 36
96 111 32
3 61 3
26 94 26
14 122 14
24 55 24
26 72 8
15 48 15
7 105 7
85 119 21
65 98 1
21 47 21
41 94 30
19 83 19
26 108 26
34 103 34
50 76 12
4 84 4
51 103 39
56 125 56
97 101 33
50 102 38
44 70 6
1 50 1
86 90 22
40 118 40
41 124 41
51 63 51
10 80 10
109 123 45
38 62 38
21 49 21
109 119 45
24 63 24
103 118 39
67 107 3
59 64 59
115 116 51
104 127 40
38 70 6
87 97 23
26 63 26
35 38 35
107 121 43
51 109 45
24 113 24
75 82 11
1 99 1
16 97 16
66 91 2
93 108 29
65 85 1
23 91 23
33 124 33
41 43 41
8 45 8
13 36 13
46 77 13
85 120 21
26 104 26
54 77 13
23 76 12
5 67 3
64 90 26
14 46 14
17 83 17
35 101 35
8 115 8
86 99 22
12 26 12
30 90 26
8 118 8
37 93 29
96 126 32
70 123 6
36 70 6
22 122 22
10 64 10
76 112 12
45 91 27
67 99 3
27 87 23
104 115 40
17 72 8
27 99 27
122 123 58
33 82 18
91 125 27
20 33 20
34 53 34
19 92 19
53 111 47
65 84 1
84 89 20
61 124 60
3 109 3
55 121 55
56 127 56
7 110 7
79 122 15
20 118 20
71 87 7
15 72 8
106 113 42
29 49 29
7 70 6
100 121 36
5 50 5
39 79 15
66 72 2
10 119 10
10 78 10
21 68 4
23 59 23
35 118 35
72 107 8
114 125 50
44 107 43
43 68 4
33 106 33
112 123 48
94 102 30
21 97 21
28 66 2
27 46 27
87 122 23
36 110 36
80 92 16
47 103 39
14 85 14
45 90 26
56 104 40
68 92 4
11 97 11
7 54 7
87 106 23
47 75 11
68 124 4
7 107 7
109 113 45
4 65 1
101 122 37
20 117 20
73 83 9
101 114 37
59 120 56
27 106 27
94 128 30
17 126 17
60 89 25
63 107 43
94 107 30
26 85 21
20 41 20
21 72 8
29 60 29
74 114 10
86 108 22
122 126 58
64 121 57
47 99 35
24 42 24
24 50 24
2 9 2
103 128 39
41 76 12
54 91 27
27 41 27
21 83 19
38 54 38
121 126 57
29 102 29
5 70 5
20 69 5
22 41 22
106 116 42
68 121 4
6 75 6
9 92 9
54 117 53
85 126 21
47 63 47
27 100 27
30 64 30
75 96 11
12 72 8
39 72 8
4 23 4
55 123 55
10 47 10
6 41 6
63 127 63
24 119 24
15 43 15
8 16 8
53 63 53
68 87 4
106 117 42
62 123 59
18 19 18
26 52 26
56 123 56
43 89 25
3 54 3
16 101 16
120 121 56
60 83 19
49 55 49
26 123 26
24 92 24
52 93 29
83 91 19
97 116 33
43 45 43
90 106 26
28 95 28
15 119 15
57 87 23
55 102 38
26 90 26
33 72 8
73 78 9
3 99 3
9 66 2
49 77 13
57 86 22
31 58 31
23 81 17
51 96 32
85 118 21
106 108 42
30 106 30
13 62 13
15 86 15
59 111 47
30 76 12
79 81 15
18 55 18
124 127 60
82 85 18
10 31 10
58 91 27
66 98 2
24 30 24
45 87 23
12 46 12
7 38 7
58 88 24
56 110 46
113 117 49
83 93 19
17 63 17
74 75 10
2 23 2
1 24 1
19 36 19
49 66 2
85 109 21
51 110 46
32 53 32
12 32 12
23 54 23
32 119 32
21 65 1
13 81 13
6 55 6
63 96 32
26 88 24
99 104 35
12 79 12
102 105 38
2 14 2
24 89 24
15 85 15
10 51 10
45 49 45
5 82 5
77 92 13
65 91 1
6 12 6
75 122 11
70 78 6
81 94 17
30 49 30
69 125 5
27 64 27
69 80 5
55 57 55
20 80 16
26 76 12
115 121 51
61 69 5
49 81 17
47 101 37
60 65 1
111 120 47
6 72 6
117 120 53
102 109 38
81 85 17
77 119 13
67 70 3
49 124 49
57 122 57
114 118 50
20 104 20
44 112 44
47 82 18
114 124 50
45 103 39
48 74 10
98 100 34
27 117 27
40 43 40
54 76 12
106 114 42
19 70 6
21 43 21
80 88 16
4 73 4
89 122 25
25 117 25
94 104 30
74 108 10
22 109 22
2 17 2
13 122 13
6 8 6
39 111 39
5 83 5
10 23 10
4 8 4
73 77 9
55 87 23
40 102 38
6 99 6
23 94 23
83 116 19
111 128 47
44 91 27
12 36 12
56 66 2
4 42 4
16 54 16
105 122 41
1 35 1
46 76 12
66 88 2
58 79 15
84 121 20
21 127 21
38 98 34
7 111 7
61 79 15
56 83 19
4 5 4
93 117 29
60 123 59
33 96 32
50 55 50
14 116 14
104 107 40
54 59 54
33 71 7
10 84 10
15 66 2
3 69 3
35 65 1
16 56 16
31 44 31
60 116 52
32 74 10
46 94 30
56 114 50
27 66 2
73 89 9
87 91 23
21 69 5
10 111 10
57 75 11
21 123 21
39 44 39
23 58 23
63 90 26
5 7 5
112 115 48
16 99 16
10 22 10
54 82 18
88 114 24
22 65 1
65 99 1
4 37 4
72 92 8
99 107 35
11 74 10
101 124 37
17 64 17
91 123 27
61 98 34
102 127 38
55 89 25
41 70 6
55 62 55
4 13 4
40 86 22
35 93 29
38 44 38
19 59 19
47 127 47
16 59 16
23 111 23
21 86 21
55 78 14
56 79 15
101 125 37
100 110 36
18 75 11
1 94 1
19 26 19
58 89 25
35 89 25
35 90 26
58 121 57
38 124 38
35 110 35
28 30 28
59 74 10
32 95 31
9 113 9
57 72 8
22 66 2
102 119 38
10 58 10
3 17 3
33 73 9
48 89 25
113 126 49
11 104 11
88 113 24
8 83 8
8 28 8
83 86 19
45 83 19
36 44 36
73 106 9
102 125 38
38 59 38
99 116 35
111 114 47
19 46 19
36 92 28
66 116 2
38 93 29
77 85 13
42 127 42
25 89 25
41 83 19
20 26 20
80 105 16
3 23 3
10 91 10
41 78 14
35 92 28
34 88 24
4 72 4
98 105 34
14 87 14
30 127 30
43 103 39
13 34 13
18 85 18
60 85 21
24 68 4
15 93 15
38 111 38
3 100 3
6 74 6
8 101 8
88 101 24
58 118 54
28 42 28
63 68 4
23 27 23
15 76 12
20 44 20
25 45 25
27 52 27
84 96 20
40 71 7
80 125 16
16 85 16
34 94 30
114 121 50
8 53 8
3 88 3
12 83 12
36 95 31
35 104 35
15 126 15
96 128 32
86 123 22
62 82 18
1 92 1
7 11 7
17 28 17
17 93 17
45 66 2
66 123 2
91 110 27
9 111 9
62 92 28
65 108 1
39 83 19
42 94 30
2 84 2
1 77 1
8 89 8
62 99 35
3 10 3
92 109 28
70 104 6
52 116 52
93 127 29
89 120 25
41 52 41
49 85 21
65 104 1
80 102 16
83 84 19
33 100 33
20 116 20
80 120 16
64 81 17
90 114 26
73 76 9
60 98 34
27 28 27
23 98 23
13 61 13
53 109 45
39 87 23
41 69 5
68 81 4
16 18 16
1 117 1
65 73 1
8 105 8
90 99 26
31 104 31
95 97 31
92 103 28
55 111 47
32 104 32
90 120 26
28 124 28
63 120 56
108 109 44
48 66 2
54 111 47
114 117 50
93 122 29
50 68 4
24 127 24
19 82 18
14 125 14
80 115 16
55 113 49
65 106 1
41 113 41
31 63 31
13 110 13
2 4 2
26 49 26
69 109 5
77 78 13
34 67 3
41 68 4
53 106 42
3 22 3
4 15 4
59 113 49
31 76 12
68 85 4
10 128 10
22 30 22
48 95 31
18 96 18
76 106 12
92 106 28
75 117 11
11 100 11
56 96 32
54 116 52
42 82 18
32 97 32
45 98 34
21 89 21
32 106 32
28 80 16
91 102 27
7 83 7
25 107 25
69 120 5
52 72 8
39 70 6
3 39 3
74 101 10
40 100 36
34 95 31
110 116 46
91 94 27
11 71 7
54 97 33
8 67 3
78 102 14
27 84 20
45 89 25
61 96 32
34 41 34
88 128 24
66 119 2
4 29 4
66 83 2
84 124 20
19 72 8
99 123 35
32 92 28
7 18 7
61 114 50
17 125 17
71 99 7
80 112 16
34 52 34
72 119 8
58 117 53
4 36 4
80 81 16
62 89 25
110 127 46
42 113 42
60 63 60
8 14 8
4 47 4
119 128 55
12 67 3
85 106 21
100 117 36
50 61 50
30 31 30
80 128 16
125 126 61
103 121 39
117 125 53
67 128 3
69 101 5
26 40 26
18 31 18
27 39 27
65 107 1
45 82 18
60 74 10
116 118 52
41 118 41
2 8 2
47 117 47
17 97 17
39 128 39
64 123 59
74 90 10
3 91 3
22 92 22
100 106 36
4 21 4
38 105 38
106 119 42
13 82 13
44 54 44
35 83 19
3 95 3
20 45 20
8 44 8
10 49 10
18 120 18
83 85 19
9 102 9
96 118 32
2 10 2
20 112 20
58 80 16
1 127 1
79 121 15
37 114 37
73 86 9
21 30 21
40 99 35
75 97 11
64 91 27
3 36 3
19 73 9
43 100 36
62 93 29
96 122 32
20 35 20
24 57 24
70 84 6
5 24 5
35 72 8
97 127 33
73 121 9
52 55 52
31 92 28
115 122 51
106 118 42
6 123 6
12 28 12
109 128 45
29 40 29
96 112 32
24 73 9
57 93 29
23 100 23
1 3 1
20 24 20
85 115 21
6 10 6
7 48 7
15 55 15
62 109 45
10 37 10
23 124 23
58 114 50
13 60 13
78 83 14
80 82 16
3 125 3
49 93 29
3 34 3
79 101 15
95 105 31
6 105 6
19 111 19
89 123 25
28 35 28
14 36 14
43 95 31
4 80 4
28 67 3
77 103 13
29 45 29
16 62 16
61 119 55
59 69 5
15 91 15
36 88 24
25 79 15
37 128 37
97 125 33
28 29 28
2 6 2
71 125 7
53 104 40
6 63 6
109 111 45
3 84 3
53 80 16
71 116 7
38 86 22
119 121 55
59 85 21
4 81 4
66 82 2
18 99 18
32 71 7
67 84 3
11 99 11
87 125 23
4 14 4
25 78 14
16 75 11
7 120 7
9 29 9
71 104 7
16 78 14
55 99 35
14 27 14
54 125 54
117 119 53
77 97 13
79 98 15
85 124 21
15 67 3
101 117 37
58 74 10
29 51 29
35 99 35
44 117 44
94 99 30
47 81 17
90 110 26
39 91 27
29 128 29
28 84 20
18 35 18
57 110 46
55 69 5
53 65 1
24 91 24
12 60 12
45 127 45
5 64 5
8 70 6
91 128 27
33 115 33
62 95 31
8 125 8
90 126 26
71 114 7
1 25 1
64 89 25
11 107 11
6 24 6
55 88 24
50 91 27
20 76 12
28 101 28
22 103 22
67 119 3
56 77 13
40 114 40
35 98 34
78 101 14
12 103 12
117 121 53
79 112 15
78 86 14
7 108 7
83 123 19
82 118 18
84 113 20
81 96 17
28 120 28
20 123 20
113 115 49
15 128 15
42 55 42
97 98 33
77 82 13
50 80 16
2 111 2
11 77 11
52 119 52
23 46 23
35 53 35
19 122 19
2 69 2
35 56 35
44 106 42
42 107 42
39 85 21
102 118 38
59 83 19
14 124 14
55 96 32
56 92 28
8 40 8
103 113 39
77 81 13
47 58 47
49 70 6
90 109 26
85 99 21
71 95 7
19 128 19
7 16 7
47 80 16
57 85 21
64 77 13
62 122 58
40 64 40
56 119 55
37 97 33
10 40 10
36 85 21
14 73 9
46 109 45
88 103 24
17 66 2
37 119 37
58 64 58
65 103 1
45 71 7
31 42 31
4 30 4
70 83 6
47 126 47
67 68 3
61 113 49
4 71 4
99 102 35
106 120 42
85 122 21
39 101 37
67 89 3
109 121 45
54 127 54
51 53 51
1 109 1
43 128 43
31 73 9
25 105 25
5 124 5
89 93 25
34 97 33
69 98 5
43 102 38
41 101 37
31 91 27
41 120 41
38 121 38
19 85 19
91 93 27
4 10 4
97 110 33
82 100 18
12 104 12
84 104 20
21 116 21
52 94 30
49 87 23
76 105 12
97 126 33
89 124 25
47 52 47
88 107 24
59 115 51
32 124 32
19 89 19
41 88 24
59 71 7
89 102 25
37 73 9
88 125 24
45 85 21
48 109 45
32 46 32
69 105 5
47 51 47
75 104 11
38 46 38
89 108 25
39 105 39
32 79 15
49 91 27
5 38 5
57 105 41
94 121 30
33 87 23
70 109 6
33 77 13
59 95 31
113 125 49
23 56 23
19 30 19
56 106 42
63 102 38
50 122 50
79 111 15
62 125 61
36 74 10
14 111 14
6 70 6
38 91 27
101 105 37
6 91 6
22 29 22
53 89 25
48 103 39
72 76 8
120 128 56
62 111 47
108 117 44
7 102 7
43 93 29
84 126 20
61 82 18
10 13 10
59 89 25
26 41 26
81 124 17
99 111 35
76 127 12
83 121 19
85 113 21
7 109 7
55 109 45
10 99 10
31 72 8
13 38 13
2 94 2
17 43 17
72 81 8
46 104 40
87 128 23
109 120 45
25 112 25
14 16 14
87 93 23
70 121 6
77 123 13
3 4 3
68 101 4
6 81 6
67 83 3
101 118 37
84 88 20
89 91 25
81 90 17
4 128 4
65 87 1
72 82 8
73 110 9
82 116 18
95 119 31
14 19 14
92 120 28
13 93 13
64 116 52
2 51 2
30 63 30
74 94 10
84 93 20
53 75 11
17 75 11
14 42 14
62 103 39
18 110 18
110 128 46
63 91 27
11 69 5
76 115 12
107 115 43
13 111 13
62 74 10
85 104 21
87 111 23
46 110 46
36 123 36
81 98 17
73 128 9
9 64 9
92 115 28
53 105 41
28 57 28
95 107 31
35 125 35
76 113 12
85 111 21
29 34 29
33 78 14
61 105 41
55 83 19
115 118 51
82 88 18
36 66 2
23 55 23
79 104 15
101 127 37
11 86 11
21 77 13
43 91 27
61 120 56
18 79 15
5 81 5
39 62 39
50 108 44
35 69 5
33 37 33
28 117 28
65 126 1
72 108 8
27 34 27
13 73 9
12 84 12
106 127 42
70 114 6
51 83 19
33 69 5
70 88 6
9 18 9
46 62 46
27 40 27
64 84 20
9 14 9
47 84 20
22 95 22
40 121 40
38 75 11
3 20 3
90 96 26
56 85 21
47 108 44
58 86 22
65 68 1
40 111 40
48 97 33
66 78 2
61 110 46
12 54 12
41 71 7
55 114 50
41 103 39
19 53 19
3 83 3
61 64 61
12 77 12
17 19 17
90 107 26
50 111 47
7 73 7
33 108 33
54 66 2
21 82 18
48 88 24
94 110 30
27 126 27
1 31 1
27 69 5
6 108 6
103 117 39
53 67 3
89 115 25
57 128 57
124 126 60
9 11 9
10 77 10
50 85 21
37 52 37
24 126 24
93 102 29
11 44 11
17 122 17
42 76 12
19 28 19
87 88 23
82 83 18
61 125 61
31 98 31
16 49 16
78 92 14
68 125 4
34 47 34
34 69 5
11 112 11
64 106 42
79 118 15
112 128 48
104 108 40
16 111 16
38 45 38
40 61 40
14 94 14
27 128 27
84 100 20
102 111 38
46 89 25
100 119 36
60 122 58
39 65 1
69 113 5
81 126 17
23 25 23
39 52 39
39 116 39
86 89 22
66 114 2
26 28 26
49 78 14
10 33 10
108 118 44
48 53 48
46 88 24
51 114 50
21 118 21
44 52 44
87 99 23
112 124 48
14 55 14
4 31 4
67 80 3
101 111 37
111 119 47
11 80 11
110 118 46
18 74 10
30 110 30
51 128 51
9 38 9
32 88 24
100 101 36
35 114 35
64 127 63
59 122 58
4 107 4
102 106 38
6 76 6
38 66 2
39 42 39
17 29 17
33 114 33
33 90 26
95 99 31
99 125 35
103 109 39
7 72 7
2 58 2
119 126 55
88 126 24
20 102 20
105 107 41
68 126 4
73 95 9
37 41 37
6 9 6
34 85 21
62 116 52
36 42 36
57 125 57
8 91 8
3 16 3
66 127 2
24 116 24
33 76 12
3 113 3
53 84 20
99 114 35
51 80 16
63 75 11
4 96 4
23 87 23
55 77 13
67 109 3
3 92 3
57 114 50
4 6 4
92 123 28
111 117 47
57 71 7
56 105 41
26 78 14
74 128 10
90 91 26
13 52 13
8 122 8
54 100 36
49 92 28
18 48 18
2 66 2
72 122 8
42 96 32
55 110 46
76 121 12
69 71 5
5 6 5
28 47 28
48 108 44
5 49 5
25 75 11
27 97 27
4 75 4
99 120 35
99 126 35
7 100 7
19 47 19
74 124 10
116 121 52
44 67 3
4 118 4
98 108 34
2 125 2
103 104 39
69 83 5
82 128 18
8 102 8
8 119 8
4 119 4
8 60 8
9 128 9
104 105 40
58 119 55
20 64 20
44 101 37
41 64 41
19 118 19
23 119 23
19 44 19
94 105 30
87 112 23
35 91 27
7 75 7
15 84 15
82 115 18
48 50 48
57 108 44
39 118 39
5 95 5
43 80 16
20 51 20
14 88 14
18 73 9
47 61 47
41 66 2
93 115 29
11 73 9
42 103 39
82 109 18
75 77 11
34 60 34
121 122 57
35 105 35
5 120 5
35 96 32
22 89 22
13 86 13
49 114 49
60 95 31
105 128 41
90 98 26
34 115 34
74 89 10
72 96 8
15 27 15
120 122 56
60 118 54
10 74 10
67 100 3
23 51 23
26 117 26
49 82 18
29 75 11
9 77 9
38 89 25
22 108 22
13 118 13
92 112 28
25 88 24
60 94 30
46 103 39
7 12 7
80 124 16
88 96 24
4 79 4
84 95 20
65 94 1
7 88 7
29 59 29
30 33 30
4 68 4
23 113 23
7 69 5
37 71 7
69 91 5
57 118 54
27 79 15
5 44 5
13 43 13
52 54 52
48 116 48
16 64 16
2 67 2
4 110 4
9 97 9
27 35 27
7 80 7
64 107 43
68 113 4
76 128 12
9 123 9
31 119 31
87 115 23
93 94 29
74 96 10
2 104 2
35 45 35
19 117 19
101 103 37
10 112 10
33 99 33
94 100 30
26 77 13
56 109 45
59 92 28
68 120 4
52 122 52
1 14 1
64 72 8
52 82 18
47 128 47
73 82 9
91 99 27
112 125 48
54 107 43
12 85 12
49 103 39
24 31 24
50 87 23
30 38 30
79 89 15
74 112 10
72 120 8
12 51 12
14 121 14
72 124 8
5 25 5
24 25 24
23 85 21
19 80 16
22 28 22
9 104 9
108 116 44
72 109 8
20 55 20
23 99 23
101 102 37
50 105 41
23 83 19
50 106 42
16 32 16
12 29 12
26 109 26
55 122 55
104 117 40
35 117 35
46 85 21
7 15 7
1 11 1
49 112 48
99 113 35
18 47 18
31 75 11
13 32 13
81 100 17
78 93 14
77 91 13
18 115 18
100 105 36
43 126 43
18 92 18
21 22 21
58 111 47
72 89 8
32 70 6
50 82 18
59 128 59
76 117 12
56 63 56
97 118 33
91 119 27
3 55 3
4 109 4
102 126 38
43 96 32
29 111 29
71 72 7
50 107 43
8 79 8
5 27 5
59 84 20
87 110 23
9 21 9
18 123 18
7 126 7
56 101 37
29 80 16
40 79 15
6 35 6
105 109 41
10 28 10
120 125 56
87 113 23
52 106 42
50 99 35
6 68 4
21 75 11
48 98 34
18 125 18
92 107 28
11 46 11
124 125 60
42 119 42
13 80 13
61 121 57
71 92 7
48 87 23
50 112 48
9 40 9
78 98 14
36 90 26
102 108 38
23 105 23
32 102 32
1 68 1
8 77 8
118 127 54
41 50 41
93 118 29
93 114 29
25 128 25
48 90 26
5 9 5
39 103 39
72 99 8
17 42 17
59 104 40
32 65 1
42 105 41
52 56 52
77 95 13
25 125 25
113 122 49
92 96 28
57 69 5
7 65 1
46 58 46
2 15 2
10 89 10
10 106 10
100 108 36
72 87 8
79 87 15
63 126 62
43 70 6
100 125 36
8 58 8
111 127 47
37 47 37
35 97 33
43 55 43
80 123 16
20 47 20
4 74 4
76 88 12
70 117 6
12 38 12
77 100 13
79 123 15
26 93 26
2 119 2
27 114 27
57 119 55
3 74 3
108 120 44
48 99 35
39 54 39
76 116 12
55 93 29
30 100 30
13 96 13
46 108 44
98 114 34
43 48 43
17 78 14
16 124 16
41 119 41
12 50 12
52 99 35
3 121 3
22 39 22
8 76 8
94 112 30
22 119 22
7 77 7
101 104 37
24 36 24
5 13 5
47 95 31
32 73 9
17 67 3
1 4 1
102 104 38
104 119 40
89 104 25
6 21 6
31 34 31
78 105 14
94 95 30
81 128 17
63 112 48
23 64 23
99 115 35
41 92 28
69 75 5
28 108 28
14 101 14
53 128 53
13 88 13
7 14 7
66 117 2
25 50 25
94 122 30
6 22 6
77 86 13
52 97 33
34 77 13
2 3 2
72 102 8
43 119 43
25 102 25
59 97 33
1 71 1
87 89 23
90 104 26
55 107 43
96 100 32
79 108 15
2 92 2
73 117 9
65 78 1
55 76 12
41 100 36
31 47 31
4 46 4
52 111 47
32 49 32
71 111 7
22 71 7
76 125 12
46 111 46
99 119 35
9 52 9
14 128 14
90 103 26
56 58 56
11 25 11
23 86 22
24 41 24
8 92 8
47 55 47
70 85 6
34 70 6
37 62 37
14 93 14
55 64 55
39 86 22
47 121 47
66 103 2
51 52 51
20 34 20
44 48 44
42 68 4
8 55 8
60 88 24
13 39 13
41 90 26
28 119 28
67 103 3
15 40 15
26 64 26
7 117 7
73 81 9
35 128 35
7 24 7
59 119 55
98 121 34
41 98 34
78 85 14
109 124 45
6 120 6
5 45 5
1 89 1
37 40 37
99 122 35
61 65 1
66 121 2
11 36 11
7 19 7
13 55 13
9 12 9
28 77 13
5 37 5
37 99 35
71 113 7
84 112 20
56 117 53
33 91 27
23 30 23
17 79 15
73 87 9
10 20 10
13 90 13
43 112 43
117 126 53
72 85 8
79 119 15
93 103 29
73 113 9
2 83 2
15 24 15
88 99 24
32 93 29
82 106 18
5 63 5
33 57 33
78 107 14
91 122 27
8 75 8
36 93 29
29 116 29
102 128 38
104 128 40
6 126 6
76 84 12
30 40 30
58 76 12
31 120 31
89 97 25
44 69 5
36 43 36
44 79 15
32 81 17
34 114 34
82 104 18
92 122 28
56 112 48
5 16 5
51 94 30
105 114 41
62 85 21
70 81 6
18 32 18
66 94 2
33 35 33
5 73 5
54 87 23
73 107 9
93 128 29
32 41 32
77 111 13
43 57 43
3 50 3
28 75 11
21 91 21
5 47 5
81 108 17
10 32 10
41 79 15
53 70 6
46 68 4
22 78 14
1 12 1
29 92 28
2 41 2
71 89 7
69 86 5
98 113 34
65 128 1
78 84 14
20 92 20
82 102 18
11 115 11
69 88 5
58 109 45
74 78 10
6 17 6
9 17 9
44 97 33
8 63 8
24 94 24
38 83 19
34 120 34
60 79 15
101 113 37
11 72 8
4 19 4
23 122 23
68 115 4
18 69 5
52 76 12
35 86 22
72 73 8
39 77 13
60 111 47
26 35 26
9 86 9
58 72 8
78 96 14
76 82 12
6 11 6
75 113 11
25 52 25
1 110 1
49 109 45
56 113 49
79 115 15
1 23 1
26 110 26
55 97 33
92 99 28
12 56 12
27 104 27
69 70 5
33 128 33
4 106 4
15 59 15
42 109 42
31 50 31
4 44 4
66 80 2
72 117 8
19 35 19
53 126 53
17 70 6
11 66 2
64 73 9
22 74 10
66 92 2
39 112 39
19 87 19
81 107 17
8 127 8
105 119 41
18 44 18
56 97 33
14 109 14
42 43 42
13 59 13
87 94 23
15 26 15
10 75 10
16 98 16
64 87 23
72 115 8
96 114 32
42 85 21
73 119 9
98 110 34
116 117 52
39 97 33
41 54 41
101 121 37
91 115 27
12 17 12
13 99 13
27 122 27
88 109 24
75 93 11
49 105 41
1 111 1
41 86 22
48 71 7
7 115 7
83 104 19
2 75 2
111 123 47
13 18 13
53 60 53
1 28 1
60 73 9
12 97 12
49 76 12
3 18 3
15 29 15
67 95 3
3 51 3
23 82 18
15 44 15
46 74 10
2 24 2
92 108 28
5 91 5
70 126 6
13 128 13
15 53 15
121 123 57
4 116 4
81 92 17
1 2 1
90 100 26
97 106 33
34 86 22
106 123 42
21 35 21
4 102 4
30 79 15
50 75 11
40 88 24
21 28 21
45 54 45
91 112 27
54 68 4
12 116 12
2 55 2
42 66 2
17 118 17
64 120 56
39 55 39
76 90 12
54 99 35
48 84 20
21 24 21
39 106 39
78 128 14
75 121 11
52 89 25
110 122 46
9 110 9
20 37 20
1 81 1
44 125 44
103 119 39
106 107 42
2 118 2
43 86 22
8 96 8
93 110 29
48 67 3
4 45 4
28 83 19
57 116 52
10 120 10
47 93 29
92 119 28
112 116 48
21 26 21
15 68 4
23 67 3
45 99 35
29 67 3
3 13 3
44 60 44
101 110 37
56 98 34
56 108 44
25 49 25
20 70 6
32 54 32
55 75 11
94 120 30
54 95 31
26 34 26
6 92 6
103 124 39
51 86 22
61 68 4
64 95 31
3 38 3
24 65 1
45 48 45
3 94 3
111 113 47
50 57 50
63 125 61
7 21 7
66 79 2
29 84 20
42 81 17
23 63 23
83 101 19
31 99 31
10 45 10
44 108 44
56 100 36
62 83 19
68 77 4
45 128 45
58 116 52
57 77 13
61 128 61
43 82 18
37 102 37
70 113 6
65 122 1
34 125 34
104 118 40
81 89 17
21 52 21
43 50 43
71 126 7
34 68 4
15 50 15
41 114 41
65 123 1
62 124 60
50 81 17
56 86 22
98 128 34
78 123 14
77 93 13
49 101 37
86 102 22
10 88 10
3 70 3
56 65 1
123 124 59
11 113 11
54 70 6
74 107 10
10 24 10
26 67 3
22 128 22
17 49 17
4 88 4
97 102 33
114 126 50
5 55 5
24 58 24
49 95 31
7 23 7
40 42 40
99 110 35
105 125 41
77 83 13
22 60 22
82 95 18
34 46 34
21 46 21
19 22 19
59 107 43
48 82 18
74 87 10
31 93 29
8 73 8
23 70 6
44 62 44
11 51 11
5 17 5
33 109 33
28 89 25
86 101 22
1 88 1
27 78 14
82 124 18
102 115 38
5 12 5
33 84 20
62 119 55
6 114 6
89 92 25
90 122 26
79 92 15
46 81 17
30 115 30
28 71 7
85 93 21
2 89 2
5 43 5
9 55 9
18 39 18
18 59 18
13 100 13
14 35 14
54 102 38
60 102 38
59 78 14
14 63 14
36 53 36
105 117 41
104 112 40
29 58 29
39 45 39
105 123 41
107 126 43
21 79 15
16 72 8
44 92 28
42 108 42
6 125 6
11 39 11
41 46 41
64 115 51
69 89 5
69 72 5
51 87 23
98 106 34
95 104 31
29 86 22
94 119 30
57 90 26
22 44 22
39 95 31
11 27 11
10 35 10
20 25 20
87 121 23
28 87 23
38 81 17
14 65 1
6 64 6
12 64 12
16 80 16
16 126 16
69 94 5
60 78 14
22 23 22
53 101 37
29 112 29
45 76 12
26 101 26
18 42 18
42 98 34
70 72 6
61 85 21
3 90 3
85 103 21
49 90 26
88 121 24
89 98 25
17 80 16
59 70 6
57 94 30
65 121 1
39 99 35
87 105 23
55 84 20
112 114 48
18 98 18
107 109 43
40 74 10
28 112 28
38 84 20
23 68 4
37 127 37
72 78 8
22 123 22
48 100 36
77 118 13
45 57 45
39 88 24
63 83 19
24 27 24
86 111 22
54 94 30
4 28 4
23 62 23
51 75 11
11 12 11
95 106 31
34 92 28
20 106 20
67 123 3
40 112 40
9 34 9
1 90 1
33 125 33
26 73 9
2 40 2
29 103 29
30 34 30
58 83 19
28 40 28
25 109 25
97 99 33
78 95 14
59 86 22
82 90 18
115 120 51
109 118 45
102 112 38
31 94 30
124 128 60
15 75 11
50 98 34
8 113 8
76 120 12
46 78 14
17 103 17
2 25 2
10 110 10
120 126 56
12 57 12
47 106 42
25 51 25
51 121 51
108 123 44
88 115 24
52 105 41
26 66 2
63 82 18
73 102 9
68 74 4
48 60 48
89 119 25
46 66 2
87 119 23
1 51 1
110 123 46
72 113 8
52 95 31
108 124 44
47 49 47
26 79 15
76 98 12
21 109 21
99 101 35
96 101 32
62 75 11
76 122 12
63 108 44
14 17 14
7 74 7
3 47 3
100 116 36
46 126 46
72 94 8
22 107 22
4 39 4
36 115 36
51 54 51
71 96 7
58 104 40
54 88 24
69 108 5
78 112 14
103 114 39
21 111 21
35 62 35
2 11 2
26 65 1
34 42 34
5 96 5
107 123 43
52 115 51
62 102 38
60 97 33
36 94 30
111 126 47
34 87 23
13 48 13
82 94 18
40 90 26
25 80 16
105 112 41
17 119 17
117 128 53
20 63 20
36 52 36
32 51 32
99 108 35
48 70 6
4 82 4
49 117 49
88 94 24
79 90 15
51 97 33
5 85 5
89 117 25
24 90 24
14 79 14
74 80 10
1 80 1
82 99 18
41 125 41
103 126 39
109 116 45
22 79 15
30 69 5
87 126 23
11 94 11
34 112 34
37 86 22
110 111 46
83 119 19
107 118 43
100 127 36
115 126 51
54 109 45
112 119 48
24 85 21
5 33 5
113 118 49
49 125 49
53 73 9
2 44 2
102 107 38
54 104 40
84 116 20
13 19 13
106 126 42
94 109 30
7 50 7
44 110 44
70 89 6
38 77 13
13 103 13
10 68 4
23 34 23
20 31 20
4 92 4
105 126 41
29 97 29
15 107 15
29 46 29
35 113 35
32 63 32
81 106 17
87 109 23
19 79 15
70 128 6
95 98 31
28 62 28
82 105 18
19 99 19
5 8 5
104 123 40
33 92 28
15 104 15
1 104 1
44 84 20
89 112 25
17 68 4
77 105 13
46 65 1
59 118 54
19 23 19
17 46 17
5 117 5
9 79 9
24 101 24
8 48 8
52 77 13
62 114 50
87 108 23
46 123 46
68 99 4
41 72 8
15 23 15
50 89 25
24 96 24
20 78 14
111 116 47
24 45 24
35 95 31
28 116 28
55 104 40
115 125 51
67 124 3
40 124 40
91 100 27
30 80 16
5 36 5
42 86 22
47 54 47
9 115 9
89 121 25
36 68 4
37 51 37
43 107 43
85 112 21
112 118 48
26 70 6
29 127 29
59 67 3
102 122 38
2 77 2
14 90 14
1 7 1
51 105 41
108 111 44
43 115 43
36 126 36
56 126 56
69 119 5
33 34 33
5 128 5
38 128 38
11 52 11
62 86 22
16 66 2
73 125 9
115 128 51
66 93 2
56 81 17
29 113 29
58 62 58
10 15 10
13 51 13
60 61 60
43 113 43
72 126 8
3 56 3
18 126 18
75 110 11
102 114 38
17 23 17
9 70 6
44 94 30
63 97 33
80 109 16
102 124 38
73 118 9
40 66 2
98 125 34
2 73 2
78 89 14
49 72 8
13 92 13
114 116 50
19 76 12
58 95 31
12 31 12
63 105 41
66 120 2
44 78 14
103 105 39
7 96 7
11 105 11
11 126 11
79 95 15
114 128 50
3 9 3
3 86 3
38 115 38
2 5 2
41 104 40
19 112 19
78 124 14
11 125 11
32 44 32
91 113 27
63 118 54
21 29 21
74 125 10
81 109 17
26 74 10
49 62 49
108 114 44
46 101 37
43 83 19
14 25 14
28 60 28
118 119 54
3 24 3
4 7 4
55 116 52
56 61 56
80 94 16
8 110 8
43 47 43
5 10 5
22 75 11
36 86 22
7 128 7
91 105 27
100 128 36
24 102 24
32 58 32
53 114 50
102 117 38
23 118 23
60 117 53
61 90 26
14 77 13
118 120 54
99 112 35
26 119 26
3 53 3
72 111 8
74 76 10
56 120 56
69 114 5
24 112 24
87 120 23
55 79 15
57 113 49
57 120 56
87 90 23
42 67 3
45 79 15
3 128 3
68 110 4
122 125 58
43 104 40
54 128 54
106 125 42
21 27 21
35 42 35
28 69 5
115 124 51
1 44 1
94 123 30
95 128 31
46 93 29
71 107 7
32 126 32
69 73 5
86 109 22
2 63 2
116 125 52
63 128 63
9 42 9
6 122 6
3 78 3
12 53 12
84 90 20
35 67 3
25 67 3
49 111 47
7 82 7
57 115 51
119 127 55
75 116 11
63 114 50
21 99 21
76 109 12
117 122 53
5 48 5
51 92 28
36 49 36
31 60 31
10 86 10
1 66 1
16 106 16
23 126 23
63 117 53
29 77 13
16 44 16
6 116 6
79 93 15
12 101 12
31 88 24
92 94 28
29 52 29
90 92 26
46 72 8
52 71 7
44 77 13
59 72 8
9 93 9
4 87 4
36 78 14
61 88 24
2 110 2
61 116 52
68 69 4
17 77 13
13 26 13
123 128 59
76 77 12
56 115 51
39 40 39
58 113 49
32 64 32
2 74 2
62 113 49
5 26 5
48 102 38
77 114 13
51 125 51
32 35 32
67 81 3
44 99 35
25 96 25
81 102 17
87 114 23
19 43 19
70 122 6
20 86 20
109 110 45
