256 8335
140 248 249
50 244 50
52 123 52
107 108 153
106 173 213
37 95 95
129 132 41
11 39 11
36 114 213
85 168 168
51 81 256
92 216 67
79 107 66
2 228 11
118 186 186
30 217 41
167 176 217
145 227 227
147 243 1
86 166 81
83 165 227
1 37 1
64 153 153
18 107 18
4 91 112
43 174 209
38 49 50
24 188 20
78 130 49
27 207 1
88 217 217
21 211 67
12 217 217
14 164 20
68 155 155
144 209 209
1 193 1
10 82 82
76 184 180
193 219 112
49 64 49
43 238 117
119 217 67
4 188 18
188 250 101
24 44 168
168 253 112
167 237 217
2 131 209
42 213 213
168 241 168
138 188 138
73 102 217
181 246 213
88 105 11
39 191 41
78 175 149
11 138 11
197 198 227
49 160 49
83 141 227
4 74 18
185 223 141
53 226 186
27 147 1
104 181 50
49 118 118
111 194 155
117 202 117
29 112 112
1 2 1
55 181 46
15 190 168
27 238 1
39 240 186
98 138 50
75 230 71
112 204 112
155 221 155
221 253 112
65 78 82
26 69 133
30 174 209
35 116 118
20 87 20
17 85 168
70 128 244
55 163 46
149 166 149
100 212 141
75 216 66
140 207 209
13 187 217
199 207 63
54 213 227
35 73 217
141 251 141
72 114 213
63 135 63
149 184 149
140 141 141
40 50 50
29 63 63
60 210 186
54 235 227
117 250 101
183 216 66
57 216 82
129 141 141
164 205 11
81 181 81
46 168 168
91 123 112
107 256 256
114 165 213
181 213 213
66 178 112
38 168 50
42 172 186
53 134 186
163 220 157
123 249 249
51 186 186
131 191 209
28 245 7
65 141 82
22 79 71
125 235 195
106 113 63
111 200 50
35 84 81
59 143 63
237 241 249
13 122 186
43 113 63
80 138 82
12 210 149
123 171 155
95 98 95
86 240 186
4 225 7
181 236 180
20 131 209
90 175 7
153 240 153
66 99 217
48 249 249
94 233 49
42 116 186
149 197 227
201 240 186
184 186 186
12 194 155
52 198 180
2 123 11
10 50 50
113 228 63
9 38 50
93 95 95
147 152 1
184 218 118
33 230 71
139 152 63
48 252 95
140 146 11
189 201 20
52 214 11
97 190 50
101 250 101
145 212 141
93 174 155
32 95 95
14 26 157
26 123 106
22 187 71
112 136 112
160 227 227
82 202 82
103 200 50
127 188 1
78 88 133
30 191 41
41 141 141
29 211 249
86 96 81
50 85 50
121 229 155
69 106 133
180 236 180
58 66 118
55 131 209
34 41 101
53 170 153
71 175 71
6 118 118
5 95 95
87 98 50
38 182 213
70 224 118
46 52 46
55 216 46
80 153 82
120 218 195
133 255 95
52 88 133
69 216 133
201 202 106
225 236 7
151 248 227
30 55 41
63 186 63
122 181 186
131 213 213
17 200 50
22 164 71
196 222 141
152 233 63
119 189 67
113 123 63
23 71 71
49 112 112
187 237 249
40 188 138
78 181 180
74 160 49
128 182 213
78 180 180
86 196 141
141 229 155
69 158 117
41 114 213
91 117 112
10 22 67
62 164 153
65 131 82
20 243 168
42 63 63
1 10 1
4 98 50
73 123 217
26 154 249
25 92 67
69 172 157
134 255 95
11 140 11
2 194 155
143 226 63
67 130 67
19 103 41
70 72 37
159 219 133
12 179 149
33 123 149
102 125 217
26 180 106
7 133 7
80 135 82
153 231 153
225 238 117
94 211 244
187 210 46
127 128 1
9 179 37
65 69 82
13 28 217
42 131 186
1 211 1
91 157 112
152 244 63
73 146 217
171 179 155
35 249 249
7 227 227
45 116 118
155 211 155
173 253 213
16 236 81
76 187 46
40 183 138
144 217 217
202 236 245
64 224 118
16 116 118
67 111 67
153 191 153
95 104 95
40 45 138
60 201 186
97 140 50
3 112 112
55 113 63
93 105 155
94 128 244
213 248 213
20 157 20
178 180 112
151 220 227
9 185 141
44 176 168
108 153 153
103 111 41
62 80 82
56 144 118
26 54 227
69 219 133
17 188 168
63 193 112
23 175 149
55 222 20
108 132 153
11 157 11
67 239 67
55 202 46
209 222 209
65 171 155
50 74 50
63 155 155
9 172 157
46 77 101
75 151 227
35 210 81
209 234 209
27 117 1
23 101 101
26 238 117
68 110 95
10 20 67
63 191 63
42 156 1
16 91 112
31 153 153
132 229 155
96 199 63
9 222 20
101 125 101
180 182 213
134 169 153
89 129 95
61 138 138
1 253 1
134 179 37
59 84 63
64 177 256
47 114 213
15 255 95
140 175 249
15 205 11
52 95 95
7 219 7
186 196 141
237 248 249
38 176 50
46 99 217
28 37 7
37 48 46
20 233 49
111 256 256
200 232 50
202 219 133
49 66 49
184 200 50
80 223 82
142 209 95
11 23 11
43 144 49
78 216 66
27 227 1
109 144 101
6 46 46
159 249 249
34 78 101
52 188 52
176 255 95
16 106 81
2 161 209
28 225 7
1 100 1
60 95 95
73 112 112
45 73 217
12 158 117
89 252 95
65 148 82
34 246 213
63 218 63
20 239 71
83 250 227
1 83 1
154 203 249
35 41 41
125 151 227
98 169 50
73 119 67
55 227 227
11 19 11
83 212 227
93 244 155
157 198 157
103 199 63
163 253 112
1 74 1
108 112 112
108 179 153
133 249 249
33 72 149
50 136 195
32 244 244
19 76 157
8 241 117
222 226 20
27 94 1
104 195 195
134 217 217
167 236 217
5 179 82
121 219 244
26 228 106
4 127 1
48 141 141
85 145 117
24 195 195
1 81 1
88 100 71
184 185 141
160 184 49
188 248 249
129 188 180
28 182 213
61 80 82
82 197 227
30 108 153
26 152 63
86 190 168
38 142 95
137 186 186
61 136 195
153 155 155
125 216 106
26 198 106
51 236 256
93 207 155
65 196 82
48 187 46
32 123 37
59 252 95
61 153 153
70 90 7
54 223 227
19 204 157
102 168 168
231 244 101
10 195 195
168 234 168
115 135 149
127 202 1
69 159 133
144 252 95
15 219 133
108 230 153
78 124 66
83 134 227
95 224 95
57 147 1
193 245 112
201 253 112
49 208 1
69 179 133
127 245 1
64 101 101
165 227 227
95 233 95
50 132 50
175 183 149
131 239 71
28 91 112
25 30 41
46 252 95
64 105 11
71 129 71
102 204 217
9 77 101
168 225 168
78 186 186
216 245 66
33 102 217
79 158 117
213 246 213
144 176 7
151 171 227
16 123 81
166 185 141
195 250 195
24 164 20
149 254 82
146 235 195
11 168 168
22 108 153
37 79 37
28 63 63
125 165 195
58 225 118
113 142 95
155 163 155
109 184 101
144 168 168
232 239 141
1 65 1
181 204 157
221 231 168
17 88 168
70 142 95
124 216 66
93 188 155
71 195 195
8 90 117
27 70 1
63 141 63
71 92 67
39 215 213
40 70 138
109 218 101
5 108 82
80 206 82
133 164 20
49 180 49
1 20 1
83 194 227
138 152 63
124 166 66
159 211 46
7 39 7
181 203 256
32 251 20
128 151 227
81 149 149
46 123 46
6 157 157
157 196 141
16 210 81
141 176 141
112 248 112
56 111 118
11 146 11
17 135 168
60 215 213
70 232 141
39 194 155
77 237 101
13 72 217
88 144 7
135 186 186
177 219 256
26 231 101
127 244 1
50 179 50
112 174 112
116 186 186
3 136 112
220 240 186
123 131 209
84 198 180
41 117 117
70 89 95
216 241 138
8 130 117
18 119 67
35 40 81
233 244 49
27 133 1
227 229 227
68 254 82
1 198 1
23 121 244
1 215 1
134 152 63
59 175 63
57 209 82
139 248 249
79 238 117
50 229 50
115 192 149
166 177 256
169 197 227
2 92 67
106 249 249
176 222 20
238 255 95
85 229 155
156 197 1
153 236 153
71 183 71
111 199 63
105 134 11
170 245 153
108 124 153
118 239 71
168 246 213
100 173 213
81 94 244
47 187 49
20 64 20
78 120 195
69 134 133
78 92 67
172 237 249
48 246 213
14 198 157
29 183 249
24 172 20
7 212 141
144 152 63
196 219 141
82 234 82
9 44 168
108 185 153
114 191 213
95 229 95
14 215 213
9 166 66
45 68 153
184 220 157
116 254 82
22 30 71
207 245 209
54 182 227
197 254 227
41 180 41
219 222 20
168 181 168
121 128 244
90 100 71
51 243 168
79 237 249
102 244 217
1 146 1
8 20 117
49 251 49
29 206 249
88 231 101
45 176 7
14 236 157
16 148 41
33 84 149
171 247 227
141 218 141
103 149 41
2 155 155
186 189 186
87 183 18
134 188 245
55 118 118
11 37 11
95 231 95
106 122 186
77 164 101
179 199 63
187 200 50
181 255 95
135 183 37
238 248 117
98 195 195
103 179 41
49 192 49
24 57 82
112 173 213
55 225 46
48 123 46
6 180 81
81 153 153
19 49 49
213 244 213
118 149 118
24 41 41
98 141 50
138 179 37
187 219 46
121 150 195
93 127 1
194 211 155
27 156 1
35 133 81
46 119 67
199 217 63
106 127 1
40 58 118
190 222 168
14 132 41
29 225 249
65 172 82
88 138 133
56 169 153
44 148 168
180 186 186
65 91 112
32 139 149
179 244 244
103 255 95
68 219 153
39 68 153
128 210 244
128 192 244
66 198 180
4 113 63
106 241 138
86 231 101
27 192 1
6 90 7
37 255 95
26 52 106
139 179 149
81 234 256
133 151 227
59 60 63
49 209 209
181 201 106
167 191 41
119 168 168
4 22 71
125 183 106
32 117 117
41 139 41
1 21 1
60 217 186
80 156 1
61 198 180
60 254 82
20 219 20
25 164 20
40 233 49
18 84 180
111 143 63
20 248 20
106 145 117
69 76 133
40 100 71
25 95 95
131 210 209
40 241 138
89 146 95
2 176 11
33 118 118
109 193 112
11 199 63
78 133 133
24 93 155
18 127 1
59 156 1
53 243 168
165 249 195
167 238 117
25 26 106
95 205 95
126 162 155
50 221 50
32 195 195
165 186 195
166 255 95
90 144 7
22 67 67
115 153 153
155 229 155
130 228 49
87 186 186
194 216 155
47 125 49
51 71 71
65 80 82
60 213 213
120 194 195
63 237 63
118 206 118
133 216 133
95 212 95
86 201 81
125 207 209
115 183 149
8 146 117
226 248 244
13 217 217
30 220 41
79 222 20
176 199 63
9 189 20
38 112 112
41 189 41
26 116 118
126 190 155
213 215 213
171 229 155
71 220 71
116 203 118
34 115 101
69 108 153
95 240 95
29 38 50
16 227 227
18 79 66
72 163 37
59 106 63
148 186 186
82 148 82
51 116 118
121 189 20
23 37 37
11 24 11
33 184 149
212 233 141
81 243 168
1 19 1
30 117 117
139 148 41
201 242 71
137 182 213
173 180 213
195 244 195
38 104 50
61 181 180
105 225 11
92 247 227
101 228 101
161 213 213
3 205 112
158 164 117
103 140 41
26 241 138
70 188 245
11 159 11
39 163 37
95 131 95
13 134 217
19 116 118
4 107 18
35 125 81
20 179 20
152 199 63
144 190 168
115 137 209
72 198 37
44 162 168
1 145 1
12 235 195
174 176 209
123 166 66
40 64 256
90 164 20
94 201 244
78 210 106
82 192 82
90 192 7
30 68 153
66 67 67
117 155 155
163 184 138
11 122 186
191 244 41
132 227 227
165 196 195
91 206 112
47 251 49
1 112 1
33 235 195
81 146 11
188 202 61
74 78 18
13 236 217
210 220 157
117 224 117
132 174 209
70 236 245
96 245 81
71 136 195
93 187 155
215 246 213
34 67 101
3 117 112
172 204 157
63 243 168
199 225 63
253 256 112
64 116 118
38 70 50
150 178 112
13 141 141
96 153 153
6 235 195
123 195 195
82 111 82
41 164 41
102 112 112
113 195 195
158 168 168
9 125 106
86 182 213
50 51 50
87 102 217
169 233 153
30 63 63
43 193 112
43 187 49
16 23 81
148 227 227
123 198 180
4 96 81
82 177 82
16 155 155
25 81 81
11 227 227
45 249 249
109 209 101
13 137 209
34 180 101
63 113 63
13 99 217
155 196 155
21 148 67
122 139 186
11 15 11
201 255 95
125 180 106
112 188 112
67 85 67
46 221 168
29 103 41
22 230 71
84 121 244
132 201 41
22 233 71
211 242 71
129 198 180
24 168 168
123 191 41
42 243 168
99 189 217
78 117 117
101 218 101
19 160 49
85 112 112
39 115 149
56 141 141
92 193 112
98 113 50
51 238 117
123 168 168
102 186 186
63 67 63
25 174 209
166 188 66
1 155 1
58 80 82
113 254 82
4 23 138
49 54 227
204 236 157
208 253 1
7 115 7
22 45 71
6 71 71
59 213 213
25 32 37
102 156 1
112 190 112
118 228 118
26 179 37
127 156 1
245 256 256
12 16 149
12 33 149
74 107 18
34 231 101
156 185 1
58 170 153
76 87 18
46 118 118
216 236 66
41 155 155
100 234 71
39 76 37
62 86 153
38 209 50
58 209 118
82 171 155
207 237 209
55 232 141
86 130 49
20 25 20
106 217 217
34 198 101
33 136 195
7 58 118
11 150 195
21 84 67
207 234 209
76 236 245
38 47 50
4 204 157
219 236 133
72 121 244
191 235 195
66 76 66
105 148 41
101 118 101
103 169 153
8 200 50
45 63 63
136 253 112
139 154 249
30 175 41
94 236 244
95 185 95
71 181 71
141 205 141
66 73 217
146 153 153
104 255 95
36 170 153
77 78 101
106 139 149
52 105 11
11 163 11
7 106 7
60 202 186
87 96 81
214 226 11
11 115 11
138 180 138
81 125 81
25 94 244
12 245 149
175 229 155
132 158 117
123 217 217
182 254 213
10 37 67
168 190 168
185 217 141
6 222 20
109 155 155
58 232 141
64 198 256
112 128 112
71 125 71
46 75 46
168 244 168
15 73 217
216 249 249
91 135 112
71 168 168
60 117 117
21 228 67
71 204 71
48 234 46
123 251 20
19 251 20
33 149 149
184 190 168
92 224 67
180 221 168
42 158 117
31 81 81
9 195 195
134 234 256
13 233 217
82 243 82
15 254 82
23 46 46
67 123 67
95 100 95
18 38 50
48 58 118
61 87 18
112 170 112
76 246 213
163 165 195
71 178 112
10 168 168
190 228 168
18 204 157
21 176 67
149 220 157
95 226 95
74 248 249
4 34 101
160 209 209
35 63 63
4 20 20
152 202 63
47 117 117
34 203 101
69 135 133
34 74 101
63 250 63
155 171 155
117 159 117
119 188 67
167 196 141
144 184 7
123 201 106
171 227 227
57 187 82
33 256 149
201 236 106
97 114 213
189 192 20
82 134 82
47 146 11
70 222 20
73 121 217
84 154 249
11 76 11
151 164 227
35 170 153
143 156 1
121 192 244
66 180 180
103 217 41
67 117 67
28 157 7
123 238 117
48 95 95
130 157 49
113 179 63
4 117 117
83 179 227
32 80 82
18 33 149
146 184 11
72 244 244
20 103 41
66 108 153
94 161 209
219 244 244
101 137 101
7 93 155
94 123 244
86 105 11
17 36 168
35 234 256
210 249 249
101 144 101
123 165 195
153 233 153
123 177 256
38 95 95
15 88 133
18 47 49
46 141 141
101 131 101
28 185 141
10 88 67
81 231 101
25 175 149
46 177 46
43 69 49
198 245 180
41 161 209
20 94 20
147 222 1
122 239 186
175 226 244
43 208 1
31 57 82
247 248 227
1 223 1
95 235 95
68 169 153
176 182 213
1 254 1
5 90 82
118 158 117
75 224 118
159 166 133
111 236 66
95 251 95
100 167 71
36 252 95
88 221 168
105 141 141
11 73 217
81 227 227
123 220 157
28 170 153
63 245 63
28 139 7
55 213 213
27 60 1
115 185 141
61 166 66
95 220 95
186 229 155
100 198 71
184 198 180
131 195 195
82 97 50
21 235 195
38 63 50
72 92 67
128 226 244
220 242 71
84 107 180
140 224 118
52 220 157
14 16 157
4 102 217
36 199 63
21 195 195
38 101 50
90 172 7
173 210 213
95 170 95
145 216 117
71 74 71
48 214 11
42 128 186
153 199 153
46 214 11
49 227 227
57 231 82
11 251 11
44 167 168
154 222 20
9 141 141
155 231 155
208 219 1
117 145 117
35 191 41
113 184 63
95 243 95
78 81 81
53 71 186
12 237 249
102 139 217
29 88 249
15 159 133
48 195 195
7 88 7
71 214 71
95 112 112
85 187 117
93 171 155
178 253 112
112 182 213
95 254 95
6 30 41
40 242 71
39 123 37
107 232 141
175 236 149
46 49 49
44 70 168
141 162 67
84 187 46
43 138 49
138 166 138
202 222 20
43 236 49
36 205 11
208 234 1
29 191 41
55 249 249
33 241 149
15 52 133
130 198 49
160 233 49
8 109 101
224 236 118
15 66 133
109 247 227
142 233 95
134 186 186
140 179 249
40 179 37
88 117 117
35 96 81
142 252 95
183 237 249
42 196 141
85 217 117
136 190 195
244 253 112
72 102 217
106 254 82
139 239 71
90 163 7
7 81 7
92 213 213
101 111 101
167 226 217
35 78 81
50 98 50
30 154 41
75 123 61
66 204 157
47 250 101
20 48 20
179 249 249
124 188 66
43 186 186
63 88 63
18 153 153
93 101 155
151 197 227
111 203 256
7 102 217
81 201 81
170 226 153
42 112 112
119 256 67
97 227 227
41 194 155
99 141 141
75 96 81
43 90 49
112 208 1
100 125 71
149 229 155
171 232 155
189 211 20
7 255 95
75 144 7
138 253 112
58 112 112
16 160 49
67 184 67
25 163 138
117 121 117
119 146 67
14 71 71
9 158 117
158 221 168
18 201 106
244 251 20
4 134 245
27 104 1
72 181 37
96 248 249
83 91 227
31 146 11
63 249 63
102 203 217
87 195 195
211 252 95
181 183 180
38 123 50
20 184 20
155 241 155
88 139 149
134 141 141
12 42 186
166 217 217
172 238 117
154 199 63
65 86 82
22 178 112
119 159 67
140 246 213
37 46 46
86 255 95
23 189 20
81 121 244
37 137 209
7 168 168
1 108 1
25 87 106
3 111 112
5 123 82
43 150 195
196 251 141
172 198 157
73 222 217
153 163 153
104 190 50
116 238 117
64 70 256
230 233 71
50 233 50
20 215 213
163 225 7
59 113 63
40 43 49
36 226 244
20 55 20
183 187 46
201 256 256
78 141 141
202 242 71
196 211 141
172 220 157
9 227 227
131 231 101
23 188 138
41 195 195
83 197 227
79 166 66
26 155 155
24 185 141
41 113 63
201 227 227
29 132 41
197 255 227
102 167 217
112 229 112
78 163 138
209 233 209
154 219 249
90 194 155
101 132 101
101 157 101
154 159 249
149 216 149
112 186 112
230 239 71
18 205 11
87 118 118
103 138 41
13 208 1
16 208 1
55 132 41
84 182 213
10 77 101
24 206 20
4 86 81
61 64 256
151 213 227
101 231 101
149 204 157
87 134 245
212 213 213
153 225 153
13 50 50
109 199 63
67 144 67
157 168 168
111 123 66
98 200 50
35 166 81
9 155 155
46 120 195
20 95 95
9 46 46
135 204 157
35 160 49
95 230 95
125 210 106
30 118 118
79 140 249
161 175 209
14 189 20
148 249 41
33 107 149
51 167 217
38 99 50
174 208 1
4 70 245
55 162 67
40 90 7
119 121 67
45 157 157
137 256 209
214 252 95
214 255 95
22 85 117
12 244 244
15 98 50
153 169 153
55 92 67
85 146 117
49 125 49
87 158 117
8 155 155
44 107 168
50 154 50
33 117 117
6 34 101
17 46 168
122 132 186
112 114 213
36 38 50
217 245 217
82 174 82
27 237 1
120 137 195
58 128 118
29 135 249
151 201 227
79 124 66
3 91 112
143 197 227
26 192 106
67 237 67
73 118 118
206 246 213
91 213 213
79 216 66
157 207 209
42 166 186
26 76 106
137 168 168
104 134 50
65 180 82
37 88 133
90 96 7
9 221 168
56 156 1
45 243 168
71 189 71
74 163 138
13 73 217
101 230 101
46 132 41
171 241 155
212 244 141
14 192 157
241 251 20
6 166 81
79 115 149
13 221 168
49 77 101
95 114 213
19 171 155
63 230 63
70 87 245
1 169 1
21 63 63
122 137 186
148 214 41
62 155 155
83 213 227
127 199 1
22 100 71
82 187 82
44 95 95
61 223 141
214 250 101
180 220 157
15 118 118
108 181 153
49 129 49
103 247 227
145 249 117
185 222 141
35 95 95
231 255 95
148 237 41
210 218 118
91 113 112
67 256 67
170 207 153
10 207 67
239 243 168
29 181 249
18 228 245
49 224 118
226 250 101
23 139 149
125 198 106
49 226 49
46 228 46
95 196 95
51 103 41
55 187 46
15 123 133
230 234 71
57 102 82
40 101 101
64 117 117
109 249 101
33 137 209
111 159 133
105 139 11
30 172 41
91 249 112
192 224 118
123 184 180
36 116 118
3 73 112
41 256 41
42 46 186
145 211 117
25 182 213
136 186 195
18 235 195
92 153 153
12 175 149
51 64 256
1 126 1
76 220 157
134 172 157
175 176 7
58 213 213
95 201 95
12 55 46
1 57 1
121 187 244
67 116 67
172 206 46
97 230 50
61 112 112
110 155 95
178 201 112
95 178 112
125 187 46
96 195 195
178 225 112
46 201 46
70 76 245
118 172 118
57 80 82
10 43 67
100 108 153
188 211 46
123 200 50
202 238 117
176 225 7
122 221 168
14 144 7
52 163 138
153 188 153
109 181 101
83 145 227
50 133 50
133 203 256
68 108 153
4 75 18
108 197 227
115 236 149
162 172 67
144 181 7
9 163 138
62 84 153
141 239 141
213 239 213
121 215 213
22 216 71
149 190 168
100 117 117
11 176 11
139 227 227
21 27 1
31 59 63
72 236 37
161 198 209
25 206 46
123 149 149
227 255 227
98 163 50
29 33 249
30 45 41
63 240 63
53 186 186
25 233 49
41 83 227
108 238 153
44 179 168
88 238 117
83 90 227
55 226 244
53 209 186
192 225 7
117 240 117
5 236 82
205 256 11
49 106 49
50 186 50
113 227 227
21 82 82
81 188 81
189 237 20
5 65 82
112 152 112
1 7 1
12 195 195
115 190 168
81 107 81
63 174 63
123 136 195
92 252 95
118 169 153
54 256 227
76 250 101
101 187 101
140 201 249
39 216 37
47 191 41
95 143 95
29 184 249
148 233 41
28 186 186
2 71 71
35 168 168
12 232 141
6 184 81
100 195 195
61 213 213
82 209 82
210 211 46
14 21 67
48 167 217
194 195 195
14 61 157
50 161 50
155 194 155
24 74 20
172 248 249
39 138 37
51 78 256
112 167 112
14 220 157
9 183 61
90 136 195
123 183 61
14 160 49
156 227 1
50 200 50
145 256 117
26 217 217
13 75 217
75 138 138
76 98 50
112 242 112
95 132 95
27 123 1
186 233 186
127 248 1
4 11 11
33 54 227
112 202 112
82 236 82
94 209 209
33 238 117
183 188 61
56 63 63
44 133 168
215 226 213
209 246 213
107 236 245
92 103 67
98 168 50
123 129 180
14 129 157
123 205 11
152 156 1
119 140 67
6 161 209
137 241 209
32 34 101
74 134 245
62 119 153
92 139 67
101 153 153
28 66 7
79 220 157
40 184 138
9 80 82
79 242 71
63 164 63
1 114 1
212 226 141
101 207 101
84 129 180
99 195 195
15 63 63
101 117 101
156 175 1
72 209 209
58 186 186
33 216 149
129 241 138
69 141 141
78 87 18
190 221 168
32 74 37
148 238 117
98 131 50
11 226 11
14 122 186
87 217 217
138 178 112
146 168 168
50 206 50
124 138 138
46 207 209
211 253 112
83 152 227
61 192 245
213 245 213
50 93 50
13 64 217
5 50 50
11 170 153
74 81 81
4 207 209
87 205 11
96 148 41
1 224 1
101 206 101
13 195 195
17 153 153
49 164 49
63 121 63
60 81 186
18 173 213
139 200 50
14 15 157
75 167 217
21 141 67
17 95 95
63 82 82
147 249 1
29 41 41
76 216 66
66 186 186
125 206 46
63 223 63
57 153 82
95 216 95
195 229 195
48 67 67
144 198 7
9 133 133
135 192 37
69 150 195
28 67 67
134 149 149
92 182 213
89 95 95
154 175 249
168 203 168
54 109 227
54 227 227
43 210 49
50 222 50
28 254 82
48 128 244
111 184 180
48 206 46
12 51 149
87 111 66
216 233 49
37 102 217
74 234 256
125 249 249
116 234 118
172 244 244
67 243 168
1 195 1
4 105 11
141 166 141
54 70 227
211 229 155
5 48 82
31 157 157
185 190 168
2 252 95
210 244 244
131 174 209
82 136 195
62 169 153
41 106 41
107 123 18
123 130 49
227 241 227
95 187 95
207 215 213
64 185 141
47 148 41
136 239 195
29 149 249
31 40 138
159 175 149
145 244 117
54 209 227
21 221 168
24 160 49
81 152 63
14 75 157
59 86 63
34 109 101
8 232 141
13 209 209
92 141 67
205 209 209
97 173 213
204 212 141
1 186 1
151 185 227
36 137 209
99 229 155
113 205 63
95 200 95
52 116 118
62 95 95
161 167 209
180 243 168
166 171 155
198 202 180
58 116 118
34 213 213
16 133 81
110 193 112
38 121 50
213 220 213
217 227 227
85 174 117
28 238 117
32 124 37
52 225 7
135 164 20
63 103 63
80 111 82
25 63 63
11 185 141
122 126 155
140 154 249
15 82 82
35 198 81
136 218 195
113 194 155
94 97 50
138 204 157
17 68 153
135 211 46
84 239 71
141 161 141
239 240 186
193 254 112
4 153 153
117 134 117
17 136 195
117 141 141
1 3 1
30 179 41
102 184 217
171 205 155
78 244 244
19 142 95
41 60 186
186 211 186
145 185 141
49 144 49
113 218 63
78 111 66
59 225 63
141 227 227
108 168 153
100 254 82
145 187 117
174 185 141
207 256 209
95 256 95
101 233 101
102 103 41
122 192 186
136 169 195
71 211 71
146 175 11
152 218 63
118 128 118
228 236 245
45 106 138
7 40 7
2 75 11
36 100 71
25 45 138
22 142 95
175 211 46
40 220 157
44 186 168
64 210 256
149 256 149
54 222 227
39 249 249
107 175 149
97 155 50
57 227 227
50 120 195
155 254 155
67 192 67
74 164 20
105 214 11
44 57 82
172 184 157
135 227 227
7 14 7
40 129 138
3 12 112
12 184 149
143 253 112
60 172 186
17 221 168
70 164 20
166 215 213
140 153 153
24 222 20
132 141 141
57 254 82
143 224 63
149 157 157
1 201 1
34 127 1
21 133 67
113 180 63
49 234 49
71 122 186
112 168 112
83 87 227
67 146 67
227 250 227
123 239 71
68 140 153
2 96 11
66 139 149
84 217 217
153 232 153
142 255 95
64 253 112
109 146 101
30 187 41
46 154 249
50 227 227
146 148 41
224 226 118
1 110 1
33 214 11
64 195 195
2 195 195
25 101 101
123 232 141
136 154 195
142 213 213
11 164 11
176 244 244
35 44 168
76 123 52
78 171 155
48 137 209
53 65 82
16 86 81
4 124 66
117 144 117
55 129 46
111 249 249
185 247 227
82 186 82
56 157 118
8 13 117
96 252 95
80 231 82
101 213 213
58 146 118
239 244 71
134 166 66
52 156 1
50 138 50
12 128 244
143 228 63
52 66 66
102 166 217
59 223 63
53 60 186
32 75 37
60 123 186
145 186 117
230 242 71
86 101 101
138 176 7
16 77 101
141 157 141
75 110 95
72 125 37
103 213 213
15 67 67
116 256 118
48 235 195
123 189 20
169 213 213
52 98 50
165 240 195
78 129 180
103 120 195
4 248 249
40 176 7
72 133 133
130 168 168
40 82 82
106 175 149
182 213 213
70 191 41
2 112 112
57 211 82
80 95 95
218 219 118
39 40 37
87 251 20
205 227 227
71 234 71
192 241 138
120 245 195
173 215 213
223 227 227
75 210 106
76 160 49
9 92 67
223 235 195
151 227 227
144 187 46
29 69 249
154 168 168
30 144 41
209 236 209
46 137 209
100 148 71
36 255 95
56 218 118
135 219 133
19 143 63
81 104 50
162 230 67
13 92 67
174 177 209
139 146 11
25 153 153
128 249 244
41 211 41
113 235 195
99 157 217
237 243 168
26 117 117
192 252 95
77 153 153
7 55 46
73 140 217
1 247 1
114 163 213
209 247 227
114 245 213
6 232 141
216 231 101
101 163 101
135 244 244
81 256 256
132 189 41
48 237 249
130 230 71
75 181 180
186 213 213
13 70 217
2 22 71
32 185 141
47 141 141
42 82 82
158 244 117
143 198 63
36 148 41
89 114 213
123 246 213
25 61 106
49 117 117
84 98 50
49 205 11
147 180 1
163 235 195
20 150 195
112 176 112
40 124 138
51 106 256
43 243 168
118 230 71
79 188 66
190 220 168
98 104 50
64 168 168
45 220 157
43 147 1
7 217 217
50 213 213
50 241 50
25 196 141
175 198 149
132 186 186
103 215 213
137 145 117
191 206 41
73 125 217
183 218 118
25 75 106
4 199 63
26 222 20
86 123 81
76 166 66
6 160 49
43 58 118
29 95 95
83 208 1
193 251 112
116 122 186
83 195 227
131 137 209
54 123 227
39 167 217
123 182 213
35 151 227
101 133 101
1 14 1
99 243 168
70 154 249
97 204 50
49 94 49
69 74 133
51 135 256
9 202 61
227 235 227
48 109 101
32 179 37
44 108 153
84 196 141
150 183 195
170 195 195
186 237 186
20 206 20
44 67 168
55 127 1
124 236 66
85 252 95
28 136 195
13 139 217
134 192 245
177 230 71
226 255 95
171 184 155
35 106 81
40 157 157
75 107 18
114 224 213
134 254 82
8 118 117
62 176 153
48 219 46
101 141 101
29 42 186
3 140 112
63 134 63
48 135 46
8 253 112
24 82 82
15 164 20
172 250 101
101 148 101
186 203 186
59 158 63
147 246 1
95 167 95
134 198 180
153 212 153
49 65 82
192 209 209
142 223 95
110 160 95
204 228 157
181 217 217
49 130 49
21 168 168
57 130 82
63 75 63
158 167 117
93 190 155
100 158 117
174 248 209
47 200 50
156 198 1
45 161 209
130 211 49
2 90 11
6 251 20
123 250 101
65 152 82
2 118 118
112 117 112
149 183 149
82 108 82
109 196 101
1 207 1
7 78 7
38 202 50
28 230 71
12 72 149
173 256 213
59 63 63
67 195 195
121 183 244
176 229 155
122 134 186
110 192 95
133 192 133
58 132 118
11 156 1
4 249 249
92 119 67
12 25 149
58 202 118
11 195 195
40 199 63
26 249 249
240 249 186
101 196 101
66 170 153
149 161 209
33 113 63
41 190 168
20 113 63
95 234 95
74 136 195
134 219 133
132 133 41
184 235 195
17 170 153
183 235 195
46 206 46
113 133 63
94 184 244
31 123 18
6 57 82
50 125 50
88 254 82
9 101 101
145 155 155
172 190 168
123 147 1
82 94 82
181 245 180
118 123 118
92 223 67
150 190 195
16 71 71
155 156 1
52 183 61
11 194 155
177 234 256
50 235 195
154 201 249
115 128 244
80 227 227
26 53 186
139 251 20
16 73 217
67 211 67
20 112 112
104 157 50
44 228 168
3 4 112
98 155 50
157 244 244
213 252 213
135 247 227
28 41 41
15 153 153
107 166 66
72 215 213
118 153 153
131 244 209
82 216 82
8 105 117
114 220 213
37 195 195
132 148 41
127 229 1
38 227 227
118 176 118
141 245 141
132 166 41
128 208 1
155 195 195
48 101 101
117 192 117
104 162 50
46 211 46
93 249 155
6 16 81
181 192 180
195 252 95
3 227 227
17 114 213
70 227 227
69 213 213
71 241 71
138 159 133
174 180 209
30 176 41
112 241 112
184 221 168
56 132 118
79 125 106
166 231 101
6 212 141
101 223 101
21 107 67
120 138 195
63 77 63
76 139 149
167 240 186
135 149 149
143 240 63
159 176 7
175 256 149
95 213 213
14 172 157
130 145 117
111 157 157
14 96 157
213 233 213
112 123 112
116 224 118
97 123 50
77 98 50
225 227 227
77 107 101
19 180 157
28 127 1
70 109 101
98 244 50
152 189 63
67 187 67
14 52 157
40 76 138
48 129 46
129 137 209
51 187 46
101 239 101
8 78 117
1 32 1
46 181 46
35 245 81
21 31 67
96 123 81
68 99 153
146 171 155
95 120 95
40 113 63
47 156 1
71 141 141
19 94 244
50 137 50
157 233 49
115 256 149
1 184 1
25 49 49
129 225 7
75 129 180
153 246 213
95 215 213
60 195 195
74 75 61
34 46 101
73 251 217
1 196 1
18 223 141
87 233 49
1 63 1
63 94 63
39 65 82
63 99 63
237 256 249
155 180 155
74 86 81
28 90 7
1 240 1
106 160 49
20 225 20
71 95 95
155 249 155
75 184 180
4 31 18
209 220 209
23 66 138
168 213 213
103 142 95
2 180 11
21 226 67
153 194 155
145 195 195
48 162 67
102 127 1
162 227 227
11 59 63
61 219 133
52 75 61
32 96 81
76 186 186
77 162 101
198 235 195
36 215 213
44 51 168
36 181 244
116 134 118
63 125 63
208 209 1
36 188 244
47 50 50
3 193 112
19 137 209
155 213 213
114 182 213
186 242 186
154 198 249
15 227 227
22 249 71
101 165 195
34 112 112
189 206 20
153 190 153
60 211 186
32 36 244
195 238 195
50 84 50
61 179 37
176 220 7
77 195 195
81 245 81
12 141 141
83 84 227
24 203 20
128 139 244
16 35 81
28 172 7
230 249 71
1 152 1
71 210 71
25 128 244
36 164 20
111 192 66
100 256 71
123 253 112
44 59 168
5 79 82
22 63 63
103 132 41
1 27 1
108 123 153
20 159 20
19 152 63
177 245 256
8 42 117
1 80 1
123 241 138
142 227 227
117 210 117
223 247 227
19 249 249
149 249 249
11 71 71
181 238 117
31 52 18
103 241 41
31 100 71
28 195 195
75 249 249
90 159 7
52 207 209
121 166 244
113 212 63
24 117 117
6 55 46
56 126 155
43 47 49
51 218 118
36 201 244
67 233 67
101 172 101
26 72 37
77 123 101
45 163 138
64 138 256
7 51 7
74 208 1
152 227 227
81 248 249
75 76 61
1 113 1
49 217 217
112 142 112
134 163 138
59 160 63
22 98 50
180 199 63
25 76 106
77 222 101
97 104 50
93 148 155
63 242 63
26 132 41
61 69 133
46 231 101
70 101 101
88 206 46
120 159 195
72 154 249
92 123 67
27 58 1
116 123 118
41 144 41
79 112 112
56 229 155
20 89 95
123 170 153
158 234 117
65 195 195
142 195 95
89 196 95
5 59 82
160 205 11
98 157 50
82 126 155
30 209 209
137 207 209
62 236 153
156 178 1
4 67 67
186 220 186
185 218 141
85 227 227
97 241 50
81 180 81
14 41 41
44 153 153
185 219 141
31 149 149
160 241 49
26 80 82
50 143 50
17 195 195
48 177 46
110 231 95
47 77 101
133 227 227
19 227 227
178 209 112
68 82 82
18 66 66
67 108 153
63 109 63
82 130 82
27 214 1
184 233 49
24 254 82
15 133 133
21 158 67
55 104 50
100 123 71
159 201 133
12 30 41
1 165 1
41 218 118
11 254 82
13 149 217
181 232 141
124 184 180
46 133 46
66 74 66
141 186 141
123 161 209
75 188 61
13 164 217
47 90 49
170 182 213
184 245 180
188 228 245
11 49 11
89 157 95
97 101 50
54 200 227
19 172 157
90 162 67
153 256 153
52 218 118
139 177 149
73 152 63
92 212 67
18 185 141
183 231 101
55 75 46
1 79 1
12 84 149
97 110 95
162 240 67
56 155 155
155 233 155
49 82 82
29 196 141
35 37 81
136 165 195
44 114 213
118 139 118
50 68 50
106 240 186
31 216 66
72 101 101
87 200 50
161 182 213
123 139 149
200 216 50
45 134 138
116 198 118
86 112 112
163 234 256
101 248 101
59 217 63
61 227 227
29 228 249
168 230 168
226 253 112
137 153 153
195 242 195
87 95 95
168 214 168
34 154 101
123 157 157
16 51 256
156 208 1
110 255 95
39 72 37
20 168 168
155 239 155
91 209 112
76 188 52
49 57 82
33 253 112
3 214 112
70 125 106
56 166 118
61 67 67
6 132 41
25 28 7
95 174 95
78 247 227
14 95 95
49 204 49
33 63 63
71 182 213
78 213 213
85 170 153
146 176 11
208 220 1
112 150 112
50 193 112
182 206 213
101 208 1
24 67 67
186 228 186
19 153 153
128 172 244
33 140 249
31 209 209
45 46 46
160 176 49
187 188 46
73 184 217
45 123 138
135 214 11
192 250 101
64 69 256
207 242 71
63 222 63
61 63 63
67 231 101
29 31 249
118 167 118
24 151 227
40 238 117
150 225 195
27 138 1
182 227 227
41 249 41
65 153 82
32 216 37
112 120 112
129 146 11
32 192 37
64 155 155
32 39 37
128 188 244
82 247 227
164 182 213
26 227 227
95 169 95
114 216 213
91 103 112
23 187 46
168 248 168
10 184 67
82 102 82
3 213 213
12 221 168
247 255 227
28 234 7
43 251 49
13 146 217
34 207 101
14 56 118
13 190 168
18 222 20
60 140 186
117 139 117
73 99 217
121 249 244
66 134 66
21 95 95
115 244 244
47 89 95
66 173 213
61 123 61
61 137 209
52 203 256
213 242 213
55 80 82
26 32 37
143 230 63
52 120 195
135 217 217
54 58 227
94 205 11
51 123 256
99 138 217
123 206 46
50 135 50
11 92 67
102 246 213
54 151 227
187 207 209
61 209 209
51 89 95
101 209 101
61 94 244
196 228 141
73 176 217
198 201 106
118 207 118
5 67 82
144 166 7
42 246 213
49 176 49
84 125 106
28 75 7
1 104 1
134 243 168
122 227 227
212 232 141
12 181 149
98 119 50
165 182 213
43 206 49
33 222 20
110 142 95
230 256 71
81 135 81
22 83 227
133 201 133
65 116 82
30 153 153
128 251 20
154 248 249
94 196 141
194 227 227
82 229 155
138 219 133
163 202 138
1 142 1
55 126 155
39 236 37
32 252 95
19 220 157
97 188 50
119 162 67
173 178 213
221 225 168
6 35 81
200 236 50
82 199 82
84 101 101
125 238 117
50 79 50
48 230 71
34 37 101
39 135 37
58 224 118
191 251 41
174 181 209
96 220 157
93 251 155
133 141 141
71 132 71
147 228 1
74 80 82
70 228 245
105 117 117
101 164 101
44 50 50
42 122 186
37 244 244
95 122 95
6 82 82
84 163 138
75 239 71
1 182 1
133 234 256
34 250 101
119 182 213
130 154 49
87 122 186
122 240 186
94 154 244
105 211 11
149 211 46
49 105 11
4 78 18
70 230 71
2 52 11
82 93 155
90 99 217
129 186 186
191 220 41
34 116 101
113 143 63
191 192 41
10 78 67
107 124 66
42 83 227
20 145 117
30 255 95
105 135 11
92 192 67
78 192 245
90 108 153
47 233 49
106 123 106
63 133 63
214 227 227
58 73 118
6 104 50
29 215 213
148 213 213
25 66 106
179 189 20
161 221 168
167 213 213
118 227 227
44 120 195
158 196 141
49 245 49
35 69 81
47 100 71
128 147 1
205 211 11
195 237 195
12 180 149
38 135 50
13 59 63
67 212 67
16 137 209
67 112 112
34 248 101
4 244 244
123 221 168
160 226 49
15 74 133
71 187 71
141 190 168
123 248 249
149 244 244
130 233 49
45 239 71
87 117 117
98 226 50
146 213 213
20 61 20
114 202 213
62 170 153
56 224 118
120 235 195
131 227 227
150 231 195
35 244 244
146 209 209
103 227 227
98 217 50
5 241 82
37 187 46
59 150 195
85 153 153
47 95 95
137 221 168
228 245 245
40 60 186
150 203 195
49 214 11
122 244 186
40 201 138
61 228 245
59 180 63
12 207 209
196 230 141
160 247 227
9 19 157
82 160 82
27 189 1
190 204 168
162 177 67
67 69 67
76 244 244
162 179 67
42 108 153
48 209 209
150 220 195
227 236 227
1 174 1
136 177 195
167 181 217
39 179 37
49 61 49
11 50 50
207 229 155
83 232 227
67 236 67
95 134 95
163 211 46
50 231 50
93 126 155
71 126 155
23 35 81
36 243 168
41 103 41
18 28 7
89 195 95
28 176 7
81 223 141
131 207 209
245 250 101
4 87 18
101 113 63
168 245 168
4 142 95
8 140 117
11 67 67
23 163 138
6 96 81
35 181 81
11 55 11
196 232 141
31 78 18
193 229 112
26 216 106
49 115 49
67 155 155
94 153 153
123 207 209
56 68 153
156 217 1
115 243 168
55 141 141
114 219 213
200 218 50
18 40 138
39 165 195
22 227 227
144 220 7
107 141 141
108 219 153
83 206 227
23 85 117
2 95 95
98 175 50
117 168 168
149 236 149
62 81 153
3 18 112
52 79 66
86 184 81
6 234 256
3 71 112
148 157 41
118 224 118
9 72 37
24 144 20
186 245 186
63 162 63
49 78 49
9 241 138
111 113 63
164 229 155
25 46 46
106 179 37
125 195 195
95 232 95
2 9 11
64 194 155
21 108 153
221 243 168
146 185 141
39 186 186
130 204 49
175 206 46
67 107 67
10 97 50
2 206 11
164 184 20
115 233 49
129 213 213
63 144 63
66 116 118
35 59 63
86 145 117
69 149 149
123 125 106
100 124 71
59 218 63
41 50 50
61 84 180
64 217 217
94 98 50
186 214 186
227 252 227
25 159 133
88 222 20
148 153 153
189 244 20
166 244 244
68 77 153
64 102 217
14 124 157
87 114 213
158 169 153
33 213 213
45 111 138
19 123 157
189 242 71
5 182 213
4 60 186
65 68 82
23 237 249
79 202 66
104 213 213
155 158 155
187 194 155
95 221 95
6 65 82
164 244 20
183 236 245
121 191 41
50 123 50
52 76 52
228 247 227
11 99 217
64 242 71
11 131 209
14 227 227
24 175 20
17 50 50
170 244 153
11 110 95
32 153 153
37 85 117
134 155 155
7 99 217
23 228 138
179 239 71
1 236 1
90 189 20
13 110 95
42 124 186
89 142 95
14 24 20
177 240 186
75 87 18
76 86 81
107 121 244
10 36 67
29 62 153
85 100 117
35 209 209
209 251 209
154 167 217
35 252 95
49 151 227
82 235 195
19 241 157
50 65 50
138 153 153
84 100 71
141 189 141
50 102 50
52 213 213
40 72 37
1 199 1
43 233 49
155 216 155
120 198 195
105 219 11
250 251 101
45 225 7
181 219 133
57 119 82
21 163 67
75 197 227
81 217 217
126 153 155
185 196 141
101 102 101
98 130 50
2 120 195
7 145 117
126 248 155
195 218 195
80 106 82
121 155 155
3 109 112
184 193 112
111 166 66
130 191 41
117 205 117
111 141 141
37 81 81
146 188 11
22 150 195
123 211 46
34 194 155
183 202 61
34 218 101
4 210 106
19 149 157
57 213 213
97 118 50
168 221 168
82 122 82
34 123 101
115 226 244
1 67 1
51 222 20
14 94 244
188 234 256
96 107 81
32 158 117
38 118 50
182 217 213
41 223 141
18 209 209
85 121 117
151 223 227
49 163 49
33 155 155
25 38 50
8 237 117
14 87 157
86 234 256
54 137 227
6 240 186
195 251 195
219 243 168
167 189 217
194 254 155
69 87 133
111 133 133
95 165 95
24 156 1
37 84 37
153 209 153
82 218 82
96 246 213
1 185 1
71 144 71
46 245 46
16 231 101
97 195 195
35 154 249
66 220 157
84 172 157
83 136 227
197 247 227
39 202 37
26 114 213
41 159 41
22 123 71
213 230 213
75 141 141
12 209 209
234 239 71
143 171 155
88 149 149
234 236 256
124 139 149
50 243 50
16 177 256
59 140 63
42 165 195
106 151 227
223 256 141
22 122 186
185 212 141
19 41 41
1 64 1
76 85 117
210 251 20
60 227 227
118 193 112
103 207 209
190 219 168
9 23 138
50 67 50
41 248 41
96 133 81
72 141 141
212 251 141
84 179 37
14 177 157
175 204 157
49 134 49
118 164 118
112 169 112
123 222 20
81 185 141
43 223 141
12 142 95
121 123 244
31 133 133
129 153 153
7 32 7
12 115 149
51 99 217
198 213 213
54 121 227
111 196 141
189 219 20
90 135 7
208 252 1
37 66 37
2 229 155
41 169 153
9 157 157
43 88 49
124 134 66
223 232 141
2 143 63
91 132 112
207 238 117
125 192 106
202 241 138
33 51 149
213 226 213
25 198 106
66 240 186
41 140 41
48 161 209
168 179 168
123 226 244
75 111 66
220 237 249
66 242 71
70 129 180
55 211 46
54 117 227
1 222 1
79 138 138
158 238 117
182 198 213
4 35 81
141 202 141
105 171 155
68 123 153
20 36 20
165 248 195
116 195 195
71 117 117
67 79 67
163 168 168
177 220 157
117 196 141
136 235 195
155 219 155
169 218 153
87 135 37
85 248 117
87 157 157
40 73 217
31 180 180
168 239 168
60 248 186
118 138 118
50 124 50
47 101 101
50 152 50
26 153 153
70 203 256
55 206 46
111 213 213
42 140 186
113 211 63
4 202 18
30 103 41
24 112 112
227 246 227
2 129 11
152 195 195
82 140 82
152 166 63
56 61 118
7 209 209
90 182 213
34 226 101
14 163 157
76 207 209
86 198 81
141 191 141
31 65 82
54 162 227
57 165 195
50 131 50
184 203 256
3 253 112
76 203 256
16 191 41
69 176 7
137 173 213
40 235 195
252 254 95
12 43 49
40 55 46
9 50 50
50 101 50
215 239 213
40 189 20
147 252 1
7 123 7
114 228 213
82 248 82
25 110 95
27 105 1
100 118 71
41 121 41
93 155 155
57 224 82
30 132 41
45 164 20
108 152 153
25 109 101
129 179 37
115 228 149
27 127 1
118 178 112
63 157 63
63 217 63
114 184 213
58 123 118
36 39 244
1 218 1
44 128 168
30 148 41
149 240 186
9 251 20
215 227 227
195 213 213
3 67 112
153 213 213
61 134 245
73 163 217
9 75 61
132 194 155
181 234 256
126 251 155
94 207 209
80 204 82
105 132 41
50 82 50
76 212 141
9 180 180
38 247 227
16 39 81
6 49 49
186 238 117
24 202 20
1 5 1
20 41 41
178 224 112
31 70 245
119 153 153
173 246 213
43 130 49
58 195 195
185 202 141
39 250 101
41 151 227
204 249 249
20 90 20
2 227 227
16 95 95
92 124 67
14 228 157
196 218 141
123 140 249
57 178 112
83 110 227
5 209 82
134 249 249
156 188 1
87 241 138
190 253 112
128 227 227
23 117 117
75 201 106
82 96 82
82 83 227
168 174 168
142 192 95
39 190 168
9 164 20
168 183 168
125 227 227
6 146 11
90 123 7
153 186 153
76 202 61
91 193 112
65 238 82
151 235 227
65 159 82
2 58 118
79 117 117
94 225 244
4 201 106
19 52 157
100 248 71
104 189 50
57 86 82
72 112 112
51 125 256
177 200 50
61 76 61
44 200 50
41 46 41
16 144 7
31 166 66
50 151 227
123 193 112
6 112 112
199 242 63
15 214 11
43 54 227
122 219 186
26 251 20
60 252 95
203 227 227
176 201 7
53 64 186
182 204 213
29 155 155
35 213 213
49 139 49
186 234 186
195 221 195
92 184 67
20 123 20
127 181 1
119 169 153
43 79 49
71 240 186
72 191 41
119 244 67
63 117 63
7 96 7
45 138 138
200 237 50
36 141 141
150 162 195
167 200 50
41 82 82
123 236 245
140 168 168
45 201 138
183 238 117
70 118 118
184 188 180
141 214 141
15 45 133
10 79 67
1 119 1
116 241 118
21 128 67
48 157 46
181 196 141
15 77 101
239 247 227
34 101 101
141 210 141
150 213 213
161 188 209
64 225 7
28 58 118
64 220 157
94 155 155
157 159 157
106 204 157
63 100 63
9 154 249
33 139 149
10 140 67
139 175 149
95 106 95
1 141 1
32 217 217
30 247 227
21 210 67
1 209 1
35 101 101
5 215 213
25 43 49
190 195 195
183 184 180
86 167 217
31 125 106
244 248 244
151 236 227
19 244 244
105 232 141
72 82 82
112 221 112
130 196 141
113 193 112
6 117 117
107 183 18
60 118 186
66 215 213
152 168 168
85 111 117
77 181 101
101 224 101
225 247 227
7 194 155
90 169 153
117 137 117
149 175 149
155 176 155
56 77 101
17 25 168
8 50 50
68 149 153
149 200 50
40 240 186
9 17 168
111 206 46
43 175 49
61 235 195
39 178 112
64 204 157
149 239 71
7 187 46
151 200 227
7 191 41
90 176 7
179 241 37
61 184 180
121 217 217
123 145 117
114 169 213
71 99 71
102 118 118
16 181 81
82 233 82
51 138 256
58 218 118
102 209 209
26 36 244
65 128 82
123 152 63
216 226 244
38 97 50
64 236 256
35 233 49
134 185 141
138 185 141
16 141 141
66 185 141
186 191 186
18 36 244
89 169 95
195 223 195
71 143 63
60 188 186
32 109 101
15 151 227
140 190 168
50 97 50
146 203 11
78 105 11
68 213 213
117 178 112
167 246 213
141 203 141
64 234 256
57 230 82
31 168 168
59 216 63
63 154 63
123 192 245
152 215 213
117 206 117
33 129 149
64 209 209
101 238 101
97 213 213
103 191 41
34 168 168
26 48 46
52 215 213
123 190 168
34 141 101
43 86 49
192 216 66
127 148 1
25 137 209
95 103 95
213 254 213
73 74 217
47 106 49
173 192 213
147 229 1
44 190 168
198 211 46
70 246 213
140 228 249
12 26 149
18 133 133
170 227 227
1 214 1
22 221 168
52 129 180
14 225 7
8 145 117
36 123 244
52 85 117
126 194 155
72 243 168
183 207 209
25 184 106
24 162 67
203 220 157
23 256 256
70 241 138
75 92 67
97 191 50
57 218 82
133 181 133
39 70 37
30 123 41
1 82 1
114 126 213
115 168 168
218 249 118
123 237 249
79 134 66
123 158 117
66 112 112
69 200 50
40 181 138
44 105 168
29 186 186
67 128 67
123 228 245
96 125 81
96 154 249
23 51 256
24 201 20
30 165 195
63 184 63
2 244 11
103 153 153
76 228 245
4 61 18
40 247 227
1 28 1
155 222 155
110 186 95
96 181 81
165 190 195
39 237 249
141 216 141
13 52 217
30 155 155
74 123 61
8 63 63
42 157 186
13 104 50
22 161 71
44 63 168
182 246 213
174 183 209
11 144 11
43 52 49
5 213 213
148 217 41
50 209 50
173 225 213
52 179 37
3 43 112
131 161 209
67 185 67
66 75 66
2 64 11
126 247 227
90 91 112
32 163 37
152 167 63
56 195 195
227 245 227
99 209 209
62 168 153
149 172 157
29 107 249
18 195 195
198 209 209
147 164 1
217 228 217
74 242 71
67 221 168
101 130 101
15 121 244
88 245 133
3 115 112
44 100 168
246 254 213
198 243 168
115 214 11
2 67 67
102 195 195
56 221 168
242 245 71
51 234 256
62 153 153
15 223 141
107 205 11
64 124 256
9 78 18
25 117 117
175 192 149
117 233 117
197 238 227
177 198 256
25 140 249
63 172 63
66 210 106
43 141 141
174 246 213
30 80 82
29 239 71
63 161 63
32 78 37
32 161 209
188 199 63
56 182 213
189 227 227
76 88 133
9 89 95
48 107 46
49 108 153
80 133 82
88 163 133
16 158 117
122 155 155
8 144 117
190 200 50
60 167 186
16 37 81
144 225 7
126 244 155
99 255 95
22 155 155
91 101 112
115 161 209
116 151 227
103 208 1
106 169 153
65 120 195
44 102 168
86 129 81
18 123 18
153 234 153
203 251 20
64 203 256
145 196 141
33 94 244
79 145 117
110 123 95
20 32 20
74 79 66
4 9 18
123 160 49
70 112 112
117 161 117
65 227 227
19 252 95
15 211 46
67 172 67
146 195 195
130 181 49
16 140 249
20 67 67
18 184 180
110 195 95
31 60 186
1 181 1
26 213 213
173 213 213
140 237 249
4 241 138
111 198 180
8 250 101
131 217 209
75 166 66
64 184 256
11 212 141
44 155 155
106 202 106
67 153 153
33 192 149
59 110 95
17 97 50
39 177 256
14 183 157
89 255 95
72 193 112
95 172 95
25 192 106
54 106 227
5 120 195
124 202 66
174 218 118
171 200 50
26 169 153
164 189 20
126 209 155
79 118 118
47 248 49
57 71 82
229 245 155
61 129 180
20 160 49
112 249 112
123 187 46
27 73 1
33 69 149
196 223 141
123 124 66
7 95 95
10 203 67
46 165 195
1 85 1
15 116 118
1 134 1
138 160 49
178 227 227
221 240 168
48 184 46
107 134 245
209 237 209
135 150 195
213 225 213
37 51 256
110 214 95
73 124 217
123 132 41
141 240 141
109 250 101
22 199 63
86 246 213
123 245 245
29 61 249
157 204 157
86 221 168
154 237 249
82 112 112
195 200 195
9 67 67
89 207 95
29 227 227
15 196 141
145 163 117
8 66 117
94 121 244
138 144 7
8 211 117
82 195 195
207 214 209
24 209 209
9 107 18
160 221 168
1 178 1
249 256 249
95 202 95
20 74 20
86 194 155
95 137 95
82 190 82
15 148 41
174 220 209
166 184 180
120 199 195
80 160 82
12 205 11
62 189 153
99 143 63
1 102 1
25 148 41
130 253 112
102 211 217
49 70 49
148 209 209
68 194 155
21 162 67
144 160 49
2 233 11
22 186 186
7 11 11
144 157 7
101 105 101
102 224 118
20 139 20
6 72 81
166 212 141
47 204 49
190 245 168
70 85 117
54 61 227
35 219 81
14 203 157
108 251 153
51 149 149
127 208 1
95 133 95
112 250 112
45 49 49
226 246 213
153 195 195
17 77 168
137 244 209
112 255 112
105 223 141
95 193 112
6 107 81
90 237 249
24 134 20
161 207 209
181 251 20
11 233 11
50 109 50
155 160 155
62 247 227
124 149 149
126 171 155
71 113 63
53 153 153
16 96 81
79 161 209
142 183 95
129 220 157
70 254 82
210 256 256
56 82 82
97 169 50
89 245 95
71 191 71
31 183 18
79 229 155
123 156 1
19 243 168
101 136 195
186 198 186
26 159 133
61 187 46
36 160 49
25 79 106
114 173 213
13 121 217
30 215 213
3 19 112
91 92 112
143 242 63
50 145 50
93 99 155
111 150 195
103 123 41
25 201 106
94 117 117
25 133 133
66 70 66
124 189 20
112 195 112
106 187 46
6 247 227
97 242 50
19 253 112
30 84 41
10 19 67
222 244 20
28 183 7
160 248 49
123 146 11
87 124 66
57 237 82
174 222 209
13 107 217
114 213 213
95 171 95
111 238 117
127 147 1
66 125 106
1 235 1
117 173 213
7 121 244
70 256 256
25 34 101
25 54 227
98 135 50
144 195 195
8 162 67
187 198 46
117 129 117
30 43 41
37 71 71
224 229 155
79 104 50
71 229 155
161 240 186
72 157 157
23 220 157
118 132 118
84 236 180
18 186 186
131 142 95
53 240 186
55 191 41
102 192 217
94 162 67
33 138 149
196 212 141
35 99 217
116 200 50
47 118 118
3 153 112
46 248 249
28 47 49
90 121 244
166 216 66
124 125 106
109 126 155
111 219 133
14 118 118
15 33 149
18 181 180
60 98 50
113 233 63
62 216 153
17 33 168
49 233 49
108 249 153
14 153 153
110 152 95
192 229 155
201 210 106
45 172 157
61 78 18
195 254 195
62 123 153
114 140 213
124 206 46
149 228 149
148 182 213
198 230 71
60 84 186
112 199 112
15 37 133
179 236 37
41 214 41
131 134 209
212 223 141
25 88 133
147 227 1
161 227 227
40 63 63
22 105 71
49 91 112
212 236 141
81 100 71
59 127 1
99 149 217
109 234 101
141 168 168
141 154 141
16 153 153
139 160 49
171 217 155
70 226 244
1 43 1
127 173 1
93 97 50
67 203 67
58 144 118
116 163 118
123 150 195
85 88 117
118 195 195
206 228 46
6 123 81
16 85 117
117 131 117
12 101 101
107 204 157
92 106 67
85 161 117
155 209 155
45 59 63
112 115 112
214 228 11
161 215 213
79 129 180
38 145 50
4 179 37
30 184 41
105 146 11
69 177 256
34 63 63
90 126 155
59 82 82
88 143 63
59 123 63
12 123 149
194 253 112
140 187 249
157 240 186
8 67 67
113 147 1
76 135 37
148 163 41
35 162 67
48 70 46
10 72 67
28 134 7
60 141 141
75 125 106
138 217 217
1 251 1
20 107 20
80 254 82
112 225 112
186 216 186
71 213 213
132 177 41
169 196 153
7 206 46
10 101 101
83 227 227
189 224 118
190 243 168
122 131 186
101 194 155
14 166 157
85 185 141
201 244 244
2 73 217
5 239 82
2 127 1
105 205 11
168 209 168
130 189 49
25 129 106
33 208 1
65 112 112
164 245 20
163 166 138
35 94 244
115 217 217
107 112 112
1 95 1
6 42 186
120 212 195
12 86 149
129 189 20
25 118 118
105 112 112
223 230 141
149 180 149
24 90 20
92 93 155
94 166 244
23 41 41
14 67 67
130 141 141
57 155 155
137 224 118
55 204 46
18 203 256
28 51 7
155 230 155
45 78 138
145 234 117
63 101 63
227 254 227
46 212 141
63 207 63
19 22 71
20 66 20
123 196 141
33 90 7
25 168 168
76 238 117
93 224 155
62 232 153
67 220 67
91 253 112
101 212 101
22 242 71
66 229 155
18 61 18
77 227 227
17 128 168
177 210 256
180 233 49
204 219 157
50 215 213
31 33 149
2 107 11
50 118 50
24 141 141
106 203 256
42 169 153
98 209 50
63 212 63
10 67 67
32 106 37
210 214 11
84 159 133
87 159 133
129 156 1
68 74 153
45 77 101
82 222 82
32 102 217
171 245 155
50 239 50
75 134 245
201 245 106
4 85 117
27 87 1
115 139 149
224 245 118
87 220 157
139 151 227
42 67 67
22 33 71
119 245 67
12 129 149
90 106 7
9 96 81
76 120 195
48 111 46
130 186 186
68 235 195
219 240 186
119 123 67
95 110 95
144 146 11
21 121 67
27 250 1
16 90 7
51 231 101
105 209 209
88 118 118
18 234 256
49 249 49
174 228 209
7 198 7
123 128 244
33 108 153
78 183 18
148 251 41
29 237 249
91 105 112
40 146 11
213 247 227
33 183 149
62 213 213
40 138 138
17 228 168
49 184 49
47 61 49
85 242 117
47 85 117
3 198 112
146 179 11
111 202 66
50 150 195
77 79 101
39 209 209
47 175 49
85 125 117
3 215 213
47 82 82
33 250 101
69 218 118
148 191 41
170 216 153
63 239 63
18 134 245
140 160 49
14 181 157
243 252 95
72 170 153
69 246 213
11 206 11
108 213 213
49 195 195
53 106 186
91 183 112
50 57 50
147 175 1
151 216 227
67 191 67
25 237 249
116 141 141
13 184 217
62 172 153
13 79 217
51 217 217
79 137 209
162 183 67
108 169 153
58 159 118
174 200 50
112 235 112
59 67 63
64 227 227
160 255 95
109 118 101
120 150 195
102 140 217
11 193 112
166 240 186
126 131 155
159 177 256
123 219 133
8 37 117
92 105 67
144 167 217
148 177 41
82 254 82
73 223 141
130 205 11
63 112 112
89 234 95
119 130 67
152 211 63
227 237 227
123 230 71
170 249 153
5 107 82
31 132 41
92 195 195
42 100 186
78 160 49
23 158 117
56 118 118
132 233 41
78 218 118
45 66 138
11 107 11
25 180 106
14 248 249
18 95 95
104 108 50
230 240 186
146 155 155
36 168 168
71 159 71
142 239 95
73 168 168
157 192 157
116 204 118
31 89 95
59 101 63
38 98 50
23 116 118
226 244 244
98 112 112
144 197 227
6 198 81
23 70 138
31 107 18
10 213 213
105 241 11
2 11 11
11 82 82
185 199 63
13 96 217
205 245 11
24 215 213
26 58 118
24 246 213
2 240 186
171 202 155
116 119 67
41 47 41
32 126 155
82 221 82
124 201 106
6 17 168
140 174 209
13 36 217
40 158 117
59 139 63
118 168 168
31 162 67
123 179 37
79 132 41
222 240 186
173 229 213
44 159 168
23 241 138
78 201 106
147 213 1
2 254 82
163 179 37
88 161 209
139 204 157
17 133 168
118 146 118
134 182 213
3 207 112
25 125 106
101 198 101
137 161 209
209 245 209
11 148 41
11 48 11
2 49 11
65 254 82
153 193 112
14 126 155
4 88 133
10 92 67
101 155 155
34 247 227
76 112 112
50 197 227
25 181 106
123 133 133
19 256 157
195 219 195
51 87 256
47 160 49
14 170 153
227 253 227
115 124 149
29 140 249
117 190 168
217 232 141
181 209 209
68 85 153
104 254 50
201 217 217
14 113 63
95 141 95
36 45 244
80 94 82
213 236 213
119 215 213
141 238 141
114 146 213
107 188 18
88 154 249
129 245 180
31 111 66
78 147 1
214 223 141
155 252 95
162 182 213
46 180 46
29 141 141
108 121 153
144 177 7
152 212 63
58 97 50
15 105 11
20 82 82
31 87 18
49 190 168
21 166 67
63 87 63
11 52 11
178 193 112
32 135 37
82 240 82
82 88 82
147 208 1
112 122 112
8 181 117
133 229 155
89 218 95
48 211 46
102 231 101
138 168 168
1 167 1
18 139 149
17 144 168
12 135 149
65 155 155
66 214 11
165 246 213
127 178 1
81 219 81
9 213 213
230 250 101
117 119 67
131 180 209
33 174 209
225 256 7
59 211 63
37 185 141
31 141 141
87 151 227
81 88 81
158 210 117
50 116 50
95 148 95
32 119 67
117 122 117
141 244 141
41 123 41
16 48 46
87 130 49
41 207 209
108 129 153
207 230 71
99 130 217
49 187 49
173 189 213
100 186 186
87 199 63
197 252 227
132 153 153
93 194 155
47 129 49
166 245 66
45 231 101
96 217 217
32 166 37
5 153 82
117 170 153
162 245 67
26 41 41
24 251 20
44 168 168
166 168 168
82 212 82
55 123 46
26 51 256
94 127 1
60 104 50
175 233 49
64 181 256
17 89 95
83 170 227
76 118 118
130 132 41
81 170 153
192 236 245
188 232 141
8 195 195
28 244 244
37 63 63
130 201 49
228 232 141
104 123 50
118 192 118
4 216 66
41 78 41
131 240 186
213 231 213
192 201 106
137 188 209
8 238 117
68 168 153
100 239 71
175 253 112
146 193 112
32 49 49
55 223 141
233 255 95
1 60 1
168 195 195
11 210 11
31 221 168
213 232 213
2 182 213
90 133 7
124 256 256
76 254 82
130 194 155
75 95 95
4 233 49
24 244 20
72 84 37
100 155 155
35 197 227
136 146 195
97 138 50
189 230 71
2 27 1
36 217 217
32 184 37
101 219 101
11 97 50
51 183 256
227 243 227
50 195 195
87 256 256
183 196 141
67 224 67
39 106 37
4 125 106
4 228 245
79 195 195
94 195 195
6 193 112
20 187 20
1 8 1
29 160 49
60 146 186
26 157 157
11 167 217
47 214 11
48 227 227
50 191 50
4 16 81
108 166 153
71 239 71
102 122 186
184 216 180
32 138 37
110 252 95
21 119 67
53 198 186
22 162 67
153 244 153
62 181 153
130 160 49
172 249 249
110 213 213
91 133 112
128 244 244
193 195 112
39 161 209
15 35 81
77 109 101
39 153 153
126 246 213
84 225 7
9 143 63
72 130 49
36 95 95
51 74 256
18 221 168
1 160 1
30 163 41
66 179 37
81 133 81
72 139 149
14 123 157
169 184 153
92 227 227
82 90 82
24 183 20
60 63 63
56 172 118
130 153 153
87 227 227
162 222 67
21 243 168
38 213 213
201 206 46
4 195 195
6 139 149
40 80 82
71 225 71
133 185 141
103 197 227
78 207 209
28 72 7
132 192 41
8 117 117
60 180 186
129 201 106
184 231 101
67 228 67
36 54 227
25 86 81
151 187 227
11 26 11
50 126 50
105 123 11
142 218 95
61 135 37
128 211 244
55 134 46
101 217 101
30 62 153
181 202 180
30 141 141
11 225 11
118 137 118
123 216 66
110 209 95
84 177 256
71 151 227
5 237 82
89 182 213
63 196 63
23 100 71
104 237 50
129 148 41
87 214 11
71 177 71
2 4 11
97 165 195
83 123 227
37 245 37
50 117 50
30 204 41
155 185 155
116 145 117
33 172 157
95 160 95
53 141 141
16 118 118
167 255 95
82 103 82
82 189 82
145 178 112
68 118 153
169 242 153
32 37 37
27 196 1
56 208 1
58 203 118
67 102 67
31 48 46
4 76 18
140 181 249
38 217 50
9 31 18
46 50 50
83 223 227
39 55 46
43 225 49
13 150 195
7 65 82
33 204 157
3 149 112
94 148 41
33 196 141
112 233 112
123 255 95
227 233 227
37 72 37
149 222 20
1 72 1
154 162 67
173 175 213
127 177 1
34 184 101
231 238 101
207 213 213
16 149 149
80 190 82
21 187 67
109 112 112
10 60 67
54 221 227
50 78 50
170 178 112
167 170 153
3 173 213
75 235 195
23 26 138
63 209 63
101 251 101
117 140 117
158 187 117
13 163 217
153 249 153
52 191 41
64 67 67
19 232 141
134 202 245
43 118 118
154 254 82
15 249 249
82 123 82
49 87 49
123 202 61
9 55 46
122 146 186
30 203 41
15 44 168
48 225 46
96 105 11
162 217 67
13 125 217
139 234 149
133 205 11
103 141 141
10 158 67
187 211 46
1 200 1
23 136 195
193 220 112
86 227 227
97 189 50
117 212 141
209 255 95
155 212 155
116 218 118
47 239 71
4 95 95
9 210 106
198 200 50
98 184 50
103 134 41
5 109 82
128 209 209
43 211 49
119 251 67
80 124 82
105 168 168
28 171 155
181 216 180
9 123 61
101 227 227
20 35 20
158 197 227
43 63 63
145 245 117
31 75 18
231 250 101
9 225 7
49 123 49
9 76 61
34 77 101
17 250 168
139 178 112
67 98 50
92 231 101
145 224 117
121 195 195
142 228 95
88 94 244
35 72 81
57 192 82
82 220 82
26 145 117
107 193 112
127 182 1
62 177 153
123 234 256
177 191 41
26 118 118
64 157 157
98 234 50
61 125 106
5 11 82
8 61 117
21 230 67
23 166 138
37 193 112
17 227 227
15 246 213
159 241 133
68 112 112
96 206 46
195 216 195
115 204 157
114 123 213
118 136 195
55 150 195
55 218 118
134 236 245
76 134 245
59 212 63
63 145 63
41 154 41
34 240 101
50 104 50
64 213 213
149 168 168
86 161 209
20 69 20
70 213 213
197 204 227
213 253 213
121 135 244
62 108 153
129 222 20
49 198 49
70 95 95
163 215 213
69 133 133
17 203 168
34 209 101
153 243 153
200 201 50
140 244 244
183 205 11
207 227 227
74 159 133
70 157 157
58 178 112
60 113 63
58 234 118
178 213 213
128 173 213
65 123 82
15 75 133
95 242 95
87 89 95
145 158 117
193 202 112
80 118 82
29 81 249
140 245 249
106 216 106
2 63 63
195 231 195
9 181 180
42 171 155
1 54 1
13 154 217
15 31 133
130 219 49
7 108 153
188 233 49
140 180 249
97 208 1
155 175 155
161 190 168
48 242 71
67 173 213
210 254 82
17 110 95
8 184 117
106 147 1
112 246 213
179 183 37
53 213 213
7 28 7
30 129 41
182 215 213
15 23 133
11 237 11
111 124 66
5 177 82
216 243 168
11 177 11
168 232 168
45 79 138
50 228 50
43 85 117
50 153 50
29 174 209
47 226 49
65 101 82
107 226 244
117 218 117
84 249 249
88 159 133
50 171 50
40 163 138
66 249 249
20 204 20
2 17 168
62 194 155
53 105 186
96 114 213
85 188 117
200 213 213
95 250 95
190 213 213
82 125 82
65 111 82
24 213 213
79 111 66
192 202 245
55 76 46
189 226 20
220 245 157
26 200 50
242 246 213
50 146 50
126 250 155
7 174 209
13 87 217
50 218 50
69 130 49
60 199 63
123 209 209
175 195 195
121 244 244
121 167 217
132 206 41
93 200 50
135 147 1
50 214 50
109 153 153
37 219 133
48 181 46
43 135 49
224 243 168
84 165 195
43 92 67
119 200 50
21 182 213
1 192 1
151 240 227
206 236 46
83 95 227
241 256 256
84 186 186
75 256 256
143 190 168
240 252 95
168 200 50
126 195 195
8 154 117
74 183 61
81 156 1
53 88 186
11 187 11
245 254 82
205 249 11
135 188 37
71 133 71
84 232 141
7 149 7
127 197 1
67 121 67
36 222 20
124 156 1
112 239 112
42 93 155
69 147 1
152 184 63
193 247 227
195 233 195
9 208 1
91 203 112
168 242 168
57 94 82
213 234 213
67 99 67
186 193 112
133 250 101
70 134 245
55 156 1
17 107 168
84 112 112
117 256 117
32 131 209
57 205 82
30 142 95
226 232 141
68 153 153
66 69 133
46 113 63
15 187 46
155 168 155
95 227 227
63 227 227
5 46 82
30 233 41
143 146 63
155 190 155
87 211 46
10 66 67
106 186 186
219 246 213
123 185 141
129 164 20
63 213 213
17 165 195
124 183 66
216 251 20
72 245 37
123 213 213
70 88 133
116 209 118
3 39 112
66 97 50
67 210 67
52 145 117
26 244 244
81 95 95
44 248 168
136 215 213
7 245 7
172 181 157
62 143 153
112 141 112
77 104 50
231 239 101
123 163 138
75 176 7
15 112 112
117 214 117
21 249 67
88 119 67
128 144 244
84 151 227
78 184 180
6 158 117
42 60 186
82 244 82
103 148 41
187 201 46
56 117 117
14 195 195
145 255 95
59 168 168
151 242 227
18 70 245
51 203 256
3 234 112
18 23 138
21 123 67
114 244 213
88 179 133
159 248 249
22 91 112
204 244 244
176 249 249
98 248 50
17 63 168
115 123 149
35 216 81
55 135 46
41 176 41
84 228 180
139 181 149
96 213 213
113 168 168
165 173 213
188 217 217
29 248 249
44 236 168
80 158 82
6 128 244
70 192 245
183 206 46
176 228 7
134 223 141
153 223 153
68 245 153
177 209 209
75 214 11
52 124 66
203 229 155
79 123 66
48 204 46
125 148 41
161 176 209
39 157 157
33 220 157
176 226 244
75 174 209
47 255 95
42 53 186
81 136 195
74 220 157
33 133 149
153 254 82
83 120 227
122 157 186
114 164 213
185 233 141
26 210 106
25 197 227
123 172 157
82 251 82
37 108 153
89 123 95
9 149 149
73 232 141
60 89 95
126 229 155
14 249 249
196 224 141
237 240 186
107 163 138
213 238 213
36 94 244
1 120 1
117 123 117
102 210 217
162 239 67
1 229 1
103 183 41
1 34 1
123 137 209
143 158 63
111 135 37
106 109 101
37 138 37
36 140 244
91 112 112
95 135 95
9 18 18
130 190 168
3 181 112
168 205 168
137 219 209
130 174 209
197 253 227
112 215 213
125 179 37
11 74 11
122 171 155
11 160 11
10 169 153
206 209 209
6 68 153
9 131 209
145 159 117
123 142 95
95 218 95
1 227 1
25 155 155
36 186 186
15 64 256
127 236 1
67 141 67
41 43 41
26 256 256
115 195 195
93 135 155
5 163 82
23 179 37
105 222 11
217 256 217
84 88 133
62 195 195
77 204 101
47 74 49
100 113 63
34 195 195
42 252 95
137 160 209
106 220 157
187 217 217
177 189 20
108 218 153
78 96 81
34 227 227
6 8 117
81 166 81
8 120 195
48 127 1
135 191 41
131 247 227
180 250 101
25 210 106
64 159 256
165 195 195
199 239 63
97 253 112
5 188 82
109 231 101
1 197 1
44 183 168
41 187 41
89 219 95
166 252 95
119 141 67
42 81 186
152 220 63
20 50 50
209 225 209
132 172 41
135 199 63
44 244 168
82 117 82
186 251 186
141 152 63
14 237 249
42 254 82
80 99 82
141 180 141
123 135 37
16 19 157
169 211 153
24 43 49
149 213 213
78 142 95
58 117 117
42 97 50
153 170 153
212 228 141
122 245 186
21 232 67
66 72 37
54 247 227
36 102 217
37 188 37
99 123 217
1 38 1
64 71 71
111 118 118
123 240 186
29 189 20
146 191 41
81 237 249
42 210 186
83 151 227
186 217 186
94 221 168
107 179 37
50 230 50
61 226 244
31 108 153
133 219 133
31 79 66
13 55 217
1 86 1
32 188 37
119 195 195
66 244 244
57 117 82
82 100 82
223 244 141
62 68 153
161 251 209
71 230 71
17 168 168
13 60 186
189 217 217
76 198 180
153 211 153
63 105 63
3 131 112
43 165 195
3 162 112
34 187 101
155 186 155
226 249 244
95 190 95
4 254 82
134 145 117
63 95 95
54 197 227
50 167 50
29 209 209
34 129 101
6 41 41
23 227 227
239 255 95
74 111 66
52 134 245
19 46 46
128 184 244
116 240 186
41 198 41
12 145 117
104 200 50
8 199 63
37 123 37
215 219 213
208 236 1
11 53 186
123 235 195
194 229 155
198 217 217
11 133 11
20 212 141
134 209 209
74 192 245
97 111 50
114 227 227
14 219 157
104 126 50
224 237 118
61 81 81
77 125 101
50 95 95
49 74 49
29 154 249
141 206 141
133 134 133
8 215 213
183 198 180
184 219 133
109 213 213
133 180 133
63 143 63
43 237 49
105 160 11
7 131 209
110 157 95
25 227 227
198 256 256
85 186 117
9 98 50
27 124 1
65 243 82
137 251 209
53 82 82
14 255 95
161 186 186
223 231 101
58 164 118
72 235 195
32 125 37
15 202 133
79 88 133
61 100 71
179 209 209
157 209 209
84 132 41
98 123 50
138 218 118
5 227 227
55 195 195
1 11 1
118 175 118
38 124 50
84 167 217
131 138 209
91 227 227
123 214 11
60 122 186
49 244 49
112 172 112
83 139 227
9 201 106
39 122 186
96 139 149
55 176 46
95 253 112
114 212 213
71 217 71
61 70 245
51 213 213
79 219 133
49 202 49
168 185 168
78 139 149
188 220 157
62 156 1
212 246 213
85 90 117
109 161 101
90 183 7
111 251 20
112 139 112
117 245 117
88 192 133
183 228 245
66 201 106
167 211 217
81 120 195
70 107 245
47 153 153
76 78 18
42 240 186
90 242 71
133 159 133
119 187 67
37 189 20
63 92 63
11 54 227
84 166 180
92 125 67
13 248 217
202 248 249
69 252 95
93 123 155
112 163 112
2 188 11
178 220 112
34 148 101
228 234 256
6 208 1
40 237 249
144 182 213
66 161 209
93 229 155
69 123 133
99 217 217
157 252 95
229 255 95
161 242 71
123 212 141
60 221 168
17 181 168
22 84 71
88 106 133
36 58 118
25 161 209
76 155 155
99 187 217
95 175 95
1 98 1
74 144 7
179 240 186
49 148 41
123 204 157
27 47 1
26 201 106
187 203 46
87 125 106
176 239 71
67 127 1
95 252 95
16 151 227
63 149 63
107 151 227
141 211 141
14 147 1
204 234 157
159 162 67
160 170 153
101 168 168
161 224 118
1 190 1
90 195 195
182 233 213
23 129 138
114 185 213
58 210 118
123 203 256
10 45 67
25 35 81
89 236 95
39 148 41
39 141 141
1 39 1
17 190 168
102 185 141
28 219 7
225 250 101
177 183 256
11 109 101
161 202 209
108 196 153
124 129 180
223 236 141
68 225 153
95 225 95
6 50 50
52 107 18
150 208 1
102 147 1
88 112 112
167 233 217
54 93 227
110 153 95
103 195 195
153 218 153
243 256 168
109 237 101
11 125 11
95 207 95
74 186 186
171 255 95
208 241 1
118 129 118
7 12 7
157 242 71
54 83 227
203 249 249
109 123 101
124 217 217
94 242 71
37 52 37
133 220 157
85 140 117
1 179 1
9 144 7
2 61 11
63 102 63
42 62 153
36 57 82
69 193 112
31 250 101
29 85 117
6 9 81
222 227 227
21 207 67
114 131 213
100 149 71
54 129 227
153 160 153
155 169 155
34 256 101
166 213 213
210 252 95
23 160 49
106 184 106
66 81 81
59 138 63
75 248 249
197 209 227
27 31 1
15 111 133
4 47 49
68 195 195
160 186 186
56 209 118
160 217 217
27 35 1
72 167 217
43 95 95
165 245 195
46 114 213
227 232 227
61 141 141
100 161 71
116 183 118
7 144 7
112 145 112
53 112 112
227 247 227
41 216 41
41 138 41
14 207 209
115 215 213
18 22 71
95 153 95
82 167 82
65 169 82
212 227 227
4 18 18
45 136 195
178 250 112
29 40 249
72 144 7
65 190 82
21 155 155
71 100 71
123 154 249
19 188 157
80 114 213
49 51 49
155 164 155
1 127 1
95 155 95
135 241 37
2 159 11
138 251 20
198 225 7
20 180 20
92 190 168
119 227 227
123 225 7
119 135 67
104 184 50
73 182 213
184 202 180
71 87 71
92 95 95
58 61 118
40 94 244
144 214 11
24 80 82
104 215 213
138 228 138
218 230 71
7 208 1
112 196 112
43 217 217
141 232 141
43 220 49
42 95 95
129 251 20
117 230 117
167 177 217
14 149 157
63 153 153
105 153 153
42 231 101
135 198 37
3 172 112
90 225 7
216 234 256
41 182 213
50 58 50
193 207 112
107 146 11
11 205 11
109 222 101
89 227 227
43 117 117
169 170 153
31 167 217
47 167 217
11 123 11
47 173 213
90 161 209
18 114 213
112 209 112
223 253 112
77 250 101
107 186 186
8 151 227
17 39 168
107 244 244
40 202 138
151 231 227
132 248 41
72 74 37
21 23 67
82 185 82
44 256 168
189 222 20
23 44 168
187 206 46
58 155 155
13 216 217
158 213 213
74 187 46
75 161 209
158 186 117
2 141 141
129 131 209
61 154 249
104 150 195
78 168 168
153 159 153
14 212 141
52 245 245
185 208 1
202 228 245
94 232 141
53 123 186
2 142 95
45 222 20
22 231 101
91 184 112
101 121 101
60 240 186
7 186 186
182 219 213
186 206 186
12 50 50
33 75 149
163 228 138
126 230 155
150 206 195
87 202 18
89 243 95
66 123 66
14 19 157
95 176 95
12 168 168
58 100 71
4 200 50
36 64 244
27 193 1
56 95 95
193 253 112
162 224 67
76 239 71
8 12 117
88 249 249
129 143 63
170 223 153
42 141 141
27 137 1
51 131 209
207 221 168
39 71 71
90 220 7
51 61 256
136 180 195
207 249 209
130 143 63
106 163 138
179 245 37
84 181 180
127 168 1
98 249 50
3 178 112
144 244 244
229 249 155
195 249 195
143 154 63
96 102 217
141 158 141
54 88 227
228 248 249
32 241 37
2 171 155
43 255 95
28 50 50
40 123 138
29 150 195
37 74 37
101 182 213
75 178 112
57 167 82
1 255 1
1 88 1
115 133 149
47 244 49
112 155 112
17 134 168
76 201 106
7 188 7
67 109 101
86 163 81
139 201 149
198 234 256
88 102 217
84 256 256
162 231 101
163 181 138
112 213 213
217 230 71
1 122 1
117 219 117
181 243 168
35 48 46
164 226 20
28 73 217
50 80 50
74 171 155
211 241 46
58 82 82
124 228 66
153 239 153
115 157 157
21 44 168
46 149 46
176 238 117
62 220 153
141 224 141
29 50 50
37 111 37
115 148 41
119 175 67
193 228 112
108 110 95
70 123 245
75 190 168
155 203 155
112 130 112
31 84 180
76 206 46
12 251 20
1 118 1
135 157 157
36 220 244
23 209 209
136 227 227
17 19 168
168 199 168
74 228 245
150 227 227
51 85 117
28 214 11
66 113 63
78 107 18
80 209 82
9 52 61
69 92 67
66 157 157
54 191 227
63 84 63
164 230 71
2 77 101
88 239 71
158 249 117
118 225 118
227 256 227
85 123 117
52 139 149
7 18 7
172 191 41
1 149 1
31 217 217
115 129 149
112 252 112
195 208 1
86 107 81
209 226 209
145 162 67
203 213 213
123 178 112
48 69 46
181 242 71
24 227 227
91 207 112
7 124 7
109 117 101
75 196 141
51 56 118
112 191 112
21 197 227
122 123 186
21 58 67
76 221 168
1 46 1
88 212 141
1 117 1
9 74 61
104 211 50
129 157 157
1 246 1
10 119 67
61 85 117
81 99 217
5 195 195
126 234 155
87 242 71
131 141 141
74 235 195
148 236 41
153 189 153
1 26 1
108 225 153
200 220 50
84 149 149
187 227 227
48 222 20
207 210 209
50 251 50
15 226 244
206 244 244
153 216 153
71 154 71
130 217 217
2 126 155
67 198 67
8 251 117
155 240 155
32 50 50
163 236 138
20 101 101
13 153 153
167 253 112
95 146 95
45 145 117
187 233 49
28 86 7
9 66 66
98 251 50
110 227 227
37 186 186
168 170 153
42 221 168
218 242 71
74 214 11
41 137 209
112 154 112
83 102 227
143 221 168
164 251 20
87 107 18
31 122 186
48 155 155
48 250 101
154 227 227
43 51 49
32 183 37
70 180 180
132 221 168
17 243 168
37 158 117
14 204 157
45 237 249
60 212 141
27 84 1
22 250 101
63 128 63
12 94 244
11 102 217
46 140 249
37 139 149
4 168 168
77 121 101
105 165 195
173 182 213
155 200 50
99 214 217
37 211 46
67 90 67
71 84 71
185 194 155
75 106 106
31 137 209
89 110 95
31 117 117
125 169 153
40 166 138
141 233 141
46 186 186
82 124 82
135 180 37
77 173 213
64 119 67
47 166 49
108 223 153
130 140 49
37 159 133
52 202 61
112 118 112
123 247 227
10 153 153
123 252 95
2 236 11
39 149 149
131 216 209
110 204 95
105 206 11
165 178 112
80 89 95
211 212 141
1 44 1
30 102 41
28 152 63
113 137 63
75 185 141
42 224 186
118 148 118
50 190 50
123 162 67
35 153 153
22 163 71
139 225 7
78 159 133
25 53 186
77 112 112
21 245 67
3 50 112
15 175 149
61 229 155
104 148 50
189 251 20
7 46 46
21 150 195
102 133 217
50 108 50
123 155 155
118 155 155
20 128 20
44 169 153
86 88 81
96 155 155
133 163 133
213 222 213
51 62 153
1 59 1
32 129 37
94 220 244
26 177 256
102 123 217
118 242 71
84 235 195
55 87 46
154 185 141
27 76 1
84 188 180
108 156 1
64 251 20
180 249 249
95 209 95
22 71 71
170 204 153
63 181 63
16 124 81
155 170 155
67 196 67
96 203 256
152 239 63
18 81 81
39 128 244
91 255 112
45 53 186
83 184 227
35 135 81
72 250 101
35 241 81
131 194 155
36 196 141
19 75 157
14 51 157
40 203 256
78 194 155
225 233 49
182 187 213
13 56 118
75 202 61
209 244 209
176 179 7
234 238 117
222 237 20
143 164 63
66 227 227
30 157 41
31 254 82
6 133 81
64 83 227
20 130 49
46 164 20
21 125 67
25 138 138
23 93 155
100 187 71
85 192 117
99 234 217
78 208 1
148 201 41
48 193 112
131 151 227
75 124 66
179 186 186
41 254 82
33 195 195
129 175 149
25 77 101
27 57 1
123 199 63
45 250 101
16 228 81
67 93 155
56 104 50
58 138 118
14 98 50
78 123 18
119 235 195
132 223 141
78 102 217
168 254 82
180 201 106
138 158 117
1 106 1
25 253 112
51 205 11
60 71 186
231 254 82
11 215 213
74 209 209
168 238 168
42 195 195
70 108 153
14 161 209
64 81 256
9 192 245
82 99 82
65 158 82
123 174 209
32 159 133
53 66 186
55 67 67
31 228 245
48 220 46
177 213 213
107 167 217
75 219 133
136 168 195
88 123 133
69 237 249
39 64 256
48 118 118
41 102 41
81 233 49
141 209 141
1 216 1
17 112 112
63 137 63
136 150 195
16 45 81
33 153 153
142 193 112
17 117 168
58 121 118
195 211 195
217 250 101
29 47 49
16 183 81
114 199 213
216 244 244
122 254 82
164 234 20
23 72 37
36 227 227
218 237 118
50 144 50
26 57 82
43 168 168
90 157 7
162 248 67
71 112 112
93 234 155
26 240 186
109 168 168
37 78 37
37 161 209
52 168 168
155 214 155
104 218 50
93 255 95
53 122 186
26 162 67
21 229 155
12 14 157
42 185 141
160 161 209
50 162 50
26 236 106
135 232 141
86 183 81
50 225 50
29 119 67
175 238 117
133 171 155
124 173 213
112 231 112
163 210 138
7 169 153
127 145 1
179 185 141
157 225 7
69 245 133
83 187 227
147 156 1
87 101 101
67 255 95
30 49 41
50 217 50
106 159 133
102 237 217
9 246 213
8 75 117
30 89 95
44 65 82
134 170 153
153 210 153
109 200 50
109 244 101
120 179 195
41 71 71
45 56 118
51 180 256
104 207 50
107 176 7
118 161 118
101 143 63
50 189 50
11 46 11
157 216 157
106 172 157
49 76 49
180 242 71
191 209 209
18 53 186
77 142 95
52 180 180
37 69 133
23 196 141
164 209 209
39 49 49
29 82 82
148 248 41
86 199 63
215 224 213
44 66 168
52 135 37
176 184 7
139 224 118
90 114 213
74 189 20
81 168 168
108 127 1
100 217 71
133 154 249
37 227 227
142 210 95
61 183 61
7 236 7
125 199 63
4 39 37
99 102 217
123 215 213
50 141 50
1 161 1
157 166 157
104 128 50
114 144 213
1 77 1
7 220 7
49 213 213
172 234 157
132 213 213
136 213 213
106 219 133
140 199 63
34 177 101
18 105 11
77 248 101
13 76 217
1 208 1
39 169 153
118 249 118
39 91 112
123 186 186
199 210 63
55 186 186
57 118 82
102 243 168
129 242 71
216 250 101
2 105 11
189 213 213
21 120 195
14 105 11
109 229 155
10 241 67
32 202 37
187 231 101
145 148 117
100 132 71
114 215 213
1 12 1
224 235 195
154 249 249
159 181 133
181 244 244
115 175 149
139 209 209
38 226 50
141 223 141
49 146 11
5 254 82
134 174 209
67 167 67
3 226 112
124 204 157
12 93 155
76 128 244
87 228 245
138 177 256
8 143 63
50 252 95
143 217 63
47 176 49
11 14 11
57 232 82
186 224 186
74 194 155
124 159 133
73 92 67
9 228 245
82 129 82
112 194 112
31 130 49
42 117 117
168 169 153
139 187 46
192 219 133
37 166 37
117 242 117
5 223 82
63 234 63
146 205 11
21 79 67
125 242 71
24 147 1
24 190 168
35 91 112
23 142 95
101 149 101
153 154 153
37 256 256
39 225 7
168 176 168
13 123 217
133 244 244
102 239 71
86 233 49
1 204 1
42 205 186
123 197 227
113 199 63
10 112 112
118 247 227
66 251 20
23 214 11
99 171 155
71 172 71
62 171 155
139 186 186
209 218 118
31 235 195
87 197 227
20 88 20
33 88 149
17 72 168
35 188 81
82 155 155
41 205 41
40 97 50
67 163 67
19 31 157
91 95 112
37 192 37
18 172 157
41 167 41
76 241 138
185 239 141
74 112 112
74 237 249
34 206 101
9 81 81
141 188 141
45 133 133
153 230 153
113 173 213
8 32 117
110 199 95
147 171 1
50 59 50
112 253 112
38 94 50
67 174 67
112 119 112
41 237 41
49 166 49
136 220 195
225 226 244
40 67 67
187 235 195
90 109 101
216 227 227
38 91 112
27 129 1
101 119 101
36 139 244
56 112 112
4 8 117
53 202 186
1 6 1
191 207 209
24 137 209
39 168 168
155 227 227
89 166 95
175 202 149
135 201 37
117 135 117
80 130 82
229 231 155
86 164 20
153 250 153
81 116 118
24 119 67
67 103 67
117 148 117
123 223 141
76 138 138
251 256 20
131 186 186
33 124 149
201 219 133
111 216 66
148 240 186
92 176 67
17 54 227
12 233 49
87 175 149
148 239 71
99 167 217
7 17 168
123 173 213
111 154 249
31 39 37
115 160 49
154 155 155
42 44 168
37 150 195
18 147 1
27 74 1
173 244 213
56 200 50
154 187 249
60 168 168
213 240 213
180 210 106
123 134 245
144 150 195
78 206 46
124 147 1
37 178 112
71 94 71
195 206 195
64 167 217
204 220 157
85 206 117
48 140 249
1 89 1
62 200 50
123 218 118
20 213 213
29 201 249
82 242 82
77 87 101
141 207 141
165 180 195
152 250 63
174 253 112
193 213 213
41 174 209
226 240 186
144 229 155
217 226 217
82 153 82
132 146 41
12 256 149
234 249 249
22 126 155
169 236 153
171 174 155
234 256 256
82 227 227
137 138 209
92 147 1
38 193 112
52 97 50
26 125 106
63 64 63
33 46 46
185 210 141
30 232 141
131 200 50
67 168 168
33 103 41
180 234 256
117 197 227
35 112 112
30 95 95
50 174 50
130 182 213
189 240 186
4 129 180
82 204 82
37 206 46
62 161 153
121 212 141
42 227 227
32 225 7
174 182 213
23 106 138
8 101 101
7 226 244
52 74 61
196 233 141
87 123 18
113 210 63
139 196 141
1 151 1
4 59 63
65 166 82
79 149 149
12 131 209
148 161 209
169 201 153
2 53 186
117 185 141
213 229 213
136 187 195
68 255 95
44 221 168
19 135 157
94 234 244
163 187 46
32 193 112
159 207 209
37 210 37
45 168 168
41 105 41
123 169 153
6 105 11
88 244 244
2 74 11
42 203 186
180 244 244
107 185 141
104 177 50
197 227 227
62 159 153
72 115 149
74 211 46
150 235 195
27 179 1
112 178 112
58 70 118
126 227 227
111 237 249
35 155 155
176 234 7
34 47 101
72 123 37
45 187 46
100 192 71
3 95 112
8 213 213
21 85 67
19 139 157
9 95 95
7 148 41
116 117 117
108 155 155
207 216 209
36 59 63
24 157 20
2 214 11
1 58 1
163 241 138
48 138 46
1 252 1
140 229 155
123 175 149
76 127 1
41 74 41
80 123 82
17 229 155
186 221 168
128 168 168
252 255 95
53 251 186
20 96 20
33 223 141
159 245 133
17 60 168
166 241 138
63 189 63
82 194 155
169 230 153
161 169 153
74 177 256
169 223 153
29 46 249
133 194 155
29 166 249
69 238 117
8 123 117
23 252 95
82 119 82
82 86 82
45 217 217
59 188 63
82 139 82
71 140 71
123 153 153
11 65 82
126 170 155
36 128 244
79 217 217
33 157 157
58 140 118
47 207 209
1 162 1
144 185 141
43 227 227
23 69 133
195 243 195
39 188 37
25 158 117
227 249 227
140 149 249
177 256 256
124 127 1
28 227 227
151 165 227
41 118 118
113 225 63
17 176 168
124 232 141
91 171 112
42 71 186
64 96 256
41 247 227
1 51 1
48 236 46
123 244 244
3 148 112
123 159 133
121 138 244
29 199 63
73 252 95
218 253 112
165 247 227
123 208 1
157 163 157
39 51 256
20 56 118
37 60 186
3 221 112
13 102 217
155 232 155
70 91 112
22 195 195
51 209 209
35 86 81
27 247 1
109 240 101
66 205 11
174 207 209
10 28 67
213 251 213
12 213 213
239 242 71
144 191 41
36 67 67
165 205 195
120 169 195
127 170 1
25 123 106
77 186 101
190 229 155
49 121 49
17 157 168
151 228 227
8 212 141
96 149 149
56 243 168
120 175 195
195 255 95
127 239 1
138 141 141
120 136 195
65 192 82
101 160 101
155 244 155
25 144 7
41 244 41
65 89 95
159 191 41
117 241 117
14 73 217
165 235 195
62 227 227
46 74 46
147 230 1
65 213 213
18 25 106
57 123 82
11 41 41
135 138 37
16 32 81
152 181 63
59 149 63
170 209 153
81 123 81
48 55 46
112 243 112
93 195 195
63 205 63
60 183 186
123 224 118
113 189 63
86 187 46
108 170 153
20 177 20
127 227 1
85 194 155
177 212 141
79 206 46
19 78 157
46 235 195
101 124 101
63 185 63
110 244 95
47 205 11
86 155 155
72 219 133
76 103 41
82 169 82
86 175 149
24 178 112
108 119 153
128 203 244
130 150 195
99 106 217
81 203 256
84 184 180
155 172 155
41 181 41
30 120 195
75 78 18
51 91 112
95 116 95
153 245 153
124 137 209
41 163 41
110 119 95
9 22 71
6 134 81
71 224 71
71 106 71
3 218 112
106 213 213
66 181 180
71 153 153
212 217 141
56 250 101
42 99 186
13 80 82
230 255 95
28 144 7
41 69 41
99 101 101
161 174 209
96 134 81
68 141 153
153 205 153
27 203 1
71 104 50
18 46 46
110 144 95
185 224 141
8 85 117
82 85 82
57 112 112
40 243 168
25 186 186
32 133 133
117 149 117
27 208 1
45 97 50
30 71 71
70 166 66
95 123 95
50 63 50
82 241 82
79 139 149
125 201 106
34 124 101
52 63 63
33 252 95
55 183 46
73 191 41
145 197 227
132 182 213
47 157 49
26 46 46
91 111 112
152 155 155
95 195 95
55 192 46
209 228 209
75 191 41
66 184 180
23 124 138
139 256 149
80 208 1
84 193 112
101 232 101
87 222 20
68 76 153
241 250 101
26 149 149
10 123 67
53 232 141
79 245 66
33 175 149
56 58 118
67 122 67
43 171 155
115 119 67
30 37 41
67 110 95
192 248 249
8 208 1
70 75 245
73 217 217
60 153 153
211 225 46
46 209 209
19 88 157
195 199 195
50 170 50
39 195 195
79 184 180
175 210 149
7 256 7
75 183 61
164 220 20
1 55 1
141 249 141
89 174 95
11 29 11
14 143 63
11 129 11
74 94 244
33 251 20
202 221 168
103 118 118
22 74 71
40 223 141
82 170 82
123 148 41
129 181 180
30 192 41
47 197 227
40 180 138
99 253 112
108 233 153
78 101 101
50 60 50
51 100 71
46 203 46
127 254 1
17 37 168
87 166 66
6 20 20
111 197 227
49 50 50
78 188 18
176 181 7
46 158 117
237 244 244
34 144 101
195 253 112
52 237 249
16 87 81
33 87 149
25 145 117
38 155 50
89 241 95
93 227 227
7 23 7
20 47 49
27 199 1
16 250 101
4 218 118
40 106 138
77 231 101
201 239 71
4 220 157
89 203 95
41 213 213
9 216 66
158 220 117
100 101 101
143 234 63
204 229 155
184 194 155
213 227 227
202 210 106
133 197 227
40 98 50
79 251 20
87 145 117
186 188 186
24 106 20
147 176 1
112 144 112
29 123 249
82 231 82
86 252 95
12 134 149
26 87 106
6 95 95
115 134 149
63 199 63
109 172 101
69 212 141
33 115 149
72 179 37
58 151 227
7 79 7
195 235 195
131 165 195
38 130 50
68 227 227
85 223 141
47 49 49
60 154 186
88 237 249
53 67 67
135 162 67
8 107 117
1 111 1
103 189 41
14 63 63
1 29 1
29 219 249
218 227 227
10 21 67
101 158 101
51 172 157
18 193 112
204 241 157
23 249 249
35 186 186
188 195 195
5 29 82
86 133 81
69 88 133
11 60 186
124 245 66
6 106 81
15 69 133
11 32 11
73 139 217
38 76 50
34 118 101
134 168 168
67 77 101
63 110 95
57 174 82
55 236 46
138 250 101
47 213 213
131 133 209
201 234 256
132 155 155
29 205 11
134 201 106
1 91 1
68 144 153
114 251 213
11 174 209
117 225 117
191 217 41
41 153 153
24 63 63
50 168 50
16 190 168
157 195 195
31 194 155
158 212 141
108 154 153
239 241 71
46 210 46
103 161 209
24 29 20
195 240 195
95 164 95
138 213 213
37 168 168
71 116 71
117 223 141
8 186 117
179 193 112
103 181 41
112 124 112
35 85 117
88 209 209
109 241 101
15 209 209
178 242 112
89 139 95
95 115 95
223 251 141
51 57 82
206 220 46
70 233 49
122 129 186
123 164 20
43 185 141
36 84 244
151 203 227
22 141 141
128 155 155
101 152 63
95 162 95
118 157 118
1 135 1
26 34 101
94 226 244
112 160 112
64 103 41
7 249 249
4 196 141
48 168 168
99 191 41
24 189 20
168 228 168
47 224 118
48 87 46
231 235 195
111 228 66
141 185 141
208 227 1
64 74 256
227 242 227
122 168 168
12 20 20
46 166 46
111 241 138
42 183 186
130 209 209
89 175 95
120 215 213
56 227 227
92 162 67
74 198 180
125 215 213
73 167 217
66 71 71
168 227 227
50 199 50
161 194 155
85 180 117
88 160 49
162 241 67
160 164 49
118 222 118
67 142 95
53 238 117
37 154 249
55 82 82
60 138 186
123 127 1
131 190 168
12 229 155
57 95 95
96 192 81
53 109 101
95 159 95
42 222 186
20 154 20
81 177 256
71 86 71
74 201 106
80 186 82
99 213 213
107 201 106
125 244 244
69 138 133
156 203 1
71 166 71
12 139 149
91 224 112
169 225 153
79 205 11
1 123 1
82 214 82
168 243 168
19 131 209
49 102 217
48 171 155
14 68 153
150 195 195
151 255 227
17 199 168
188 209 209
38 158 50
57 195 195
91 178 112
232 235 195
68 179 153
96 189 20
145 233 117
175 247 227
123 141 141
137 163 209
41 51 41
40 244 244
119 238 67
97 98 50
46 109 101
155 157 155
97 193 112
95 99 95
129 154 249
39 192 37
13 71 71
143 168 168
164 176 20
66 202 66
76 226 244
162 206 67
155 242 155
57 113 82
114 149 213
160 214 11
22 56 71
129 174 209
7 211 46
36 70 244
94 219 244
123 254 82
41 208 1
65 201 82
70 171 155
18 125 106
25 250 101
40 74 138
100 104 50
48 158 117
19 133 157
76 144 7
41 90 41
79 249 249
7 117 117
123 126 155
13 129 217
107 250 101
90 245 7
53 168 168
79 201 106
33 158 117
133 223 141
51 75 256
50 165 195
31 204 157
61 79 66
26 234 256
42 118 186
36 127 1
32 81 81
56 116 118
23 50 50
3 56 112
67 115 67
16 79 81
118 218 118
31 245 245
167 168 168
85 158 117
21 101 101
67 164 67
34 35 101
91 198 112
4 123 18
36 179 244
1 212 1
172 193 112
39 78 37
156 233 1
167 175 217
84 102 217
117 127 1
70 116 118
53 140 186
160 207 209
7 143 63
67 240 67
129 184 180
2 102 217
6 149 149
5 80 82
121 256 244
225 229 155
125 217 217
49 55 49
29 49 49
5 137 82
107 139 149
18 129 180
6 174 209
99 124 217
42 138 186
22 239 71
134 206 46
38 110 95
67 226 67
18 112 112
44 202 168
91 143 112
25 213 213
62 100 153
61 199 63
162 213 213
14 244 244
154 233 49
123 233 49
140 155 155
81 93 155
86 95 95
54 219 227
87 203 256
71 124 71
22 118 71
8 95 95
46 225 46
7 48 46
8 249 117
9 35 81
209 224 118
167 231 101
110 190 95
32 155 155
159 209 209
219 225 7
63 73 63
36 214 11
95 166 95
94 156 1
121 186 186
20 158 117
14 190 168
112 165 112
114 154 213
43 123 49
11 81 11
174 186 186
118 233 118
112 133 112
121 160 49
1 213 1
71 103 71
134 159 133
163 195 195
112 129 112
9 12 149
165 213 213
209 252 95
12 252 95
73 88 217
61 203 256
119 213 213
49 256 49
117 249 117
167 210 217
104 155 50
22 92 67
110 216 95
140 209 209
146 199 63
162 234 67
99 203 217
98 242 50
151 247 227
43 155 155
123 143 63
206 211 46
101 214 101
61 107 18
37 203 256
199 227 227
146 174 209
45 50 50
85 195 195
10 104 50
99 104 50
148 164 41
86 104 50
14 82 82
95 101 95
150 164 195
23 123 138
22 201 71
9 124 66
28 233 49
131 248 209
68 198 153
135 137 209
136 196 195
13 223 141
137 174 209
120 140 195
50 194 50
2 139 11
149 159 149
149 234 149
74 188 61
133 144 7
220 241 157
205 226 11
1 84 1
81 105 11
38 42 50
189 248 20
69 112 112
99 220 217
121 161 209
94 241 244
176 223 141
5 145 82
127 212 1
55 208 1
112 126 112
15 183 133
156 170 1
18 236 245
36 249 244
63 116 63
67 217 67
45 105 11
56 204 118
119 149 67
30 189 41
36 56 118
86 148 41
167 197 227
129 192 180
36 47 49
139 184 149
29 203 249
31 124 66
47 64 49
119 180 67
14 133 157
62 112 112
19 73 217
183 210 106
42 55 186
118 130 118
72 176 7
41 185 141
64 139 149
72 103 41
181 254 82
185 232 141
84 237 249
9 200 50
36 190 168
186 218 186
38 65 50
179 212 141
132 242 71
159 216 133
7 134 7
67 180 67
87 179 37
143 161 63
53 241 186
59 74 63
224 227 227
52 171 155
14 167 217
186 195 195
218 256 118
96 191 41
179 210 37
112 216 112
188 225 7
86 178 112
184 234 256
91 200 112
38 120 195
27 152 1
45 71 71
204 213 213
48 144 46
82 141 82
88 219 133
51 158 117
161 230 71
96 164 20
232 245 141
153 207 153
5 186 82
71 105 71
159 202 133
18 227 227
40 232 141
171 192 155
59 165 195
77 194 155
15 50 50
92 254 82
19 228 157
22 88 71
165 223 195
128 222 20
34 82 82
39 103 41
64 216 256
129 210 106
82 210 82
115 222 20
107 165 195
9 106 106
192 228 245
134 228 245
16 244 244
5 252 95
45 227 227
92 101 101
76 240 186
43 160 49
81 82 82
133 241 133
15 78 133
23 202 138
94 208 1
107 198 180
153 227 227
29 108 153
19 55 46
67 119 67
82 191 82
167 201 217
19 226 244
7 67 67
120 195 195
40 49 49
19 91 112
123 181 180
8 152 63
123 167 217
76 82 82
78 84 180
158 202 117
50 53 50
129 233 49
31 136 195
249 251 20
58 64 118
86 87 81
87 204 157
93 214 155
135 205 11
42 123 186
23 45 138
138 186 186
156 158 1
95 239 95
14 137 209
143 152 63
42 179 186
46 157 46
146 214 11
161 214 209
72 249 249
9 32 37
123 180 180
101 123 101
67 138 67
90 124 7
95 188 95
195 201 195
19 48 46
121 220 244
203 244 244
54 149 227
149 223 141
11 94 11
11 64 11
5 243 82
33 141 141
74 140 249
86 192 81
9 188 61
74 202 61
122 153 153
2 219 11
118 202 118
53 171 155
123 227 227
59 195 195
43 213 213
74 190 168
32 227 227
123 229 155
31 148 41
119 243 168
15 95 95
63 176 63
39 241 37
3 123 112
123 231 101
193 233 112
139 167 217
1 189 1
133 190 168
50 62 50
8 48 117
52 70 245
222 251 20
24 30 41
47 134 49
59 124 63
12 78 149
1 136 1
4 183 18
30 74 41
47 69 49
71 228 71
40 209 209
42 50 50
97 200 50
15 115 149
106 227 227
106 157 157
67 223 67
146 159 11
41 132 41
25 31 106
7 113 63
159 190 168
221 246 213
63 219 63
100 242 71
210 222 20
187 249 249
70 155 155
74 173 213
113 119 63
233 249 49
30 58 118
74 166 66
29 221 168
102 193 112
18 87 18
125 149 149
61 222 20
197 244 227
156 164 1
63 158 63
36 187 244
95 97 95
44 243 168
239 254 82
88 155 155
50 87 50
3 99 112
17 38 50
173 227 227
181 184 180
112 193 112
78 109 101
57 124 82
22 112 112
27 252 1
195 214 195
48 125 46
100 230 71
58 171 155
198 227 227
150 165 195
225 239 71
193 227 227
81 101 101
123 210 106
149 192 149
189 202 20
50 238 50
116 227 227
97 216 50
14 100 71
107 181 180
72 184 37
89 244 95
5 66 82
65 182 213
47 123 49
83 174 227
206 226 244
1 173 1
101 199 63
77 111 101
58 236 118
111 245 66
25 176 7
141 175 141
151 221 227
75 168 168
1 17 1
30 54 227
73 214 217
210 236 106
104 180 50
17 44 168
62 87 153
57 65 82
74 76 61
135 195 195
1 69 1
73 76 217
24 120 195
195 209 195
31 61 18
115 117 117
123 256 256
71 123 71
169 240 153
71 164 71
153 222 153
10 193 112
23 194 155
33 67 67
39 184 37
183 201 106
187 225 46
111 188 66
79 91 112
35 157 157
185 226 141
42 223 141
82 113 82
6 175 149
60 216 186
112 240 112
25 190 168
57 204 82
20 175 20
64 136 195
134 241 138
124 157 157
1 42 1
27 115 1
9 186 186
26 86 81
31 188 18
170 233 153
73 227 227
28 256 7
95 150 95
32 137 209
79 92 67
72 80 82
31 199 63
195 232 195
46 172 46
53 158 117
198 203 256
94 186 186
5 112 112
143 252 95
132 217 41
108 182 213
22 157 71
217 251 217
63 192 63
39 66 37
68 170 153
65 132 82
129 134 180
130 214 11
3 150 112
116 118 118
106 210 106
63 123 63
41 88 41
22 252 95
52 216 66
184 192 180
63 233 63
1 188 1
55 146 11
32 203 256
2 148 41
133 138 133
39 52 37
68 135 153
65 234 82
55 66 46
2 146 11
132 191 41
19 64 157
8 137 117
203 234 256
49 191 41
128 217 217
119 239 67
18 111 66
130 221 168
107 117 117
58 198 118
53 154 186
36 242 71
22 101 101
21 90 67
12 202 149
47 130 49
160 168 168
37 238 117
98 132 50
79 167 217
177 214 11
51 67 67
124 224 118
81 139 149
22 251 71
5 211 82
5 155 155
193 248 112
88 184 133
92 229 155
101 237 101
159 187 46
82 101 82
15 136 195
155 174 155
20 151 227
73 141 141
1 103 1
98 227 227
63 190 168
26 66 106
51 204 157
84 157 157
191 242 71
108 191 153
74 207 209
2 133 11
48 80 82
12 159 149
7 111 7
128 202 244
28 102 217
13 167 217
107 237 249
219 232 141
82 110 95
142 178 112
101 226 101
112 222 112
96 170 153
46 184 46
49 153 153
26 63 63
113 248 63
137 232 141
23 254 82
40 214 11
22 49 71
106 222 20
146 237 11
176 186 186
156 228 1
1 156 1
75 222 20
136 179 195
32 154 249
72 135 37
49 174 209
209 214 209
209 217 209
179 256 256
91 228 112
184 214 11
208 212 1
142 201 95
112 137 112
22 51 71
32 256 256
135 155 155
28 123 7
70 78 245
192 246 213
187 254 82
69 168 168
154 225 249
55 197 227
67 131 67
181 226 244
145 180 117
67 95 95
42 139 186
192 233 49
66 129 180
201 243 168
120 123 195
26 43 49
129 177 256
46 227 227
50 90 50
121 225 244
45 241 138
76 183 61
171 248 155
186 204 186
130 210 49
225 242 71
101 110 95
41 225 41
8 177 117
12 243 168
4 131 209
122 247 227
95 152 95
5 82 82
35 161 209
69 166 133
11 179 11
174 226 209
110 212 95
112 171 112
116 133 118
120 165 195
4 24 20
64 104 50
8 193 112
84 254 82
66 90 7
97 171 50
55 154 249
141 201 141
112 180 112
128 219 244
72 159 133
95 113 95
81 138 81
4 180 180
194 232 155
1 62 1
26 225 7
157 176 7
197 213 227
232 246 213
161 249 209
40 112 112
93 145 155
125 196 141
164 222 20
1 97 1
3 233 112
156 160 1
51 177 256
46 236 46
143 162 63
135 136 195
195 227 227
13 135 217
90 256 7
62 215 213
95 118 95
112 162 112
221 227 227
24 64 20
69 227 227
24 216 20
113 155 155
66 68 153
81 128 244
25 228 106
64 147 1
10 162 67
77 199 63
17 57 82
183 229 155
84 173 213
84 244 244
84 123 180
42 168 168
93 164 155
21 92 67
196 199 63
76 224 118
180 241 138
133 179 133
151 190 227
18 192 245
31 73 217
5 185 82
14 31 157
22 43 71
139 245 149
2 145 117
98 124 50
68 150 195
64 135 256
118 187 118
85 238 117
72 138 37
132 211 41
46 61 46
35 227 227
1 147 1
3 61 112
121 230 71
175 199 63
33 186 186
77 239 101
126 127 1
106 107 106
108 141 153
50 160 50
115 242 71
4 128 244
158 217 117
40 207 209
169 193 112
23 68 153
67 94 67
201 203 256
222 229 155
33 73 217
141 187 141
174 215 213
58 95 95
109 195 195
105 144 11
40 197 227
73 206 217
168 196 168
123 151 227
81 84 81
61 130 49
16 223 141
76 163 138
19 193 112
151 253 227
77 188 101
15 16 81
45 128 244
52 149 149
1 171 1
53 163 186
4 236 245
37 40 37
39 159 133
11 166 11
101 203 101
164 250 101
10 141 67
83 247 227
165 230 195
22 124 71
205 214 11
70 84 180
2 175 11
50 169 50
34 51 101
123 242 71
63 221 168
5 143 82
119 220 67
67 160 67
115 121 244
52 256 256
47 84 49
199 230 63
16 43 49
19 186 186
100 109 101
162 169 153
77 185 101
180 202 180
9 236 245
16 70 81
3 187 112
47 111 49
45 125 138
204 226 244
172 227 227
186 226 186
67 154 67
11 30 41
196 217 141
25 50 50
67 157 67
75 140 249
55 199 63
9 33 149
144 228 7
155 198 155
143 199 63
137 195 195
198 247 227
101 161 101
28 159 7
38 86 50
37 86 81
108 195 195
55 60 186
11 13 217
82 223 82
21 236 67
101 103 101
16 58 118
13 182 213
45 183 138
158 250 101
94 165 195
72 104 50
23 229 155
121 179 244
199 222 63
1 233 1
45 72 37
7 157 7
140 158 117
70 181 180
80 195 195
114 246 213
133 177 256
31 118 118
135 179 37
123 138 138
118 235 195
28 140 249
72 156 1
140 203 249
128 215 213
123 194 155
44 213 213
16 243 168
177 203 256
11 256 11
59 95 95
105 113 63
41 131 209
6 31 81
112 200 112
76 204 157
182 191 213
28 42 186
169 222 153
95 194 95
16 26 81
59 152 63
75 228 245
123 243 168
13 227 227
83 235 227
36 155 155
8 158 117
36 234 244
71 79 71
63 132 63
202 243 168
37 181 37
181 198 180
142 207 95
58 68 153
43 221 168
56 86 118
1 93 1
93 179 155
9 48 46
44 123 168
46 237 249
71 137 71
117 232 141
30 164 41
76 218 118
37 141 141
58 165 195
138 157 157
218 224 118
171 194 155
68 95 95
64 123 256
199 240 63
107 239 71
53 244 186
124 229 155
23 40 138
95 102 95
14 196 141
36 97 50
1 4 1
231 243 168
123 176 7
52 157 157
6 86 81
94 249 244
11 151 227
76 252 95
53 160 186
58 60 186
112 227 227
72 147 1
138 227 227
38 200 50
77 168 168
164 168 168
67 250 101
46 95 95
25 244 244
231 252 95
128 213 213
59 199 63
66 84 180
127 235 1
46 117 117
36 121 244
19 195 195
18 52 18
56 123 118
17 123 168
121 152 63
24 123 20
47 182 213
106 256 256
99 117 117
145 238 117
51 229 155
110 176 95
26 89 95
97 148 50
103 128 41
113 152 63
2 205 11
121 226 244
32 72 37
89 161 95
32 204 157
123 188 52
40 177 256
182 205 213
5 57 82
127 207 1
131 198 209
40 222 20
134 232 141
66 209 209
110 149 95
12 17 168
115 232 141
144 155 155
53 183 186
104 227 227
135 209 209
93 122 155
55 143 63
153 221 153
20 43 49
56 211 118
123 144 7
42 186 186
93 100 155
177 190 168
67 71 67
39 133 133
74 172 157
37 213 213
94 114 213
170 185 153
76 107 18
20 194 155
166 249 249
4 32 37
35 123 81
61 211 46
153 177 153
112 153 112
105 155 155
