256 6806
192 256 1
160 256 2
192 224 3
144 256 4
160 176 5
192 208 6
224 240 7
136 256 8
144 152 9
160 168 10
176 184 11
192 200 12
208 216 13
224 232 14
240 248 15
132 256 16
136 140 17
144 148 18
152 156 19
160 164 20
168 172 21
176 180 22
184 188 23
192 196 24
200 204 25
208 212 26
216 220 27
224 228 28
232 236 29
240 244 30
248 252 31
130 256 32
132 134 33
136 138 34
140 142 35
144 146 36
148 150 37
152 154 38
156 158 39
160 162 40
164 166 41
168 170 42
172 174 43
176 178 44
180 182 45
184 186 46
188 190 47
192 194 48
196 198 49
200 202 50
204 206 51
208 210 52
212 214 53
216 218 54
220 222 55
224 226 56
228 230 57
232 234 58
236 238 59
240 242 60
244 246 61
248 250 62
252 254 63
129 256 64
130 131 65
132 133 66
134 135 67
136 137 68
138 139 69
140 141 70
142 143 71
144 145 72
146 147 73
148 149 74
150 151 75
152 153 76
154 155 77
156 157 78
158 159 79
160 161 80
162 163 81
164 165 82
166 167 83
168 169 84
170 171 85
172 173 86
174 175 87
176 177 88
178 179 89
180 181 90
182 183 91
184 185 92
186 187 93
188 189 94
190 191 95
192 193 96
194 195 97
196 197 98
198 199 99
200 201 100
202 203 101
204 205 102
206 207 103
208 209 104
210 211 105
212 213 106
214 215 107
216 217 108
218 219 109
220 221 110
222 223 111
224 225 112
226 227 113
228 229 114
230 231 115
232 233 116
234 235 117
236 237 118
238 239 119
240 241 120
242 243 121
244 245 122
246 247 123
248 249 124
250 251 125
252 253 126
254 255 127
195 242 3
49 250 3
34 137 34
120 254 15
3 231 3
98 217 6
190 202 1
35 37 4
1 45 1
11 76 2
228 256 1
91 93 11
17 131 8
37 43 2
8 232 1
128 144 4
133 135 33
101 200 50
153 158 19
110 223 55
1 103 1
1 84 1
2 17 2
56 231 28
20 194 1
106 216 13
85 168 42
215 223 13
121 249 15
193 209 6
110 138 1
131 189 2
122 254 15
70 251 1
99 199 99
106 107 53
152 187 2
119 238 119
73 144 36
2 5 2
116 235 58
194 223 6
130 151 4
41 82 41
82 166 41
5 83 5
208 211 52
58 129 1
81 160 40
46 230 1
98 192 24
38 206 1
73 164 2
221 229 3
88 133 2
38 153 38
3 61 3
3 234 3
113 141 1
43 83 10
105 160 1
157 159 39
77 154 77
91 194 1
220 223 55
197 201 12
42 72 2
168 171 42
62 221 3
53 106 53
18 73 18
87 229 1
127 253 63
105 146 1
13 61 3
1 5 1
39 70 4
229 230 57
93 255 1
8 134 8
88 157 2
15 250 15
1 106 1
1 164 1
92 139 2
6 179 1
156 211 1
70 142 35
229 231 57
48 206 12
2 72 2
2 46 2
114 169 1
128 138 8
170 173 21
40 80 40
102 103 51
3 210 3
176 227 1
36 72 36
23 46 23
243 245 30
123 241 30
3 56 3
5 86 5
58 234 58
8 24 1
164 246 1
101 148 1
35 139 17
102 202 25
1 177 1
200 230 3
70 71 35
6 203 6
221 222 55
23 28 1
1 235 1
95 165 5
13 229 3
35 71 35
84 170 42
49 156 1
131 256 32
54 247 3
79 150 9
5 82 5
185 187 46
146 188 2
25 202 25
14 117 14
2 89 2
67 76 4
126 245 15
209 216 13
224 227 56
103 113 3
55 223 55
132 209 1
1 132 1
55 110 55
83 166 83
228 231 57
241 243 60
173 199 1
124 242 15
92 191 23
4 75 4
12 25 12
249 251 62
66 225 1
10 175 10
61 136 1
2 47 2
25 110 6
1 24 1
116 234 58
62 124 62
7 241 7
26 107 26
103 203 25
2 40 2
124 250 62
1 48 1
34 138 34
86 175 43
50 196 12
52 212 26
113 157 1
117 236 29
49 99 49
91 180 45
3 12 3
60 224 7
124 191 1
172 175 43
58 181 1
65 139 8
69 155 4
11 141 2
71 140 35
24 192 24
20 41 20
73 111 1
75 139 4
121 243 121
1 22 1
72 183 2
6 202 6
183 243 1
123 126 15
161 217 1
130 178 2
128 256 128
6 108 6
12 63 3
218 221 27
128 131 32
237 242 7
109 217 54
194 235 3
1 206 1
41 160 20
82 92 5
124 253 31
33 133 33
121 240 60
1 166 1
214 230 3
11 180 11
52 208 52
145 146 36
94 184 23
133 134 33
80 82 20
1 102 1
6 99 6
4 153 4
79 152 19
3 15 3
139 141 17
1 64 1
33 134 33
2 131 2
52 209 52
194 247 3
120 246 30
7 237 7
27 53 13
204 213 6
26 212 26
40 49 1
89 97 1
1 50 1
188 191 47
34 175 2
23 235 1
76 91 2
147 241 1
155 202 1
184 187 46
36 73 36
185 213 1
75 151 75
167 185 5
185 216 1
134 189 2
75 154 9
1 148 1
5 21 5
137 212 1
74 75 37
124 251 62
82 167 41
84 86 21
69 132 8
92 189 23
253 254 63
47 95 47
217 219 54
7 242 7
231 242 7
141 143 35
119 228 14
123 249 15
15 114 7
30 61 30
94 188 94
98 99 49
122 242 30
102 207 51
1 78 1
47 94 47
22 177 22
176 181 22
1 225 1
165 167 41
158 179 2
235 236 29
225 239 14
88 179 44
30 122 30
32 69 8
64 135 16
59 235 29
83 164 41
8 136 8
17 129 8
167 180 5
176 251 1
59 123 7
190 210 1
185 186 46
69 140 17
93 180 11
93 185 46
6 51 6
2 95 2
182 192 1
32 132 16
32 108 1
124 234 7
55 105 13
73 84 2
161 163 40
122 243 30
127 252 63
249 254 31
19 156 19
116 232 116
179 256 2
73 78 9
46 247 1
130 157 4
7 213 3
19 157 19
21 84 21
7 236 7
204 255 3
181 189 11
73 148 18
7 228 7
69 136 34
40 165 20
55 218 27
15 32 1
34 118 1
53 222 13
147 151 18
80 233 1
112 235 14
144 165 2
201 202 50
5 166 5
40 83 20
86 112 1
211 212 26
32 169 2
70 148 4
90 197 1
164 197 1
48 209 6
58 92 1
74 193 1
2 35 2
87 172 43
116 121 7
9 153 9
134 155 4
37 97 1
57 205 3
117 232 58
101 106 6
124 254 31
4 23 2
21 171 21
25 176 1
34 140 17
64 126 1
122 247 61
245 247 61
15 245 15
55 216 27
9 148 9
93 188 23
2 84 2
204 212 6
204 245 3
152 159 19
145 149 18
29 235 29
139 140 17
1 18 1
104 208 104
226 231 28
2 70 2
12 222 6
4 74 4
213 220 13
92 93 46
31 188 1
69 137 34
85 171 85
196 235 3
143 153 4
152 155 38
65 129 32
1 244 1
71 137 17
110 211 13
13 50 6
136 233 1
72 146 36
195 209 6
99 197 49
53 200 6
11 92 11
123 245 61
45 181 45
80 163 40
1 66 1
76 124 1
44 133 2
144 149 18
82 109 1
224 230 28
149 229 1
36 39 9
240 249 15
63 233 7
22 226 1
82 83 41
7 30 7
13 214 13
73 75 18
198 207 12
69 202 1
14 107 3
106 215 53
78 159 39
98 137 1
15 224 7
21 221 1
187 190 23
115 208 3
177 179 44
2 155 2
14 39 1
49 197 49
67 172 2
1 112 1
177 184 11
2 45 2
3 240 3
29 100 3
104 106 26
12 214 6
132 225 1
25 213 6
115 228 57
83 215 1
83 89 5
213 214 53
103 204 51
128 139 8
245 246 61
2 188 2
35 193 1
25 205 25
62 250 62
71 205 1
90 182 45
113 115 28
4 16 4
91 241 1
145 152 9
1 104 1
71 141 35
2 163 2
16 71 8
14 114 14
6 197 6
90 179 22
25 218 6
3 212 3
201 211 6
88 166 5
33 64 16
80 167 20
23 181 11
15 31 15
39 155 19
115 200 3
88 167 5
83 86 10
117 233 58
17 142 17
1 161 1
197 235 3
193 194 48
234 239 29
58 226 14
72 252 1
124 125 62
209 210 52
83 111 1
20 40 20
90 103 1
24 96 24
84 227 1
13 107 13
132 207 1
142 181 2
1 239 1
115 224 28
28 227 28
15 55 3
122 245 122
119 145 1
13 217 13
6 102 6
19 153 19
72 149 18
227 254 7
14 231 14
57 110 3
108 144 1
149 220 1
6 13 6
26 118 3
92 208 1
203 215 6
93 130 2
157 223 1
35 69 17
39 78 39
44 89 44
8 137 8
28 90 1
12 201 12
12 50 12
132 135 33
3 230 3
12 97 12
72 73 36
1 10 1
136 139 34
72 147 36
73 183 2
87 163 10
221 254 3
217 221 27
100 249 3
13 222 13
109 213 13
196 220 6
86 194 1
3 125 3
20 102 1
28 110 3
66 76 4
171 175 21
89 251 1
12 207 12
167 168 10
93 191 23
65 114 1
2 32 2
25 189 1
83 238 1
3 121 3
83 161 20
4 78 4
24 98 24
40 161 40
197 198 49
189 219 1
1 13 1
19 162 2
70 225 1
92 232 1
66 135 33
110 145 1
92 234 1
107 213 53
3 242 3
86 87 43
94 237 1
32 65 32
127 240 15
77 244 1
40 180 5
80 127 1
72 206 1
23 189 23
37 147 18
8 71 8
155 157 19
204 222 6
144 151 18
150 180 2
96 138 1
60 247 30
3 208 3
25 101 25
6 218 6
45 63 1
105 119 3
85 93 5
23 92 23
14 238 14
7 118 7
150 154 9
234 238 29
9 144 9
4 65 4
116 233 116
1 35 1
253 255 63
140 143 35
158 200 1
151 248 1
2 151 2
92 184 92
108 221 27
109 175 1
153 154 38
5 184 5
120 243 60
156 159 39
95 213 1
3 238 3
2 179 2
110 229 3
193 195 48
122 212 3
1 113 1
225 230 28
15 123 15
146 213 1
117 148 1
24 99 24
102 206 51
2 171 2
6 26 6
157 232 1
149 150 37
74 151 37
86 150 2
120 121 60
9 197 1
38 77 38
95 189 47
105 163 1
86 170 21
34 252 1
6 210 6
94 191 47
80 81 40
14 237 14
44 249 1
201 203 50
2 37 2
43 172 43
10 160 10
38 130 4
216 222 27
82 210 1
121 254 15
112 234 14
104 109 13
8 256 8
50 203 50
12 55 6
4 8 4
120 245 30
68 147 4
81 121 1
90 125 1
59 119 59
42 154 2
4 151 4
15 122 15
48 193 48
31 127 31
191 230 1
53 168 1
102 115 3
100 197 12
53 214 53
20 80 20
8 59 1
58 116 58
8 17 8
209 214 26
148 182 2
1 192 1
104 210 52
39 158 39
29 230 14
16 69 8
68 128 8
33 219 1
4 129 4
72 75 18
22 180 22
153 159 19
88 187 11
156 210 1
202 249 3
25 215 6
38 39 19
74 165 2
97 205 12
225 231 28
62 143 1
2 10 2
57 172 1
118 238 59
113 239 14
121 239 7
82 163 20
113 177 1
2 181 2
32 233 1
237 238 59
111 220 55
54 167 1
2 141 2
4 256 4
209 213 26
241 242 60
3 216 3
42 52 1
1 33 1
6 97 6
1 21 1
154 231 1
7 113 7
143 171 2
4 38 4
23 49 1
19 86 2
30 203 3
124 252 31
74 147 18
1 187 1
71 78 4
1 214 1
47 180 11
181 182 45
78 154 19
122 123 61
114 115 57
80 164 20
77 173 2
104 185 1
16 224 1
1 241 1
95 190 95
42 172 21
13 53 13
5 22 5
125 252 31
64 86 2
41 101 1
5 187 5
61 198 3
77 171 2
1 85 1
68 105 1
167 241 1
1 16 1
128 133 16
181 183 45
107 212 53
1 170 1
129 183 2
107 216 13
180 195 1
248 255 31
115 239 14
17 43 2
64 65 32
95 183 11
3 130 1
1 162 1
160 229 1
167 184 5
12 43 1
119 233 29
43 50 1
2 152 2
27 223 27
20 107 1
112 209 3
51 207 51
211 251 3
162 235 1
58 119 29
216 219 54
104 107 26
3 112 3
192 242 3
1 28 1
1 175 1
35 140 35
39 117 1
177 202 1
74 78 9
152 232 1
78 158 39
9 36 9
38 156 19
108 205 6
71 143 71
30 121 30
70 236 1
104 197 6
32 97 1
248 251 62
81 161 40
76 77 38
120 158 1
109 230 3
23 197 1
6 24 6
69 124 1
61 244 61
186 228 1
235 245 7
125 220 3
225 232 14
219 221 27
110 111 55
5 168 5
8 141 8
73 150 18
27 218 27
167 190 5
26 102 6
16 135 16
30 247 30
45 183 45
62 249 62
26 104 26
100 101 50
110 222 55
41 222 1
10 193 1
21 86 21
5 11 5
124 255 31
32 155 4
1 136 1
97 209 6
6 213 6
128 146 4
31 67 1
154 159 19
25 40 1
75 78 9
157 158 39
77 237 1
70 143 35
67 251 1
1 169 1
135 166 2
149 224 1
101 201 50
54 196 6
19 240 1
10 28 1
2 178 2
233 235 58
110 226 3
98 102 12
64 130 32
89 182 22
50 115 3
58 118 29
45 244 1
160 165 20
17 194 1
81 205 1
2 64 2
51 208 6
48 192 48
197 253 3
26 178 1
48 199 24
9 155 9
162 210 1
68 112 1
186 191 23
123 137 1
68 83 2
49 187 1
125 181 1
1 95 1
106 108 13
112 115 28
78 192 1
40 69 2
25 103 25
19 78 19
191 194 1
101 204 25
123 185 1
24 251 3
192 195 48
91 181 45
54 193 6
217 223 27
12 206 12
90 132 2
28 226 28
121 245 30
128 220 1
81 142 2
5 177 5
55 192 6
5 94 5
116 117 58
27 109 27
90 93 11
60 149 1
128 129 64
8 67 8
151 153 9
32 64 32
1 221 1
251 252 31
10 180 5
175 198 1
122 246 61
17 136 17
224 247 7
85 211 1
13 212 13
29 114 14
180 183 45
5 80 5
28 113 28
50 225 3
171 174 21
6 208 6
183 197 1
8 16 8
141 142 35
246 250 15
8 128 8
1 182 1
1 237 1
34 139 34
90 107 1
130 216 1
107 215 107
88 119 1
116 206 3
144 254 1
35 118 1
49 181 1
131 223 1
80 119 1
191 198 1
90 121 1
134 256 16
7 253 7
32 136 8
129 132 16
174 183 5
118 239 59
189 190 47
68 71 17
135 139 8
1 25 1
29 119 29
3 248 3
175 181 5
99 198 99
6 34 1
4 148 4
8 190 2
88 151 2
15 254 15
29 233 29
1 131 1
220 256 1
177 210 1
83 85 10
59 126 7
143 192 1
3 28 3
179 199 1
14 46 1
122 232 7
56 114 28
54 109 54
189 191 47
74 140 4
108 176 1
67 132 33
76 221 1
179 187 11
5 89 5
24 49 24
39 146 9
90 213 1
120 141 1
5 192 1
1 19 1
30 224 7
5 84 5
48 84 1
14 250 7
1 210 1
26 211 26
87 173 43
68 138 34
7 83 1
62 237 7
45 179 22
42 174 21
85 112 1
17 35 17
47 184 23
9 151 9
58 99 3
173 175 43
74 154 9
45 182 45
214 226 3
60 253 15
64 133 16
32 128 32
88 89 44
157 170 2
3 245 3
91 184 11
124 145 1
86 100 1
17 145 4
141 148 4
90 184 11
23 185 23
239 254 7
1 125 1
92 103 1
111 222 111
64 74 4
31 156 1
70 135 8
64 131 32
4 12 1
18 139 4
112 240 7
16 66 16
81 250 1
1 67 1
153 248 1
78 79 39
10 21 10
55 186 1
169 170 42
123 244 61
18 137 4
1 14 1
16 201 1
7 28 7
80 131 2
1 167 1
97 98 24
105 215 26
1 151 1
59 233 29
22 44 22
4 134 4
1 240 1
115 247 7
34 83 2
128 233 1
45 178 22
135 146 4
99 196 49
79 121 1
71 114 1
1 87 1
10 45 5
31 197 3
159 222 1
124 249 124
250 253 31
3 239 3
4 97 1
6 103 6
55 101 6
14 226 14
28 92 1
34 92 2
21 85 21
1 207 1
238 247 7
103 150 1
70 95 2
102 256 1
2 65 2
14 28 14
5 45 5
55 219 27
44 181 22
187 247 1
76 79 19
102 201 25
234 247 7
22 101 1
90 91 45
8 42 2
111 254 3
126 194 3
106 197 6
142 232 1
11 46 11
1 91 1
1 254 1
3 97 3
96 97 48
30 240 30
3 204 3
3 251 3
52 214 26
3 115 3
15 154 1
90 181 90
90 92 11
1 55 1
30 245 30
83 91 5
226 230 28
68 208 1
22 181 22
16 134 16
187 189 23
43 174 43
198 213 6
3 220 3
49 215 6
166 186 5
40 110 1
202 235 3
148 171 2
14 229 14
5 130 2
3 209 3
30 208 3
108 115 3
1 37 1
50 202 50
43 86 43
204 254 3
79 228 1
98 110 6
184 214 1
33 189 2
14 58 14
93 184 46
82 164 82
97 164 1
156 184 2
105 107 26
46 209 1
14 142 1
108 216 108
39 148 9
52 96 6
25 203 25
1 243 1
127 132 1
1 223 1
41 104 1
63 127 63
86 232 1
15 58 7
15 116 7
163 171 10
3 59 3
73 130 4
50 123 3
2 78 2
66 169 2
71 203 1
19 145 9
10 86 10
61 96 3
65 142 8
136 239 1
3 119 3
2 168 2
97 200 12
65 256 32
189 250 1
88 189 11
129 186 2
136 142 17
8 33 8
26 68 1
100 203 50
44 69 2
153 155 38
114 231 57
59 225 14
9 13 1
54 157 1
1 7 1
89 134 2
23 47 23
202 206 25
37 217 1
62 251 62
240 252 15
3 253 3
89 177 44
239 246 7
51 203 25
54 101 6
126 193 3
197 199 49
187 245 1
83 182 5
108 219 54
46 72 2
15 253 15
98 143 1
72 74 18
2 90 2
57 113 28
93 151 2
36 151 18
96 99 24
27 76 1
16 85 2
128 137 8
101 205 25
37 193 1
152 223 1
64 132 16
5 170 5
5 198 1
126 229 7
194 197 24
205 206 51
117 253 7
195 213 6
25 48 12
66 130 16
29 118 29
9 19 9
17 132 8
3 58 3
150 189 2
4 206 1
57 202 3
43 171 21
1 163 1
119 237 59
72 233 1
77 89 2
2 82 2
32 33 16
57 240 7
49 195 24
115 128 1
225 247 7
87 227 1
97 192 48
126 135 1
10 173 10
60 66 1
177 236 1
40 185 5
59 236 59
126 254 63
46 187 46
44 151 2
40 206 1
163 241 1
1 46 1
22 145 2
9 109 1
236 239 59
1 135 1
104 134 1
133 233 1
37 79 9
160 209 1
43 243 1
92 181 11
97 103 12
111 203 6
149 195 1
57 225 28
58 192 3
5 165 5
12 202 12
31 251 31
30 153 1
132 233 1
4 154 4
23 43 5
33 67 33
44 176 44
85 97 1
134 228 1
3 229 3
67 256 16
75 234 1
20 42 10
1 92 1
12 99 12
11 190 11
88 176 88
125 163 1
52 104 52
130 164 2
2 146 2
38 178 2
107 209 26
39 147 9
74 156 9
135 161 2
120 241 120
119 135 1
33 234 1
161 165 20
53 208 26
57 117 14
103 197 12
73 145 36
213 215 53
119 236 59
51 179 1
10 168 10
29 214 3
143 191 2
116 239 29
187 191 23
55 224 3
6 199 6
114 207 3
40 224 1
232 235 58
3 219 3
220 250 3
4 34 4
42 204 1
61 232 7
121 138 1
8 61 1
4 18 4
153 210 1
86 96 1
128 149 4
1 4 1
96 200 12
173 174 43
5 10 5
9 156 9
242 244 30
103 114 3
120 240 120
73 103 1
6 48 6
2 161 2
4 69 4
154 185 2
25 116 3
17 69 17
185 250 1
13 26 13
47 177 11
72 212 1
96 250 3
88 177 88
74 203 1
41 89 5
4 248 1
29 220 3
1 11 1
117 230 14
1 81 1
105 181 1
169 224 1
78 149 9
31 124 31
1 158 1
31 61 15
168 198 1
45 177 22
52 211 52
20 79 2
75 148 37
33 251 1
8 222 1
79 91 2
15 120 15
122 225 7
65 133 16
69 133 8
51 103 51
7 14 7
11 89 11
4 19 4
39 42 2
1 108 1
109 216 54
81 226 1
120 235 7
233 241 7
84 245 1
36 57 1
18 186 2
15 177 1
1 242 1
46 234 1
1 188 1
125 250 125
88 191 11
211 213 26
99 117 3
2 18 2
2 184 2
136 141 17
29 216 3
42 86 21
106 142 1
108 230 3
39 47 2
225 226 56
7 29 7
164 167 41
16 33 16
9 99 1
69 178 2
32 131 32
63 148 1
21 109 1
47 92 23
5 129 2
84 171 42
107 153 1
131 235 1
193 197 24
12 136 1
89 140 2
13 218 13
2 20 2
3 50 3
112 195 3
89 180 22
17 107 1
104 189 1
20 81 20
167 201 1
54 218 54
169 173 21
87 197 1
17 37 4
3 48 3
15 62 15
4 146 4
25 179 1
18 27 1
129 130 32
67 198 1
13 209 13
52 107 26
164 180 5
6 101 6
36 247 1
47 185 23
85 169 42
153 212 1
111 221 55
112 227 56
1 23 1
22 91 22
14 228 14
203 238 3
45 180 45
13 167 1
32 107 1
1 139 1
53 203 6
15 246 15
104 214 26
14 60 7
3 6 3
1 198 1
24 59 3
117 159 1
51 61 3
224 252 7
7 112 7
33 155 4
1 160 1
2 130 2
177 181 22
70 173 2
70 137 17
6 55 6
15 248 15
88 202 1
21 172 21
12 102 12
122 203 3
126 248 31
11 129 2
154 165 2
136 172 2
45 89 22
209 212 26
133 206 1
114 145 1
15 185 1
41 210 1
116 120 7
20 111 1
11 139 2
208 221 13
2 74 2
3 14 3
77 204 1
1 124 1
5 176 5
105 209 52
1 63 1
56 113 56
109 221 27
63 210 3
69 198 1
1 65 1
2 34 2
174 246 1
184 190 23
75 102 1
37 148 37
119 254 7
94 95 47
3 194 3
12 195 12
3 7 3
82 135 2
104 105 52
101 103 25
118 158 1
49 169 1
106 218 13
200 203 50
55 170 1
51 86 1
172 239 1
36 155 9
95 188 47
112 238 14
61 123 61
96 211 6
9 134 4
44 149 2
2 44 2
2 159 2
162 183 5
2 39 2
28 188 1
93 94 23
155 240 1
18 167 2
129 159 4
48 170 1
77 128 4
2 189 2
60 176 1
11 41 5
54 151 1
87 156 2
63 79 1
108 214 13
3 202 3
6 27 6
203 206 25
112 225 112
90 196 1
242 250 15
22 45 22
71 93 2
105 213 26
108 220 27
205 207 51
3 13 3
92 147 2
141 152 4
23 188 23
145 230 1
5 66 2
114 153 1
46 96 1
136 202 1
219 223 27
6 200 6
177 186 11
3 236 3
96 152 1
122 210 3
17 225 1
40 167 20
228 239 14
37 145 18
94 187 23
74 150 37
125 241 15
37 250 1
32 185 2
1 181 1
26 167 1
79 155 19
1 147 1
173 228 1
4 181 2
50 51 25
10 116 1
31 226 7
62 125 62
84 161 10
17 34 17
118 234 29
15 33 1
86 178 5
11 91 11
138 154 4
4 150 4
7 243 7
165 182 5
113 174 1
60 202 3
104 211 52
26 209 26
166 240 1
198 205 12
36 230 1
103 232 3
102 225 3
80 215 1
67 70 8
110 165 1
73 132 4
15 247 15
4 141 4
25 163 1
27 55 27
69 118 1
37 95 2
56 236 14
1 246 1
11 182 11
129 144 4
141 252 1
103 185 1
10 82 10
21 175 21
126 255 63
13 52 13
78 130 4
197 207 12
37 153 9
38 132 4
94 103 1
22 67 2
80 165 20
77 157 19
54 108 54
68 118 1
98 103 12
2 119 1
70 186 2
194 203 12
214 218 13
117 235 117
140 248 1
92 95 23
66 134 33
68 142 17
8 32 8
196 234 3
76 156 19
2 23 2
30 241 30
169 181 5
122 138 1
17 71 17
79 157 39
103 205 51
249 250 62
220 230 3
73 190 2
57 147 1
6 219 6
96 176 1
99 244 3
102 197 12
43 166 10
165 213 1
181 191 11
49 243 3
7 248 7
226 238 14
68 69 34
37 149 37
71 136 17
167 226 1
1 69 1
1 157 1
49 64 1
70 211 1
89 241 1
98 198 49
7 232 7
82 198 1
2 169 2
195 229 3
21 207 1
97 196 24
101 175 1
137 178 2
101 108 6
89 186 11
106 115 3
3 205 3
51 225 3
112 224 112
160 163 40
69 142 17
6 8 1
56 59 14
4 255 1
3 27 3
87 175 87
117 181 1
10 122 1
57 142 1
148 162 2
12 239 3
4 230 1
165 171 10
20 160 20
19 110 1
51 205 51
46 47 23
10 174 10
137 150 4
14 151 1
14 164 1
81 99 1
91 216 1
26 77 1
12 197 12
78 176 2
6 106 6
12 211 6
82 165 82
50 216 6
11 98 1
8 142 8
7 127 7
28 100 3
11 100 1
151 241 1
178 182 22
53 215 53
35 175 2
151 243 1
112 226 56
66 190 2
218 222 27
104 152 1
107 191 1
1 178 1
73 74 18
106 147 1
11 177 11
28 230 28
161 205 1
95 186 23
5 183 5
28 228 28
161 253 1
53 107 53
50 201 50
99 194 24
161 171 10
21 146 2
98 194 24
34 141 17
8 69 8
123 242 30
6 23 1
62 78 1
10 47 5
33 132 33
120 242 60
215 221 13
35 68 17
33 110 1
4 17 4
2 67 2
86 174 43
141 186 2
46 94 23
117 224 14
48 198 24
30 248 15
106 209 26
104 170 1
55 221 55
15 108 3
138 142 17
150 229 1
50 200 50
1 120 1
212 215 53
81 145 2
69 71 17
5 180 5
63 177 1
60 126 15
55 111 55
91 178 22
72 79 9
197 234 3
3 120 3
58 117 58
2 150 2
202 215 6
76 154 38
44 224 1
168 192 1
6 211 6
118 236 118
136 240 1
108 223 27
3 164 1
36 149 18
11 174 5
166 197 1
77 153 38
130 177 2
177 247 1
186 188 23
48 99 24
80 166 20
56 125 7
47 145 2
159 176 2
54 71 1
211 223 13
19 90 2
37 150 37
31 60 15
177 180 22
83 165 41
58 232 58
61 243 30
23 191 23
72 145 72
100 201 100
147 158 9
230 250 7
27 77 1
1 191 1
82 201 1
44 141 2
3 227 3
201 223 6
86 173 86
64 140 8
100 103 25
24 182 1
242 245 30
5 47 5
5 85 5
57 94 1
12 243 3
53 181 1
135 142 8
26 210 26
115 235 14
1 73 1
91 246 1
94 159 2
49 254 3
49 97 24
96 195 48
47 165 5
63 124 31
59 237 59
58 111 3
90 183 45
1 29 1
28 217 3
54 237 3
59 234 29
98 153 1
126 253 126
14 230 14
73 135 4
178 204 1
38 78 19
41 195 1
94 135 2
29 246 7
91 183 91
113 229 28
99 163 1
142 160 2
88 178 44
18 146 18
125 221 3
78 133 4
137 142 17
248 253 31
84 123 1
76 159 19
20 168 10
2 33 2
157 199 1
37 73 18
76 155 38
3 30 3
16 100 1
108 229 3
114 227 28
202 238 3
101 177 1
22 189 11
6 80 1
208 238 3
51 102 51
12 24 12
25 206 25
233 236 29
112 126 7
93 236 1
2 68 2
218 220 27
14 239 14
97 197 24
237 239 59
79 156 39
109 218 109
58 208 3
3 225 3
111 169 1
170 212 1
40 177 5
46 188 23
65 184 2
110 136 1
12 125 3
90 96 1
104 187 1
146 200 1
170 172 21
29 248 7
78 131 4
204 207 51
12 48 12
107 202 6
95 108 1
85 213 1
122 244 122
108 217 108
125 248 62
61 253 15
3 196 3
7 115 7
95 175 5
211 214 26
178 186 11
22 114 1
35 143 35
35 240 1
1 6 1
235 242 7
24 217 6
40 203 1
179 183 22
70 140 70
216 241 3
1 173 1
103 131 1
185 226 1
60 242 60
62 254 31
54 222 27
60 246 30
74 194 1
184 217 1
113 224 56
64 147 4
7 249 7
186 211 1
5 164 5
137 189 2
34 68 34
67 68 8
102 211 6
12 103 12
47 249 1
4 156 4
71 169 2
88 186 11
6 109 6
29 234 29
86 214 1
34 69 34
111 116 3
121 153 1
47 197 1
69 177 2
243 247 30
128 132 16
27 225 3
119 130 1
162 167 20
41 83 41
46 186 46
52 53 26
57 170 1
2 66 2
63 123 15
95 223 1
128 162 2
55 94 1
1 247 1
96 100 12
29 206 3
51 62 3
1 47 1
75 241 1
4 72 4
138 250 1
3 111 3
47 82 5
124 207 3
132 194 1
59 239 59
36 255 1
66 164 2
75 153 9
25 248 3
12 203 12
115 242 7
130 251 1
91 190 11
25 74 1
33 174 2
27 126 3
120 137 1
156 171 2
138 169 2
3 158 1
119 227 14
28 225 28
77 123 1
3 24 3
39 154 19
125 246 15
33 57 1
9 126 1
2 132 2
240 253 15
88 90 22
54 106 13
13 104 13
2 165 2
169 227 1
48 114 3
67 133 33
110 221 110
111 166 1
1 111 1
13 204 6
4 68 4
55 134 1
16 128 16
121 158 1
37 251 1
144 179 2
198 216 6
28 53 3
106 226 3
34 100 1
100 194 12
66 163 2
1 180 1
87 154 2
18 148 18
1 31 1
101 178 1
10 219 1
36 157 9
58 120 7
211 249 3
47 150 2
92 186 46
177 187 11
111 216 27
170 206 1
12 194 12
62 217 3
72 229 1
53 96 6
34 166 2
48 196 24
94 183 11
161 233 1
137 139 34
15 148 1
127 184 1
46 254 1
100 168 1
162 165 20
120 122 30
71 135 8
48 251 3
1 156 1
226 240 7
4 199 1
100 166 1
1 149 1
1 8 1
5 179 5
26 105 26
97 187 1
3 211 3
44 177 44
7 56 7
46 217 1
9 78 9
45 184 11
192 198 24
46 90 11
11 188 11
5 124 1
70 138 17
42 168 42
10 46 5
166 181 5
4 67 4
20 169 10
13 111 13
43 216 1
59 117 29
23 106 1
1 41 1
126 243 15
54 214 13
21 125 1
2 185 2
126 127 63
154 221 1
10 163 10
45 236 1
214 241 3
1 165 1
29 59 29
5 90 5
14 233 14
164 183 5
117 238 29
30 73 1
150 208 1
105 232 3
4 137 4
146 161 2
10 129 2
26 53 26
51 57 3
5 181 5
52 76 1
78 214 1
52 213 26
213 223 13
2 142 2
155 158 19
39 159 39
25 51 25
100 193 12
36 111 1
50 161 1
7 15 7
154 252 1
136 247 1
94 190 47
75 145 18
140 181 2
1 159 1
134 248 1
1 105 1
54 210 13
115 227 28
38 170 2
75 193 1
160 239 1
19 151 9
225 245 7
7 60 7
76 152 76
96 184 1
112 189 1
20 147 2
19 176 2
52 221 13
43 93 5
27 217 27
84 87 21
1 226 1
5 112 1
1 27 1
145 147 36
17 137 17
211 239 3
244 251 15
102 193 12
225 233 14
242 247 30
114 234 14
38 166 2
55 215 13
122 240 30
60 84 1
125 126 31
119 255 7
127 239 7
86 165 10
168 183 5
73 124 1
36 76 9
78 157 78
20 167 20
21 180 5
170 185 5
28 215 3
195 196 24
149 151 37
112 229 28
75 149 37
52 112 3
1 70 1
94 180 11
54 131 1
235 237 29
78 249 1
52 203 6
154 242 1
64 161 2
8 140 8
105 144 1
163 194 1
151 204 1
131 241 1
127 233 7
3 55 3
185 189 23
29 136 1
194 214 6
38 57 1
163 213 1
1 52 1
165 166 41
3 51 3
11 136 2
63 133 1
125 129 1
211 245 3
71 213 1
12 192 12
22 27 1
100 202 50
169 171 42
40 238 1
8 64 8
49 103 12
2 85 2
99 243 3
17 156 4
164 170 10
114 233 14
167 172 10
24 71 1
12 200 12
170 181 5
186 189 23
91 222 1
13 105 13
12 51 12
36 74 18
84 157 2
68 139 34
63 249 31
37 125 1
24 190 1
100 205 25
64 128 64
52 210 52
183 187 11
36 63 1
140 167 2
2 83 2
7 231 7
220 232 3
6 207 6
131 205 1
219 226 3
3 54 3
65 250 1
65 74 4
41 55 1
18 74 18
31 62 31
105 218 13
4 33 4
58 87 1
9 39 9
65 130 65
11 179 11
13 132 1
130 136 8
96 240 3
148 151 37
125 203 3
3 218 3
7 212 3
119 187 1
36 226 1
165 200 1
28 239 14
19 48 1
187 201 1
222 244 3
1 94 1
1 116 1
91 245 1
105 205 6
6 96 6
190 254 1
86 89 5
47 174 5
14 227 14
157 176 2
132 178 2
144 162 2
177 178 44
92 126 1
13 213 13
1 100 1
157 186 2
21 212 1
108 224 3
28 57 28
123 227 7
25 162 1
88 148 2
61 74 1
144 155 9
111 218 27
124 126 31
175 248 1
150 156 9
57 181 1
100 170 1
54 141 1
112 137 1
205 230 3
201 246 3
51 161 1
66 68 8
4 142 4
18 147 18
114 144 1
13 223 13
26 46 1
5 87 5
42 169 42
105 147 1
72 187 2
125 251 125
34 60 1
22 41 5
80 189 5
15 124 15
113 181 1
126 250 31
76 161 2
210 214 26
142 206 1
9 132 4
201 207 25
116 175 1
9 149 9
48 92 1
10 80 10
14 116 14
136 244 1
3 99 3
79 242 1
130 207 1
79 127 1
170 178 5
82 136 2
231 235 14
55 217 27
113 227 113
3 118 3
46 138 2
49 192 24
76 215 1
3 52 3
22 176 22
243 256 1
2 145 2
1 195 1
7 149 1
89 185 11
136 211 1
162 177 5
79 188 2
135 186 2
29 101 3
48 191 1
1 72 1
12 60 3
12 215 6
74 172 2
15 242 15
114 196 3
2 175 2
38 239 1
5 162 5
128 201 1
102 205 102
110 203 6
89 179 89
25 63 3
36 137 4
82 87 10
110 154 1
23 165 5
147 165 2
57 175 1
103 207 103
31 51 3
18 65 4
69 150 4
58 162 1
120 217 3
13 237 3
105 214 26
17 117 1
255 256 1
28 29 14
74 77 9
66 129 16
114 252 7
11 93 11
48 77 1
62 255 31
250 252 31
252 255 63
1 61 1
56 112 56
121 253 15
61 214 3
137 156 4
65 249 1
153 230 1
14 127 7
3 235 3
32 215 1
64 201 1
2 149 2
160 187 5
28 52 3
209 223 13
66 69 8
57 231 57
42 236 1
68 137 68
88 218 1
86 133 2
118 249 7
36 152 9
4 36 4
62 248 62
95 184 23
77 79 19
85 130 2
67 149 4
69 141 17
72 175 2
86 249 1
10 83 10
6 25 6
104 167 1
184 239 1
10 43 10
231 256 1
23 44 11
6 201 6
3 63 3
1 146 1
64 166 2
9 150 9
23 187 23
8 40 2
1 51 1
2 4 2
63 251 31
161 248 1
25 67 1
39 113 1
210 212 26
121 175 1
120 253 15
131 147 4
81 236 1
146 150 18
116 169 1
78 197 1
13 125 3
93 209 1
3 250 3
109 150 1
34 236 1
104 219 13
84 236 1
3 29 3
115 118 14
201 217 6
120 153 1
40 106 1
104 115 3
78 253 1
129 131 32
4 9 4
85 174 21
184 231 1
168 173 21
2 97 1
217 240 3
51 100 25
39 141 4
132 220 1
22 92 11
144 178 2
48 103 12
137 141 17
5 114 1
46 63 1
159 179 2
2 87 2
83 170 10
163 227 1
33 221 1
69 72 4
2 41 2
1 97 1
8 76 4
30 74 1
66 71 8
27 95 1
2 8 2
146 209 1
6 118 3
25 113 3
183 247 1
126 252 126
193 216 6
2 191 2
150 204 1
74 183 2
110 216 27
55 233 3
41 60 1
84 169 84
157 238 1
2 43 2
5 71 2
112 132 1
79 132 4
77 158 19
58 163 1
83 162 20
89 162 5
16 204 1
93 249 1
60 160 1
86 196 1
106 210 26
67 82 2
11 183 11
4 133 4
17 121 1
25 102 25
20 61 1
198 215 6
183 225 1
97 193 48
137 240 1
129 233 1
10 170 10
4 155 4
136 143 17
61 251 15
131 202 1
6 206 6
64 249 1
27 189 1
19 39 19
123 139 1
213 218 13
49 105 6
1 126 1
94 222 1
164 174 10
37 151 37
28 229 28
90 216 1
113 153 1
83 163 20
80 162 40
11 44 11
58 122 7
76 150 9
66 67 33
113 119 14
203 212 6
65 135 16
63 156 1
12 254 3
78 156 78
95 191 95
42 84 42
3 106 3
1 2 1
90 180 90
1 42 1
48 59 3
66 128 16
5 137 2
64 256 64
117 163 1
97 162 1
125 254 31
80 250 1
14 29 14
149 231 1
18 209 1
20 83 20
85 139 2
164 208 1
110 255 3
14 118 14
1 96 1
9 37 9
154 226 1
80 160 80
80 84 10
117 229 14
48 121 3
1 228 1
231 246 7
3 244 3
32 154 4
234 244 7
75 238 1
31 178 1
137 175 2
65 201 1
138 215 1
92 162 5
4 35 4
28 146 1
145 151 18
2 129 2
28 234 14
165 196 1
165 230 1
4 138 4
1 119 1
65 151 4
93 254 1
32 87 2
42 189 5
26 79 1
2 92 2
40 82 20
108 109 54
99 201 12
53 228 3
24 196 24
122 208 3
16 253 1
61 124 15
104 212 26
152 201 1
128 163 2
72 157 9
1 90 1
113 217 3
46 135 2
19 149 9
82 200 1
72 131 4
5 189 5
15 87 1
13 109 13
6 98 6
72 89 2
195 223 6
45 189 11
66 256 16
14 119 14
14 210 3
21 42 21
233 234 58
17 115 1
95 187 23
118 216 3
38 158 19
32 66 16
29 236 29
41 87 10
19 197 1
83 191 5
4 28 1
128 135 16
190 204 1
119 234 29
114 138 1
59 196 3
203 207 25
2 166 2
30 249 15
2 180 2
73 93 2
61 247 61
3 107 3
24 189 1
120 131 1
97 199 24
85 216 1
11 184 11
138 184 2
181 200 1
137 138 34
55 245 3
141 179 2
22 210 1
137 166 2
10 164 10
16 65 16
105 208 52
11 86 5
31 83 1
153 254 1
130 141 8
200 225 3
8 92 2
46 112 1
14 244 7
179 180 22
70 121 1
42 56 1
115 231 115
147 179 2
1 75 1
65 67 16
107 140 1
119 241 7
25 123 3
87 168 21
154 208 1
108 218 54
4 140 4
112 230 28
31 52 3
1 80 1
35 92 2
13 193 6
131 246 1
7 233 7
3 237 3
43 183 5
50 210 6
119 253 7
39 228 1
250 255 31
39 145 9
9 152 9
87 96 1
207 216 6
91 210 1
51 91 1
77 243 1
3 23 1
20 241 1
81 184 5
64 70 8
69 255 1
161 243 1
69 206 1
28 107 3
18 75 18
13 117 3
79 159 79
179 244 1
109 165 1
70 147 4
133 241 1
186 244 1
92 148 2
99 101 12
12 49 12
48 62 3
21 37 2
86 169 21
168 253 1
127 246 15
157 237 1
64 202 1
12 101 12
47 241 1
15 127 15
5 161 5
15 241 15
9 196 1
55 190 1
123 125 15
82 233 1
52 147 1
14 161 1
1 3 1
58 238 29
75 220 1
6 20 1
87 183 5
176 182 22
21 181 5
101 105 6
7 234 7
3 53 3
17 211 1
56 239 14
165 172 10
111 209 13
19 79 19
136 185 2
158 250 1
85 87 21
2 36 2
87 235 1
5 41 5
73 149 18
52 60 3
51 221 6
6 178 1
103 167 1
146 149 18
42 43 21
121 122 30
51 204 51
34 125 1
77 145 9
156 255 1
214 242 3
46 201 1
12 193 12
1 122 1
20 136 2
87 171 21
169 240 1
48 102 12
114 229 114
7 58 7
51 60 3
39 119 1
225 227 56
5 158 2
102 200 25
36 219 1
8 139 8
191 206 1
158 222 1
69 138 69
12 184 1
111 145 1
213 239 3
34 143 17
188 251 1
89 243 1
85 172 21
7 227 7
3 62 3
48 147 1
67 240 1
33 88 2
85 143 2
7 125 7
43 85 21
198 232 3
50 101 50
23 180 11
15 30 15
76 157 19
221 223 55
33 142 8
63 169 1
8 85 2
10 167 10
9 18 9
40 151 2
22 90 22
170 174 21
43 87 43
1 153 1
97 194 97
77 104 1
117 128 1
1 189 1
8 132 8
94 205 1
87 187 5
61 93 1
97 202 12
28 144 1
1 60 1
4 152 4
100 190 1
17 183 2
2 148 2
47 190 47
61 241 30
174 193 1
73 146 73
65 254 1
1 234 1
83 233 1
224 248 7
89 183 22
92 190 23
96 194 48
120 223 3
63 248 31
10 203 1
23 111 1
165 201 1
6 195 6
4 79 4
44 179 44
40 184 5
2 111 1
35 79 4
11 178 11
6 204 6
47 223 1
36 100 1
159 223 1
14 138 1
58 253 7
106 221 13
179 246 1
132 138 8
92 235 1
31 116 7
181 198 1
1 123 1
15 244 15
89 155 2
144 238 1
57 129 1
35 110 1
1 40 1
8 215 1
118 176 1
65 131 65
110 244 3
72 87 2
96 101 12
129 191 2
66 203 1
7 62 7
6 192 6
139 248 1
3 255 3
152 252 1
107 190 1
184 196 1
120 247 30
6 241 3
126 224 7
108 222 27
17 238 1
3 122 3
123 186 1
36 48 1
83 136 2
59 116 29
163 176 5
114 230 57
97 140 1
176 183 22
145 163 2
56 226 56
42 171 42
165 175 10
38 129 4
6 128 1
6 110 6
148 242 1
163 175 10
65 128 32
123 149 1
20 70 2
3 201 3
146 153 9
118 145 1
40 190 5
55 222 55
12 198 12
144 247 1
44 253 1
39 153 19
139 142 17
39 199 1
82 221 1
171 252 1
96 131 1
192 197 24
3 199 3
2 9 2
15 101 3
209 235 3
170 231 1
1 224 1
149 221 1
226 239 14
55 131 1
131 184 2
173 209 1
108 201 6
20 196 1
44 183 22
169 175 21
113 164 1
27 213 13
59 194 3
129 229 1
16 225 1
71 144 4
61 152 1
218 223 27
89 176 44
51 108 6
135 159 4
84 85 42
5 23 5
118 124 7
37 75 37
5 138 2
23 45 11
165 228 1
16 142 8
112 119 14
9 146 9
87 107 1
46 92 46
181 197 1
70 111 1
12 141 1
82 159 2
22 68 2
125 192 3
53 238 3
50 100 50
50 206 25
193 223 6
127 187 1
137 159 4
54 223 27
17 151 4
41 124 1
224 238 14
113 225 56
38 133 4
105 251 3
36 146 36
219 225 3
86 216 1
69 86 2
168 175 21
163 196 1
130 138 8
32 145 4
100 216 6
45 52 1
7 238 7
1 130 1
115 182 1
251 253 31
31 253 31
89 149 2
178 213 1
46 126 1
68 136 68
77 213 1
57 112 28
101 137 1
179 188 11
22 93 11
5 173 5
27 222 27
218 229 3
33 78 4
157 213 1
94 165 5
114 126 7
166 178 5
147 250 1
29 134 1
21 148 2
126 156 1
3 233 3
233 244 7
84 172 21
69 128 8
177 191 11
10 128 2
109 224 3
98 105 6
18 123 1
181 188 11
44 96 1
171 209 1
173 185 5
5 175 5
18 150 18
92 187 46
60 123 30
30 60 30
2 86 2
138 237 1
63 141 1
21 230 1
141 153 4
244 247 61
37 165 2
135 256 16
5 186 5
45 126 1
5 14 1
211 215 26
23 94 23
13 145 1
61 249 15
202 204 25
38 137 4
78 202 1
117 164 1
9 158 9
81 235 1
5 20 5
14 73 1
84 160 10
215 231 3
174 250 1
34 89 2
203 231 3
144 221 1
12 220 6
92 94 23
75 228 1
226 232 14
212 216 13
250 254 31
134 141 8
165 168 10
1 137 1
75 245 1
2 158 2
86 241 1
85 132 2
9 75 9
36 114 1
2 22 2
3 232 3
144 156 9
69 70 17
1 32 1
100 117 3
177 188 11
34 71 17
73 77 9
13 54 13
28 67 1
1 44 1
30 53 3
186 255 1
197 256 1
133 237 1
103 222 6
40 170 10
136 166 2
45 169 5
10 87 10
163 172 10
176 246 1
24 193 24
1 209 1
222 240 3
4 143 4
23 52 1
47 231 1
118 255 7
22 71 2
18 242 1
104 150 1
142 225 1
65 119 1
162 171 10
4 132 4
98 199 49
45 91 45
76 153 76
11 22 11
33 236 1
56 93 1
48 153 1
74 235 1
113 130 1
32 186 2
216 249 3
13 106 13
34 154 4
34 156 4
141 214 1
154 166 2
18 90 2
142 164 2
154 157 19
156 191 2
89 250 1
31 221 3
97 152 1
57 114 57
21 43 21
1 220 1
2 88 2
61 240 30
32 203 1
125 255 31
36 37 18
59 204 3
61 205 3
57 227 28
14 224 14
58 153 1
110 219 27
186 241 1
12 81 1
1 20 1
1 77 1
106 120 3
48 194 48
2 206 1
66 184 2
117 255 7
80 168 10
83 218 1
137 236 1
63 206 3
41 161 20
200 212 6
105 211 105
7 185 1
94 189 94
128 130 32
123 255 15
8 129 8
14 112 14
148 197 1
27 175 1
41 134 2
23 50 1
219 227 3
1 171 1
5 93 5
150 225 1
235 240 7
122 191 1
104 238 3
230 237 14
149 168 2
89 181 22
14 57 14
4 157 4
174 176 5
16 163 2
47 114 1
97 217 6
66 205 1
76 208 1
85 86 21
11 185 11
37 72 18
9 73 9
162 244 1
16 130 16
2 21 2
221 234 3
158 208 1
103 115 3
43 234 1
136 158 4
209 237 3
185 188 23
109 236 3
62 154 1
15 255 15
101 194 12
15 243 15
117 239 29
7 209 3
63 126 63
99 231 3
14 115 14
195 205 12
2 183 2
1 142 1
51 119 3
91 135 2
120 197 3
49 198 49
168 252 1
22 194 1
34 35 17
46 93 46
30 246 30
179 224 1
71 103 1
93 146 2
99 205 12
18 221 1
40 123 1
109 235 3
112 171 1
35 155 4
110 152 1
20 161 20
123 141 1
142 186 2
3 198 3
14 249 7
11 102 1
228 233 14
25 142 1
152 164 2
119 209 3
110 237 3
59 127 7
93 216 1
2 156 2
107 176 1
74 126 1
27 108 27
94 166 5
126 244 15
110 128 1
96 173 1
224 231 28
16 72 4
42 44 5
89 148 2
97 206 12
71 142 71
23 38 2
3 197 3
27 103 6
87 190 5
106 211 26
215 220 13
3 108 3
15 199 3
224 250 7
69 152 4
20 165 20
68 185 2
83 109 1
46 245 1
83 187 5
81 167 20
105 129 1
129 160 2
73 151 18
28 219 3
148 177 2
100 143 1
176 179 44
120 249 15
82 184 5
64 129 64
62 196 3
195 234 3
81 95 5
51 78 1
6 196 6
1 218 1
121 190 1
24 180 1
201 231 3
125 215 3
56 238 14
129 240 1
195 255 3
137 154 4
55 154 1
209 254 3
81 199 1
37 114 1
15 252 15
63 102 3
178 232 1
8 122 1
67 85 2
90 151 2
146 227 1
224 255 7
27 244 3
11 212 1
87 217 1
146 239 1
187 188 23
70 183 2
63 244 15
1 230 1
76 229 1
185 194 1
63 175 1
137 149 4
4 128 4
3 226 3
146 203 1
66 173 2
4 159 4
227 255 7
117 234 117
179 216 1
11 169 5
68 202 1
99 113 3
9 74 9
15 61 15
115 214 3
35 141 35
21 128 2
12 53 6
164 207 1
108 171 1
65 178 2
82 85 10
101 252 3
101 102 25
91 134 2
127 168 1
121 241 60
127 230 7
50 90 1
56 119 14
43 161 10
48 50 12
1 107 1
102 209 6
209 211 52
106 217 13
35 99 1
5 95 5
72 253 1
2 133 2
12 205 12
81 227 1
20 164 20
1 56 1
7 147 1
206 251 3
7 229 7
136 146 4
189 192 1
209 238 3
8 90 2
115 244 7
81 244 1
62 123 15
87 144 2
133 221 1
23 95 23
54 79 1
26 166 1
46 191 23
66 131 16
76 247 1
237 250 7
102 204 102
33 85 2
3 81 1
247 248 15
44 111 1
1 179 1
7 250 7
13 236 3
47 124 1
29 72 1
113 215 3
196 199 49
50 236 3
1 216 1
128 161 2
128 245 1
180 244 1
96 239 3
18 108 1
52 109 13
227 256 1
78 104 1
42 111 1
240 245 30
8 199 1
36 41 2
43 65 2
25 178 1
15 128 1
66 136 8
147 191 2
8 127 1
157 215 1
96 155 1
47 83 5
75 159 9
30 97 3
84 105 1
49 199 49
230 245 7
13 55 13
84 180 5
6 194 6
36 147 36
99 138 1
45 251 1
37 38 9
175 251 1
64 217 1
44 46 11
208 219 13
162 190 5
13 174 1
154 158 19
1 99 1
77 193 1
28 56 28
91 164 5
32 118 1
7 245 7
33 193 1
14 62 7
102 203 25
28 224 28
143 243 1
107 151 1
114 158 1
27 233 3
101 250 3
70 102 1
48 220 6
143 236 1
1 236 1
13 230 3
9 130 4
55 201 6
25 85 1
244 253 15
19 174 2
46 244 1
235 252 7
31 210 3
85 96 1
201 213 6
62 142 1
72 132 4
7 61 7
30 111 3
7 119 7
7 116 7
3 31 3
31 255 31
54 111 27
52 119 3
58 224 14
107 228 3
29 69 1
17 224 1
22 183 22
11 95 11
61 120 30
60 255 15
111 156 1
98 218 6
77 233 1
110 215 13
240 246 30
189 228 1
9 79 9
149 190 2
29 58 29
204 239 3
63 85 1
2 91 2
51 245 3
19 37 9
70 130 8
33 66 33
113 230 28
113 187 1
90 178 22
33 148 4
1 231 1
111 217 27
71 227 1
53 104 26
44 48 1
177 237 1
39 77 19
2 170 2
113 195 3
24 133 1
108 166 1
119 123 7
52 134 1
106 214 53
26 191 1
20 39 2
86 139 2
104 209 104
33 129 16
49 201 12
133 211 1
20 93 5
196 254 3
112 210 3
37 157 9
142 256 8
9 81 2
63 91 1
187 221 1
236 245 7
69 80 2
118 235 29
89 142 2
6 105 6
11 191 11
100 206 25
27 230 3
40 246 1
201 235 3
155 179 2
131 166 2
30 96 3
3 127 3
2 177 2
161 195 1
148 158 9
1 201 1
47 200 1
71 139 17
118 233 29
47 106 1
66 143 8
35 129 8
18 145 18
141 205 1
69 79 4
11 232 1
183 190 11
75 198 1
87 210 1
176 240 1
21 162 10
65 112 1
147 210 1
121 211 3
91 94 11
107 230 3
64 71 8
160 171 10
6 116 3
60 220 3
28 207 3
20 82 20
21 105 1
198 252 3
33 105 1
89 90 22
22 185 11
24 123 3
88 116 1
103 202 25
232 248 7
243 244 30
121 152 1
41 237 1
63 247 15
1 203 1
61 121 30
73 129 4
47 186 23
184 250 1
52 97 6
10 171 10
171 204 1
41 165 41
128 207 1
2 75 2
50 207 25
232 251 7
21 124 1
146 148 18
79 180 2
188 242 1
6 133 1
88 185 11
179 252 1
113 256 1
131 234 1
39 129 4
46 133 2
1 140 1
89 217 1
203 204 25
88 182 22
10 18 2
53 78 1
68 135 8
21 79 2
183 205 1
85 166 10
6 225 3
64 144 4
8 130 8
42 133 2
213 216 13
90 157 2
79 158 79
119 232 29
93 186 93
163 170 10
108 143 1
177 182 22
176 223 1
195 197 24
94 185 23
69 196 1
99 220 6
120 206 3
109 153 1
79 100 1
92 136 2
1 145 1
113 228 28
51 202 25
50 175 1
64 107 1
118 119 59
69 175 2
10 42 10
47 188 47
124 211 3
156 213 1
97 198 24
96 136 1
185 251 1
3 117 3
84 144 2
32 104 1
111 178 1
41 163 20
49 248 3
21 232 1
141 217 1
26 213 26
177 196 1
58 233 58
106 208 26
55 166 1
67 128 16
110 200 6
195 198 24
96 222 6
79 222 1
11 243 1
179 222 1
170 220 1
49 130 1
13 184 1
20 209 1
57 96 3
93 251 1
31 128 1
86 143 2
176 220 1
213 249 3
65 132 16
19 42 2
28 130 1
175 231 1
11 187 11
124 127 31
113 232 14
58 237 29
77 113 1
22 133 2
49 196 49
60 175 1
219 228 3
13 108 13
176 237 1
55 189 1
127 186 1
17 182 2
32 111 1
129 169 2
73 220 1
40 175 10
114 134 1
118 229 14
143 225 1
53 247 3
43 170 21
109 110 27
209 221 13
47 238 1
32 230 1
161 178 5
191 241 1
110 220 110
128 141 8
9 89 2
227 230 28
61 122 61
5 42 5
174 181 5
54 216 54
175 203 1
10 218 1
101 150 1
161 164 20
114 245 7
43 160 10
77 136 4
223 239 3
30 69 1
30 244 30
83 112 1
43 175 43
84 234 1
17 86 2
113 129 1
135 179 2
57 85 1
251 254 31
29 178 1
159 218 1
248 256 1
212 223 13
110 208 13
57 230 57
54 73 1
3 25 3
40 128 2
2 182 2
82 185 5
74 79 9
46 121 1
63 71 1
80 88 5
11 210 1
73 256 4
249 255 31
145 222 1
115 229 57
124 244 15
32 67 16
161 236 1
19 55 1
3 102 3
6 120 3
31 254 31
7 117 7
42 80 10
154 235 1
47 89 11
2 256 2
42 99 1
247 252 15
1 248 1
76 158 19
40 118 1
175 212 1
26 208 26
7 195 3
20 162 20
109 116 3
68 189 2
47 57 1
99 191 1
39 255 1
1 110 1
21 215 1
3 214 3
151 232 1
182 204 1
8 138 8
119 203 3
39 58 1
19 185 2
188 256 2
239 240 7
20 219 1
53 153 1
4 174 2
12 13 6
78 217 1
114 232 14
81 181 5
1 12 1
6 217 6
73 155 9
127 213 3
87 195 1
7 114 7
132 189 2
8 153 4
173 220 1
180 186 11
47 189 47
93 225 1
101 203 101
65 127 1
119 129 1
39 240 1
29 142 1
23 83 5
79 237 1
130 194 1
42 167 10
63 120 15
1 30 1
16 99 1
9 71 4
8 135 8
227 229 28
75 80 2
12 37 1
77 212 1
58 114 14
90 219 1
65 155 4
31 129 1
3 243 3
1 250 1
26 134 1
29 226 14
138 195 1
144 147 36
3 171 1
44 91 22
208 243 3
22 179 22
33 252 1
31 126 31
3 192 3
47 256 2
85 102 1
1 58 1
181 245 1
154 192 1
59 230 14
9 84 2
5 131 2
100 200 100
67 227 1
99 122 3
11 161 5
135 180 2
183 208 1
187 207 1
5 167 5
6 111 6
38 93 2
142 208 1
55 66 1
9 34 4
5 120 1
162 223 1
217 218 54
152 207 1
27 190 1
78 173 2
60 121 60
6 223 6
172 217 1
64 252 1
193 229 3
161 162 40
25 207 25
104 118 3
125 253 31
151 174 2
116 150 1
203 225 3
29 75 1
137 248 1
55 207 6
91 242 1
131 245 1
105 231 3
8 246 1
77 144 9
63 250 31
121 188 1
30 120 30
234 252 7
233 238 29
62 127 31
127 234 7
100 204 25
77 147 9
21 174 21
22 23 11
50 197 12
235 251 7
14 254 7
97 184 1
145 184 2
70 99 1
95 181 11
220 254 3
111 219 27
67 139 8
35 246 1
62 75 1
163 182 5
23 254 1
21 194 1
3 57 3
60 131 1
6 220 6
117 171 1
142 247 1
1 127 1
41 85 10
6 214 6
1 133 1
10 40 10
11 181 11
94 200 1
30 82 1
43 165 10
14 79 1
27 110 27
151 159 9
2 140 2
15 251 15
20 84 10
35 136 17
3 110 3
47 152 2
11 38 2
89 178 89
21 111 1
117 197 3
6 159 1
16 160 2
45 187 11
121 123 30
139 240 1
21 97 1
1 76 1
127 153 1
28 115 28
114 157 1
57 127 7
88 163 5
44 51 1
110 207 6
6 212 6
101 240 3
161 231 1
15 240 15
149 155 9
62 120 15
17 135 8
56 108 3
57 239 14
4 162 2
231 236 14
26 219 13
19 102 1
143 160 2
58 135 1
14 80 1
43 168 21
78 195 1
94 211 1
7 155 1
45 164 5
170 186 5
6 83 1
45 203 1
44 240 1
102 194 12
42 188 5
64 96 1
85 99 1
39 182 2
145 148 18
109 199 6
2 135 2
117 228 14
156 187 2
48 98 24
28 120 7
2 174 2
78 212 1
18 158 9
109 176 1
164 229 1
74 224 1
17 57 1
226 236 14
21 82 10
15 96 3
54 166 1
52 255 3
32 247 1
90 237 1
13 97 6
145 210 1
14 56 14
56 141 1
6 50 6
18 228 1
107 117 3
155 180 2
140 205 1
11 94 11
48 64 1
43 205 1
149 152 9
144 252 1
27 99 6
113 208 3
113 226 113
14 218 3
121 234 7
40 233 1
179 248 1
229 236 14
32 135 16
1 118 1
1 200 1
167 191 5
55 214 13
129 134 16
9 159 9
85 138 2
97 250 3
197 206 12
56 224 56
193 227 3
150 177 2
96 197 24
150 220 1
185 191 23
19 114 1
200 205 25
100 180 1
161 254 1
194 196 24
24 142 1
82 203 1
154 247 1
232 237 29
204 221 6
111 212 13
23 163 5
16 226 1
57 61 7
69 253 1
86 162 10
39 94 2
17 140 17
88 253 1
30 123 30
26 56 3
128 221 1
91 179 22
7 31 7
1 219 1
109 111 27
11 47 11
56 190 1
99 192 24
8 172 2
1 213 1
138 176 2
81 146 2
138 140 17
1 176 1
7 59 7
12 210 6
86 190 5
109 220 27
75 156 9
231 232 14
149 246 1
120 256 1
132 193 1
22 49 1
27 89 1
31 105 3
140 217 1
148 168 2
159 192 1
16 77 4
7 235 7
24 95 1
123 144 1
19 155 19
163 223 1
64 233 1
121 247 30
233 239 29
3 101 3
1 98 1
70 139 17
67 77 4
110 225 3
67 74 4
159 194 1
85 181 5
177 224 1
15 232 7
1 93 1
173 198 1
41 90 5
84 235 1
12 204 12
144 222 1
63 254 63
7 252 7
173 186 5
78 234 1
45 241 1
1 86 1
6 100 6
65 71 8
230 244 7
134 185 2
15 51 3
56 233 14
75 201 1
13 27 13
194 252 3
168 182 5
70 87 2
6 107 6
92 217 1
77 78 19
7 63 7
75 79 9
31 179 1
27 226 3
12 85 1
11 45 11
62 135 1
7 221 3
199 250 3
160 180 5
52 199 6
171 224 1
110 217 27
73 76 9
33 256 16
24 202 12
111 194 6
5 188 5
91 175 5
165 208 1
3 206 3
21 33 2
227 234 14
34 80 2
42 224 1
210 215 26
165 179 5
4 144 4
19 152 19
68 178 2
100 211 6
21 170 21
103 121 3
3 126 3
65 68 8
160 231 1
172 202 1
14 49 3
15 125 15
16 132 16
1 39 1
130 235 1
118 156 1
11 204 1
58 236 29
165 194 1
14 25 3
130 241 1
161 213 1
147 160 2
73 192 1
193 226 3
167 206 1
27 54 27
47 203 1
138 141 17
112 160 1
49 209 6
39 152 19
88 252 1
143 167 2
91 142 2
138 243 1
8 18 4
52 207 6
42 149 2
38 154 38
15 220 3
115 233 14
82 86 10
164 240 1
21 168 21
54 230 3
91 161 5
39 76 19
83 250 1
224 237 14
147 149 18
46 211 1
50 198 12
149 158 9
92 185 92
9 54 1
53 79 1
2 138 2
27 136 1
178 190 11
115 222 3
77 219 1
126 189 1
20 46 5
78 155 19
76 253 1
101 206 25
67 129 16
129 142 8
182 189 11
56 159 1
102 196 12
78 153 19
42 170 42
62 130 1
249 252 31
2 173 2
209 217 13
18 253 1
20 54 1
51 250 3
164 238 1
26 66 1
9 157 9
7 189 1
14 236 14
195 199 24
54 126 3
69 139 69
6 137 1
2 11 2
26 110 13
26 162 1
1 144 1
1 174 1
233 237 29
4 37 4
92 121 1
22 60 1
8 231 1
144 253 1
102 251 3
122 238 7
49 184 1
98 124 3
120 209 3
7 122 7
3 8 1
124 229 7
80 95 5
21 223 1
52 215 26
125 143 1
118 184 1
35 142 35
46 143 2
178 183 22
92 188 23
18 161 2
10 24 1
157 203 1
40 121 1
25 200 25
83 222 1
16 19 4
1 26 1
113 116 14
35 200 1
13 110 13
11 133 2
83 104 1
43 48 1
3 100 3
168 195 1
6 251 3
70 180 2
1 62 1
32 142 8
24 50 12
108 110 27
79 207 1
37 60 1
75 147 18
77 119 1
15 63 15
54 221 27
101 249 3
78 80 2
9 25 1
58 82 1
75 157 9
33 135 33
71 226 1
80 175 10
39 51 1
203 235 3
140 153 4
142 145 4
16 70 8
160 196 1
61 132 1
106 122 3
52 106 26
11 84 5
115 236 14
45 88 22
12 199 12
53 64 1
37 39 9
9 93 2
4 80 2
27 207 6
91 171 5
133 141 8
45 172 5
95 232 1
38 76 38
71 82 2
23 176 11
5 152 2
33 184 2
162 169 10
99 230 3
56 181 1
65 87 2
3 113 3
71 250 1
31 136 1
3 26 3
109 222 27
41 249 1
47 162 5
65 148 4
5 43 5
1 36 1
3 203 3
80 83 20
95 125 1
117 119 29
6 157 1
2 190 2
93 243 1
68 140 17
63 144 1
114 118 14
30 212 3
67 191 2
91 188 11
39 243 1
203 220 6
57 164 1
116 173 1
160 167 20
77 172 2
132 137 8
77 152 38
131 239 1
147 153 9
1 88 1
57 229 57
25 57 3
116 227 14
36 128 4
125 137 1
97 113 3
139 242 1
104 114 3
86 235 1
3 141 1
65 66 16
179 227 1
103 193 12
59 118 59
50 192 12
9 193 1
76 203 1
140 155 4
79 167 2
15 151 1
120 132 1
20 242 1
17 158 4
113 211 3
201 205 25
24 132 1
10 248 1
123 152 1
237 248 7
177 195 1
155 159 19
80 85 10
217 245 3
183 234 1
12 96 12
158 254 1
59 210 3
61 126 15
47 91 11
115 205 3
168 254 1
127 140 1
210 218 13
73 119 1
9 38 9
68 161 2
153 157 19
42 163 10
17 150 4
98 115 3
64 214 1
52 115 3
1 194 1
118 232 29
81 166 20
51 120 3
121 220 3
136 153 4
117 227 14
98 210 6
171 184 5
175 194 1
22 242 1
7 254 7
102 125 3
152 203 1
123 247 123
38 152 38
10 165 10
40 44 5
84 175 21
145 243 1
44 160 5
161 173 10
50 246 3
110 256 1
14 59 14
155 156 19
28 109 3
96 220 6
13 239 3
88 254 1
183 255 1
138 177 2
65 85 2
6 227 3
7 48 3
125 243 15
108 213 13
1 150 1
42 173 21
40 127 1
107 244 3
26 204 6
245 249 15
81 229 1
182 223 1
21 133 2
122 186 1
104 201 6
19 77 19
21 135 2
123 250 15
101 159 1
219 222 27
2 76 2
17 217 1
156 203 1
159 168 2
21 87 21
36 244 1
32 134 16
15 178 1
3 98 3
53 211 26
200 232 3
26 61 3
92 143 2
57 116 14
36 168 2
88 97 1
2 77 2
82 181 5
184 254 1
3 249 3
68 141 17
121 186 1
11 88 11
93 235 1
98 252 3
109 115 3
21 91 5
170 249 1
37 236 1
143 159 4
167 177 5
147 175 2
6 234 3
163 191 5
8 131 8
51 193 12
127 254 127
7 96 3
129 135 16
74 146 18
109 203 6
135 224 1
45 143 2
192 202 12
2 157 2
41 157 2
6 193 6
74 134 4
208 215 26
111 179 1
38 59 1
113 131 1
149 194 1
178 212 1
3 215 3
47 51 1
64 67 16
179 181 22
6 104 6
157 182 2
2 106 1
65 163 2
22 178 22
61 88 1
23 131 2
50 204 25
95 172 5
3 246 3
132 186 2
110 134 1
171 178 5
84 177 5
172 223 1
67 229 1
41 200 1
2 128 2
4 147 4
2 222 1
19 124 1
34 161 2
42 162 10
1 185 1
106 256 1
121 248 15
195 211 6
128 237 1
109 219 109
30 243 30
9 147 9
8 55 1
119 125 7
137 151 4
73 108 1
108 199 6
53 87 1
1 205 1
16 131 16
100 192 12
71 133 8
93 113 1
138 206 1
6 221 6
56 78 1
81 192 1
126 185 1
13 183 1
103 104 6
22 159 2
14 234 14
114 225 28
97 245 3
32 148 4
101 254 3
19 67 4
136 235 1
83 184 5
101 123 3
127 248 31
150 172 2
88 91 22
44 233 1
4 145 4
123 196 3
48 144 1
76 249 1
140 189 2
38 159 19
18 144 18
10 20 10
44 226 1
41 111 1
59 91 1
97 118 3
87 131 2
115 163 1
4 249 1
101 207 25
16 55 1
119 250 7
23 89 11
82 108 1
159 187 2
211 216 13
154 209 1
32 68 8
61 63 15
230 247 7
19 76 19
136 248 1
44 178 44
55 250 3
78 145 9
24 147 1
169 172 21
94 202 1
117 244 7
1 197 1
17 138 17
142 185 2
1 212 1
32 251 1
180 220 1
164 224 1
109 130 1
114 226 28
128 178 2
3 188 1
100 234 3
64 190 2
23 221 1
98 163 1
62 67 1
22 143 2
184 191 23
129 255 1
115 153 1
40 150 2
123 183 1
112 113 56
82 122 1
116 247 7
55 247 3
105 212 26
78 161 2
7 204 3
1 9 1
39 121 1
164 245 1
47 121 1
78 185 2
18 182 2
18 200 1
1 186 1
13 22 1
57 148 1
26 238 3
132 146 4
90 137 2
87 170 21
7 246 7
32 115 1
109 247 3
240 251 15
167 240 1
64 80 2
83 244 1
120 227 7
4 73 4
66 113 1
207 253 3
78 147 9
180 228 1
73 231 1
34 128 8
159 237 1
22 167 5
118 168 1
1 109 1
2 144 2
237 246 7
16 173 2
1 238 1
57 236 14
39 176 2
180 213 1
6 129 1
10 96 1
69 252 1
77 146 9
24 111 6
25 175 1
120 184 1
239 256 1
2 19 2
23 87 5
59 232 29
29 191 1
89 92 11
7 226 7
132 148 4
77 254 1
151 157 9
120 136 1
88 237 1
99 121 3
117 118 29
4 32 4
29 117 29
135 162 2
45 162 5
42 128 2
56 116 14
149 182 2
159 249 1
180 215 1
234 249 7
28 190 1
1 57 1
37 74 37
47 187 23
31 249 31
54 176 1
30 232 7
29 110 3
71 138 17
174 218 1
210 237 3
129 254 1
36 179 2
25 198 12
5 172 5
86 201 1
34 72 4
2 172 2
134 238 1
37 135 4
1 71 1
119 147 1
69 238 1
55 108 27
160 249 1
108 241 3
243 246 30
4 66 4
37 87 2
35 144 4
12 66 1
15 126 15
161 252 1
245 256 1
53 193 6
26 108 13
20 75 2
225 236 14
54 74 1
17 256 8
1 249 1
75 146 18
93 122 1
193 236 3
57 194 3
1 245 1
211 222 13
134 219 1
39 170 2
8 143 8
40 164 20
137 232 1
49 98 49
33 107 1
218 252 3
4 168 2
83 98 1
51 231 3
35 165 2
125 164 1
23 202 1
48 177 1
20 239 1
52 230 3
14 98 3
49 200 12
29 31 7
17 105 1
72 164 2
55 106 13
3 162 1
55 109 27
188 244 1
1 233 1
52 237 3
148 153 9
40 162 40
112 130 1
2 134 2
131 244 1
96 248 3
30 253 15
18 83 2
94 218 1
47 245 1
59 147 1
65 136 8
81 165 20
122 224 7
232 244 7
98 154 1
9 17 4
150 176 2
115 225 28
110 218 27
151 182 2
2 123 1
96 104 6
92 113 1
4 77 4
201 241 3
119 213 3
13 72 1
106 202 6
74 83 2
117 172 1
24 52 6
43 230 1
1 232 1
44 88 44
2 153 2
88 250 1
97 195 97
27 66 1
114 149 1
26 197 6
54 206 6
82 162 20
94 254 1
143 195 1
135 165 2
1 190 1
173 235 1
35 256 8
13 182 1
85 91 5
62 137 1
157 187 2
154 161 2
228 234 14
28 197 3
61 197 3
130 134 16
196 216 6
79 217 1
134 191 2
57 161 1
83 167 83
205 233 3
90 128 2
164 184 5
196 200 12
18 159 9
8 188 2
14 66 1
208 222 13
18 72 18
116 158 1
126 227 7
9 15 1
36 145 36
46 185 46
28 131 1
46 175 5
165 245 1
193 198 24
96 134 1
144 244 1
27 106 13
67 209 1
4 107 1
62 233 7
96 204 12
53 212 53
11 186 11
233 243 7
19 121 1
43 131 2
160 191 5
131 141 8
17 177 2
146 152 9
222 249 3
84 152 2
44 47 11
137 143 17
118 121 7
38 181 2
83 253 1
82 218 1
15 147 1
153 156 19
185 203 1
68 144 4
1 101 1
161 175 10
25 237 3
10 85 10
137 172 2
16 64 16
24 199 24
149 252 1
7 230 7
9 165 2
42 254 1
36 75 18
145 172 2
71 73 4
66 220 1
172 192 1
37 91 2
137 202 1
184 211 1
32 254 1
93 107 1
168 174 21
2 16 2
44 191 11
4 76 4
47 147 2
3 93 1
67 223 1
20 148 2
4 130 4
143 221 1
161 250 1
130 132 16
26 150 1
160 175 10
44 95 11
93 234 1
73 189 2
114 236 14
38 79 19
117 216 3
149 227 1
29 225 14
31 150 1
63 143 1
64 72 4
1 217 1
115 191 1
116 118 29
69 193 1
107 211 26
102 105 6
68 70 17
105 244 3
151 184 2
4 43 2
42 117 1
18 61 1
5 171 5
81 100 1
1 253 1
35 133 8
108 190 1
91 146 2
9 173 2
94 196 1
33 73 4
7 225 7
167 224 1
30 174 1
136 228 1
83 175 10
72 148 18
228 243 7
44 232 1
130 248 1
41 84 10
81 256 2
122 169 1
2 143 2
29 251 7
29 51 3
152 195 1
140 150 4
17 212 1
150 202 1
245 248 15
9 213 1
48 97 48
73 153 9
134 201 1
50 190 1
70 150 4
18 86 2
8 34 8
165 219 1
95 219 1
121 179 1
211 219 13
25 192 12
71 160 2
130 233 1
14 168 1
108 119 3
38 224 1
60 206 3
27 141 1
179 189 11
131 255 1
228 238 14
88 219 1
16 52 1
116 238 29
94 147 2
12 196 12
87 166 10
23 41 5
148 185 2
125 249 62
61 164 1
46 86 5
73 89 2
34 133 8
14 157 1
23 93 23
43 169 21
152 196 1
28 116 14
227 245 7
32 45 2
122 150 1
37 69 4
73 109 1
87 164 10
110 205 6
1 215 1
76 220 1
35 233 1
44 169 5
2 139 2
173 190 5
11 65 2
67 233 1
226 228 28
211 226 3
161 216 1
133 197 1
4 49 1
239 245 7
206 209 6
4 139 4
90 141 2
16 98 1
116 216 3
6 222 6
44 53 1
44 100 1
58 235 58
22 88 22
18 37 18
41 242 1
79 214 1
32 74 4
183 203 1
123 193 3
83 212 1
221 240 3
72 135 4
28 65 1
24 48 24
100 187 1
10 84 10
45 75 2
66 149 4
56 120 7
50 140 1
147 150 18
48 204 12
161 221 1
107 238 3
177 193 1
212 253 3
4 61 1
2 228 1
102 135 1
240 243 60
22 171 5
20 155 2
127 242 15
153 199 1
164 216 1
142 227 1
78 168 2
31 148 1
6 146 1
95 243 1
88 180 22
2 137 2
215 256 1
80 192 1
61 65 1
49 83 1
56 115 28
137 192 1
73 102 1
224 253 7
93 95 23
1 222 1
10 91 5
49 95 1
21 31 1
16 112 1
198 248 3
118 122 7
84 218 1
50 160 1
57 71 1
69 182 2
33 220 1
26 120 3
61 105 3
131 169 2
123 218 3
51 171 1
56 72 1
48 134 1
130 133 16
101 107 6
83 174 10
74 237 1
191 247 1
194 220 6
25 100 25
97 213 6
151 155 9
105 161 1
138 247 1
141 151 4
76 107 1
49 79 1
40 74 2
5 44 5
126 249 31
54 133 1
41 151 2
67 134 67
48 197 24
79 183 2
162 222 1
20 187 5
70 141 70
109 200 6
75 165 2
214 220 13
44 182 22
35 128 8
39 102 1
75 116 1
37 121 1
18 219 1
1 53 1
109 126 3
25 50 25
224 236 14
53 209 26
179 221 1
116 126 7
90 234 1
1 89 1
32 129 32
72 150 18
26 234 3
59 165 1
75 163 2
168 205 1
103 110 6
50 117 3
123 161 1
200 256 1
146 158 9
6 52 6
167 175 10
51 201 25
28 189 1
47 160 5
24 223 6
8 38 4
126 233 7
183 188 11
47 52 1
18 252 1
41 169 10
110 199 6
2 69 2
5 190 5
63 253 63
87 200 1
32 85 2
194 201 12
170 175 21
60 115 7
14 170 1
208 253 3
95 205 1
100 102 25
39 156 39
36 138 4
68 110 1
131 132 16
147 164 2
118 136 1
102 164 1
1 154 1
42 120 1
82 161 20
202 252 3
151 190 2
142 198 1
128 229 1
74 96 1
124 128 1
73 244 1
89 100 1
200 245 3
64 238 1
206 255 3
30 223 3
62 177 1
18 99 1
242 249 15
20 109 1
16 157 4
2 42 2
163 166 20
112 203 3
74 135 4
211 230 3
38 143 4
213 234 3
5 194 1
1 83 1
9 77 9
87 109 1
68 126 1
17 153 4
203 250 3
97 216 6
89 91 22
85 255 1
76 105 1
34 193 1
79 154 19
61 182 1
149 154 9
9 181 2
188 225 1
48 256 1
86 168 21
90 99 1
83 100 1
16 89 2
62 234 7
52 222 13
165 173 10
30 206 3
125 218 3
56 157 1
97 133 1
8 65 8
85 184 5
106 162 1
17 65 8
67 151 4
167 227 1
172 193 1
133 172 2
160 192 1
176 189 11
87 90 5
173 188 5
181 256 2
56 57 28
24 101 12
85 249 1
50 178 1
40 237 1
18 142 4
44 83 5
68 132 8
17 249 1
84 150 2
35 70 35
201 227 3
44 87 5
3 183 1
77 155 77
5 139 2
12 87 1
195 214 6
1 155 1
194 200 12
44 195 1
98 219 6
117 242 7
216 256 1
62 63 31
56 223 3
114 124 7
45 99 1
141 177 2
38 157 19
13 41 1
49 211 6
98 196 98
116 188 1
119 177 1
56 58 14
32 177 2
53 108 13
76 102 1
79 255 1
27 50 6
27 210 13
94 177 11
207 243 3
103 218 6
91 176 22
150 163 2
12 88 1
163 195 1
36 78 9
84 206 1
175 243 1
28 102 3
7 157 1
6 95 1
32 256 32
96 201 12
193 206 12
51 188 1
52 55 13
96 102 12
229 235 14
106 250 3
157 181 2
15 155 1
65 91 2
164 200 1
174 185 5
120 219 3
80 230 1
127 154 1
61 69 1
67 71 8
30 157 1
24 103 12
28 199 3
79 163 2
49 96 24
208 241 3
176 217 1
21 130 2
28 75 1
6 49 6
26 29 3
7 57 7
64 77 4
71 85 2
65 173 2
3 68 1
98 147 1
8 35 8
101 223 6
14 113 14
28 231 28
34 173 2
29 91 1
17 38 4
140 256 8
139 202 1
122 222 3
45 67 2
77 159 19
5 92 5
32 63 1
81 131 2
87 159 2
221 235 3
11 145 2
14 235 14
4 212 1
46 228 1
6 209 6
81 130 2
68 95 2
98 123 3
91 116 1
74 221 1
13 80 1
50 63 3
46 238 1
18 151 18
221 236 3
101 220 6
163 165 20
195 208 6
160 213 1
48 100 12
41 86 10
53 122 3
98 235 3
9 238 1
114 151 1
209 222 13
53 144 1
25 214 6
13 168 1
31 237 7
84 141 2
141 251 1
137 242 1
32 241 1
66 237 1
28 66 1
88 171 5
7 224 7
167 216 1
114 209 3
99 200 12
4 39 4
199 240 3
66 197 1
31 238 7
75 132 4
95 250 1
191 212 1
1 255 1
41 91 5
19 230 1
36 98 1
208 213 26
41 141 2
129 195 1
99 159 1
104 217 13
162 166 20
25 93 1
96 202 12
34 136 34
101 238 3
51 194 12
173 232 1
57 65 1
143 168 2
171 208 1
85 244 1
55 177 1
123 162 1
189 231 1
51 217 6
181 204 1
75 91 2
104 111 13
224 239 14
96 162 1
43 123 1
108 167 1
96 192 96
103 169 1
139 190 2
45 119 1
7 126 7
65 228 1
125 167 1
119 188 1
15 48 3
95 178 11
151 152 9
1 256 1
1 193 1
183 221 1
180 188 11
179 203 1
30 84 1
196 240 3
174 244 1
50 163 1
31 125 31
88 224 1
28 33 1
54 219 54
19 38 19
1 49 1
16 168 2
218 245 3
132 221 1
177 250 1
142 239 1
2 186 2
170 245 1
3 114 3
155 183 2
15 36 1
210 213 26
154 203 1
153 170 2
27 96 6
2 239 1
23 158 2
152 235 1
22 191 11
96 193 96
21 152 2
46 169 5
49 140 1
3 60 3
174 255 1
68 131 8
92 166 5
34 91 2
75 223 1
41 138 2
92 142 2
61 215 3
16 43 2
33 35 8
1 208 1
24 141 1
45 215 1
210 254 3
5 81 5
42 87 21
24 195 24
53 175 1
20 158 2
19 158 19
2 80 2
8 44 2
50 102 25
193 250 3
138 252 1
114 202 3
44 172 5
59 152 1
28 38 1
125 185 1
181 252 1
28 235 14
60 122 30
185 256 2
28 129 1
59 110 3
150 227 1
166 179 5
72 170 2
65 207 1
39 225 1
3 123 3
28 178 1
161 166 20
47 96 1
141 256 8
135 145 4
5 30 1
112 199 3
2 176 2
21 253 1
83 143 2
106 111 13
94 173 5
19 199 1
9 86 2
18 222 1
131 181 2
53 235 3
45 90 45
56 253 7
134 168 2
158 223 1
215 227 3
35 42 2
16 156 4
41 234 1
138 256 8
50 167 1
95 182 11
19 147 9
12 61 3
109 212 13
91 182 91
171 193 1
61 224 7
24 149 1
210 223 13
2 81 2
85 183 5
85 151 2
126 201 3
33 123 1
93 231 1
99 252 3
117 237 29
90 170 5
4 131 4
73 178 2
63 252 63
62 215 3
180 256 2
6 21 1
11 127 1
21 161 10
40 105 1
46 168 5
112 155 1
71 231 1
79 122 1
54 233 3
64 242 1
111 185 1
173 227 1
25 131 1
54 121 3
1 17 1
14 120 7
164 227 1
127 229 7
117 175 1
41 155 2
49 50 12
43 68 2
40 41 20
112 211 3
13 220 13
59 224 14
29 57 14
31 160 1
154 173 2
82 121 1
27 71 1
31 110 3
41 122 1
73 128 4
54 199 6
77 156 19
163 233 1
19 246 1
142 187 2
1 82 1
129 138 8
1 211 1
192 233 3
10 142 2
46 237 1
10 147 2
112 250 7
48 222 6
41 143 2
2 7 1
12 213 6
41 74 2
197 231 3
28 31 7
185 190 23
176 242 1
39 89 2
83 228 1
43 150 2
106 219 13
150 235 1
53 220 13
139 224 1
18 208 1
92 226 1
5 40 5
50 134 1
16 151 4
189 240 1
131 182 2
28 148 1
82 149 2
83 99 1
226 229 28
207 246 3
129 235 1
12 128 1
3 103 3
122 151 1
17 67 8
68 237 1
93 162 5
197 208 6
46 184 46
71 132 8
72 90 2
188 210 1
91 169 5
56 225 56
90 163 5
32 38 4
1 251 1
228 245 7
124 164 1
83 90 5
8 248 1
84 251 1
77 166 2
105 180 1
1 68 1
7 244 7
237 251 7
170 183 5
22 236 1
26 27 13
109 185 1
20 87 10
126 169 1
144 181 2
171 242 1
72 82 2
176 191 11
176 228 1
210 231 3
82 97 1
9 239 1
19 141 4
246 252 15
61 134 1
25 221 6
26 214 26
69 81 2
241 253 15
161 167 20
57 253 7
91 256 2
75 175 2
67 114 1
68 104 1
92 206 1
131 153 4
174 247 1
122 253 15
126 152 1
33 93 2
99 135 1
96 209 6
146 190 2
15 249 15
62 182 1
108 193 6
79 162 2
115 131 1
93 126 1
156 166 2
79 185 2
2 187 2
128 252 1
41 162 20
169 204 1
24 112 3
138 193 1
75 86 2
24 83 1
139 156 4
128 213 1
28 134 1
45 247 1
100 106 6
20 166 20
54 194 6
90 95 11
222 236 3
147 236 1
227 233 14
183 223 1
92 176 11
40 95 5
31 97 3
17 143 17
69 76 4
21 34 2
123 246 123
180 210 1
79 236 1
99 204 12
33 213 1
118 191 1
209 247 3
81 179 5
25 204 25
181 230 1
235 238 29
31 252 31
114 199 3
92 183 11
60 142 1
203 241 3
129 189 2
177 241 1
48 243 3
8 254 1
49 101 12
1 229 1
113 231 28
222 245 3
52 247 3
23 146 2
3 109 3
118 231 14
12 134 1
127 199 3
9 82 2
7 67 1
172 199 1
13 251 3
90 138 2
8 68 8
109 211 13
28 68 1
22 216 1
216 236 3
141 247 1
51 235 3
121 233 7
128 251 1
17 102 1
101 202 101
30 125 15
59 227 14
51 214 6
106 213 106
36 108 1
28 233 14
87 174 87
50 189 1
1 183 1
29 125 7
115 123 7
52 193 6
51 165 1
127 191 1
213 232 3
53 86 1
170 190 5
133 163 2
16 195 1
141 234 1
95 240 1
70 96 1
68 253 1
164 231 1
69 96 1
137 179 2
27 80 1
94 167 5
52 74 1
192 209 6
113 114 28
40 133 2
151 205 1
157 191 2
28 232 14
97 138 1
207 215 6
26 256 1
129 200 1
69 75 4
56 100 3
101 144 1
54 149 1
43 176 5
15 129 1
94 233 1
23 26 1
41 146 2
119 235 29
183 186 11
103 119 3
157 226 1
71 128 8
7 44 1
6 12 6
3 43 1
87 125 1
11 73 2
123 205 3
131 134 16
13 253 3
18 243 1
59 206 3
48 195 48
30 78 1
137 167 2
85 156 2
84 240 1
169 222 1
30 185 1
56 202 3
183 248 1
131 228 1
98 111 6
22 69 2
58 225 14
214 236 3
162 229 1
8 133 8
51 124 3
12 94 1
8 77 4
3 170 1
92 247 1
4 71 4
130 185 2
16 234 1
70 238 1
1 34 1
182 208 1
9 43 2
133 137 8
40 158 2
46 189 23
165 220 1
74 133 4
22 240 1
38 211 1
9 72 9
123 243 30
79 105 1
70 192 1
56 207 3
144 237 1
30 145 1
63 125 31
19 214 1
45 216 1
144 211 1
54 145 1
120 128 1
85 170 85
56 204 3
10 172 10
170 219 1
145 232 1
60 226 7
3 35 1
103 106 6
103 123 3
79 145 9
33 172 2
31 232 7
51 197 12
81 141 2
50 67 1
105 149 1
6 248 3
116 225 14
10 41 10
65 160 2
100 116 3
3 247 3
40 122 1
68 146 4
136 188 2
66 133 66
70 194 1
53 185 1
53 139 1
45 140 2
70 146 4
132 151 4
150 161 2
82 168 10
164 205 1
23 204 1
142 212 1
68 179 2
6 54 6
142 216 1
58 210 3
39 123 1
80 130 2
100 159 1
38 53 1
4 224 1
29 172 1
24 197 24
62 115 7
225 234 14
167 245 1
68 91 2
69 159 4
1 143 1
18 156 9
153 184 2
100 214 6
159 204 1
109 223 27
65 194 1
1 168 1
154 186 2
133 173 2
75 92 2
133 144 4
38 134 4
96 254 3
36 159 9
84 154 2
62 203 3
74 204 1
3 193 3
45 208 1
1 59 1
19 36 9
155 188 2
53 105 26
1 114 1
40 166 20
107 127 3
9 233 1
31 122 15
41 80 20
66 123 1
112 231 28
196 229 3
87 186 5
68 195 1
98 179 1
91 191 11
145 194 1
70 145 4
73 154 9
27 67 1
181 212 1
4 185 2
110 192 6
97 146 1
96 164 1
95 160 5
84 97 1
62 218 3
105 210 105
13 211 13
3 254 3
14 63 7
155 217 1
151 218 1
38 165 2
33 140 8
65 123 1
54 205 6
31 117 7
23 39 2
3 213 3
75 133 4
33 208 1
16 30 1
70 166 2
164 243 1
17 141 17
122 139 1
218 225 3
198 209 6
154 239 1
219 220 27
6 216 6
144 159 9
59 189 1
163 169 10
24 194 24
232 238 29
21 106 1
42 101 1
23 190 23
20 85 10
132 247 1
13 210 13
38 72 9
155 163 2
189 246 1
61 79 1
69 239 1
124 154 1
45 176 22
104 239 3
189 245 1
61 80 1
107 130 1
152 162 2
200 206 25
55 228 3
19 159 19
56 230 28
153 208 1
211 240 3
79 128 4
98 126 3
63 75 1
14 222 3
109 139 1
206 220 6
202 211 6
8 74 4
35 242 1
30 42 1
84 173 21
14 70 1
118 204 3
45 158 2
68 169 2
82 225 1
45 141 2
196 219 6
26 144 1
82 113 1
181 241 1
141 183 2
59 170 1
66 146 4
67 237 1
28 248 7
35 180 2
57 106 3
17 49 1
118 237 118
214 245 3
164 241 1
39 168 2
128 179 2
170 222 1
135 140 8
86 172 86
41 68 2
166 226 1
207 209 6
6 115 3
79 206 1
29 41 1
30 251 15
96 172 1
65 138 8
137 188 2
58 217 3
163 229 1
79 99 1
54 99 6
41 209 1
56 63 7
90 229 1
16 114 1
1 117 1
140 219 1
67 83 2
5 160 5
61 125 15
110 234 3
2 240 1
50 205 25
167 183 5
35 67 8
40 217 1
102 179 1
27 216 27
11 158 2
100 131 1
97 219 6
24 97 24
200 216 6
81 221 1
16 95 2
80 140 2
32 168 2
127 249 31
98 174 1
82 236 1
72 134 4
125 191 1
31 63 31
63 74 1
12 72 1
7 154 1
5 70 2
146 205 1
119 127 7
80 124 1
84 168 84
4 64 4
127 131 1
50 66 1
129 133 16
1 54 1
139 143 17
39 72 9
13 201 6
103 157 1
38 255 1
241 247 30
121 174 1
31 184 1
103 209 6
43 255 1
55 210 13
169 200 1
128 189 2
2 121 1
214 256 1
156 181 2
39 40 2
139 229 1
191 250 1
50 98 12
111 215 13
62 117 7
202 210 6
72 109 1
17 21 2
80 255 1
23 141 2
68 182 2
155 226 1
42 113 1
62 105 3
1 128 1
25 182 1
45 131 2
48 163 1
109 242 3
153 166 2
16 102 1
180 204 1
62 119 7
201 240 3
55 185 1
47 118 1
46 193 1
81 83 20
52 101 6
70 169 2
44 90 22
159 250 1
5 203 1
60 241 60
9 145 9
112 116 14
4 175 2
27 169 1
88 101 1
3 195 3
57 159 1
65 137 8
44 84 5
84 107 1
99 235 3
103 231 3
38 69 4
100 169 1
83 235 1
102 127 3
129 146 4
198 236 3
28 238 14
119 185 1
184 216 1
50 195 12
178 229 1
41 166 41
121 230 7
14 176 1
50 217 6
81 164 20
143 172 2
93 140 2
43 164 10
128 202 1
55 121 3
32 48 1
50 103 25
209 215 26
73 216 1
224 242 7
40 176 5
7 152 1
2 54 1
42 116 1
32 232 1
133 177 2
157 202 1
59 207 3
47 248 1
27 221 27
140 236 1
39 203 1
196 225 3
71 109 1
108 208 13
46 95 23
13 208 13
108 112 3
141 242 1
3 200 3
139 164 2
45 186 11
30 230 7
88 210 1
160 222 1
78 117 1
151 227 1
5 174 5
57 115 57
29 241 7
131 135 16
4 70 4
12 148 1
120 151 1
56 81 1
104 215 26
18 126 1
137 140 17
55 70 1
90 185 11
128 157 4
4 158 4
14 158 1
131 158 4
233 256 1
93 189 23
5 7 1
124 209 3
87 119 1
85 200 1
83 127 1
12 71 1
198 219 6
158 164 2
39 193 1
117 252 7
117 152 1
44 130 2
90 154 2
40 172 10
198 214 6
145 248 1
66 168 2
7 16 1
97 151 1
40 141 2
77 184 2
83 176 5
71 253 1
15 60 15
123 138 1
130 135 16
10 229 1
16 17 8
99 195 24
7 121 7
57 162 1
40 67 2
130 190 2
56 160 1
7 47 1
109 251 3
98 207 12
42 160 10
231 251 7
73 139 4
18 152 9
208 224 3
15 70 1
72 91 2
43 156 2
130 139 8
71 255 1
222 232 3
12 64 1
27 195 6
59 199 3
42 76 2
118 243 7
116 236 29
112 185 1
20 183 5
66 121 1
61 246 61
29 163 1
60 120 60
10 184 5
101 166 1
113 161 1
72 144 72
1 43 1
37 175 2
181 224 1
105 159 1
19 142 4
45 94 11
70 199 1
16 239 1
96 206 12
10 240 1
128 188 2
48 235 3
21 52 1
47 178 11
36 194 1
63 121 15
123 136 1
47 135 2
11 216 1
88 122 1
17 74 4
11 16 2
31 143 1
73 88 2
45 58 1
140 242 1
33 94 2
97 201 12
114 116 14
109 156 1
152 231 1
81 163 81
98 193 24
65 193 1
237 245 7
7 150 1
67 84 2
77 150 9
41 229 1
53 213 53
243 249 15
57 75 1
196 201 12
141 227 1
216 223 27
91 127 1
22 207 1
171 183 5
151 213 1
180 252 1
126 150 1
56 227 56
13 153 1
235 239 29
90 129 2
67 207 1
35 137 17
91 145 2
21 199 1
8 87 2
56 90 1
56 171 1
171 172 21
118 159 1
134 158 4
28 114 28
21 47 5
184 237 1
5 182 5
193 199 24
122 241 30
100 172 1
140 184 2
87 230 1
48 83 1
69 101 1
17 87 2
28 163 1
58 228 14
94 244 1
16 36 4
118 247 7
61 99 3
4 135 4
8 66 8
96 198 24
88 183 22
29 62 7
202 221 6
171 233 1
75 150 75
111 151 1
183 245 1
110 245 3
140 251 1
90 204 1
139 170 2
20 43 10
29 137 1
226 244 7
87 189 5
106 110 13
53 83 1
36 51 1
125 171 1
20 98 1
12 160 1
176 188 11
1 38 1
3 143 1
101 146 1
107 208 26
70 159 4
114 228 114
154 197 1
9 218 1
194 209 6
77 220 1
42 225 1
92 230 1
1 15 1
25 159 1
162 204 1
190 251 1
6 215 6
21 240 1
