128 4748
29 32 1
88 99 29
60 107 88
116 127 107
50 121 127
78 104 121
28 71 78
42 128 28
30 86 42
51 124 30
47 81 124
61 120 81
2 52 61
11 77 2
55 76 11
22 110 76
69 114 22
25 59 69
46 66 25
83 98 66
53 115 98
15 112 53
64 90 112
79 109 64
24 106 79
72 89 106
48 126 89
122 125 126
57 74 122
6 73 74
75 85 6
87 113 75
7 58 113
33 41 58
26 103 41
67 94 103
18 118 94
4 9 118
19 49 4
80 96 49
8 35 80
45 70 8
17 20 45
37 111 20
12 105 111
21 23 105
82 101 23
13 108 82
14 34 108
91 100 14
65 93 91
43 117 65
56 84 43
63 119 56
10 68 63
36 97 10
3 31 97
16 54 31
40 44 16
27 92 44
38 123 27
5 102 123
39 62 102
1 95 1
29 95 29
88 95 88
95 107 107
95 127 127
95 121 121
78 95 78
28 95 28
42 95 42
30 95 30
95 124 124
81 95 81
61 95 61
2 95 2
11 95 11
76 95 76
22 95 22
69 95 69
25 95 25
66 95 66
95 98 98
53 95 53
95 112 112
64 95 64
79 95 79
95 106 106
89 95 89
95 126 126
95 122 122
74 95 74
6 95 6
75 95 75
95 113 113
58 95 58
41 95 41
95 103 103
94 95 94
95 118 118
4 95 4
49 95 49
80 95 80
8 95 8
45 95 45
20 95 20
95 111 111
95 105 105
23 95 23
82 95 82
95 108 108
14 95 14
91 95 91
65 95 65
43 95 43
56 95 56
63 95 63
10 95 10
95 97 97
31 95 31
16 95 16
44 95 44
27 95 27
95 123 123
95 102 102
62 95 62
32 95 1
95 99 29
60 95 88
95 116 107
50 95 127
95 104 121
71 95 78
95 128 28
86 95 42
51 95 30
47 95 124
95 120 81
52 95 61
77 95 2
55 95 11
95 110 76
95 114 22
59 95 69
46 95 25
83 95 66
95 115 98
15 95 53
90 95 112
95 109 64
24 95 79
72 95 106
48 95 89
95 125 126
57 95 122
73 95 74
85 95 6
87 95 75
7 95 113
33 95 58
26 95 41
67 95 103
18 95 94
9 95 118
19 95 4
95 96 49
35 95 80
70 95 8
17 95 45
37 95 20
12 95 111
21 95 105
95 101 23
13 95 82
34 95 108
95 100 14
93 95 91
95 117 65
84 95 43
95 119 56
68 95 63
36 95 10
3 95 97
54 95 31
40 95 16
92 95 44
38 95 27
5 95 123
39 95 102
16 68 63
75 124 124
69 77 2
31 34 108
71 127 127
19 99 29
125 127 127
74 123 74
64 76 76
34 66 66
84 107 107
67 74 74
34 101 23
109 119 64
9 92 118
62 117 65
12 29 29
88 104 88
1 71 1
37 83 66
32 43 1
12 44 111
29 34 29
84 121 121
1 30 1
11 28 28
82 102 82
52 127 127
1 96 1
19 34 4
120 124 124
43 103 103
34 43 108
78 120 78
47 100 124
45 64 64
79 115 98
15 103 53
101 108 23
38 51 30
76 127 127
41 121 121
17 70 8
89 122 89
30 121 121
19 86 42
9 80 118
42 48 42
32 116 1
36 102 10
18 20 94
4 91 4
1 88 1
22 72 22
38 52 61
34 37 20
5 73 74
60 79 88
33 48 89
49 78 78
2 109 2
46 94 25
48 105 89
96 117 49
59 117 69
11 78 78
1 32 1
4 128 28
14 57 122
5 39 123
76 77 2
8 27 8
53 78 78
5 72 106
77 118 2
2 83 2
69 104 121
45 98 98
19 91 4
63 120 81
63 96 49
64 72 64
10 93 91
10 100 14
53 81 81
7 45 113
82 111 111
2 84 2
44 64 64
13 107 107
83 90 66
84 100 14
26 78 78
32 54 1
15 37 53
58 92 58
42 99 29
4 74 74
86 127 127
26 65 41
61 88 88
36 87 75
74 75 74
37 39 20
44 61 61
26 125 126
50 111 127
83 87 66
80 128 28
5 38 27
64 124 124
47 88 88
1 60 1
2 58 2
40 92 16
5 92 44
108 115 98
19 97 4
13 117 82
26 63 41
57 107 107
23 112 112
38 68 63
34 71 78
5 25 25
53 62 53
7 39 113
34 76 76
82 128 28
1 15 1
29 42 29
67 117 103
40 117 65
19 112 112
17 117 45
4 124 124
17 30 30
13 14 82
51 107 107
10 20 20
56 107 107
11 64 11
121 126 121
51 88 88
53 113 53
60 81 88
17 84 45
30 81 30
12 100 111
3 16 97
44 106 106
2 73 2
88 127 88
13 68 82
61 127 127
22 97 22
33 55 11
62 92 44
97 101 23
47 72 124
3 34 108
16 37 20
87 118 75
29 88 29
87 107 107
31 119 56
55 114 11
55 119 11
21 56 105
51 78 78
32 46 1
23 40 23
17 44 45
70 117 8
102 119 56
33 52 61
37 75 75
11 24 11
23 62 23
42 110 42
56 89 89
28 103 28
30 33 30
45 82 45
28 78 78
44 78 78
30 58 30
19 115 98
24 86 42
104 107 107
78 107 107
24 39 79
24 118 79
58 66 66
4 15 53
57 61 61
18 127 127
28 52 28
39 115 98
29 60 29
28 70 28
83 123 66
29 41 29
48 128 28
18 113 113
5 59 69
27 63 63
71 114 78
87 100 75
43 101 23
19 108 4
4 55 11
2 104 121
11 33 11
15 50 127
61 107 107
101 107 107
5 67 103
52 54 61
26 112 112
7 121 121
8 45 8
58 84 58
13 126 126
56 67 103
56 66 66
14 35 80
9 74 74
1 39 1
12 35 80
72 118 106
22 24 22
62 93 91
123 128 28
35 120 81
38 41 41
7 27 113
39 40 16
104 121 121
63 85 6
96 119 49
64 94 64
36 93 91
3 22 22
3 7 113
11 46 11
5 54 31
3 40 97
15 78 78
5 34 108
22 98 22
59 94 69
39 52 61
16 85 6
1 120 1
16 46 25
115 123 98
85 128 28
35 37 80
2 76 2
28 59 28
92 101 23
43 128 28
38 101 23
53 116 107
75 108 75
15 94 53
78 96 78
39 48 89
107 127 107
23 77 2
123 126 126
69 86 42
26 81 81
10 107 107
37 78 78
74 83 66
59 122 69
31 117 65
63 93 91
66 103 66
37 43 20
123 127 127
71 99 29
70 72 106
23 63 23
29 33 29
25 94 25
11 118 11
42 56 42
50 76 127
37 87 75
16 42 42
84 97 43
46 125 25
30 124 30
65 128 28
38 107 107
15 34 53
31 55 11
28 65 28
70 85 6
26 43 41
24 41 79
13 44 82
43 58 58
11 98 11
40 99 29
64 83 66
4 110 76
7 66 66
68 93 91
100 102 14
15 71 78
34 86 42
72 123 106
46 51 30
1 78 1
41 59 69
24 74 79
9 12 118
78 94 78
52 113 61
48 72 106
30 111 30
27 111 111
101 123 23
51 53 30
2 98 2
88 96 88
6 109 64
53 76 76
88 102 88
71 78 78
85 126 126
89 112 112
34 48 89
41 106 106
4 53 53
4 21 4
26 98 98
35 38 80
11 48 11
71 100 78
60 83 88
75 84 75
2 124 124
2 127 127
54 109 64
51 116 107
3 72 106
13 43 82
21 84 105
33 94 58
15 24 53
50 82 127
69 117 69
47 74 124
11 66 11
1 107 1
5 35 80
41 96 41
47 126 124
56 101 23
31 85 6
15 61 61
114 121 121
3 53 53
9 43 118
38 86 42
30 79 30
115 116 107
67 91 103
61 81 81
89 126 89
5 110 76
86 106 42
2 88 88
30 80 30
35 87 75
13 70 8
94 107 107
16 92 16
59 91 69
19 92 4
3 57 122
68 125 126
26 44 41
6 83 66
84 102 43
11 55 11
82 90 112
24 91 79
7 55 11
31 58 58
21 97 105
1 99 1
15 87 53
22 117 22
122 126 126
14 20 20
42 127 127
41 97 41
18 55 11
122 127 127
60 101 88
65 77 2
41 69 69
90 126 112
42 116 107
36 128 28
77 124 124
54 62 31
41 57 122
47 71 78
13 102 82
33 78 78
87 116 107
30 115 30
34 102 108
62 111 111
75 76 76
102 117 65
109 124 124
90 96 112
86 101 42
39 67 103
96 104 121
36 59 69
62 90 112
109 120 81
23 82 23
36 58 58
108 111 111
120 121 121
14 59 69
72 113 106
24 29 29
68 86 42
55 96 11
36 123 10
16 36 10
8 55 11
6 111 6
43 70 8
3 54 97
67 80 103
17 78 78
1 83 1
93 123 91
41 128 28
35 99 29
45 74 74
38 119 56
39 92 44
22 115 22
12 72 106
85 102 6
78 118 78
40 106 106
118 121 121
24 75 79
61 109 61
12 38 111
38 117 65
1 3 1
42 74 42
63 77 2
47 77 124
6 19 6
2 122 2
67 68 103
11 30 30
20 37 20
15 25 25
21 119 105
15 77 2
24 84 79
3 33 58
45 46 25
1 121 1
13 93 82
71 117 78
38 46 25
65 90 112
52 98 61
106 109 64
21 54 105
51 100 30
54 84 43
66 73 66
72 97 106
28 85 28
25 54 25
42 112 42
21 37 20
19 56 4
12 40 111
1 5 1
56 93 91
64 77 2
107 124 107
26 105 41
26 45 41
30 88 88
15 38 53
76 81 81
9 78 78
78 124 78
16 86 42
33 82 58
43 65 65
25 98 25
17 33 58
45 91 45
52 70 61
54 90 112
24 72 79
23 110 76
65 96 49
16 125 126
20 66 66
104 111 121
17 116 107
64 125 64
66 79 66
99 124 29
58 89 89
3 68 63
97 119 56
96 102 49
38 125 126
18 30 30
89 121 121
19 100 4
59 70 69
7 102 113
20 69 69
17 22 22
38 65 65
76 124 124
20 51 30
83 88 88
11 25 11
29 86 29
3 92 97
4 44 4
30 42 42
91 113 113
29 121 29
14 70 8
96 115 98
14 117 14
33 92 58
36 38 10
51 86 42
107 116 107
107 121 107
37 54 20
64 66 66
55 88 88
30 82 30
35 122 122
51 85 30
30 92 30
53 75 53
20 80 80
106 124 124
29 99 29
28 121 121
18 92 94
112 123 112
61 96 61
10 19 4
20 91 20
80 101 80
6 53 53
126 127 127
38 127 127
6 62 6
64 106 64
71 104 121
45 96 49
11 60 88
69 96 69
12 112 112
45 113 113
12 75 75
83 109 66
36 62 10
72 82 106
84 93 91
46 88 88
3 17 45
36 50 127
67 78 78
10 110 76
89 90 112
43 115 98
35 40 80
63 64 64
20 26 41
58 86 42
26 40 41
14 72 106
81 118 81
68 96 49
60 90 88
14 24 79
2 108 2
47 57 124
47 82 124
38 71 78
27 122 122
56 92 56
43 74 74
15 93 53
4 112 112
74 98 98
23 34 23
13 57 122
11 90 11
22 49 22
8 48 89
34 41 41
7 117 113
9 39 118
21 69 69
28 113 28
7 14 113
20 104 121
47 107 107
35 93 80
42 104 121
57 83 66
2 40 2
57 108 122
5 84 43
1 69 1
36 109 64
11 19 11
7 63 113
31 101 23
1 7 1
96 122 122
17 48 89
13 118 118
26 94 41
29 69 29
31 84 43
22 116 107
61 70 61
29 116 29
35 85 6
75 115 98
101 119 23
66 101 66
30 120 30
12 70 8
8 30 30
62 65 65
93 101 23
33 56 58
86 88 88
77 92 2
51 71 78
40 127 127
1 75 1
32 79 1
34 73 74
40 65 65
3 101 23
28 46 28
63 97 63
25 74 25
11 34 11
70 103 103
64 69 69
40 60 88
29 47 29
46 96 25
13 73 74
43 87 75
77 128 28
93 111 111
51 76 30
71 101 78
41 44 41
19 36 4
3 32 1
64 96 64
9 128 28
3 30 30
3 82 82
45 125 126
36 84 43
53 123 53
21 36 105
42 122 42
83 114 22
77 102 2
32 73 1
33 80 58
51 52 30
30 51 30
15 89 53
69 109 69
32 96 1
15 107 107
69 127 127
59 78 78
27 42 42
74 97 74
31 41 41
21 111 111
33 68 58
78 103 78
76 122 76
9 13 118
48 63 89
9 121 121
86 89 42
40 62 16
5 114 22
31 39 31
16 29 29
61 104 121
15 106 53
94 126 126
10 18 94
60 88 88
36 39 10
57 104 121
9 44 118
72 121 121
30 77 30
66 69 69
72 104 121
22 83 22
116 119 107
82 105 105
26 72 106
43 88 88
1 127 1
43 96 49
39 46 25
29 59 29
91 118 118
33 47 124
19 79 79
39 114 22
23 97 23
58 123 58
68 123 63
59 67 69
16 24 79
33 50 127
10 32 1
53 92 53
34 94 94
6 97 6
71 85 78
10 14 14
55 72 11
27 96 49
97 105 105
38 39 27
65 110 76
21 62 105
52 80 61
98 113 98
43 98 98
50 128 127
12 103 103
5 31 31
51 108 30
59 68 69
55 97 11
22 109 22
49 67 103
29 127 29
40 53 53
73 81 81
77 91 2
1 104 1
18 125 126
27 35 80
34 97 108
9 24 79
10 101 23
70 84 8
78 89 78
53 66 66
36 114 22
89 114 22
24 30 30
60 122 88
52 114 61
66 117 66
44 54 31
66 96 66
14 86 42
32 82 1
9 111 118
62 119 56
66 123 66
15 122 53
40 90 112
21 34 105
88 113 88
34 119 108
70 83 66
98 118 98
117 119 65
105 124 124
25 93 25
101 106 106
83 86 42
25 78 78
51 110 30
65 68 65
46 86 42
46 98 25
12 108 111
23 73 74
42 108 42
77 97 2
23 80 80
72 90 112
38 120 81
50 110 127
68 115 98
49 55 11
7 70 113
12 17 45
16 113 113
28 68 28
63 117 65
10 87 75
2 61 61
29 124 29
97 109 64
23 56 23
37 62 20
53 85 53
4 118 118
106 122 106
3 35 80
48 111 89
27 118 118
27 67 103
50 88 88
81 96 81
69 101 69
54 123 31
24 25 25
43 82 82
78 83 78
29 77 29
16 81 81
92 102 44
57 84 122
72 103 106
18 78 78
39 66 66
66 124 124
3 118 118
4 84 4
11 47 124
25 89 25
12 104 121
27 105 105
72 105 106
73 125 126
13 16 82
28 42 28
100 115 98
46 63 25
17 47 124
110 121 121
34 35 80
22 114 22
80 107 107
8 26 41
18 45 94
12 116 107
75 107 107
37 85 6
18 33 58
98 105 98
3 107 107
54 81 81
9 117 118
29 46 29
56 98 98
114 120 81
40 74 74
78 88 88
24 61 61
13 98 98
30 45 30
61 125 61
2 86 42
17 58 58
86 100 42
31 68 63
88 116 88
17 68 45
20 98 98
14 37 20
57 94 122
43 100 14
8 65 8
21 60 88
23 70 8
27 54 31
29 70 29
97 117 65
92 123 44
4 29 29
66 75 66
85 108 6
13 103 103
69 113 69
13 15 53
3 108 108
69 115 69
36 42 42
29 52 29
4 63 4
11 83 11
12 118 118
14 79 79
6 121 121
16 91 91
42 105 42
47 122 124
26 90 112
22 84 22
76 91 76
56 59 69
44 119 56
69 72 69
5 52 61
54 110 76
36 83 66
27 40 16
101 122 122
92 116 107
10 26 41
13 34 82
10 128 28
87 126 126
93 117 91
80 109 64
42 69 42
18 54 94
28 64 28
43 51 30
37 42 42
25 79 25
8 11 11
27 55 11
78 113 78
54 60 88
51 106 30
16 118 118
35 91 80
93 109 64
13 91 82
39 77 2
62 84 43
6 13 6
91 109 64
6 101 6
59 106 69
103 110 76
26 47 124
17 74 74
1 116 1
2 17 2
43 109 64
68 116 107
87 124 124
52 117 61
39 73 74
20 117 20
61 66 61
14 120 81
2 51 30
88 128 88
2 125 2
26 68 41
71 80 78
1 47 1
3 44 97
84 96 49
27 36 10
15 86 42
41 82 41
48 62 89
6 127 127
35 97 80
63 94 94
44 123 44
41 68 41
27 101 23
44 128 28
38 40 16
69 116 107
50 98 127
54 92 31
2 54 2
6 79 79
31 70 8
85 97 6
85 114 22
120 127 127
61 65 61
54 93 91
34 46 25
8 114 22
32 59 1
33 36 58
64 127 127
47 92 124
1 90 1
64 86 42
8 57 122
19 46 25
71 79 78
60 94 88
33 46 25
6 120 81
91 97 91
71 125 78
78 121 121
49 76 76
121 128 121
77 78 78
24 51 30
24 62 79
82 124 124
34 55 11
17 92 45
20 46 25
1 115 1
8 113 113
75 109 64
115 128 28
19 90 112
53 61 61
10 36 10
33 69 69
54 128 28
38 62 27
20 53 53
21 107 107
20 27 20
48 100 89
18 108 94
63 126 126
7 84 113
40 111 111
93 100 14
29 50 29
61 74 61
24 28 28
17 36 45
71 123 78
4 93 4
5 61 61
12 43 111
88 118 88
9 60 88
5 93 91
40 121 121
88 107 88
46 107 107
14 50 127
17 102 45
27 125 126
1 29 1
9 45 118
3 80 80
56 96 49
3 93 91
73 115 98
65 101 23
81 107 107
54 55 11
31 100 14
6 94 6
9 22 22
105 119 105
6 77 2
16 120 81
52 85 61
24 57 79
11 61 61
17 51 30
42 47 42
3 47 124
21 44 105
3 13 82
3 106 106
44 89 89
2 33 2
6 55 11
92 113 113
30 49 30
49 52 61
5 119 56
106 111 106
38 118 118
53 120 81
58 81 81
58 108 58
114 123 22
72 84 106
40 123 16
20 42 42
4 16 4
14 83 66
86 121 121
51 81 30
93 126 126
64 73 64
92 117 65
27 85 6
26 74 74
25 32 1
2 107 107
12 52 61
13 27 82
72 83 66
3 48 89
8 12 8
6 24 79
104 127 127
37 90 112
56 90 112
29 73 29
60 119 88
46 83 25
54 70 8
5 62 123
85 103 6
38 44 44
91 112 112
108 120 81
67 71 78
19 94 94
54 73 74
2 26 2
46 52 61
60 91 88
56 120 81
56 112 112
49 125 126
28 62 28
62 97 97
20 108 20
12 82 111
49 56 49
62 89 89
40 58 58
11 94 11
41 118 41
55 115 11
10 94 94
29 107 29
41 61 61
67 105 103
8 102 8
23 58 58
98 100 98
5 91 91
89 104 121
24 105 79
103 125 126
9 109 64
75 113 75
101 104 121
28 126 28
80 104 121
60 98 88
61 86 42
78 101 78
5 13 82
50 117 127
70 108 8
60 74 88
29 89 29
28 108 28
24 124 124
58 99 29
2 66 2
75 122 122
25 53 25
7 49 113
42 96 42
26 100 41
44 124 124
48 50 127
65 123 65
35 90 112
9 120 81
38 92 44
16 34 108
17 65 45
37 55 11
86 115 42
104 112 121
45 87 75
73 122 122
72 119 106
28 99 29
1 37 1
25 57 25
79 126 79
89 96 89
40 41 41
38 102 27
34 104 121
13 45 45
41 126 126
2 55 2
89 93 89
45 51 30
12 90 112
1 45 1
43 60 88
21 91 105
71 96 78
30 78 78
42 58 42
31 65 65
46 69 69
14 65 14
46 111 25
53 86 42
13 87 75
27 33 58
67 102 103
69 122 69
73 90 112
41 75 75
62 68 63
1 81 1
31 36 10
63 90 112
82 120 81
12 85 6
79 88 88
20 64 64
18 34 94
27 32 1
50 122 127
28 88 88
38 90 112
51 66 30
55 67 11
76 80 76
17 106 106
57 75 122
3 27 97
21 75 75
36 40 10
5 57 122
34 109 64
34 38 108
60 85 88
43 89 89
45 67 103
61 63 61
72 114 22
59 81 81
67 89 89
24 113 79
55 70 11
27 100 14
10 113 113
108 118 118
26 33 58
25 36 25
19 105 4
3 36 10
69 123 69
19 63 4
38 114 22
28 48 28
20 68 20
47 96 124
42 52 42
93 108 108
19 89 89
17 37 45
9 70 118
2 21 2
114 117 22
23 85 6
83 105 66
12 34 111
53 125 53
26 93 41
11 110 11
1 68 1
10 17 45
68 76 76
41 58 58
87 122 122
22 42 42
56 113 113
60 78 88
34 111 111
4 85 6
33 61 61
64 116 107
40 84 43
40 96 49
74 93 74
12 71 78
4 97 4
42 81 42
7 79 79
105 111 111
58 102 58
33 125 126
79 100 79
74 85 74
2 24 2
59 119 69
6 122 122
26 117 41
81 125 81
23 119 23
9 126 126
1 87 1
23 28 28
34 112 112
8 9 118
34 98 98
15 126 53
26 35 41
16 104 121
31 67 103
13 29 29
10 35 80
93 119 91
66 82 66
34 105 105
18 104 121
22 59 22
61 62 61
27 84 43
7 31 113
13 96 49
83 84 66
15 97 53
6 63 6
1 24 1
106 120 81
2 116 107
87 90 112
62 118 118
19 117 4
57 125 126
19 111 4
17 23 45
20 62 20
66 78 78
76 115 76
71 87 78
73 92 74
29 120 29
110 125 76
17 94 94
42 117 42
5 128 28
18 97 94
6 112 112
5 11 11
21 63 105
37 105 20
50 60 88
23 91 23
33 108 58
34 61 61
60 112 88
9 119 118
79 103 79
26 84 41
80 85 6
44 84 43
19 29 29
9 76 76
10 117 65
113 120 81
48 127 127
51 90 30
47 60 88
40 81 81
16 22 22
77 94 2
107 113 107
53 79 53
29 44 29
33 109 64
22 31 22
15 63 53
56 71 78
65 75 75
5 117 65
18 90 112
82 119 82
62 80 80
79 116 107
24 50 127
9 84 118
6 108 6
18 32 1
34 93 108
37 108 20
12 73 74
1 70 1
99 111 29
15 29 29
106 113 106
92 93 91
53 88 88
3 116 107
45 127 127
22 88 88
42 113 42
23 83 66
16 124 124
58 100 58
59 113 69
8 111 8
32 117 1
7 35 113
58 121 121
12 50 127
23 94 94
64 128 28
28 39 28
74 128 28
58 126 126
22 87 22
15 74 53
19 70 4
2 38 2
24 90 112
1 61 1
68 102 63
12 96 49
8 67 103
117 123 65
59 99 29
33 84 58
40 102 16
64 89 64
3 18 94
6 118 6
32 105 1
45 115 98
24 79 79
1 31 1
59 100 69
51 70 30
22 107 107
72 109 64
57 73 122
92 121 121
65 120 81
68 73 74
28 69 28
15 102 53
41 113 113
71 111 78
4 12 4
5 17 45
7 115 98
19 93 4
45 73 74
93 97 91
34 62 108
21 68 105
92 100 14
33 126 126
56 72 106
15 127 127
71 121 121
45 124 124
63 83 66
25 126 25
115 125 98
63 123 63
2 69 2
34 58 58
40 48 89
66 112 66
68 92 63
81 92 81
74 102 74
1 36 1
20 119 20
39 89 89
73 86 42
71 116 107
41 67 41
13 97 82
73 98 98
47 109 124
1 112 1
99 122 29
11 79 11
16 77 2
23 115 98
51 91 30
18 87 75
92 119 56
19 45 4
59 92 69
7 41 113
40 124 124
63 115 98
2 89 2
3 62 97
17 40 45
77 88 88
12 86 42
22 85 22
4 106 106
82 123 82
8 93 8
52 108 61
44 114 22
28 32 1
47 116 107
98 127 127
57 91 122
33 110 76
26 70 41
14 27 14
44 51 30
26 116 107
66 93 66
22 100 22
28 127 127
27 37 20
35 106 106
14 48 89
67 125 126
92 118 118
16 84 43
78 93 78
62 112 112
54 102 31
52 110 61
29 74 29
19 65 4
33 57 122
73 97 74
70 121 121
37 63 20
13 38 82
77 109 2
50 107 107
3 83 66
22 71 78
29 30 29
3 9 118
26 92 41
5 36 10
14 42 42
73 77 2
60 123 88
30 68 30
49 60 88
21 35 80
48 124 124
39 96 49
39 101 23
4 19 4
13 20 20
10 65 65
108 117 108
72 98 98
22 52 61
10 73 74
43 63 43
13 41 41
25 70 25
8 79 79
24 122 79
11 99 29
69 92 69
5 19 4
90 101 112
35 80 80
8 109 64
23 49 49
52 63 61
32 69 1
67 97 103
5 18 94
10 124 124
13 72 106
65 125 126
2 119 2
61 76 61
30 123 30
30 69 30
1 97 1
23 43 23
97 125 126
10 81 81
84 117 65
18 79 79
77 127 127
26 82 41
74 127 127
50 102 127
42 76 42
19 101 4
17 109 64
84 92 43
25 90 25
25 58 25
11 121 121
70 110 76
25 65 25
67 121 121
39 119 56
4 42 42
20 55 11
72 96 106
73 121 121
31 73 74
2 35 2
49 120 81
77 108 2
2 70 2
35 119 80
91 104 121
14 110 76
59 88 88
5 101 23
49 112 112
66 74 66
13 36 82
6 119 6
31 57 122
81 121 121
52 123 61
13 85 6
3 104 121
52 77 61
1 49 1
91 101 23
47 69 124
66 116 107
33 114 22
22 73 22
36 68 63
58 125 126
108 121 121
9 58 58
30 76 30
30 114 30
106 115 98
45 48 89
61 124 124
42 86 42
94 109 64
38 54 31
35 102 80
16 18 94
86 113 42
24 117 79
64 107 107
14 21 105
69 71 78
90 124 124
6 104 121
11 96 11
21 86 42
10 86 42
8 116 107
2 81 81
18 105 94
52 124 124
20 84 20
13 31 82
17 38 45
5 107 107
107 118 107
45 52 61
115 118 98
52 67 61
60 72 88
48 99 29
18 66 66
58 98 98
13 83 66
55 85 11
12 60 88
3 85 6
33 120 81
50 86 127
52 92 61
34 67 103
48 106 106
16 115 98
10 84 43
87 96 75
5 58 58
27 47 124
28 29 29
13 84 82
41 101 41
19 128 28
53 57 53
70 105 8
14 62 14
59 61 61
18 101 94
29 93 29
77 100 2
47 59 124
2 78 78
8 94 94
98 104 121
56 62 56
15 54 53
15 46 25
11 128 28
45 116 107
88 105 88
73 75 74
13 69 69
67 98 98
21 76 76
16 101 23
22 64 22
58 68 58
48 68 89
41 83 66
17 27 45
41 85 6
12 19 4
12 66 66
8 56 8
19 67 103
6 28 28
24 112 112
39 54 31
1 50 1
2 11 2
6 65 6
75 100 75
8 32 1
31 114 22
50 67 127
36 90 112
18 73 74
25 50 127
89 100 89
10 99 29
100 117 14
77 113 2
7 89 89
7 54 113
93 115 98
73 119 74
86 98 42
80 117 80
105 114 22
81 123 81
27 34 108
23 116 107
6 14 6
27 103 103
10 57 122
10 33 58
69 88 88
49 88 88
60 103 88
14 122 122
109 115 98
108 125 126
3 76 76
90 94 112
30 70 30
44 68 63
73 80 74
38 67 103
76 106 76
108 112 112
8 37 8
36 92 10
57 111 122
13 65 82
88 94 88
24 40 79
38 57 122
12 39 111
50 103 127
1 64 1
55 78 78
34 77 2
12 102 111
1 11 1
56 83 66
20 109 64
50 74 127
15 108 53
17 105 45
71 119 78
24 104 121
3 20 20
38 70 8
93 125 126
9 66 66
26 85 6
71 84 78
109 121 121
54 121 121
80 120 81
46 77 2
91 124 124
25 72 25
97 124 124
6 57 122
68 121 121
72 127 127
2 74 2
13 37 20
30 107 107
51 65 30
21 116 107
37 65 20
25 124 124
17 86 42
37 109 64
19 33 58
36 61 61
44 93 91
25 45 25
62 70 8
82 109 64
24 127 127
41 87 75
29 61 29
27 79 79
43 92 43
70 102 8
59 89 69
59 110 76
1 86 1
7 103 113
74 104 121
114 124 124
5 21 105
9 49 118
104 124 121
65 73 74
13 90 112
34 45 45
18 61 61
55 71 78
52 75 61
8 60 88
29 102 29
10 71 78
62 67 103
77 126 2
58 119 58
34 108 108
31 61 61
90 100 112
59 127 127
52 59 61
112 125 112
105 122 122
3 78 78
13 47 124
18 44 94
1 9 1
75 119 75
7 75 75
81 127 127
33 73 74
58 120 81
63 84 43
37 93 20
85 123 6
100 116 107
30 112 30
89 106 106
33 63 58
76 123 76
19 119 4
9 77 2
18 100 94
6 126 126
2 79 2
18 50 127
6 86 42
57 126 126
53 114 22
83 85 66
9 20 118
101 105 105
39 97 97
1 110 1
1 58 1
9 68 118
15 80 53
52 68 61
22 122 22
99 109 29
3 38 97
61 78 78
15 82 53
3 126 126
41 74 74
9 48 89
2 114 2
11 109 11
2 32 1
72 101 106
79 86 42
14 108 108
99 106 29
25 64 25
66 76 76
57 100 122
10 96 49
32 77 1
1 28 1
89 105 89
44 58 58
84 120 81
32 107 1
49 109 64
13 39 82
2 29 29
31 110 76
37 100 20
36 127 127
47 64 124
40 57 122
94 96 94
45 100 45
10 105 105
33 45 58
63 72 106
99 118 29
42 115 42
100 123 14
26 27 41
37 112 112
14 19 4
33 42 42
15 119 53
46 56 25
74 108 74
87 108 75
21 45 45
28 116 107
14 90 112
40 110 76
34 69 69
89 117 89
49 113 113
19 30 30
35 96 49
45 60 88
38 96 49
26 73 74
35 43 80
67 128 28
61 82 61
38 93 91
9 82 118
72 102 106
8 51 30
5 71 78
41 89 89
7 105 113
1 100 1
11 88 88
75 103 75
40 79 79
20 94 94
103 126 126
97 102 97
46 58 25
16 66 66
52 58 61
34 91 108
13 77 2
70 104 121
63 106 106
14 52 61
33 74 74
2 7 2
25 91 25
11 125 11
96 99 29
78 117 78
10 12 111
7 104 121
52 81 81
30 127 127
5 75 75
100 112 112
38 69 69
21 24 79
50 73 127
30 71 78
28 57 28
55 87 11
54 91 91
34 78 78
9 28 28
3 26 41
20 41 41
7 62 113
70 92 8
20 112 112
73 128 28
25 117 25
86 87 42
67 84 103
99 121 29
32 47 1
110 117 76
41 76 76
92 109 64
51 117 30
6 74 74
121 122 121
21 115 98
43 68 43
21 90 112
18 31 94
3 52 61
46 65 25
1 85 1
17 79 79
34 44 108
60 104 88
82 103 103
58 67 58
33 53 53
22 121 121
67 115 98
100 101 23
107 125 107
90 91 112
34 114 22
73 123 74
49 111 49
90 109 112
17 113 113
55 102 11
73 108 74
49 99 29
6 46 25
84 119 43
84 123 43
9 91 118
12 63 111
59 60 88
14 15 53
5 109 64
15 98 98
80 89 89
60 62 88
49 121 121
19 57 122
70 120 81
38 100 14
17 43 45
24 121 121
2 115 2
38 84 43
16 83 66
10 34 108
31 128 28
109 113 64
8 68 8
73 78 78
55 118 11
41 80 41
121 125 121
61 121 121
3 123 97
23 96 49
66 88 88
49 92 49
24 43 79
88 124 88
28 82 28
34 120 81
21 82 105
1 125 1
4 69 69
24 64 64
17 87 75
15 114 22
4 35 4
38 109 64
5 16 16
33 96 58
85 125 126
32 118 1
65 98 98
38 116 107
9 75 75
44 111 111
2 59 2
13 48 89
32 33 1
40 54 31
32 66 1
90 116 107
13 26 41
118 123 118
7 38 113
24 68 79
3 24 79
27 72 106
33 111 58
40 125 126
78 92 78
21 125 126
57 89 89
22 46 22
55 82 11
69 120 81
9 52 61
20 77 2
63 118 118
7 94 113
2 113 2
89 107 107
16 100 14
18 25 25
27 93 91
112 115 98
9 125 126
47 79 124
5 40 16
27 59 69
114 127 127
55 77 2
15 53 53
4 87 75
25 40 25
4 79 79
36 116 107
74 80 74
21 43 105
40 46 25
81 93 81
4 100 4
14 54 14
12 23 111
37 77 2
34 64 64
11 76 11
22 47 124
111 125 126
5 68 63
27 75 75
19 43 4
10 25 25
17 18 94
54 74 74
103 115 98
68 77 2
52 96 61
34 110 76
23 76 76
54 119 56
34 50 127
43 81 81
78 127 127
57 69 69
18 119 94
56 60 88
11 15 11
63 87 75
81 88 88
28 90 28
9 69 69
16 89 89
24 36 79
21 59 69
63 98 98
78 86 78
56 63 56
42 77 42
9 56 118
10 119 56
99 126 29
26 75 75
17 19 4
37 64 64
33 101 58
15 49 53
22 113 22
111 124 124
50 80 127
26 62 41
21 89 89
30 53 30
64 111 64
101 121 121
52 88 88
69 76 76
19 125 126
35 49 49
77 111 2
25 88 88
53 69 69
48 123 89
62 85 6
82 92 82
9 89 89
11 82 11
51 103 30
51 96 30
48 64 64
27 113 113
19 118 118
10 121 121
23 68 23
4 92 4
9 15 53
39 106 106
1 6 1
98 125 98
64 121 121
16 48 89
102 103 103
88 98 88
12 37 20
42 55 42
3 102 97
41 86 42
34 54 108
23 100 23
14 105 105
101 113 113
30 61 30
6 59 69
1 16 1
26 67 41
49 72 106
57 66 66
2 25 2
16 17 45
85 101 6
3 84 43
59 111 69
10 22 22
79 111 79
1 2 1
22 101 22
104 117 121
117 125 126
44 109 64
13 25 25
68 82 82
23 26 41
42 46 42
84 85 6
57 72 106
57 62 122
23 114 22
18 106 106
84 86 42
41 84 41
11 35 11
12 126 126
7 33 113
11 102 11
10 21 105
22 91 22
88 121 88
19 23 4
1 114 1
19 103 103
62 76 76
28 110 28
21 51 30
36 115 98
56 114 22
15 92 53
64 75 64
24 45 79
54 64 64
22 94 22
19 77 2
62 73 74
12 54 111
87 106 106
12 18 94
18 116 107
5 87 75
76 90 76
33 37 58
75 111 75
40 64 64
7 97 113
7 15 53
1 72 1
76 88 88
21 38 105
19 42 42
67 109 64
11 36 11
100 126 126
45 111 45
115 121 121
88 120 88
17 56 45
12 57 122
67 114 22
96 118 118
39 79 79
27 107 107
3 29 29
23 46 25
92 110 76
10 37 20
50 57 127
93 96 49
51 127 127
110 111 76
16 52 61
18 21 94
120 126 81
25 111 25
39 111 111
22 25 22
25 55 11
83 106 66
35 118 118
34 79 79
86 93 42
57 123 122
2 126 2
86 128 28
46 53 25
103 116 107
60 121 88
94 124 124
57 93 122
58 115 98
51 77 30
62 83 66
81 103 81
77 125 2
57 113 122
71 88 88
48 84 89
50 81 127
55 65 11
10 109 64
72 120 81
53 121 121
15 22 22
41 48 89
54 68 63
1 20 1
77 80 2
53 83 66
61 89 61
46 109 25
52 78 78
26 96 41
8 62 8
32 62 1
51 120 30
28 72 28
58 90 112
19 124 124
78 99 29
3 117 65
24 55 11
27 73 74
69 105 69
47 58 124
15 27 53
99 108 29
9 16 118
35 110 76
5 12 111
77 87 2
12 101 111
73 99 29
94 120 81
7 44 113
80 114 22
75 104 121
7 113 113
46 64 25
57 70 122
29 100 29
11 120 81
113 118 113
73 100 74
18 88 88
22 37 22
50 97 127
104 106 121
46 113 25
62 126 126
26 56 41
60 67 88
46 61 61
66 114 22
42 94 42
35 103 103
94 118 94
77 123 2
45 123 45
79 108 79
33 62 58
58 77 2
48 57 89
60 110 88
81 126 81
119 121 121
72 85 106
71 94 78
63 110 76
37 47 124
12 113 113
25 38 25
17 39 45
46 87 25
110 127 127
22 33 22
109 122 64
7 77 2
62 101 23
74 99 29
19 87 75
6 54 6
15 121 121
53 128 28
47 123 124
87 97 75
24 92 79
15 18 53
54 105 105
57 68 122
55 106 11
67 72 106
54 80 80
65 113 113
9 105 118
63 102 63
20 123 20
33 44 58
3 5 97
43 44 43
36 78 78
98 110 76
2 92 2
86 94 42
25 107 107
70 90 112
12 78 78
59 98 69
55 90 11
87 117 75
61 72 61
20 73 74
37 110 76
46 90 25
55 58 11
14 77 2
39 120 81
19 120 81
109 126 64
28 55 28
57 97 122
54 67 103
66 108 66
111 115 98
48 82 89
34 40 108
48 93 89
75 93 75
68 81 81
3 100 14
65 100 14
10 39 10
84 109 64
11 51 30
106 112 112
41 90 112
54 116 107
48 83 66
44 104 121
52 91 61
119 123 56
101 117 23
8 63 8
31 42 42
42 59 42
15 91 53
24 35 79
22 118 22
16 67 103
21 88 88
117 118 118
35 113 113
82 94 94
3 86 42
87 112 112
20 127 127
70 78 78
50 78 127
1 128 1
24 76 76
51 75 30
54 114 22
68 100 14
44 125 126
57 106 106
34 92 108
79 101 79
106 127 127
72 99 29
37 92 20
4 77 2
33 75 75
68 85 6
24 80 79
69 126 69
20 35 80
29 104 29
87 103 75
5 104 121
64 74 64
48 118 89
110 126 76
77 83 2
100 120 81
21 73 74
41 127 127
10 92 10
70 87 75
36 124 124
49 118 118
30 83 30
14 103 103
11 106 11
51 69 30
8 87 75
21 93 105
80 86 42
39 125 126
3 119 56
29 109 29
36 64 64
79 91 79
85 107 107
49 64 64
20 78 78
64 119 64
37 86 42
42 119 42
44 75 75
47 67 124
71 102 78
6 96 6
26 31 41
72 87 106
12 110 76
113 128 28
91 125 126
27 106 106
44 71 78
114 116 107
27 60 88
39 70 8
69 90 69
21 114 22
11 116 107
94 128 28
89 94 89
35 84 80
31 97 97
60 124 88
26 126 126
33 99 29
80 113 113
54 75 75
74 76 76
26 115 98
38 74 74
16 59 69
100 122 122
7 126 126
56 85 6
52 53 61
14 88 88
105 120 81
13 81 81
5 63 63
40 73 74
98 106 98
96 125 126
29 31 29
33 81 81
90 104 121
22 125 22
72 76 76
50 127 127
45 72 106
78 128 78
24 89 79
47 118 124
43 47 124
7 116 107
46 67 25
37 119 20
24 83 66
5 88 88
69 112 69
48 81 81
40 98 98
19 24 79
71 107 107
7 16 113
84 115 98
74 122 122
62 72 106
15 118 53
7 47 124
57 99 29
6 87 6
76 85 76
10 127 127
71 128 78
44 52 61
53 98 98
4 82 4
52 126 61
19 44 4
30 109 30
70 125 126
42 88 88
70 123 8
29 35 29
103 121 121
2 42 42
46 60 88
79 97 79
96 113 113
90 105 112
107 128 107
5 45 45
37 68 20
62 99 29
39 84 43
66 92 66
5 33 58
81 122 81
61 83 61
17 126 126
13 58 58
77 90 2
86 126 42
39 94 94
8 118 118
31 111 111
12 119 111
76 113 76
76 109 76
42 121 121
41 112 112
15 16 53
9 113 113
28 51 28
59 104 121
34 121 121
20 33 58
37 57 122
57 128 28
32 106 1
39 71 78
14 56 14
12 22 22
21 83 66
18 51 30
10 49 49
91 105 105
76 110 76
7 69 69
14 113 113
96 100 49
104 120 121
4 80 4
28 35 28
25 71 78
49 74 74
64 112 112
7 65 113
93 106 106
30 87 30
62 114 22
19 73 74
94 105 94
34 63 108
72 93 106
36 72 106
70 119 8
58 59 69
24 54 79
8 110 76
10 30 30
73 126 126
29 75 29
18 85 6
21 40 105
81 98 81
34 115 98
34 65 108
18 46 25
88 92 88
90 125 112
57 65 122
39 104 121
28 30 28
22 30 30
33 88 88
18 56 94
27 70 8
52 100 61
35 86 42
55 120 81
35 70 80
82 85 6
22 60 88
35 128 28
40 77 2
57 81 81
43 120 81
7 11 11
69 99 29
79 114 22
89 127 127
30 96 30
23 113 113
39 47 124
16 114 22
3 120 81
11 127 127
75 99 29
55 81 81
18 107 107
116 120 107
121 127 127
91 116 107
19 26 41
21 52 61
63 73 74
29 114 29
8 38 8
115 124 124
82 99 29
23 72 106
23 30 30
107 112 107
1 124 1
14 115 98
17 76 76
33 85 6
26 71 78
9 59 69
41 50 127
69 82 69
47 99 29
107 115 107
21 64 64
25 122 25
63 81 81
31 87 75
24 111 79
39 59 69
10 106 106
3 96 49
29 103 29
101 115 98
8 124 124
35 56 80
8 103 103
16 90 112
88 106 88
83 110 76
91 122 122
68 87 75
27 44 44
34 123 108
8 23 8
19 55 11
18 43 94
79 123 79
36 45 45
42 72 42
54 96 49
22 69 22
33 38 58
20 106 106
13 52 61
72 91 106
80 116 107
13 63 82
46 84 25
17 73 74
71 72 78
7 82 113
10 102 10
30 122 30
120 125 81
73 118 74
47 62 124
75 112 112
9 112 112
30 74 30
65 97 65
3 59 69
68 88 88
1 109 1
45 47 124
20 60 88
109 118 64
81 106 81
17 63 45
28 120 28
7 80 113
47 52 124
73 109 64
42 114 42
8 115 98
72 86 42
67 120 81
5 30 30
52 107 107
10 48 89
63 70 8
78 102 78
66 81 81
24 70 79
28 61 28
16 126 126
28 117 28
33 127 127
59 107 107
29 45 29
30 46 30
124 126 124
33 51 30
48 103 89
96 128 28
18 117 94
34 80 80
16 78 78
68 84 43
42 60 88
11 63 11
10 55 11
16 96 49
17 57 122
48 85 89
57 102 122
112 128 28
12 84 111
27 115 98
21 100 105
49 71 78
45 79 79
50 105 127
21 70 8
44 100 14
86 119 42
83 117 66
47 121 121
37 52 61
55 62 11
61 113 61
25 76 76
44 117 65
107 114 107
38 122 122
14 96 49
88 103 88
26 79 79
12 93 111
88 100 88
92 115 98
45 85 6
7 42 42
54 113 113
21 102 105
24 65 79
92 96 49
119 120 81
41 71 78
60 75 88
26 101 41
8 59 69
37 102 20
67 82 103
42 78 78
4 81 81
87 121 121
26 32 1
12 13 111
32 112 1
21 101 105
10 28 28
47 110 124
9 98 98
36 48 89
68 97 63
35 108 80
65 116 107
58 70 58
40 101 23
6 33 6
1 53 1
103 108 103
17 108 45
106 123 106
65 84 65
29 38 29
23 39 23
10 72 106
6 114 22
57 67 122
59 63 69
14 73 74
24 58 79
2 30 30
84 90 112
5 126 126
50 109 127
79 127 127
35 59 69
55 93 11
17 120 81
66 110 76
45 56 45
104 128 121
58 106 106
45 103 103
53 127 127
10 16 10
43 69 69
32 78 1
9 38 118
99 120 29
70 80 80
58 60 88
5 70 8
39 123 123
74 125 126
34 57 122
17 35 80
46 59 69
19 81 81
113 116 107
77 81 81
13 128 28
54 61 61
30 94 30
56 118 118
6 82 6
74 89 89
57 64 64
4 115 98
10 31 10
18 64 64
82 100 82
14 101 23
76 86 42
94 123 94
52 87 61
26 39 41
68 104 121
4 11 11
38 64 64
9 93 118
12 91 111
49 73 74
50 87 127
49 100 49
7 112 112
79 122 79
57 92 122
3 15 53
116 125 107
14 43 14
24 125 79
88 109 88
20 118 118
35 92 80
19 21 4
40 112 112
50 56 127
20 121 121
32 37 1
27 68 63
12 30 30
17 46 25
6 93 6
11 104 121
12 33 58
65 124 124
15 58 53
94 110 76
8 66 66
11 115 11
58 104 121
61 84 61
11 80 11
61 73 61
18 26 41
88 89 88
28 107 107
48 120 81
66 106 66
69 110 76
48 67 89
55 79 11
10 111 111
2 118 2
94 125 126
33 97 58
25 115 25
89 97 89
26 34 41
110 112 76
45 106 106
102 118 118
70 75 75
45 65 45
50 63 127
4 78 78
50 51 127
45 112 112
30 126 30
88 101 88
88 110 88
62 100 14
12 125 126
85 110 76
52 89 61
60 63 88
39 117 65
2 41 2
74 111 74
70 100 8
3 94 94
41 123 41
28 106 28
34 56 108
72 92 106
50 104 127
39 44 44
8 15 53
73 85 74
43 80 80
68 69 69
86 102 42
10 67 103
16 44 16
19 84 4
11 29 29
42 83 42
34 100 108
15 115 98
45 92 45
93 116 107
108 114 22
71 73 78
40 45 45
38 73 74
65 106 106
17 21 45
40 93 91
62 107 107
22 57 22
25 69 69
22 90 22
38 87 75
28 93 28
26 49 41
65 70 8
24 32 1
10 13 82
63 107 107
20 59 69
75 123 75
88 111 88
27 86 42
8 127 127
107 110 107
93 105 105
28 77 28
4 105 4
28 112 28
13 123 82
22 104 121
20 85 6
3 115 98
61 105 61
10 52 61
77 115 2
21 39 105
34 51 30
35 78 78
43 64 64
84 101 23
31 107 107
36 101 23
22 99 29
44 88 88
18 114 22
19 75 75
1 105 1
52 61 61
24 123 79
42 101 42
15 62 53
18 123 94
71 113 78
90 128 28
82 108 82
20 116 107
18 83 66
15 41 53
29 126 29
19 58 58
34 125 126
17 123 45
45 128 28
3 90 112
9 83 66
81 124 124
3 37 20
16 93 91
64 113 64
97 100 14
42 63 42
12 68 111
18 126 126
8 18 94
80 82 80
98 128 28
48 55 11
10 85 6
42 102 42
21 27 105
27 83 66
112 119 112
9 53 53
61 93 61
84 110 76
17 42 42
61 110 61
40 89 89
18 57 122
86 107 107
44 82 82
81 102 81
25 85 25
67 73 74
55 64 11
108 126 126
35 51 30
75 114 22
36 118 118
48 71 78
37 81 81
19 39 4
11 14 11
30 38 30
23 93 23
38 115 98
54 65 65
28 81 28
30 103 30
39 72 106
17 127 127
43 83 66
100 124 124
1 22 1
11 59 11
32 128 1
18 41 41
25 56 25
25 35 25
53 103 53
83 120 81
58 87 75
56 100 14
76 87 76
17 62 45
38 48 89
28 109 28
7 73 74
24 33 79
48 61 61
78 87 78
61 103 61
19 51 30
6 39 6
53 99 29
4 73 74
55 61 61
44 85 6
20 90 112
75 126 126
26 119 41
15 101 53
73 74 74
74 116 107
90 117 112
62 69 69
71 89 78
30 48 30
43 61 61
1 33 1
44 53 53
35 54 80
6 9 6
55 101 11
77 79 2
23 55 11
73 106 106
72 117 106
26 110 76
5 46 25
41 109 64
59 75 69
19 82 4
26 124 124
15 72 53
10 90 112
4 26 41
28 104 121
37 94 94
53 104 121
94 127 127
1 80 1
42 109 42
3 39 97
112 114 22
76 98 76
100 119 14
5 120 81
14 107 107
104 114 121
41 65 41
67 86 42
8 19 4
21 57 122
58 75 75
6 76 76
80 126 126
59 65 69
86 110 42
105 112 112
54 66 66
30 66 30
31 37 20
70 94 94
23 89 89
15 111 53
15 128 28
96 123 49
16 61 61
25 125 25
14 100 14
58 122 122
16 119 56
24 99 29
49 110 76
93 102 91
15 66 66
48 52 61
66 84 66
74 119 74
55 121 121
61 119 61
23 36 23
15 100 53
11 112 11
8 61 61
37 73 74
87 123 75
78 122 78
57 117 122
44 67 103
6 80 6
23 65 23
72 111 106
40 67 103
79 118 79
73 89 89
16 117 65
1 25 1
75 86 42
34 96 49
91 126 126
83 113 66
16 74 74
7 37 113
8 17 8
4 7 113
37 40 20
6 107 107
13 42 42
31 35 80
26 54 41
82 83 66
9 54 118
18 40 94
4 102 4
15 40 53
36 44 10
25 114 22
46 100 25
67 103 103
39 100 14
6 8 6
59 72 69
20 124 124
8 108 8
85 89 89
11 97 11
66 115 66
42 126 42
12 45 45
83 128 28
112 113 112
23 122 122
57 90 112
16 57 122
63 109 64
34 128 28
26 89 89
18 39 94
26 60 88
24 96 79
56 73 74
70 107 107
36 96 49
88 112 88
97 115 98
11 108 11
83 116 107
14 102 14
6 41 6
40 66 66
9 37 118
63 122 122
26 36 41
18 63 94
37 58 58
54 79 79
39 90 112
23 103 103
81 109 81
53 77 2
35 79 79
76 111 76
48 91 89
46 104 121
31 52 61
34 113 113
43 73 74
39 127 127
110 122 76
55 75 11
76 96 76
64 126 64
19 35 4
49 83 66
62 79 79
2 53 2
50 84 127
58 110 76
58 82 58
22 28 28
51 114 30
56 77 2
18 121 121
114 122 22
73 103 74
101 124 124
56 87 75
42 75 42
31 33 58
87 101 75
77 99 29
48 69 69
23 66 66
59 115 69
46 126 25
28 38 28
34 84 108
83 107 107
113 126 126
84 87 75
22 53 22
15 45 53
4 51 30
2 57 2
27 120 81
92 114 22
51 73 30
4 40 4
50 68 127
24 66 66
8 13 8
2 28 28
100 128 28
14 76 76
7 52 61
31 83 66
81 99 29
13 40 82
7 8 113
23 102 23
87 102 75
3 64 64
75 125 126
9 55 11
20 47 124
34 82 82
46 124 124
21 105 105
67 96 103
29 80 29
87 91 75
61 90 61
110 114 76
47 75 124
32 64 1
35 76 76
38 72 106
30 110 30
31 121 121
70 101 8
12 59 69
1 106 1
42 53 42
6 100 6
12 48 89
73 114 22
16 56 56
32 115 1
49 101 49
82 114 22
20 70 8
42 80 42
9 18 94
74 101 74
47 102 124
39 53 53
43 86 42
22 112 22
106 118 106
66 102 66
2 13 2
46 74 25
19 122 122
19 109 64
30 64 30
13 60 88
28 44 28
53 117 53
51 64 30
29 81 29
23 81 81
70 114 22
9 61 61
19 27 4
117 120 81
52 101 61
101 126 126
34 90 112
31 75 75
21 117 105
49 50 127
20 67 103
78 81 78
19 37 4
15 44 53
79 112 112
48 121 121
64 117 64
1 43 1
75 88 88
96 114 22
107 120 107
1 42 1
60 66 88
31 46 25
37 107 107
7 91 113
94 113 113
8 81 81
80 94 94
105 123 105
35 48 89
36 99 29
45 63 45
94 121 121
11 91 11
87 119 75
97 111 111
48 89 89
73 101 74
47 54 124
9 35 118
30 97 30
75 117 75
7 108 113
7 111 113
99 110 29
29 90 29
48 70 89
81 119 81
27 126 126
34 39 108
67 107 107
28 96 28
63 104 121
44 74 74
123 125 126
28 114 28
60 96 88
15 19 53
22 55 11
2 15 2
6 72 106
5 98 98
52 121 121
56 116 107
32 101 1
56 104 121
23 127 127
24 26 79
45 97 45
30 55 30
57 85 122
38 110 76
13 114 22
58 63 58
53 80 53
53 124 124
5 125 126
1 66 1
6 60 88
39 75 75
49 102 49
60 114 88
113 127 127
44 115 98
38 61 61
46 117 25
76 82 76
59 112 69
48 108 89
56 88 88
19 62 4
7 96 113
86 120 42
27 38 27
25 104 121
109 123 64
53 106 53
44 50 127
18 59 69
35 98 98
9 97 118
31 91 91
15 73 53
3 77 2
19 32 1
9 102 118
33 118 58
87 111 75
66 87 66
22 81 81
26 97 41
36 37 20
85 105 6
29 115 29
42 67 42
36 103 103
2 94 2
61 80 61
11 12 11
24 116 107
28 66 28
1 27 1
67 122 122
86 122 42
82 93 82
67 69 69
83 112 66
51 89 30
56 102 56
2 64 2
26 41 41
66 127 127
7 34 113
33 102 58
47 56 124
51 63 30
90 106 112
36 110 76
11 126 11
17 60 88
40 52 61
12 109 64
41 102 41
20 76 76
67 108 103
80 84 80
99 128 29
17 93 45
6 22 22
7 107 107
90 93 112
67 123 103
82 104 121
68 119 56
55 107 107
5 90 112
18 122 122
12 128 28
80 118 118
33 100 58
60 128 88
13 17 45
29 72 29
33 113 113
21 120 81
55 59 11
17 119 45
6 78 78
32 83 1
40 69 69
2 8 2
49 51 30
96 110 76
13 89 89
24 81 81
16 110 76
26 30 30
35 74 74
72 110 76
17 101 45
8 77 2
3 73 74
29 71 29
69 89 69
48 107 107
76 112 76
22 106 22
32 110 1
32 90 1
66 105 66
17 91 45
73 112 112
7 125 126
110 123 76
23 25 25
17 83 66
43 114 22
9 96 118
88 97 88
22 126 22
46 76 76
31 92 31
11 114 11
13 92 82
71 82 78
87 114 22
71 120 78
9 73 74
48 114 22
85 122 122
16 69 69
75 127 127
6 81 81
7 26 113
16 99 29
52 105 61
1 54 1
59 108 69
50 70 127
67 83 66
84 128 28
3 19 4
2 71 78
20 101 20
28 87 28
19 38 4
69 124 124
42 43 42
29 106 29
91 96 49
3 4 4
4 103 103
6 124 124
77 98 2
7 86 42
33 91 58
7 56 113
7 9 113
23 86 42
3 91 91
7 122 122
70 122 122
67 93 103
117 126 126
1 55 1
35 114 22
43 127 127
41 47 124
39 76 76
77 86 42
68 75 75
39 41 41
41 53 53
55 80 11
72 107 107
55 69 11
53 102 53
5 99 29
25 81 81
10 53 53
8 70 8
69 103 69
87 120 81
64 123 64
14 67 103
35 111 80
18 128 28
34 53 53
23 37 20
45 120 81
48 87 89
46 115 25
41 43 41
39 51 30
20 32 1
54 72 106
43 56 43
88 91 88
69 128 28
15 125 53
37 69 69
83 127 127
69 107 107
8 97 8
27 74 74
18 68 94
105 117 105
1 74 1
97 126 126
58 109 64
47 87 124
12 31 111
40 59 69
35 112 112
4 43 4
8 75 75
82 106 106
22 78 78
25 30 30
18 28 28
36 57 122
96 107 107
19 102 4
105 115 98
24 98 98
50 113 127
44 83 66
43 75 75
39 99 29
48 78 78
7 18 113
88 115 88
44 107 107
27 119 56
28 47 28
90 112 112
27 114 22
76 101 76
86 96 42
68 101 23
3 49 49
5 116 107
8 99 29
58 111 58
73 88 88
34 116 107
59 90 69
34 83 66
17 122 122
36 51 30
33 128 28
111 113 113
1 73 1
86 103 42
5 26 41
99 105 29
89 118 89
56 111 111
8 14 8
41 46 25
25 42 42
38 128 28
12 74 74
62 105 105
5 103 103
18 70 94
37 44 20
23 51 30
47 85 124
33 58 58
75 77 2
101 127 127
1 79 1
81 120 81
61 69 61
19 31 4
30 104 121
78 125 78
17 28 28
7 99 29
58 97 58
102 115 98
36 117 65
33 116 107
60 102 88
5 118 118
10 44 10
25 26 25
50 118 127
49 85 6
54 124 124
26 42 42
6 11 11
33 90 112
40 115 98
55 74 11
51 113 30
99 113 29
1 113 1
48 97 89
76 114 76
36 74 74
74 96 74
20 83 66
13 115 98
88 108 88
11 68 11
58 73 74
36 70 8
55 103 11
55 108 11
25 127 127
57 78 78
15 55 11
6 105 6
112 127 127
33 40 58
22 26 22
2 80 2
36 121 121
54 100 14
26 46 25
106 125 106
11 67 11
43 93 91
40 68 63
93 120 81
32 60 1
28 123 28
17 26 41
4 52 61
7 109 64
90 127 127
4 99 29
11 43 11
31 72 106
48 79 79
24 63 79
4 122 122
5 78 78
51 126 30
36 111 111
75 82 75
30 34 30
94 103 103
16 65 65
68 94 94
8 120 81
45 109 64
16 71 78
19 71 78
48 92 89
105 108 105
100 125 126
11 57 11
25 128 28
23 59 69
13 113 113
32 48 1
82 97 82
22 50 127
68 118 118
27 31 31
16 107 107
4 41 41
31 93 91
30 125 30
2 18 2
13 78 78
9 25 25
127 128 127
11 124 124
7 17 113
61 67 61
37 84 20
52 71 78
54 89 89
49 98 98
54 126 126
51 105 30
12 117 111
68 89 89
40 49 49
59 109 69
49 80 49
16 35 80
12 46 25
5 94 94
92 124 124
81 112 81
65 87 75
87 89 89
71 124 78
10 79 79
76 125 76
5 49 49
112 117 112
62 94 94
27 88 88
35 62 80
53 70 53
51 128 28
60 80 88
77 89 2
37 114 22
16 50 127
14 71 78
14 29 29
10 56 56
6 18 6
66 121 121
4 90 112
88 125 88
114 118 22
62 87 75
49 63 49
21 42 42
3 21 105
34 72 106
25 119 25
96 98 98
25 27 25
25 108 25
33 60 88
43 59 69
5 15 53
18 35 94
13 22 22
29 51 29
27 117 65
126 128 28
13 49 49
5 100 14
43 45 45
24 93 79
20 45 45
23 57 122
77 120 81
41 56 41
75 83 66
15 81 81
40 72 106
10 70 8
93 110 76
32 122 1
118 126 126
22 105 22
76 79 76
15 120 81
29 91 29
53 90 53
47 84 124
3 109 64
4 36 4
28 86 28
103 118 103
41 66 66
75 101 75
1 93 1
41 110 76
9 14 118
63 91 91
61 100 61
68 70 8
7 81 81
12 88 88
22 62 22
8 88 88
2 120 81
69 73 69
78 126 78
80 98 98
7 72 106
119 126 126
57 77 2
45 110 76
68 107 107
6 43 6
40 128 28
66 125 66
1 82 1
35 100 80
81 85 81
11 42 42
105 110 76
11 65 11
13 111 111
10 43 43
20 58 58
42 97 42
18 36 94
85 116 107
19 74 74
29 56 29
67 126 126
31 48 89
105 113 113
39 42 42
16 26 41
47 65 124
79 102 79
80 115 98
62 96 49
30 59 30
30 113 30
34 126 126
58 64 64
36 85 6
21 79 79
46 122 25
10 69 69
89 123 89
34 87 75
19 41 41
40 87 75
98 108 98
14 66 66
76 103 76
71 81 78
46 127 127
7 67 113
91 93 91
32 80 1
88 126 88
12 15 53
97 128 28
39 68 63
39 124 124
43 106 106
74 113 74
23 87 75
16 106 106
52 84 61
23 88 88
59 69 69
52 86 42
2 6 2
45 62 45
13 50 127
74 110 76
83 124 124
40 55 11
70 73 74
17 110 76
1 23 1
102 107 107
59 114 22
23 64 64
113 115 98
104 115 121
28 53 28
47 78 78
46 99 29
64 78 78
74 120 81
115 117 98
8 40 8
9 40 118
2 110 2
88 123 88
91 102 91
42 91 42
35 36 80
33 43 58
56 127 127
102 112 112
19 123 4
57 105 122
46 121 121
6 117 6
25 86 42
57 103 122
19 127 127
23 35 80
35 63 80
111 126 126
10 118 118
13 112 112
25 48 25
36 126 126
27 81 81
67 76 76
19 61 61
77 107 107
17 97 45
13 59 69
96 112 112
63 114 22
75 94 75
28 89 28
101 112 112
11 70 11
64 93 64
74 94 74
44 101 23
91 127 127
63 92 63
42 70 42
97 112 112
4 113 113
53 82 53
81 91 81
17 31 45
84 99 29
23 124 124
66 118 66
15 105 53
6 128 28
97 127 127
52 74 61
22 34 22
19 52 61
53 64 53
73 116 107
45 61 61
30 106 30
112 126 112
91 108 108
27 62 27
39 103 103
25 113 25
18 65 94
114 125 22
54 101 23
34 118 118
64 118 64
7 74 74
82 112 112
73 91 74
55 89 11
24 88 88
35 53 53
18 67 103
37 103 103
59 120 81
7 83 66
20 74 74
35 73 74
13 21 105
22 111 22
75 91 75
67 87 75
28 111 28
10 15 53
17 80 80
6 36 6
25 67 25
20 125 126
69 94 69
60 92 88
19 85 6
39 88 88
29 58 29
27 110 76
57 59 69
79 89 79
70 96 49
42 82 42
26 66 66
2 47 124
44 122 122
72 78 78
11 38 11
19 59 69
64 122 64
87 98 98
97 107 107
83 115 66
3 51 30
14 114 22
90 115 98
44 47 124
28 115 28
110 124 124
13 100 82
33 71 78
112 120 81
73 127 127
13 125 126
13 71 78
64 115 98
22 44 22
91 98 98
8 100 8
7 61 61
53 93 53
23 101 23
67 116 107
1 117 1
36 82 82
37 91 20
82 91 82
73 76 76
97 122 122
24 126 79
26 57 122
72 108 106
94 112 112
5 7 113
98 109 98
20 57 122
52 104 121
83 100 66
11 117 11
118 128 28
43 94 94
35 45 80
63 125 126
15 88 88
21 67 103
110 118 76
32 61 1
85 119 6
40 119 56
4 123 4
49 124 124
9 51 30
96 126 126
35 126 126
60 77 88
18 42 42
46 54 25
6 110 76
76 121 121
67 111 103
20 50 127
75 79 79
112 122 112
47 128 28
9 101 118
58 103 58
1 52 1
35 67 103
92 107 107
7 53 53
60 108 88
53 54 53
7 13 113
16 122 122
32 123 1
21 26 41
27 116 107
11 81 81
53 105 53
111 121 121
117 122 122
33 106 106
4 109 64
2 63 2
45 105 45
59 124 124
45 59 69
27 28 28
9 114 22
66 104 121
37 70 8
3 125 126
39 98 98
15 21 53
104 125 121
3 127 127
65 118 118
58 96 58
2 77 2
55 60 88
3 97 97
50 53 127
44 80 80
24 47 124
24 103 79
100 106 106
3 99 29
28 54 28
66 113 66
24 114 22
17 85 6
37 99 29
11 100 11
91 119 91
1 46 1
17 121 121
18 38 94
20 93 20
42 68 42
31 89 89
17 96 49
35 105 80
26 55 11
28 80 28
22 102 22
33 34 58
58 69 69
35 39 80
57 76 76
32 119 1
61 115 61
35 66 66
83 118 66
36 79 79
20 24 79
24 119 79
55 126 11
22 32 1
53 68 53
30 72 30
13 110 76
81 89 81
63 100 14
33 87 75
84 111 111
24 71 78
49 122 122
60 111 88
98 126 98
66 126 66
29 128 29
17 77 2
27 76 76
28 45 28
79 125 79
7 25 25
33 67 58
12 21 111
23 60 88
27 128 28
73 117 74
51 92 30
26 28 28
6 48 89
36 43 43
58 127 127
105 109 64
30 47 30
4 104 121
28 60 88
125 128 28
63 88 88
53 72 53
26 80 41
8 50 127
10 64 64
53 110 76
36 54 10
72 81 81
37 125 126
9 100 118
42 51 42
44 62 44
6 103 6
49 105 49
35 58 58
25 31 25
41 111 41
78 106 78
66 77 2
28 83 28
78 79 78
22 48 22
99 117 29
13 67 103
29 43 29
83 92 66
28 34 28
18 48 89
11 44 11
25 80 25
27 50 127
10 45 45
27 41 41
54 56 56
21 99 29
61 116 107
98 116 107
70 116 107
70 93 8
16 70 8
32 74 1
10 76 76
28 43 28
12 92 111
73 82 74
62 71 78
104 109 121
34 99 29
40 86 42
50 75 127
7 10 113
40 82 82
21 61 61
5 23 23
52 57 61
55 110 11
48 73 89
32 98 1
16 33 58
108 110 76
22 74 22
67 119 103
26 38 41
37 82 20
81 100 81
79 107 107
21 53 53
85 86 42
108 109 64
18 120 81
90 97 112
31 109 64
23 125 126
93 122 122
4 64 64
54 58 58
7 22 22
2 49 2
26 61 61
16 41 41
24 69 69
69 125 69
50 91 127
7 51 30
20 56 20
41 103 41
43 125 126
57 71 78
110 119 76
67 90 112
18 77 2
14 55 11
93 118 118
12 56 111
94 119 94
115 127 127
109 110 76
7 24 79
124 128 28
62 122 122
22 119 22
4 89 89
42 87 42
111 120 81
111 114 22
6 98 98
15 123 53
57 119 122
59 85 69
108 122 122
41 120 81
26 106 106
54 87 75
1 26 1
47 101 124
29 66 29
44 86 42
51 55 30
13 51 30
50 116 107
83 126 66
26 52 61
76 92 76
73 94 74
69 85 69
54 108 108
52 65 61
16 60 88
68 98 98
83 122 66
2 75 2
68 105 105
15 67 53
32 41 1
12 36 111
2 43 2
94 115 98
5 50 127
67 127 127
57 87 122
22 127 127
