128 4748
19 87 16
41 105 38
13 49 10
18 81 18
8 35 8
50 108 50
83 126 80
66 119 66
69 87 66
96 105 96
52 73 52
91 100 88
4 92 4
18 71 18
53 96 50
52 72 52
26 38 26
78 92 78
18 53 18
24 70 24
13 18 10
45 50 42
51 86 48
32 114 32
26 83 26
26 48 26
27 54 24
11 120 8
94 124 94
30 50 30
79 84 76
126 127 124
35 45 32
36 119 36
19 33 16
28 102 28
34 122 34
74 128 74
83 86 80
15 23 12
109 115 106
18 121 18
34 69 34
35 108 32
24 101 24
35 96 32
15 116 12
30 65 30
60 102 60
44 78 44
56 85 56
41 89 38
43 116 40
68 88 68
35 90 32
44 126 44
61 69 58
42 127 42
57 66 54
27 107 24
19 67 16
89 110 86
83 125 80
89 104 86
34 111 34
49 87 46
85 113 82
34 63 34
72 85 72
59 113 56
59 87 56
34 36 34
12 23 12
10 119 10
27 101 24
59 97 56
77 81 74
51 80 48
15 51 12
87 115 84
73 81 70
1 23 1
17 73 14
7 78 4
23 101 20
1 90 1
52 126 52
54 99 54
40 45 40
53 94 50
50 95 50
29 96 26
27 37 24
64 80 64
3 38 1
87 118 84
17 34 14
3 90 1
89 118 86
6 12 6
82 97 82
62 103 62
71 102 68
26 104 26
65 124 62
82 123 82
66 104 66
16 26 16
5 55 2
32 74 32
8 54 8
42 117 42
57 108 54
1 86 1
61 100 58
33 82 30
14 60 14
62 120 62
95 100 92
4 88 4
49 110 46
60 117 60
40 127 40
73 124 70
102 126 102
107 112 104
45 94 42
73 98 70
38 82 38
52 76 52
59 60 56
45 97 42
48 120 48
103 117 100
41 97 38
52 66 52
109 125 106
49 82 46
34 99 34
58 60 58
37 120 34
63 112 60
2 8 2
28 91 28
10 38 10
37 52 34
18 31 18
51 53 48
25 44 22
20 117 20
3 69 1
22 121 22
16 37 16
14 31 14
11 70 8
92 103 92
12 124 12
90 95 90
97 113 94
31 85 28
36 97 36
97 99 94
63 114 60
12 60 12
12 69 12
1 3 1
32 60 32
4 112 4
20 54 20
10 31 10
11 105 8
13 38 10
84 94 84
4 17 4
6 126 6
13 52 10
70 71 68
46 84 46
71 82 68
32 67 32
9 106 6
19 118 16
19 51 16
39 57 36
4 14 4
14 118 14
62 111 62
26 80 26
6 13 6
16 79 16
40 66 40
11 91 8
22 82 22
18 125 18
2 34 2
106 108 106
34 70 34
68 124 68
29 41 26
1 69 1
69 106 66
25 99 22
47 57 44
16 104 16
30 48 30
38 122 38
74 121 74
12 24 12
14 42 14
15 20 12
30 49 30
14 21 14
21 67 18
48 52 48
86 100 86
44 45 42
4 19 4
66 79 66
49 103 46
11 99 8
2 16 2
79 82 76
95 127 92
1 62 1
28 74 28
13 24 10
4 44 4
37 106 34
18 123 18
26 29 26
23 104 20
18 64 18
1 34 1
7 44 4
34 126 34
4 70 4
10 128 10
67 112 64
57 81 54
33 83 30
6 34 6
64 90 64
6 85 6
36 56 36
57 125 54
63 128 60
78 128 78
11 13 8
103 121 100
79 102 76
1 26 1
45 61 42
53 110 50
18 23 18
59 61 56
27 89 24
12 15 12
39 79 36
2 13 2
25 127 22
75 121 72
42 63 42
8 123 8
24 114 24
27 63 24
74 126 74
95 102 92
112 127 112
63 118 60
103 116 100
57 118 54
103 108 100
54 75 54
43 105 40
68 122 68
46 81 46
21 75 18
47 61 44
28 51 28
42 64 42
23 97 20
16 71 16
115 118 112
65 123 62
1 94 1
112 128 112
44 68 44
1 114 1
52 65 52
10 66 10
20 110 20
28 57 28
71 72 68
6 98 6
6 112 6
6 36 6
39 58 36
72 94 72
23 95 20
55 98 52
13 57 10
57 70 54
89 109 86
60 80 60
105 112 102
35 89 32
10 110 10
78 115 78
52 68 52
28 113 28
54 68 54
33 96 30
112 114 112
15 48 12
28 125 28
11 49 8
7 84 4
69 123 66
41 93 38
113 115 110
6 64 6
31 86 28
22 40 22
6 43 6
70 73 70
93 128 90
28 112 28
46 52 46
46 122 46
66 92 66
3 32 1
20 46 20
14 59 14
21 27 18
33 72 30
53 115 50
67 68 64
123 126 120
74 75 72
22 116 22
8 33 8
32 97 32
32 59 32
37 72 34
40 78 40
71 110 68
81 92 78
36 88 36
21 115 18
119 121 116
87 122 84
16 18 16
25 54 22
48 84 48
49 76 46
37 96 34
75 99 72
3 12 1
32 78 32
122 123 120
15 63 12
57 59 54
28 33 28
110 116 110
64 87 64
34 59 34
4 100 4
65 88 62
101 121 98
3 61 1
44 71 44
25 109 22
17 21 14
60 95 60
70 96 70
99 127 96
85 86 82
107 110 104
5 78 2
4 22 4
54 83 54
17 123 14
17 64 14
87 121 84
28 37 28
55 83 52
35 81 32
37 39 34
8 92 8
5 12 2
79 127 76
6 107 6
15 72 12
86 87 84
6 74 6
27 114 24
91 113 88
46 88 46
9 23 6
68 111 68
9 16 6
33 60 30
19 95 16
7 14 4
6 14 6
68 81 68
27 97 24
55 63 52
29 115 26
117 126 114
57 62 54
21 85 18
56 98 56
101 105 98
85 105 82
104 105 102
27 79 24
36 80 36
8 15 8
34 90 34
13 111 10
51 126 48
28 108 28
25 68 22
101 112 98
62 79 62
87 100 84
36 71 36
23 48 20
21 69 18
25 106 22
117 128 114
58 63 58
40 128 40
59 75 56
5 59 2
17 46 14
20 92 20
57 86 54
107 108 104
31 52 28
81 97 78
36 83 36
97 107 94
5 49 2
96 98 96
43 119 40
15 123 12
51 122 48
53 73 50
22 24 22
52 92 52
7 53 4
84 104 84
75 128 72
65 114 62
5 126 2
32 53 32
111 113 108
118 128 118
72 99 72
2 54 2
88 112 88
35 104 32
8 10 8
53 88 50
99 102 96
29 98 26
48 57 48
23 28 20
13 60 10
72 128 72
56 75 56
21 121 18
19 91 16
48 124 48
2 27 2
1 25 1
34 51 34
38 59 38
109 124 106
26 121 26
84 90 84
51 52 48
11 78 8
6 27 6
16 64 16
29 62 26
6 10 6
3 79 1
22 76 22
17 110 14
109 119 106
12 21 12
105 116 102
3 40 1
14 25 14
23 124 20
49 69 46
52 101 52
86 97 86
41 94 38
59 105 56
21 35 18
26 87 26
67 108 64
58 80 58
8 19 8
50 119 50
81 110 78
40 90 40
82 96 82
27 115 24
46 108 46
72 80 72
43 47 40
55 121 52
74 123 74
37 68 34
3 50 1
9 92 6
46 75 46
18 91 18
82 89 82
6 19 6
105 126 102
32 110 32
31 62 28
94 96 94
113 127 110
26 46 26
2 50 2
2 53 2
121 123 118
57 119 54
68 106 68
25 107 22
19 46 16
115 125 112
91 106 88
2 38 2
27 58 24
34 44 34
39 84 36
48 88 48
43 49 40
75 118 72
82 101 82
5 50 2
2 115 2
103 112 100
65 112 62
35 57 32
23 122 20
20 62 20
13 67 10
95 119 92
101 125 98
74 86 74
40 101 40
24 117 24
27 66 24
35 80 32
37 73 34
111 114 108
113 123 110
16 35 16
4 96 4
83 121 80
101 110 98
92 126 92
4 21 4
27 100 24
79 124 76
64 92 64
73 82 70
51 69 48
102 117 102
4 38 4
80 107 80
37 125 34
1 19 1
49 54 46
39 71 36
83 100 80
16 53 16
93 106 90
95 106 92
1 120 1
31 95 28
76 121 76
8 112 8
5 88 2
33 74 30
21 63 18
16 96 16
108 124 108
26 60 26
9 128 6
10 60 10
51 74 48
99 118 96
75 84 72
12 41 12
24 47 24
99 116 96
93 115 90
25 75 22
12 19 12
71 101 68
53 120 50
83 101 80
67 120 64
51 103 48
8 51 8
36 64 36
16 90 16
42 70 42
1 8 1
29 31 26
10 11 8
45 117 42
62 77 62
82 108 82
49 60 46
25 42 22
68 97 68
37 75 34
26 97 26
25 26 22
117 124 114
11 56 8
12 54 12
5 81 2
102 112 102
28 59 28
47 52 44
29 66 26
108 109 106
36 100 36
5 107 2
99 100 96
34 89 34
55 127 52
100 112 100
103 106 100
75 117 72
33 120 30
60 112 60
3 17 1
30 115 30
29 75 26
55 59 52
41 121 38
39 123 36
4 45 4
22 54 22
77 97 74
73 125 70
5 23 2
29 64 26
37 108 34
53 123 50
16 109 16
90 93 90
47 128 44
55 91 52
51 60 48
101 124 98
1 92 1
94 100 94
11 58 8
27 123 24
87 112 84
69 88 66
15 27 12
70 94 70
51 68 48
86 126 86
18 55 18
11 42 8
4 61 4
16 54 16
21 50 18
54 88 54
87 105 84
33 108 30
38 74 38
16 80 16
97 112 94
37 86 34
65 89 62
2 21 2
31 109 28
80 126 80
64 97 64
71 126 68
2 66 2
41 46 38
19 72 16
29 127 26
39 69 36
13 86 10
61 120 58
42 67 42
54 65 54
40 77 40
4 32 4
113 122 110
22 101 22
7 116 4
1 111 1
61 110 58
5 53 2
29 40 26
89 97 86
87 119 84
9 26 6
19 56 16
61 96 58
19 109 16
116 125 116
38 86 38
3 105 1
27 118 24
27 59 24
33 122 30
35 82 32
62 105 62
17 113 14
57 84 54
45 73 42
41 47 38
13 32 10
70 98 70
52 59 52
39 47 36
119 123 116
79 125 76
18 35 18
119 127 116
87 107 84
12 83 12
8 69 8
102 104 102
1 42 1
28 83 28
7 56 4
79 114 76
77 104 74
66 67 64
30 40 30
30 47 30
7 35 4
41 99 38
25 84 22
34 39 34
87 91 84
70 104 70
40 83 40
90 99 90
32 88 32
67 107 64
48 93 48
32 95 32
35 120 32
37 60 34
47 83 44
30 122 30
62 109 62
58 79 58
95 98 92
14 122 14
25 49 22
7 106 4
6 24 6
113 118 110
13 47 10
3 26 1
40 104 40
64 117 64
12 18 12
20 84 20
85 89 82
27 29 24
50 86 50
30 98 30
51 127 48
42 111 42
44 84 44
47 106 44
67 77 64
62 118 62
45 78 42
46 74 46
114 120 114
35 122 32
2 47 2
34 121 34
26 28 26
28 124 28
5 29 2
69 89 66
25 101 22
11 65 8
13 28 10
53 99 50
19 89 16
85 103 82
53 95 50
93 107 90
40 84 40
17 57 14
73 116 70
82 84 82
30 128 30
46 89 46
6 59 6
57 61 54
19 24 16
30 43 30
75 91 72
22 25 22
36 105 36
86 105 86
59 71 56
18 54 18
20 36 20
39 68 36
110 113 110
94 99 94
77 106 74
16 116 16
19 36 16
75 115 72
67 127 64
30 86 30
8 95 8
8 41 8
57 89 54
37 85 34
2 85 2
6 57 6
17 29 14
51 98 48
5 96 2
18 24 18
65 109 62
19 123 16
67 97 64
70 92 70
118 122 118
19 92 16
31 43 28
17 58 14
67 88 64
41 126 38
47 86 44
5 74 2
26 51 26
48 70 48
9 42 6
8 56 8
21 54 18
73 118 70
61 70 58
3 9 1
35 60 32
80 118 80
24 94 24
36 96 36
99 128 96
7 72 4
87 127 84
68 116 68
26 96 26
77 82 74
71 94 68
4 95 4
8 72 8
34 66 34
23 67 20
16 127 16
75 108 72
76 90 76
83 112 80
41 75 38
15 91 12
7 47 4
8 68 8
11 36 8
27 39 24
107 111 104
32 72 32
59 96 56
81 101 78
11 106 8
14 104 14
44 105 44
11 12 8
3 33 1
35 94 32
80 95 80
94 101 94
62 102 62
43 57 40
71 125 68
18 33 18
72 89 72
71 80 68
2 26 2
14 22 14
65 66 62
51 108 48
10 30 10
56 73 56
6 111 6
11 17 8
8 47 8
20 43 20
31 114 28
56 83 56
30 87 30
57 58 54
48 75 48
13 40 10
36 47 36
92 106 92
9 121 6
47 85 44
43 62 40
32 118 32
8 9 6
33 81 30
104 121 104
34 53 34
7 71 4
82 119 82
1 14 1
69 72 66
61 95 58
39 116 36
48 55 48
63 87 60
73 96 70
44 51 44
104 113 104
65 82 62
25 34 22
85 101 82
13 25 10
55 70 52
58 68 58
41 74 38
115 119 112
105 120 102
85 114 82
44 83 44
93 120 90
39 45 36
79 110 76
42 126 42
41 77 38
43 96 40
25 115 22
13 66 10
15 31 12
113 119 110
48 56 48
33 53 30
41 44 38
41 59 38
73 109 70
42 80 42
54 95 54
30 93 30
11 30 8
16 17 14
27 105 24
51 93 48
48 99 48
71 113 68
45 52 42
81 84 78
57 112 54
12 85 12
55 107 52
34 54 34
12 57 12
17 76 14
42 121 42
16 39 16
53 84 50
58 61 58
88 118 88
41 64 38
65 73 62
28 54 28
83 128 80
11 74 8
26 117 26
69 107 66
22 61 22
39 117 36
53 55 50
13 26 10
58 71 58
17 59 14
1 57 1
6 123 6
9 113 6
19 65 16
94 104 94
65 74 62
29 88 26
100 124 100
75 116 72
4 51 4
42 50 42
62 91 62
66 97 66
31 99 28
31 53 28
8 27 8
23 126 20
21 104 18
43 64 40
36 48 36
49 115 46
23 58 20
17 63 14
36 59 36
45 66 42
93 104 90
54 117 54
46 51 46
35 75 32
44 61 44
42 60 42
61 67 58
73 128 70
77 124 74
115 127 112
13 35 10
51 105 48
47 79 44
1 39 1
39 106 36
53 108 50
66 81 66
31 32 28
43 111 40
28 123 28
34 38 34
29 43 26
74 116 74
83 109 80
95 114 92
61 106 58
52 53 50
12 128 12
59 69 56
12 121 12
25 45 22
10 28 10
117 127 114
38 43 38
40 111 40
33 44 30
16 29 16
5 20 2
98 124 98
27 98 24
3 44 1
12 115 12
111 126 108
55 114 52
33 54 30
19 119 16
29 54 26
34 104 34
16 128 16
92 100 92
4 57 4
53 98 50
43 82 40
14 120 14
38 96 38
70 84 70
84 110 84
1 36 1
48 117 48
14 15 12
81 113 78
18 58 18
70 82 70
45 99 42
31 47 28
8 25 8
77 105 74
49 77 46
48 100 48
23 107 20
55 119 52
98 99 96
2 103 2
26 37 26
63 111 60
41 73 38
101 117 98
5 15 2
65 113 62
35 98 32
12 37 12
65 125 62
85 87 82
32 50 32
79 89 76
104 118 104
58 103 58
18 99 18
54 60 54
41 86 38
90 110 90
35 92 32
55 126 52
1 6 1
61 109 58
47 66 44
17 107 14
2 4 2
6 108 6
4 31 4
63 108 60
1 101 1
35 125 32
95 112 92
21 22 18
107 124 104
8 127 8
16 58 16
61 63 58
38 51 38
70 74 70
23 66 20
66 94 66
56 95 56
65 107 62
8 115 8
89 128 86
31 54 28
29 39 26
27 42 24
15 57 12
47 126 44
22 128 22
104 106 104
23 117 20
91 93 88
20 25 20
33 105 30
62 68 62
54 105 54
4 15 4
91 103 88
2 5 2
2 7 2
12 36 12
71 127 68
26 30 26
92 111 92
8 53 8
28 85 28
60 104 60
49 108 46
19 21 16
81 126 78
18 115 18
16 113 16
50 76 50
35 85 32
91 124 88
89 113 86
13 50 10
21 38 18
90 105 90
23 121 20
68 119 68
29 38 26
11 61 8
31 46 28
4 5 2
92 109 92
56 57 54
9 101 6
12 26 12
47 72 44
2 11 2
11 45 8
48 112 48
63 86 60
53 119 50
6 65 6
30 83 30
49 96 46
100 103 100
93 124 90
12 38 12
56 67 56
48 67 48
74 79 74
5 56 2
32 45 32
60 82 60
93 98 90
114 121 114
46 110 46
2 10 2
39 119 36
35 77 32
43 74 40
65 128 62
67 75 64
37 66 34
59 86 56
45 82 42
65 101 62
64 68 64
80 86 80
64 100 64
49 80 46
33 113 30
7 128 4
123 124 120
115 116 112
14 123 14
20 82 20
38 81 38
39 60 36
15 68 12
21 128 18
67 85 64
19 40 16
49 118 46
24 103 24
70 124 70
38 99 38
31 37 28
20 47 20
24 55 24
34 56 34
27 52 24
14 29 14
20 24 20
56 58 56
43 61 40
38 67 38
53 70 50
1 77 1
10 54 10
33 119 30
38 71 38
64 76 64
58 78 58
41 90 38
57 96 54
4 40 4
7 12 4
97 103 94
79 122 76
87 116 84
53 125 50
47 108 44
40 65 40
53 85 50
54 72 54
109 126 106
6 26 6
56 112 56
95 104 92
39 65 36
68 70 68
76 107 76
9 57 6
4 25 4
5 22 2
48 51 48
53 74 50
49 64 46
6 37 6
65 108 62
107 116 104
54 112 54
55 110 52
116 117 114
33 68 30
71 93 68
45 79 42
76 112 76
46 53 46
126 128 126
24 73 24
26 52 26
27 71 24
54 116 54
74 78 74
38 58 38
9 48 6
9 14 6
38 42 38
7 82 4
42 103 42
65 95 62
106 124 106
62 69 62
46 55 46
9 75 6
41 53 38
78 97 78
29 124 26
119 126 116
45 90 42
61 78 58
29 57 26
84 86 84
15 106 12
61 114 58
71 97 68
65 81 62
10 13 10
72 90 72
100 116 100
15 26 12
74 81 74
77 88 74
62 93 62
96 99 96
57 79 54
55 101 52
17 128 14
16 75 16
18 50 18
44 96 44
65 70 62
91 123 88
3 104 1
39 43 36
50 51 48
25 125 22
24 80 24
67 81 64
19 66 16
28 36 28
14 16 14
119 124 116
7 32 4
2 97 2
22 79 22
49 117 46
10 33 10
50 52 50
87 125 84
5 94 2
37 102 34
15 53 12
85 93 82
20 50 20
58 119 58
34 68 34
24 107 24
11 125 8
37 47 34
53 97 50
47 117 44
48 128 48
57 67 54
107 109 104
107 119 104
87 114 84
43 120 40
61 104 58
93 99 90
4 122 4
5 82 2
13 76 10
9 103 6
72 125 72
95 120 92
14 92 14
38 46 38
1 46 1
37 88 34
52 118 52
12 89 12
87 102 84
87 109 84
124 125 122
64 116 64
113 125 110
46 64 46
19 93 16
35 42 32
21 99 18
17 120 14
72 111 72
64 88 64
24 69 24
77 80 74
18 65 18
31 81 28
30 121 30
90 112 90
10 53 10
15 122 12
15 127 12
31 110 28
23 127 20
22 69 22
43 44 40
19 60 16
22 23 20
91 114 88
18 30 18
69 71 66
42 69 42
81 106 78
77 85 74
47 68 44
10 16 10
27 76 24
94 115 94
22 29 22
50 122 50
18 37 18
14 24 14
47 50 44
99 126 96
8 46 8
27 125 24
58 84 58
6 52 6
17 19 14
58 76 58
24 67 24
52 93 52
41 58 38
43 50 40
57 88 54
14 96 14
97 115 94
59 124 56
49 113 46
4 29 4
43 46 40
92 101 92
21 29 18
60 65 60
12 95 12
90 117 90
64 74 64
8 79 8
41 114 38
42 47 42
25 78 22
71 87 68
50 118 50
52 90 52
39 66 36
56 105 56
21 93 18
15 21 12
4 50 4
79 93 76
24 61 24
23 106 20
88 89 86
30 64 30
55 123 52
1 53 1
88 120 88
14 77 14
17 45 14
79 120 76
15 69 12
20 88 20
12 99 12
32 43 32
74 76 74
40 53 40
61 112 58
29 42 26
66 88 66
84 121 84
4 81 4
14 88 14
16 44 16
25 53 22
26 72 26
49 79 46
54 103 54
77 78 74
77 127 74
12 32 12
34 46 34
10 39 10
36 110 36
56 108 56
26 27 24
61 66 58
109 121 106
84 93 84
7 28 4
15 61 12
23 32 20
65 102 62
82 85 82
43 113 40
86 111 86
66 124 66
6 67 6
70 83 70
28 39 28
46 58 46
81 115 78
38 83 38
66 108 66
40 102 40
8 32 8
2 51 2
45 120 42
70 89 70
81 122 78
23 51 20
8 13 8
50 83 50
27 95 24
92 125 92
10 78 10
18 78 18
117 121 114
34 55 34
47 98 44
19 64 16
120 126 120
14 37 14
111 128 108
5 64 2
111 112 108
35 118 32
16 120 16
14 39 14
79 96 76
67 70 64
113 126 110
16 66 16
55 100 52
14 127 14
27 69 24
32 35 32
12 55 12
79 107 76
7 13 4
67 71 64
21 42 18
54 71 54
52 80 52
33 76 30
14 32 14
76 128 76
46 78 46
46 118 46
2 123 2
9 43 6
11 62 8
27 116 24
35 116 32
111 120 108
36 102 36
44 109 44
30 77 30
125 126 122
50 68 50
54 128 54
117 119 114
63 107 60
35 38 32
41 92 38
29 67 26
38 119 38
59 122 56
43 103 40
69 126 66
3 46 1
6 55 6
2 22 2
4 18 4
22 119 22
95 107 92
99 121 96
47 94 44
24 85 24
117 120 114
95 105 92
21 76 18
18 41 18
1 28 1
66 125 66
59 112 56
71 90 68
29 52 26
63 95 60
11 90 8
40 41 38
16 28 16
8 61 8
52 63 52
65 79 62
13 88 10
46 61 46
30 81 30
15 55 12
71 123 68
93 100 90
82 124 82
51 62 48
20 102 20
76 103 76
59 89 56
62 100 62
59 110 56
16 31 16
45 119 42
92 102 92
23 118 20
22 81 22
74 120 74
21 25 18
16 72 16
106 121 106
12 76 12
8 14 8
79 95 76
50 69 50
8 26 8
45 116 42
16 93 16
81 121 78
73 107 70
75 87 72
12 65 12
2 37 2
119 125 116
47 89 44
14 34 14
45 80 42
61 123 58
5 42 2
18 43 18
44 60 44
3 82 1
9 71 6
31 73 28
13 91 10
16 65 16
111 124 108
55 108 52
2 18 2
75 109 72
12 56 12
102 128 102
72 108 72
20 29 20
14 51 14
42 77 42
25 93 22
89 100 86
47 75 44
1 128 1
56 120 56
65 68 62
49 91 46
111 115 108
55 88 52
76 100 76
10 25 10
113 121 110
14 110 14
94 112 94
57 128 54
101 108 98
120 123 120
47 99 44
49 89 46
30 88 30
68 95 68
14 47 14
43 92 40
101 109 98
23 69 20
29 30 26
59 65 56
25 80 22
64 102 64
55 82 52
102 110 102
17 112 14
21 97 18
69 96 66
127 128 124
33 123 30
75 114 72
22 59 22
83 114 80
57 115 54
30 58 30
75 105 72
36 40 36
38 39 36
89 102 86
3 34 1
100 114 100
22 60 22
43 66 40
10 70 10
25 83 22
70 127 70
69 115 66
28 101 28
26 78 26
4 54 4
12 71 12
36 53 36
79 88 76
34 61 34
71 107 68
12 28 12
77 83 74
43 124 40
84 97 84
4 27 4
48 71 48
101 126 98
63 76 60
28 50 28
56 126 56
70 76 70
85 90 82
88 106 88
5 110 2
35 74 32
56 92 56
59 119 56
66 112 66
97 98 94
17 77 14
51 66 48
38 116 38
36 114 36
93 109 90
93 118 90
78 108 78
47 49 44
22 30 22
8 36 8
61 125 58
4 39 4
31 94 28
4 120 4
45 56 42
29 80 26
17 47 14
43 118 40
6 22 6
3 48 1
63 84 60
41 68 38
59 85 56
22 97 22
53 103 50
37 83 34
40 100 40
63 90 60
28 49 28
15 79 12
4 16 4
72 109 72
26 62 26
42 59 42
42 57 42
80 115 80
29 116 26
2 83 2
14 26 14
25 103 22
44 64 44
6 46 6
45 100 42
46 117 46
31 65 28
17 61 14
76 94 76
27 91 24
42 122 42
67 124 64
114 115 112
34 57 34
87 92 84
86 89 86
89 93 86
12 78 12
89 107 86
10 87 10
4 24 4
60 101 60
44 72 44
121 127 118
13 95 10
30 110 30
77 94 74
79 83 76
81 116 78
103 115 100
87 93 84
76 93 76
36 75 36
63 113 60
8 58 8
59 68 56
5 61 2
61 117 58
47 54 44
40 106 40
89 116 86
24 99 24
1 41 1
29 86 26
38 70 38
54 100 54
53 126 50
47 102 44
6 115 6
44 62 44
29 92 26
47 81 44
47 59 44
9 15 6
31 58 28
46 54 46
14 23 14
61 83 58
79 123 76
61 73 58
84 101 84
6 29 6
18 122 18
2 69 2
108 112 108
83 103 80
44 100 44
29 101 26
17 104 14
38 98 38
81 120 78
62 85 62
18 84 18
59 114 56
15 45 12
59 99 56
30 34 30
6 89 6
67 116 64
73 78 70
34 64 34
5 37 2
84 125 84
43 70 40
66 68 66
31 80 28
31 98 28
34 43 34
52 55 52
50 110 50
56 62 56
51 59 48
6 25 6
1 51 1
45 53 42
3 80 1
51 56 48
6 114 6
32 89 32
5 10 2
75 119 72
65 96 62
18 26 18
63 69 60
41 54 38
31 55 28
73 84 70
83 85 80
54 96 54
6 110 6
15 118 12
61 98 58
32 64 32
30 100 30
7 58 4
24 38 24
25 72 22
17 23 14
6 17 6
6 75 6
62 66 62
56 65 56
18 92 18
18 57 18
88 113 88
69 116 66
47 73 44
44 124 44
66 118 66
16 100 16
22 38 22
1 2 1
43 121 40
12 45 12
45 103 42
82 98 82
30 60 30
99 110 96
60 96 60
1 7 1
105 123 102
6 9 6
25 57 22
24 109 24
10 88 10
68 114 68
35 113 32
61 127 58
1 85 1
31 79 28
93 123 90
41 115 38
89 117 86
68 86 68
42 93 42
49 128 46
87 128 84
36 54 36
9 67 6
94 103 94
17 117 14
9 63 6
84 122 84
41 87 38
43 72 40
49 56 46
67 73 64
71 119 68
12 75 12
49 100 46
7 100 4
3 14 1
21 26 18
99 107 96
50 59 50
16 33 16
84 108 84
4 111 4
60 98 60
1 89 1
37 100 34
3 81 1
90 98 90
52 116 52
12 103 12
37 121 34
36 67 36
30 92 30
11 73 8
59 111 56
12 105 12
47 93 44
7 119 4
4 12 4
102 111 102
23 49 20
62 64 62
58 96 58
94 128 94
6 125 6
48 113 48
61 119 58
8 55 8
77 119 74
15 65 12
20 76 20
62 70 62
39 91 36
97 108 94
9 64 6
67 114 64
34 52 34
99 109 96
69 111 66
84 85 82
51 79 48
20 128 20
30 31 28
55 84 52
41 128 38
76 91 76
66 83 66
10 22 10
8 113 8
35 55 32
111 117 108
43 107 40
7 37 4
111 118 108
45 67 42
3 122 1
107 126 104
71 120 68
11 55 8
25 64 22
14 105 14
49 121 46
102 114 102
8 73 8
37 84 34
92 94 92
47 71 44
93 113 90
16 85 16
26 75 26
67 126 64
83 104 80
45 121 42
51 54 48
54 120 54
8 104 8
45 57 42
45 91 42
66 73 66
16 86 16
8 87 8
59 115 56
28 96 28
19 98 16
40 54 40
65 99 62
106 110 106
56 63 56
20 90 20
10 45 10
23 56 20
18 94 18
44 101 44
103 109 100
54 122 54
58 104 58
12 17 12
20 71 20
89 120 86
44 91 44
31 120 28
18 38 18
47 119 44
7 23 4
22 45 22
105 114 102
60 75 60
51 84 48
62 72 62
103 123 100
68 104 68
37 98 34
54 109 54
78 124 78
13 105 10
17 55 14
31 128 28
11 40 8
97 104 94
35 61 32
7 63 4
8 119 8
93 127 90
2 99 2
16 87 16
8 86 8
71 117 68
47 101 44
29 49 26
53 122 50
55 77 52
44 90 44
77 95 74
40 86 40
12 20 12
58 88 58
37 116 34
53 60 50
8 29 8
50 84 50
51 67 48
26 66 26
31 69 28
87 103 84
23 46 20
33 98 30
20 33 20
17 118 14
12 118 12
105 119 102
21 31 18
47 110 44
30 80 30
6 53 6
54 91 54
70 128 70
2 106 2
45 54 42
36 77 36
21 79 18
6 39 6
32 112 32
2 49 2
52 122 52
50 57 50
26 58 26
61 87 58
113 128 110
26 64 26
17 94 14
35 83 32
25 29 22
72 79 72
12 64 12
109 123 106
103 111 100
63 94 60
4 48 4
25 90 22
63 116 60
47 69 44
54 70 54
111 119 108
81 119 78
2 76 2
40 99 40
17 84 14
3 56 1
6 93 6
63 109 60
55 60 52
2 25 2
100 109 100
31 119 28
14 103 14
19 54 16
42 43 40
17 91 14
15 73 12
10 46 10
107 118 104
88 97 88
44 56 44
107 128 104
35 123 32
71 95 68
106 128 106
15 97 12
63 115 60
36 45 36
53 121 50
50 127 50
34 67 34
45 108 42
69 84 66
29 45 26
25 102 22
58 81 58
54 74 54
49 62 46
65 105 62
18 46 18
73 117 70
59 128 56
109 118 106
83 89 80
66 122 66
68 80 68
96 103 96
25 69 22
86 109 86
21 77 18
89 121 86
68 75 68
21 33 18
4 8 4
44 79 44
108 128 108
33 103 30
79 101 76
12 22 12
109 116 106
11 97 8
74 108 74
71 115 68
1 63 1
6 41 6
24 26 24
1 44 1
48 96 48
32 126 32
38 77 38
66 86 66
88 127 88
53 100 50
34 93 34
62 89 62
61 77 58
2 23 2
32 39 32
41 101 38
16 73 16
1 11 1
52 103 52
5 69 2
15 36 12
45 68 42
88 126 88
22 63 22
79 113 76
29 82 26
82 92 82
4 75 4
32 41 32
81 91 78
32 100 32
33 49 30
27 62 24
7 80 4
4 69 4
45 74 42
9 115 6
35 48 32
19 116 16
5 32 2
73 114 70
26 42 26
89 114 86
29 34 26
25 123 22
37 111 34
5 76 2
35 65 32
75 90 72
69 119 66
52 81 52
69 108 66
40 51 40
29 46 26
46 76 46
55 69 52
61 97 58
2 14 2
54 61 54
91 125 88
67 82 64
45 128 42
60 77 60
39 127 36
27 90 24
4 125 4
27 127 24
81 87 78
5 113 2
1 24 1
81 104 78
113 120 110
16 23 16
31 67 28
53 113 50
4 37 4
60 72 60
30 95 30
103 118 100
20 60 20
20 35 20
57 71 54
7 69 4
102 123 102
29 89 26
67 72 64
88 107 88
16 56 16
30 78 30
48 87 48
91 110 88
22 89 22
95 125 92
94 119 94
13 75 10
42 118 42
49 112 46
30 33 30
53 67 50
30 62 30
99 101 96
59 125 56
19 107 16
35 93 32
107 123 104
3 55 1
61 102 58
84 102 84
30 70 30
87 104 84
95 96 92
44 112 44
81 109 78
114 128 114
101 114 98
16 81 16
24 43 24
97 116 94
35 121 32
53 71 50
10 117 10
20 26 20
3 68 1
60 61 58
91 127 88
40 96 40
23 84 20
25 98 22
23 27 20
20 28 20
19 80 16
28 98 28
13 39 10
66 114 66
79 104 76
7 22 4
50 64 50
64 83 64
60 69 60
17 42 14
58 86 58
78 79 76
7 120 4
22 109 22
27 119 24
56 90 56
4 104 4
116 118 116
2 118 2
31 78 28
44 119 44
48 83 48
5 58 2
82 120 82
56 60 56
38 50 38
32 54 32
116 128 116
99 123 96
14 111 14
101 111 98
27 102 24
77 123 74
44 99 44
71 128 68
89 99 86
7 10 4
1 9 1
18 49 18
24 126 24
63 79 60
19 73 16
116 121 116
66 89 66
43 73 40
34 49 34
1 47 1
83 93 80
2 45 2
67 105 64
1 35 1
17 101 14
16 32 16
15 88 12
63 96 60
26 93 26
5 115 2
30 38 30
65 76 62
85 109 82
33 99 30
81 124 78
41 116 38
52 106 52
39 114 36
17 114 14
9 85 6
103 104 100
63 92 60
47 123 44
62 88 62
12 48 12
13 36 10
122 128 122
72 82 72
3 120 1
118 120 118
30 56 30
24 77 24
4 9 4
73 88 70
4 72 4
90 122 90
110 124 110
54 59 54
65 92 62
49 67 46
33 128 30
39 42 36
9 120 6
37 53 34
12 59 12
87 126 84
21 28 18
20 72 20
58 64 58
7 60 4
71 78 68
109 128 106
9 86 6
53 106 50
87 113 84
9 46 6
97 127 94
43 67 40
44 122 44
77 116 74
50 94 50
86 122 86
11 124 8
22 57 22
97 101 94
14 43 14
41 67 38
26 68 26
33 90 30
56 79 56
51 100 48
119 128 116
29 121 26
6 48 6
4 30 4
50 55 50
69 104 66
39 81 36
117 125 114
75 123 72
6 44 6
21 127 18
21 70 18
6 95 6
60 90 60
31 70 28
66 109 66
74 122 74
23 74 20
43 99 40
14 54 14
92 112 92
3 95 1
72 122 72
13 127 10
103 126 100
63 68 60
110 127 110
9 51 6
7 87 4
3 58 1
71 109 68
22 74 22
10 67 10
2 100 2
49 94 46
85 127 82
84 126 84
85 92 82
81 99 78
23 128 20
21 100 18
65 97 62
63 80 60
25 116 22
75 127 72
33 78 30
4 108 4
37 93 34
9 47 6
3 51 1
9 25 6
70 125 70
73 93 70
33 92 30
102 107 102
69 99 66
33 88 30
73 105 70
68 127 68
21 62 18
57 103 54
15 109 12
44 50 44
91 95 88
57 111 54
105 113 102
54 125 54
118 123 118
70 120 70
92 113 92
45 125 42
4 62 4
94 95 92
21 101 18
83 87 80
16 97 16
37 109 34
115 123 112
38 64 38
21 81 18
34 105 34
92 99 92
8 75 8
16 89 16
48 62 48
15 78 12
73 110 70
45 115 42
44 46 44
106 116 106
19 34 16
36 117 36
54 62 54
118 127 118
77 103 74
35 56 32
38 103 38
59 92 56
91 128 88
32 51 32
36 72 36
8 43 8
71 118 68
87 124 84
91 107 88
93 125 90
8 21 8
2 24 2
105 128 102
67 87 64
26 107 26
96 117 96
10 65 10
66 111 66
12 52 12
2 104 2
85 123 82
1 116 1
77 111 74
76 101 76
10 77 10
101 120 98
3 41 1
17 97 14
72 127 72
41 42 38
23 63 20
31 96 28
95 103 92
3 109 1
64 120 64
21 82 18
3 117 1
34 47 34
32 116 32
73 119 70
57 123 54
60 74 60
54 81 54
1 80 1
34 37 34
101 116 98
51 58 48
29 72 26
99 104 96
21 61 18
110 121 110
23 29 20
80 104 80
18 28 18
23 86 20
56 123 56
23 87 20
94 113 94
10 85 10
5 25 2
58 113 58
47 76 44
41 122 38
9 11 6
125 127 122
57 97 54
14 65 14
4 20 4
3 126 1
99 112 96
30 127 30
12 61 12
87 95 84
49 61 46
3 37 1
97 125 94
73 75 70
21 78 18
76 79 76
60 81 60
91 101 88
72 115 72
65 87 62
24 53 24
68 99 68
50 116 50
66 117 66
33 66 30
71 108 68
78 101 78
66 96 66
7 104 4
53 124 50
8 30 8
18 69 18
66 69 66
112 115 112
89 119 86
17 69 14
19 50 16
25 120 22
18 25 18
9 82 6
15 110 12
59 64 56
10 43 10
42 94 42
41 108 38
40 57 40
6 80 6
61 71 58
51 121 48
103 122 100
77 107 74
53 105 50
31 63 28
19 27 16
53 109 50
18 75 18
71 103 68
52 77 52
13 59 10
4 74 4
35 105 32
89 92 86
85 108 82
23 34 20
76 124 76
4 91 4
36 51 36
13 51 10
24 84 24
5 79 2
51 102 48
4 43 4
54 56 54
66 113 66
29 76 26
37 127 34
36 46 36
25 31 22
24 42 24
15 71 12
113 117 110
64 65 62
3 43 1
5 90 2
39 125 36
45 124 42
13 108 10
68 120 68
24 68 24
82 87 82
25 37 22
83 88 80
85 124 82
39 88 36
29 47 26
83 92 80
71 105 68
3 47 1
51 90 48
61 121 58
15 126 12
51 85 48
4 124 4
51 115 48
11 32 8
65 126 62
1 71 1
77 121 74
16 114 16
40 58 40
73 86 70
27 80 24
51 64 48
1 65 1
25 87 22
83 84 80
63 89 60
67 102 64
92 119 92
66 77 66
61 84 58
59 103 56
20 65 20
45 110 42
10 14 10
83 107 80
9 32 6
15 94 12
74 82 74
4 93 4
101 122 98
95 109 92
11 107 8
21 51 18
60 127 60
38 94 38
42 99 42
33 70 30
94 121 94
37 128 34
28 45 28
55 85 52
27 110 24
65 85 62
45 72 42
61 92 58
83 120 80
32 57 32
100 128 100
84 99 84
24 108 24
26 57 26
16 36 16
73 83 70
41 43 38
12 46 12
43 76 40
43 128 40
36 92 36
80 94 80
2 58 2
98 104 98
87 108 84
45 89 42
43 93 40
76 115 76
31 60 28
33 117 30
26 34 26
4 7 4
74 96 74
25 104 22
69 113 66
36 42 36
81 85 78
103 120 100
4 127 4
33 35 30
46 72 46
30 35 30
59 73 56
28 80 28
35 99 32
35 52 32
27 65 24
55 94 52
12 16 12
21 123 18
34 42 34
91 119 88
38 66 38
74 80 74
41 85 38
98 106 98
42 115 42
41 56 38
50 103 50
12 50 12
97 122 94
65 106 62
30 59 30
63 71 60
50 56 50
21 90 18
17 119 14
31 45 28
48 49 46
101 103 98
42 119 42
50 104 50
40 60 40
18 39 18
12 77 12
100 115 100
45 84 42
100 125 100
33 34 30
9 41 6
49 125 46
63 97 60
22 36 22
98 105 98
75 104 72
40 125 40
16 108 16
57 99 54
12 31 12
11 85 8
24 75 24
79 126 76
110 111 108
86 103 86
41 55 38
44 89 44
11 108 8
24 37 24
17 102 14
32 33 30
4 82 4
58 122 58
38 121 38
40 42 40
22 27 22
6 7 4
20 100 20
83 91 80
11 98 8
5 99 2
83 110 80
93 103 90
32 65 32
77 118 74
22 42 22
4 101 4
61 76 58
14 81 14
38 128 38
82 128 82
4 98 4
92 128 92
91 104 88
110 128 110
47 51 44
7 66 4
38 107 38
61 108 58
1 48 1
58 120 58
19 83 16
87 110 84
60 79 60
56 103 56
39 49 36
26 82 26
14 27 14
20 78 20
53 91 50
12 97 12
8 37 8
15 99 12
8 12 8
31 50 28
89 98 86
36 120 36
23 33 20
53 65 50
57 77 54
52 56 52
37 59 34
2 6 2
91 94 88
33 58 30
1 18 1
110 114 110
28 76 28
16 19 16
7 91 4
83 106 80
69 118 66
22 110 22
38 117 38
28 41 28
53 114 50
45 76 42
69 128 66
90 91 88
3 75 1
63 70 60
32 107 32
64 95 64
83 108 80
66 101 66
55 90 52
28 81 28
38 91 38
9 80 6
14 117 14
97 114 94
58 123 58
45 51 42
19 45 16
27 32 24
89 91 86
52 67 52
47 95 44
20 30 20
43 95 40
23 53 20
26 40 26
97 118 94
20 41 20
66 121 66
39 75 36
23 26 20
113 114 110
6 33 6
57 78 54
15 17 12
44 81 44
85 116 82
69 114 66
36 109 36
78 125 78
10 12 10
63 122 60
16 41 16
36 128 36
20 38 20
21 52 18
7 92 4
81 102 78
85 91 82
74 105 74
41 50 38
17 20 14
96 100 96
105 122 102
71 114 68
26 59 26
105 107 102
51 107 48
45 112 42
86 115 86
59 121 56
103 113 100
30 126 30
18 22 18
52 111 52
11 86 8
14 35 14
48 95 48
10 27 10
3 36 1
77 128 74
1 15 1
57 85 54
52 58 52
46 115 46
50 74 50
30 120 30
24 59 24
49 50 46
64 84 64
90 111 90
26 41 26
67 90 64
15 52 12
41 63 38
78 83 78
69 79 66
8 17 8
28 128 28
69 124 66
16 106 16
63 85 60
55 128 52
121 125 118
49 53 46
5 116 2
109 120 106
24 28 24
5 51 2
62 94 62
8 44 8
49 86 46
54 113 54
21 86 18
49 123 46
34 94 34
97 111 94
103 105 100
12 73 12
7 20 4
93 126 90
32 36 32
103 110 100
22 28 22
10 24 10
31 112 28
49 78 46
38 44 38
95 113 92
31 33 28
62 127 62
10 111 10
107 114 104
65 83 62
55 122 52
10 57 10
47 91 44
74 125 74
19 29 16
55 103 52
2 101 2
20 95 20
14 128 14
59 70 56
18 56 18
2 52 2
73 123 70
95 101 92
93 111 90
111 123 108
79 94 76
10 49 10
9 24 6
81 111 78
27 64 24
21 64 18
2 80 2
64 72 64
21 30 18
28 43 28
36 113 36
59 123 56
91 108 88
89 101 86
9 125 6
72 92 72
44 106 44
88 93 88
32 61 32
18 36 18
23 54 20
55 74 52
36 58 36
25 73 22
18 128 18
10 56 10
20 49 20
1 4 1
6 62 6
61 91 58
18 29 18
13 44 10
29 102 26
51 119 48
108 122 108
19 39 16
26 56 26
8 62 8
50 71 50
1 64 1
60 109 60
55 75 52
93 108 90
64 78 64
73 120 70
27 67 24
42 124 42
89 96 86
53 117 50
53 64 50
22 53 22
21 84 18
79 121 76
46 93 46
61 115 58
32 34 32
33 56 30
105 124 102
37 97 34
42 128 42
20 112 20
14 18 14
48 122 48
17 79 14
7 17 4
7 93 4
10 18 10
53 78 50
83 90 80
38 106 38
43 71 40
20 37 20
71 81 68
9 69 6
104 128 104
18 110 18
9 102 6
59 63 56
90 103 90
95 126 92
69 110 66
44 48 44
1 45 1
96 128 96
13 62 10
111 125 108
32 63 32
73 127 70
27 77 24
29 74 26
53 90 50
17 81 14
18 21 18
24 39 24
21 105 18
10 109 10
88 119 88
13 115 10
101 127 98
3 23 1
7 86 4
29 108 26
63 78 60
10 74 10
35 73 32
21 108 18
18 79 18
54 69 54
81 100 78
42 83 42
85 107 82
7 121 4
26 61 26
68 74 68
56 101 56
15 32 12
17 54 14
39 87 36
69 95 66
61 86 58
18 66 18
83 98 80
11 69 8
54 115 54
35 69 32
51 83 48
2 39 2
84 100 84
85 121 82
11 21 8
28 105 28
112 113 110
58 77 58
19 52 16
8 110 8
20 119 20
6 31 6
10 51 10
39 86 36
61 99 58
41 120 38
75 77 72
12 116 12
22 32 22
64 81 64
107 127 104
17 43 14
13 85 10
51 104 48
69 75 66
59 62 56
59 72 56
16 112 16
44 47 44
55 87 52
46 47 44
26 74 26
40 73 40
84 119 84
99 120 96
27 33 24
24 116 24
19 79 16
26 43 26
93 117 90
74 110 74
10 15 10
53 112 50
2 61 2
43 112 40
19 62 16
15 25 12
8 64 8
104 108 104
67 128 64
67 83 64
58 109 58
25 35 22
103 114 100
1 58 1
90 128 90
28 55 28
41 60 38
58 95 58
32 87 32
17 44 14
14 94 14
20 127 20
40 50 40
109 111 106
92 93 90
25 96 22
102 119 102
84 88 84
5 54 2
24 93 24
84 113 84
12 74 12
80 92 80
19 43 16
39 99 36
97 123 94
18 19 16
37 63 34
17 28 14
77 86 74
19 26 16
56 116 56
32 71 32
44 86 44
17 83 14
2 28 2
18 112 18
82 111 82
27 35 24
75 95 72
23 65 20
23 62 20
12 86 12
7 41 4
67 98 64
13 81 10
1 20 1
7 122 4
90 96 90
37 119 34
38 57 38
39 73 36
47 53 44
93 119 90
58 118 58
52 61 52
43 81 40
10 55 10
49 99 46
77 84 74
49 74 46
8 50 8
33 114 30
96 115 96
21 92 18
22 51 22
19 81 16
45 77 42
67 78 64
107 117 104
29 77 26
54 77 54
19 104 16
25 55 22
45 101 42
74 102 74
1 17 1
9 117 6
11 64 8
63 126 60
35 128 32
15 59 12
43 98 40
78 90 78
58 87 58
75 83 72
19 101 16
77 90 74
41 106 38
65 111 62
59 100 56
46 66 46
8 11 8
67 110 64
70 113 70
98 128 98
29 122 26
13 42 10
14 53 14
30 39 30
32 56 32
35 114 32
101 115 98
41 104 38
42 53 42
34 119 34
33 63 30
52 112 52
59 107 56
40 81 40
56 128 56
49 109 46
24 82 24
6 23 6
51 117 48
95 110 92
14 75 14
31 35 28
26 33 26
114 127 114
2 91 2
44 94 44
90 109 90
51 113 48
51 128 48
36 55 36
12 29 12
19 61 16
39 102 36
4 33 4
18 70 18
10 61 10
62 101 62
37 105 34
96 97 94
51 71 48
26 108 26
63 83 60
1 5 1
24 79 24
26 128 26
59 88 56
90 94 90
103 125 100
52 54 52
12 70 12
40 49 40
9 123 6
13 16 10
8 42 8
26 31 26
8 24 8
43 122 40
86 98 86
69 100 66
113 124 110
117 118 114
46 113 46
5 66 2
32 124 32
25 50 22
24 90 24
68 123 68
31 51 28
53 127 50
47 127 44
65 104 62
79 91 76
17 68 14
76 113 76
33 87 30
31 74 28
18 80 18
63 106 60
11 82 8
50 128 50
89 108 86
50 101 50
44 54 44
10 32 10
4 13 4
32 91 32
49 84 46
12 87 12
16 111 16
62 67 62
6 45 6
41 51 38
93 105 90
83 123 80
4 90 4
14 99 14
9 38 6
68 94 68
37 101 34
117 122 114
95 122 92
61 101 58
92 127 92
25 94 22
106 117 106
20 42 20
97 110 94
61 126 58
5 128 2
52 117 52
3 115 1
99 108 96
16 62 16
7 33 4
75 85 72
23 81 20
8 66 8
89 115 86
21 87 18
31 66 28
10 72 10
92 108 92
77 98 74
38 105 38
35 41 32
24 30 24
16 76 16
2 79 2
71 111 68
61 122 58
14 83 14
99 114 96
68 73 68
46 123 46
20 21 18
54 97 54
7 77 4
6 124 6
9 111 6
38 75 38
1 115 1
82 103 82
7 117 4
109 122 106
35 53 32
22 49 22
83 117 80
81 98 78
95 121 92
28 104 28
38 48 38
28 72 28
74 106 74
9 40 6
24 102 24
1 13 1
32 42 32
60 68 60
16 94 16
59 93 56
109 127 106
52 114 52
11 59 8
2 70 2
19 124 16
6 81 6
6 63 6
28 29 26
5 16 2
36 37 34
77 117 74
30 73 30
49 104 46
36 85 36
8 128 8
43 48 40
11 94 8
88 90 88
39 128 36
5 105 2
37 50 34
4 118 4
45 96 42
61 89 58
10 113 10
4 34 4
49 73 46
14 28 14
63 120 60
16 95 16
99 115 96
9 73 6
36 52 36
37 40 34
1 103 1
58 112 58
48 76 48
20 79 20
25 60 22
75 93 72
29 79 26
49 72 46
45 95 42
5 33 2
55 115 52
94 118 94
78 121 78
9 99 6
28 47 28
47 113 44
55 97 52
69 86 66
84 106 84
22 124 22
82 83 80
34 77 34
5 67 2
55 65 52
34 97 34
12 25 12
98 110 98
125 128 122
24 58 24
55 68 52
79 115 76
22 31 22
7 81 4
52 127 52
1 61 1
46 104 46
101 107 98
39 56 36
1 84 1
107 120 104
105 109 102
8 48 8
107 115 104
54 64 54
53 59 50
42 76 42
121 124 118
9 93 6
23 59 20
73 106 70
41 98 38
102 122 102
76 116 76
9 21 6
33 40 30
32 101 32
23 115 20
89 126 86
9 61 6
103 124 100
42 90 42
37 56 34
1 16 1
10 52 10
19 48 16
2 35 2
56 76 56
67 76 64
15 124 12
71 76 68
16 124 16
7 124 4
24 25 22
10 42 10
53 107 50
79 106 76
33 57 30
17 74 14
61 105 58
30 68 30
1 60 1
53 81 50
73 103 70
57 63 54
24 27 24
43 104 40
95 117 92
60 103 60
98 120 98
21 47 18
35 63 32
3 128 1
67 69 64
46 128 46
41 107 38
24 34 24
74 115 74
28 100 28
45 70 42
24 118 24
3 86 1
14 126 14
79 87 76
81 103 78
24 71 24
21 39 18
49 107 46
8 106 8
39 41 36
62 82 62
118 126 118
25 85 22
67 125 64
3 24 1
88 114 88
47 90 44
32 58 32
8 45 8
59 91 56
11 113 8
44 92 44
66 99 66
63 124 60
7 40 4
33 116 30
28 48 28
28 30 28
56 100 56
45 122 42
58 91 58
6 60 6
14 70 14
60 126 60
3 89 1
29 59 26
45 118 42
14 50 14
57 105 54
11 100 8
13 14 10
51 111 48
72 104 72
50 87 50
61 79 58
37 104 34
15 107 12
14 49 14
26 54 26
40 71 40
58 128 58
2 124 2
11 68 8
2 68 2
1 78 1
59 126 56
35 44 32
10 96 10
24 51 24
69 81 66
22 117 22
25 65 22
33 121 30
30 36 30
97 105 94
52 105 52
68 107 68
87 123 84
75 96 72
57 73 54
52 71 52
111 122 108
24 41 24
36 125 36
27 96 24
24 49 24
26 45 26
79 100 76
83 115 80
73 126 70
88 103 88
97 124 94
10 107 10
111 121 108
86 95 86
26 69 26
107 113 104
57 120 54
86 96 86
119 120 116
26 123 26
67 106 64
55 61 52
1 117 1
20 51 20
65 100 62
112 124 112
74 97 74
39 107 36
43 108 40
42 48 42
6 32 6
8 40 8
79 92 76
49 114 46
13 20 10
24 128 24
14 63 14
29 112 26
43 80 40
21 34 18
2 98 2
61 74 58
31 92 28
67 100 64
108 120 108
25 128 22
61 93 58
68 128 68
62 107 62
62 114 62
3 39 1
48 126 48
55 113 52
43 88 40
2 17 2
68 71 68
40 74 40
32 90 32
17 72 14
72 74 72
22 71 22
76 83 76
15 81 12
115 126 112
29 99 26
94 122 94
20 22 20
88 99 88
75 101 72
16 69 16
97 121 94
44 52 44
58 72 58
28 73 28
27 108 24
8 39 8
123 127 120
64 121 64
14 102 14
17 36 14
24 45 24
13 94 10
45 98 42
23 37 20
59 82 56
87 106 84
61 128 58
31 71 28
22 37 22
28 35 28
73 79 70
15 98 12
43 115 40
60 97 60
38 54 38
10 17 10
72 87 72
38 127 38
97 120 94
22 111 22
10 35 10
16 42 16
31 117 28
27 81 24
12 27 12
28 44 28
17 41 14
64 77 64
78 106 78
55 116 52
107 125 104
67 89 64
59 101 56
35 51 32
39 108 36
88 110 88
34 35 32
12 72 12
4 6 4
20 118 20
44 97 44
93 110 90
77 100 74
55 112 52
52 128 52
37 113 34
76 119 76
27 73 24
79 99 76
42 86 42
81 107 78
100 108 100
30 63 30
67 123 64
12 113 12
71 86 68
59 98 56
16 105 16
46 57 46
38 45 38
97 119 94
33 69 30
27 122 24
108 121 108
27 78 24
75 111 72
4 36 4
47 97 44
95 128 92
31 124 28
115 124 112
37 79 34
35 36 32
99 106 96
103 107 100
39 64 36
35 127 32
16 67 16
66 87 66
65 117 62
32 40 32
15 95 12
1 12 1
8 22 8
91 111 88
54 67 54
93 97 90
80 99 80
111 127 108
44 67 44
25 41 22
47 105 44
14 19 14
14 46 14
43 123 40
77 109 74
87 90 84
17 75 14
10 73 10
48 82 48
101 104 98
11 80 8
70 79 70
29 106 26
14 52 14
45 109 42
54 101 54
28 118 28
38 90 38
58 67 58
71 79 68
34 128 34
123 125 120
73 122 70
64 128 64
66 128 66
23 94 20
18 87 18
33 42 30
94 111 94
1 105 1
22 66 22
9 65 6
31 34 28
26 71 26
2 84 2
20 121 20
27 111 24
13 116 10
90 126 90
9 35 6
7 73 4
85 98 82
20 116 20
57 102 54
28 31 28
32 69 32
58 124 58
107 121 104
7 48 4
14 80 14
79 109 76
41 113 38
4 41 4
6 116 6
29 48 26
115 121 112
28 69 28
29 111 26
81 117 78
65 84 62
112 126 112
60 88 60
22 55 22
32 44 32
5 89 2
4 106 4
50 66 50
13 43 10
58 83 58
99 122 96
76 77 74
80 81 78
91 121 88
17 40 14
24 31 24
95 111 92
87 96 84
89 94 86
13 27 10
32 37 32
71 85 68
15 64 12
73 90 70
9 91 6
12 14 12
54 87 54
44 95 44
42 46 42
36 73 36
81 128 78
11 118 8
91 97 88
74 83 74
57 127 54
1 38 1
64 82 64
57 75 54
58 59 56
25 28 22
29 119 26
13 99 10
63 110 60
62 96 62
38 61 38
47 125 44
46 92 46
89 103 86
22 100 22
29 100 26
57 72 54
6 97 6
71 121 68
40 97 40
2 62 2
7 31 4
17 80 14
85 125 82
2 3 1
99 119 96
73 97 70
63 75 60
20 39 20
7 62 4
85 102 82
91 117 88
43 84 40
37 43 34
105 125 102
57 122 54
1 33 1
15 22 12
24 123 24
20 94 20
77 112 74
35 37 32
39 40 36
10 19 10
74 124 74
81 108 78
62 104 62
26 67 26
50 102 50
35 106 32
24 104 24
59 90 56
69 73 66
8 16 8
62 125 62
31 36 28
79 128 76
98 117 98
33 84 30
31 126 28
7 39 4
86 128 86
8 18 8
73 94 70
9 70 6
69 94 66
40 119 40
102 116 102
72 126 72
1 31 1
55 73 52
32 128 32
6 73 6
43 90 40
16 30 16
38 62 38
27 121 24
54 66 54
25 105 22
52 97 52
77 115 74
26 85 26
76 122 76
88 96 88
29 60 26
1 127 1
82 91 82
60 108 60
91 96 88
91 118 88
17 99 14
71 116 68
47 107 44
77 101 74
4 64 4
2 15 2
1 67 1
48 54 48
60 105 60
6 118 6
59 79 56
86 107 86
54 63 54
71 75 68
58 62 58
33 41 30
15 101 12
19 70 16
28 99 28
67 117 64
36 57 36
51 70 48
47 65 44
23 89 20
37 49 34
61 85 58
5 93 2
19 25 16
32 99 32
101 118 98
78 110 78
85 126 82
69 101 66
30 94 30
64 69 64
4 78 4
10 23 10
87 97 84
74 100 74
14 64 14
61 72 58
67 99 64
82 112 82
22 44 22
71 99 68
44 65 44
22 56 22
19 110 16
27 128 24
15 105 12
81 105 78
82 126 82
27 84 24
42 68 42
85 122 82
85 111 82
26 49 26
105 121 102
68 79 68
20 86 20
66 70 66
54 55 52
80 117 80
23 71 20
9 87 6
54 108 54
95 118 92
28 38 28
41 62 38
44 77 44
34 123 34
13 58 10
67 94 64
53 92 50
21 96 18
66 107 66
75 113 72
46 50 46
92 104 92
89 111 86
37 44 34
2 114 2
28 82 28
32 109 32
40 64 40
83 127 80
73 111 70
95 116 92
87 111 84
54 73 54
48 98 48
5 127 2
69 125 66
16 34 16
29 65 26
6 21 6
36 43 36
33 97 30
1 104 1
44 128 44
19 128 16
101 123 98
60 128 60
7 29 4
70 72 70
62 71 62
119 122 116
29 97 26
75 122 72
86 110 86
57 91 54
65 75 62
16 98 16
42 45 42
65 119 62
4 52 4
56 118 56
38 68 38
105 108 102
60 70 60
74 99 74
68 69 66
10 99 10
80 105 80
105 115 102
14 41 14
84 91 84
25 108 22
95 115 92
95 99 92
6 20 6
20 27 20
3 6 1
78 119 78
13 17 10
13 125 10
1 32 1
43 127 40
105 127 102
114 125 114
97 102 94
117 123 114
103 119 100
2 20 2
52 79 52
50 120 50
34 110 34
29 61 26
72 81 72
91 92 88
57 92 54
52 74 52
30 46 30
124 128 124
109 110 106
75 82 72
1 49 1
32 46 32
8 82 8
50 88 50
37 77 34
79 85 76
24 57 24
9 28 6
37 91 34
64 67 64
25 79 22
8 100 8
99 103 96
58 117 58
78 95 78
45 88 42
28 67 28
54 126 54
18 72 18
22 92 22
4 28 4
22 26 22
24 33 24
25 58 22
22 50 22
7 88 4
24 64 24
16 27 16
10 95 10
63 91 60
34 72 34
22 108 22
57 93 54
56 81 56
94 109 94
32 105 32
2 29 2
22 104 22
46 86 46
4 11 4
13 100 10
71 84 68
92 124 92
52 119 52
1 22 1
7 38 4
76 118 76
110 118 110
101 102 98
15 35 12
30 99 30
19 68 16
68 118 68
15 125 12
33 71 30
89 127 86
2 116 2
17 125 14
45 65 42
3 7 1
56 61 56
82 88 82
6 8 6
67 115 64
32 47 32
4 42 4
46 56 46
33 37 30
79 98 76
97 100 94
3 94 1
11 116 8
51 88 48
19 111 16
56 96 56
9 100 6
17 122 14
92 95 92
115 122 112
84 112 84
39 72 36
3 71 1
37 115 34
10 68 10
88 94 88
32 55 32
19 63 16
33 107 30
71 83 68
98 102 98
10 121 10
83 119 80
74 91 74
50 115 50
105 110 102
59 109 56
6 15 6
51 116 48
8 38 8
53 63 50
45 93 42
77 89 74
82 102 82
41 49 38
1 27 1
7 16 4
14 87 14
7 11 4
14 33 14
13 106 10
30 57 30
21 83 18
27 55 24
98 126 98
3 29 1
18 42 18
33 38 30
20 101 20
6 11 6
13 118 10
13 15 10
43 97 40
18 82 18
11 19 8
83 96 80
13 53 10
7 126 4
99 124 96
22 103 22
7 97 4
64 75 64
18 85 18
30 111 30
35 88 32
30 53 30
11 75 8
28 46 28
108 125 108
12 91 12
62 122 62
120 121 118
51 77 48
111 116 108
26 36 26
8 52 8
33 102 30
36 123 36
13 37 10
34 76 34
79 103 76
100 117 100
68 112 68
19 41 16
69 74 66
56 66 56
7 108 4
15 34 12
58 73 58
23 120 20
95 123 92
99 125 96
33 89 30
46 103 46
78 88 78
49 66 46
80 85 80
64 99 64
7 96 4
16 21 16
44 57 44
48 119 48
11 22 8
74 113 74
18 34 18
45 126 42
37 62 34
11 51 8
67 118 64
50 65 50
80 128 80
5 39 2
11 111 8
41 118 38
46 119 46
13 34 10
16 43 16
32 115 32
30 61 30
91 109 88
99 117 96
115 120 112
75 125 72
91 99 88
39 101 36
26 35 26
31 82 28
83 113 80
74 103 74
71 92 68
89 90 86
85 117 82
30 44 30
19 42 16
78 80 78
50 61 50
19 103 16
85 120 82
62 117 62
39 92 36
14 84 14
48 74 48
85 95 82
37 92 34
36 84 36
46 109 46
106 107 104
104 110 104
16 49 16
36 63 36
79 118 76
79 90 76
21 46 18
49 90 46
51 81 48
70 85 70
42 105 42
86 120 86
85 97 82
121 122 118
65 122 62
9 109 6
8 122 8
31 75 28
75 112 72
1 113 1
55 111 52
25 88 22
64 91 64
71 112 68
27 93 24
73 112 70
109 114 106
93 101 90
85 110 82
34 73 34
30 42 30
72 86 72
123 128 120
75 86 72
17 60 14
69 91 66
75 110 72
58 69 58
33 125 30
51 109 48
42 110 42
15 80 12
67 80 64
36 106 36
48 60 48
16 22 16
105 118 102
61 80 58
106 126 106
9 84 6
71 73 68
11 112 8
61 111 58
43 45 40
35 126 32
65 110 62
13 80 10
61 62 58
7 95 4
8 34 8
57 100 54
1 50 1
70 97 70
29 128 26
12 13 10
19 53 16
31 89 28
89 124 86
59 116 56
81 83 78
5 14 2
48 110 48
72 110 72
54 80 54
33 110 30
7 109 4
69 121 66
82 106 82
79 105 76
49 68 46
10 114 10
8 84 8
6 35 6
19 30 16
42 85 42
37 82 34
86 106 86
25 66 22
1 43 1
122 127 122
45 58 42
8 57 8
77 91 74
27 85 24
109 117 106
29 87 26
45 75 42
91 105 88
58 116 58
26 119 26
97 128 94
1 66 1
2 19 2
24 125 24
4 49 4
40 80 40
46 99 46
31 48 28
19 99 16
22 120 22
47 100 44
46 62 46
32 49 32
23 73 20
20 34 20
69 112 66
31 102 28
1 81 1
57 104 54
64 106 64
8 60 8
5 17 2
85 96 82
24 113 24
69 120 66
31 103 28
12 125 12
101 106 98
41 78 38
51 57 48
4 128 4
9 34 6
113 116 110
47 112 44
61 94 58
4 23 4
102 103 100
33 91 30
18 44 18
35 97 32
33 85 30
50 75 50
22 122 22
35 62 32
24 81 24
52 104 52
6 120 6
47 116 44
28 79 28
65 69 62
21 118 18
34 86 34
43 101 40
85 104 82
30 51 30
88 128 88
64 98 64
56 87 56
57 69 54
1 125 1
75 106 72
20 55 20
3 74 1
18 51 18
24 52 24
12 81 12
22 67 22
81 127 78
120 128 120
107 122 104
90 120 90
73 99 70
38 92 38
36 66 36
26 109 26
100 101 98
14 55 14
68 76 68
83 116 80
71 104 68
39 54 36
10 86 10
42 62 42
18 32 18
31 77 28
46 105 46
12 42 12
66 85 66
15 128 12
43 79 40
83 99 80
55 96 52
34 81 34
27 117 24
6 72 6
115 117 112
80 87 80
38 65 38
61 75 58
79 112 76
3 110 1
37 64 34
14 44 14
104 111 104
76 80 76
28 94 28
15 18 12
11 128 8
6 128 6
22 70 22
72 73 70
76 108 76
56 78 56
11 33 8
19 115 16
5 34 2
79 108 76
14 85 14
121 126 118
8 28 8
115 128 112
36 103 36
14 38 14
28 60 28
48 127 48
57 116 54
90 100 90
47 103 44
83 124 80
20 113 20
69 80 66
101 128 98
22 52 22
7 70 4
5 119 2
2 128 2
87 120 84
48 79 48
27 40 24
34 95 34
73 100 70
5 28 2
21 102 18
41 65 38
48 101 48
40 108 40
12 53 12
62 63 60
23 102 20
74 111 74
68 102 68
1 112 1
49 122 46
81 123 78
18 48 18
62 128 62
93 95 90
33 109 30
60 113 60
16 55 16
18 88 18
71 106 68
53 128 50
13 128 10
4 10 4
85 128 82
62 95 62
39 105 36
31 76 28
109 112 106
75 102 72
93 112 90
4 121 4
35 117 32
44 76 44
9 58 6
73 80 70
67 84 64
70 91 70
28 40 28
18 20 18
59 102 56
98 101 98
84 128 84
46 59 46
38 95 38
4 26 4
55 99 52
25 82 22
14 71 14
6 106 6
38 124 38
19 120 16
28 111 28
6 18 6
47 115 44
5 83 2
1 10 1
40 61 40
87 89 84
34 116 34
57 101 54
11 88 8
118 119 116
25 77 22
103 128 100
2 9 2
23 68 20
21 113 18
80 83 80
5 62 2
18 111 18
64 110 64
39 46 36
10 75 10
2 43 2
67 96 64
45 123 42
32 77 32
121 128 118
93 94 90
76 104 76
5 125 2
60 94 60
6 121 6
