128 4666
47 78 14
34 63 34
90 126 26
46 71 7
11 82 11
21 72 8
12 67 3
26 101 26
83 115 19
61 88 24
47 49 47
68 73 4
47 98 34
29 51 29
19 82 18
20 87 20
11 29 11
88 125 24
100 114 36
1 110 1
62 106 42
10 115 10
53 102 38
24 55 24
13 29 13
53 54 53
27 67 3
23 24 23
58 101 37
81 112 17
54 65 1
14 126 14
4 118 4
2 72 2
15 72 8
114 126 50
50 72 8
9 106 9
11 86 11
3 59 3
40 91 27
101 121 37
65 83 1
32 76 12
63 80 16
46 78 14
109 122 45
38 110 38
60 63 60
30 124 30
50 66 2
61 73 9
9 99 9
106 108 42
55 113 49
6 65 1
21 33 21
55 127 55
60 80 16
95 107 31
84 124 20
25 125 25
61 71 7
39 88 24
53 66 2
8 13 8
29 71 7
56 66 2
19 88 19
112 113 48
11 102 11
63 120 56
106 125 42
8 82 8
1 127 1
11 126 11
21 126 21
89 121 25
4 70 4
31 41 31
18 37 18
64 71 7
113 123 49
23 43 23
6 107 6
102 124 38
18 59 18
49 119 49
74 115 10
55 80 16
33 94 30
11 119 11
14 86 14
57 125 57
24 113 24
14 65 1
42 61 42
24 35 24
7 69 5
31 47 31
33 125 33
73 115 9
63 105 41
87 106 23
25 86 22
53 103 39
9 122 9
40 118 40
5 75 5
57 108 44
113 127 49
36 106 36
8 44 8
13 85 13
26 113 26
99 123 35
30 73 9
69 124 5
59 104 40
15 56 15
7 119 7
42 119 42
19 89 19
100 107 36
76 103 12
25 40 25
28 54 28
54 64 54
15 119 15
19 21 19
1 128 1
54 105 41
59 76 12
22 76 12
64 75 11
11 74 10
81 120 17
31 70 6
11 26 11
61 111 47
7 74 7
43 91 27
24 32 24
7 49 7
57 120 56
18 50 18
19 70 6
42 116 42
93 115 29
15 55 15
29 57 29
80 85 16
30 92 28
89 114 25
72 112 8
92 114 28
74 128 10
28 71 7
64 66 2
51 80 16
19 125 19
90 123 26
96 109 32
21 88 21
32 66 2
36 42 36
8 33 8
53 108 44
78 111 14
46 97 33
68 77 4
75 90 11
79 92 15
6 119 6
8 99 8
1 67 1
62 67 3
108 114 44
48 117 48
17 97 17
14 39 14
61 122 58
58 79 15
107 116 43
54 104 40
120 126 56
7 19 7
107 123 43
101 126 37
35 107 35
7 81 7
32 93 29
15 61 15
38 99 35
73 97 9
31 123 31
18 105 18
14 122 14
89 120 25
33 86 22
64 76 12
25 85 21
2 13 2
88 98 24
24 101 24
54 90 26
81 94 17
1 27 1
24 59 24
4 68 4
21 64 21
6 38 6
71 113 7
20 85 20
98 110 34
40 60 40
40 90 26
93 110 29
63 124 60
102 116 38
10 16 10
68 95 4
71 128 7
38 59 38
35 83 19
104 108 40
73 79 9
20 77 13
41 128 41
8 77 8
28 56 28
48 116 48
43 83 19
73 103 9
46 104 40
21 89 21
39 69 5
72 98 8
56 116 52
37 84 20
39 77 13
82 128 18
58 124 58
23 37 23
61 62 61
70 114 6
31 100 31
25 116 25
59 69 5
16 101 16
45 59 45
8 87 8
8 54 8
94 103 30
49 106 42
58 80 16
42 106 42
58 120 56
41 89 25
41 74 10
17 42 17
84 106 20
26 103 26
7 35 7
52 111 47
65 89 1
57 84 20
89 98 25
59 89 25
49 80 16
40 117 40
29 86 22
29 78 14
25 30 25
43 116 43
63 86 22
8 17 8
21 99 21
114 119 50
45 115 45
14 104 14
21 70 6
6 48 6
35 93 29
14 84 14
9 87 9
105 111 41
96 118 32
97 103 33
80 98 16
63 73 9
69 77 5
111 125 47
21 68 4
15 114 15
62 78 14
98 125 34
46 91 27
35 73 9
32 89 25
4 21 4
77 84 13
74 83 10
20 26 20
84 126 20
54 68 4
8 125 8
85 86 21
2 16 2
77 94 13
14 75 11
55 87 23
63 119 55
19 51 19
26 57 26
57 127 57
69 117 5
38 60 38
76 111 12
27 30 27
34 68 4
68 117 4
16 56 16
88 107 24
8 117 8
40 57 40
71 75 7
56 124 56
12 116 12
37 81 17
104 107 40
36 43 36
109 110 45
1 28 1
80 121 16
94 99 30
8 112 8
54 88 24
101 107 37
63 81 17
59 92 28
76 112 12
29 70 6
83 103 19
28 30 28
9 16 9
67 105 3
17 28 17
62 89 25
6 101 6
6 14 6
57 113 49
55 62 55
65 91 1
13 66 2
7 96 7
38 101 37
59 114 50
84 85 20
68 102 4
49 108 44
72 104 8
5 67 3
25 77 13
28 59 28
58 121 57
22 72 8
29 50 29
11 35 11
55 85 21
20 121 20
20 114 20
14 81 14
99 120 35
64 119 55
36 96 32
24 94 24
59 67 3
61 72 8
41 62 41
73 94 9
22 73 9
20 118 20
103 115 39
2 85 2
24 105 24
15 63 15
72 73 8
15 24 15
85 122 21
47 93 29
40 122 40
47 82 18
78 113 14
52 55 52
21 28 21
17 25 17
13 115 13
110 112 46
115 127 51
105 117 41
53 73 9
83 117 19
58 115 51
18 69 5
71 72 7
4 106 4
7 93 7
43 96 32
43 95 31
28 43 28
105 118 41
31 42 31
10 73 9
18 66 2
1 125 1
26 96 26
103 127 39
99 102 35
37 117 37
57 111 47
70 112 6
97 104 33
84 102 20
47 89 25
4 81 4
9 60 9
5 78 5
70 75 6
18 75 11
16 21 16
34 124 34
97 121 33
62 84 20
92 116 28
8 126 8
92 101 28
17 33 17
67 77 3
67 87 3
57 72 8
31 64 31
99 119 35
37 65 1
56 93 29
56 111 47
1 68 1
60 79 15
28 51 28
83 128 19
68 111 4
4 59 4
24 68 4
27 46 27
48 53 48
111 119 47
57 115 51
29 40 29
83 93 19
115 116 51
17 19 17
8 79 8
47 96 32
44 128 44
88 114 24
29 79 15
93 108 29
58 72 8
86 103 22
97 114 33
44 103 39
14 115 14
30 123 30
56 102 38
11 66 2
10 119 10
29 114 29
17 54 17
79 88 15
2 7 2
63 106 42
90 100 26
1 75 1
110 117 46
23 31 23
76 90 12
9 128 9
68 90 4
2 98 2
28 75 11
45 52 45
34 91 27
22 123 22
4 12 4
59 66 2
3 49 3
50 113 49
43 128 43
70 111 6
22 112 22
18 115 18
81 101 17
45 48 45
36 115 36
3 101 3
69 122 5
42 85 21
84 113 20
4 122 4
5 98 5
98 100 34
47 90 26
115 124 51
107 118 43
2 103 2
22 122 22
6 30 6
74 98 10
92 106 28
28 92 28
86 95 22
44 88 24
97 99 33
72 81 8
46 86 22
33 81 17
30 94 30
22 87 22
12 69 5
73 89 9
57 104 40
25 112 25
44 85 21
80 104 16
59 120 56
26 75 11
85 118 21
27 88 24
65 124 1
86 116 22
1 96 1
26 59 26
16 53 16
51 113 49
29 125 29
82 99 18
72 92 8
10 94 10
60 102 38
71 86 7
16 37 16
20 56 20
37 68 4
25 64 25
42 108 42
52 73 9
27 42 27
36 108 36
60 88 24
40 53 40
1 7 1
45 118 45
60 65 1
21 52 21
51 102 38
8 95 8
18 124 18
13 77 13
52 79 15
69 100 5
4 32 4
19 63 19
46 50 46
75 88 11
93 118 29
36 127 36
41 119 41
7 79 7
114 123 50
39 111 39
57 103 39
52 109 45
24 42 24
13 33 13
48 106 42
26 84 20
26 100 26
24 99 24
12 71 7
77 102 13
63 88 24
20 70 6
5 50 5
19 100 19
1 43 1
61 128 61
2 14 2
49 82 18
35 128 35
48 68 4
11 122 11
104 112 40
34 46 34
57 112 48
61 127 61
11 34 11
4 72 4
44 92 28
80 110 16
109 128 45
2 33 2
60 116 52
53 115 51
45 76 12
41 98 34
94 115 30
71 95 7
29 121 29
112 120 48
18 20 18
10 77 10
16 96 16
31 34 31
30 90 26
86 125 22
54 73 9
70 125 6
23 25 23
11 83 11
11 64 11
55 56 55
33 115 33
95 101 31
66 99 2
67 90 3
57 121 57
20 69 5
18 48 18
27 107 27
54 123 54
58 87 23
42 93 29
26 114 26
64 84 20
18 82 18
74 95 10
81 104 17
88 115 24
4 9 4
75 127 11
83 123 19
4 95 4
54 121 54
12 35 12
1 42 1
100 121 36
32 77 13
57 105 41
20 93 20
102 123 38
1 79 1
2 76 2
75 112 11
17 20 17
16 67 3
87 121 23
35 124 35
76 118 12
49 109 45
93 104 29
23 55 23
108 125 44
11 47 11
5 109 5
84 114 20
6 50 6
85 107 21
72 102 8
39 57 39
12 53 12
3 70 3
52 103 39
74 112 10
4 80 4
19 128 19
33 103 33
49 112 48
81 117 17
7 120 7
76 117 12
67 76 3
57 123 57
29 47 29
75 107 11
34 44 34
95 96 31
86 93 22
121 124 57
99 113 35
43 92 28
108 119 44
96 113 32
62 108 44
73 75 9
23 27 23
87 115 23
4 127 4
61 106 42
75 76 11
59 79 15
66 80 2
53 106 42
84 118 20
37 45 37
24 81 17
95 115 31
53 120 53
92 104 28
17 77 13
6 97 6
43 79 15
71 127 7
12 34 12
1 47 1
10 31 10
118 125 54
63 92 28
60 81 17
5 44 5
52 97 33
18 52 18
71 93 7
81 107 17
72 84 8
103 123 39
3 122 3
72 99 8
39 60 39
84 95 20
2 17 2
102 106 38
92 120 28
36 53 36
37 104 37
23 90 23
10 127 10
42 115 42
72 115 8
1 89 1
82 85 18
55 70 6
111 124 47
100 122 36
81 102 17
52 115 51
49 99 35
73 118 9
102 127 38
16 28 16
41 96 32
43 82 18
20 104 20
49 84 20
4 89 4
13 62 13
105 119 41
66 67 2
3 24 3
46 98 34
97 123 33
12 75 11
47 128 47
101 104 37
84 117 20
29 80 16
27 55 27
1 66 1
47 86 22
44 61 44
7 95 7
69 90 5
44 101 37
93 111 29
10 80 10
85 113 21
3 69 3
1 32 1
40 41 40
69 85 5
77 88 13
6 78 6
50 115 50
23 33 23
83 104 19
3 128 3
9 98 9
63 112 48
18 26 18
27 38 27
53 105 41
58 65 1
62 85 21
3 125 3
103 122 39
90 97 26
49 88 24
102 115 38
19 69 5
59 111 47
13 103 13
54 79 15
3 71 3
16 75 11
2 68 2
75 121 11
56 61 56
91 92 27
56 57 56
1 48 1
63 94 30
8 23 8
10 95 10
51 96 32
40 84 20
25 33 25
44 104 40
58 89 25
21 69 5
90 110 26
63 95 31
35 98 34
9 100 9
35 79 15
12 23 12
6 63 6
5 32 5
32 38 32
63 107 43
51 58 51
19 78 14
17 93 17
93 94 29
20 27 20
15 37 15
26 27 26
58 117 53
80 116 16
3 82 3
27 117 27
26 87 23
3 74 3
88 106 24
67 117 3
5 92 5
41 81 17
23 44 23
53 113 49
1 90 1
8 68 4
30 42 30
32 102 32
94 117 30
49 73 9
13 114 13
89 128 25
20 120 20
91 116 27
38 117 38
45 72 8
54 94 30
69 84 5
6 118 6
122 128 58
93 102 29
35 111 35
58 111 47
52 112 48
54 114 50
56 119 55
28 67 3
34 58 34
52 69 5
71 80 7
31 128 31
40 75 11
43 97 33
32 97 32
37 109 37
34 92 28
87 99 23
12 97 12
10 79 10
11 88 11
41 102 38
108 117 44
10 45 10
61 125 61
63 99 35
80 96 16
31 124 31
112 117 48
93 97 29
46 68 4
16 77 13
32 67 3
36 75 11
30 82 18
77 119 13
101 118 37
87 102 23
56 115 51
95 104 31
6 72 6
44 79 15
89 112 25
85 119 21
20 81 17
27 74 10
17 49 17
55 77 13
27 120 27
46 85 21
27 109 27
18 112 18
16 60 16
95 99 31
72 77 8
30 61 30
67 100 3
48 103 39
60 112 48
58 106 42
29 52 29
77 95 13
10 44 10
64 112 48
1 58 1
102 117 38
108 110 44
45 126 45
95 117 31
64 114 50
51 53 51
63 125 61
68 93 4
104 128 40
35 62 35
49 111 47
28 128 28
103 120 39
16 65 1
38 43 38
78 100 14
43 105 41
25 52 25
56 59 56
110 116 46
47 58 47
7 42 7
60 123 59
91 108 27
95 105 31
1 12 1
63 91 27
90 112 26
12 76 12
94 96 30
59 122 58
97 98 33
12 107 12
51 128 51
111 126 47
65 125 1
16 81 16
4 15 4
15 128 15
51 78 14
12 95 12
40 71 7
38 80 16
60 121 57
5 96 5
55 111 47
34 109 34
59 71 7
100 127 36
83 96 19
33 57 33
125 128 61
70 99 6
62 111 47
82 87 18
45 106 42
101 102 37
30 69 5
25 32 25
68 96 4
122 123 58
31 79 15
57 128 57
72 126 8
49 114 49
57 100 36
64 80 16
38 125 38
14 92 14
113 125 49
6 13 6
84 115 20
16 73 9
116 121 52
55 116 52
87 120 23
38 85 21
40 103 39
71 76 7
50 120 50
5 55 5
32 68 4
24 70 6
21 32 21
53 112 48
101 128 37
63 108 44
31 127 31
41 65 1
119 127 55
58 116 52
110 121 46
91 114 27
11 120 11
40 50 40
51 68 4
64 78 14
18 64 18
6 111 6
61 105 41
21 110 21
5 41 5
47 69 5
117 122 53
2 125 2
89 118 25
19 90 19
59 80 16
10 52 10
64 96 32
85 123 21
24 86 22
57 97 33
81 93 17
12 73 9
35 78 14
32 75 11
6 46 6
38 45 38
27 80 16
49 68 4
85 91 21
84 128 20
104 116 40
75 122 11
53 118 53
39 75 11
10 121 10
77 89 13
65 71 1
19 97 19
103 112 39
87 126 23
92 103 28
85 106 21
52 108 44
52 105 41
93 101 29
42 103 39
39 76 12
66 71 2
58 86 22
12 36 12
89 115 25
60 98 34
27 128 27
23 84 20
5 6 5
107 121 43
47 54 47
10 63 10
55 119 55
102 103 38
62 75 11
19 31 19
104 109 40
47 48 47
14 120 14
83 98 19
3 80 3
45 63 45
32 53 32
15 64 15
32 79 15
60 64 60
49 90 26
6 17 6
117 124 53
1 40 1
2 4 2
83 88 19
5 33 5
18 80 16
91 118 27
50 52 50
7 28 7
44 84 20
77 121 13
85 121 21
80 87 16
25 81 17
64 68 4
106 114 42
19 96 19
30 84 20
1 81 1
5 87 5
35 51 35
72 125 8
90 125 26
57 95 31
77 112 13
102 107 38
117 123 53
50 83 19
87 128 23
93 95 29
32 34 32
36 86 22
96 101 32
110 113 46
34 88 24
57 118 54
46 105 41
1 15 1
10 93 10
8 36 8
18 65 1
12 84 12
35 74 10
20 79 15
91 119 27
31 101 31
8 90 8
16 50 16
74 78 10
36 41 36
51 74 10
117 121 53
8 40 8
85 112 21
98 120 34
66 89 2
99 117 35
76 99 12
43 114 43
36 55 36
58 119 55
72 105 8
30 86 22
1 120 1
14 30 14
15 28 15
99 115 35
9 24 9
10 124 10
36 47 36
44 125 44
62 104 40
87 105 23
101 103 37
19 65 1
61 119 55
19 105 19
1 121 1
11 45 11
58 118 54
46 106 42
7 44 7
22 83 19
63 83 19
35 101 35
73 98 9
3 112 3
2 91 2
125 127 61
108 115 44
63 78 14
56 87 23
30 45 30
24 44 24
124 128 60
58 112 48
50 68 4
3 91 3
107 114 43
40 51 40
48 113 48
82 117 18
2 104 2
113 114 49
104 123 40
115 118 51
40 93 29
14 127 14
81 128 17
5 14 5
41 114 41
61 74 10
30 111 30
96 119 32
3 52 3
36 126 36
54 71 7
47 66 2
33 111 33
36 117 36
3 68 3
2 30 2
34 49 34
53 110 46
53 74 10
53 67 3
3 51 3
5 110 5
6 9 6
9 62 9
45 94 30
32 90 26
39 67 3
102 109 38
30 53 30
73 81 9
1 6 1
94 113 30
48 62 48
18 97 18
45 91 27
56 92 28
81 109 17
54 108 44
10 53 10
3 27 3
41 92 28
10 109 10
64 97 33
64 124 60
85 99 21
108 120 44
50 51 50
40 43 40
55 86 22
20 76 12
10 40 10
114 128 50
120 128 56
78 81 14
21 54 21
12 62 12
9 18 9
24 34 24
106 116 42
19 33 19
75 124 11
56 84 20
34 90 26
49 110 46
28 104 28
40 104 40
44 68 4
32 69 5
65 127 1
45 51 45
126 128 62
47 114 47
12 117 12
6 122 6
91 111 27
114 124 50
18 25 18
86 118 22
54 125 54
62 116 52
29 128 29
18 86 18
42 71 7
38 90 26
19 94 19
118 122 54
6 114 6
4 66 2
52 92 28
16 69 5
47 110 46
8 124 8
49 71 7
6 99 6
13 96 13
27 45 27
80 122 16
78 91 14
65 119 1
55 118 54
59 117 53
47 109 45
48 110 46
34 80 16
73 74 9
64 104 40
62 118 54
61 91 27
100 125 36
97 120 33
121 125 57
6 82 6
100 108 36
42 91 27
107 110 43
64 126 62
99 114 35
63 70 6
7 9 7
69 118 5
32 113 32
27 75 11
30 38 30
38 87 23
93 117 29
26 33 26
82 92 18
10 60 10
114 117 50
12 64 12
99 125 35
11 80 11
10 17 10
44 98 34
51 87 23
63 126 62
45 96 32
63 67 3
3 6 3
75 128 11
20 67 3
35 97 33
47 105 41
4 46 4
69 128 5
48 49 48
9 70 6
98 121 34
64 102 38
87 92 23
46 58 46
59 103 39
69 104 5
83 105 19
6 36 6
54 95 31
5 86 5
15 36 15
120 122 56
51 92 28
55 74 10
51 117 51
2 115 2
45 127 45
72 110 8
9 89 9
3 89 3
80 112 16
4 38 4
62 83 19
31 80 16
91 126 27
40 100 36
36 90 26
48 70 6
115 126 51
68 124 4
24 100 24
28 42 28
19 32 19
1 123 1
65 80 1
4 20 4
38 106 38
9 37 9
3 127 3
38 86 22
15 66 2
27 53 27
68 116 4
34 105 34
14 38 14
44 117 44
50 100 36
71 108 7
21 98 21
76 96 12
73 127 9
45 74 10
90 124 26
71 110 7
47 116 47
74 79 10
33 66 2
86 128 22
99 121 35
104 117 40
99 128 35
103 121 39
34 86 22
28 65 1
45 53 45
48 90 26
18 67 3
40 116 40
65 68 1
105 109 41
12 15 12
55 108 44
14 17 14
66 82 2
18 30 18
58 108 44
40 92 28
13 43 13
90 93 26
81 98 17
37 128 37
21 80 16
27 99 27
9 75 9
30 39 30
55 98 34
70 102 6
23 116 23
49 126 49
22 91 22
78 106 14
57 96 32
29 109 29
74 94 10
38 94 30
22 78 14
63 100 36
38 81 17
3 8 3
8 27 8
7 110 7
13 22 13
110 114 46
4 69 4
40 81 17
32 56 32
100 111 36
45 88 24
72 113 8
22 51 22
54 92 28
64 100 36
5 83 5
59 105 41
34 77 13
38 65 1
9 91 9
14 40 14
112 122 48
35 90 26
42 94 30
34 82 18
58 100 36
73 83 9
72 119 8
85 111 21
20 60 20
2 78 2
23 56 23
4 79 4
26 67 3
51 99 35
60 113 49
13 127 13
12 79 12
85 95 21
62 95 31
19 52 19
66 128 2
33 96 32
74 101 10
8 85 8
8 78 8
3 34 3
31 102 31
43 72 8
41 77 13
34 125 34
53 82 18
113 116 49
91 120 27
97 115 33
41 97 33
84 127 20
24 41 24
60 100 36
37 92 28
106 112 42
23 30 23
7 65 1
32 98 32
44 76 12
92 93 28
12 74 10
23 61 23
54 93 29
112 118 48
33 92 28
26 28 26
47 76 12
74 107 10
67 94 3
84 87 20
47 85 21
6 76 6
45 70 6
22 102 22
10 87 10
4 5 4
33 62 33
54 112 48
104 110 40
36 123 36
45 79 15
30 118 30
51 90 26
22 77 13
1 107 1
91 94 27
123 127 59
60 94 30
35 80 16
56 120 56
36 88 24
2 22 2
52 58 52
41 83 19
99 124 35
9 53 9
42 109 42
27 57 27
114 121 50
13 61 13
56 99 35
62 87 23
60 68 4
68 121 4
80 128 16
11 72 8
2 67 2
37 107 37
19 67 3
104 126 40
98 105 34
93 114 29
6 85 6
8 22 8
24 109 24
65 106 1
44 107 43
19 26 19
6 74 6
20 66 2
36 128 36
26 86 22
46 77 13
42 69 5
11 32 11
18 23 18
62 94 30
80 117 16
89 125 25
22 92 22
61 92 28
97 116 33
62 74 10
8 66 2
17 81 17
46 127 46
12 33 12
13 21 13
69 119 5
39 85 21
60 71 7
4 115 4
13 95 13
7 56 7
72 96 8
5 123 5
43 86 22
89 96 25
85 90 21
60 77 13
28 126 28
95 116 31
39 56 39
96 99 32
25 93 25
20 54 20
46 94 30
27 54 27
55 109 45
25 109 25
77 110 13
21 106 21
15 67 3
101 105 37
29 99 29
29 77 13
61 89 25
13 41 13
5 63 5
108 122 44
27 92 27
21 67 3
14 24 14
19 42 19
9 113 9
22 29 22
75 118 11
54 117 53
41 79 15
4 55 4
55 123 55
40 87 23
11 115 11
57 78 14
6 39 6
1 91 1
78 105 14
112 115 48
62 117 53
5 8 5
77 85 13
14 42 14
32 70 6
11 108 11
81 103 17
28 97 28
48 98 34
106 119 42
4 75 4
11 85 11
35 85 21
35 45 35
48 78 14
9 73 9
5 128 5
79 126 15
93 122 29
15 34 15
24 71 7
97 101 33
119 122 55
88 124 24
14 69 5
38 96 32
69 126 5
45 113 45
87 89 23
18 111 18
5 72 5
41 43 41
83 108 19
79 87 15
34 66 2
98 99 34
8 88 8
92 115 28
46 128 46
13 126 13
48 91 27
41 70 6
44 93 29
41 68 4
18 107 18
21 128 21
55 102 38
76 104 12
26 51 26
100 116 36
36 91 27
43 107 43
40 80 16
60 115 51
43 108 43
76 100 12
28 109 28
1 87 1
79 93 15
28 29 28
26 76 12
6 75 6
52 123 52
61 95 31
2 50 2
72 76 8
4 73 4
3 43 3
65 114 1
30 89 25
2 89 2
28 72 8
92 123 28
22 80 16
32 119 32
6 92 6
61 121 57
56 117 53
43 47 43
110 124 46
70 80 6
16 31 16
14 77 13
2 126 2
63 117 53
53 99 35
3 29 3
26 128 26
12 88 12
75 83 11
110 119 46
7 26 7
41 85 21
13 19 13
74 76 10
14 18 14
27 36 27
87 114 23
2 66 2
3 87 3
27 90 26
25 70 6
78 109 14
32 92 28
45 109 45
116 123 52
28 31 28
43 87 23
26 80 16
4 14 4
113 115 49
58 99 35
15 65 1
1 102 1
2 12 2
82 93 18
62 101 37
34 64 34
89 116 25
86 97 22
62 115 51
40 121 40
72 124 8
14 74 10
2 6 2
87 104 23
59 74 10
28 95 28
15 57 15
42 81 17
109 125 45
65 76 1
57 80 16
109 114 45
83 125 19
12 14 12
100 109 36
7 83 7
10 89 10
83 90 19
36 122 36
24 89 24
12 68 4
58 67 3
26 98 26
22 119 22
7 101 7
12 78 12
35 92 28
46 109 45
6 70 6
5 74 5
79 99 15
82 100 18
101 116 37
73 93 9
17 46 17
40 96 32
98 126 34
17 31 17
45 98 34
19 75 11
4 99 4
65 67 1
63 68 4
74 114 10
14 80 14
54 110 46
89 127 25
56 98 34
61 103 39
76 128 12
25 94 25
92 125 28
4 8 4
75 113 11
1 35 1
74 93 10
47 99 35
5 80 5
12 66 2
83 91 19
23 72 8
75 86 11
38 84 20
95 109 31
39 128 39
91 105 27
26 77 13
61 113 49
92 94 28
37 90 26
1 25 1
61 93 29
14 51 14
10 12 10
25 68 4
1 78 1
89 99 25
75 120 11
6 71 6
43 76 12
57 102 38
20 107 20
85 127 21
69 71 5
17 35 17
124 126 60
92 100 28
39 79 15
36 45 36
22 81 17
19 24 19
22 25 22
52 60 52
55 126 55
46 53 46
29 49 29
15 112 15
1 8 1
24 33 24
111 127 47
107 119 43
28 81 17
81 105 17
82 109 18
32 91 27
78 96 14
91 128 27
96 98 32
77 118 13
69 111 5
84 111 20
48 87 23
26 44 26
45 71 7
4 71 4
78 125 14
70 95 6
86 96 22
27 37 27
11 90 11
4 64 4
41 67 3
84 93 20
88 89 24
6 16 6
14 90 14
38 88 24
37 105 37
78 85 14
31 36 31
49 107 43
24 48 24
55 100 36
35 67 3
105 120 41
21 84 20
70 106 6
66 78 2
5 40 5
78 118 14
106 123 42
43 81 17
59 84 20
66 100 2
13 121 13
78 83 14
34 112 34
96 104 32
12 70 6
104 125 40
67 89 3
79 113 15
82 98 18
18 103 18
73 117 9
38 107 38
90 107 26
91 106 27
45 50 45
25 98 25
6 113 6
42 52 42
51 93 29
109 116 45
64 116 52
1 2 1
76 79 12
18 31 18
94 101 30
93 124 29
10 114 10
59 109 45
55 93 29
7 12 7
119 124 55
52 113 49
24 51 24
3 88 3
55 66 2
59 118 54
2 100 2
47 81 17
66 116 2
55 71 7
18 95 18
35 52 35
32 78 14
17 102 17
88 93 24
6 34 6
75 126 11
12 46 12
2 3 2
20 109 20
74 109 10
103 110 39
22 30 22
7 11 7
38 70 6
92 107 28
49 97 33
112 127 48
24 84 20
44 83 19
65 85 1
60 109 45
116 117 52
75 80 11
89 119 25
106 118 42
17 86 17
40 115 40
41 118 41
88 108 24
75 96 11
89 106 25
33 67 3
106 111 42
20 94 20
20 112 20
15 95 15
26 117 26
10 91 10
66 94 2
1 70 1
25 45 25
31 125 31
54 113 49
19 73 9
52 68 4
35 108 35
31 32 31
19 113 19
46 83 19
34 81 17
50 119 50
6 77 6
32 83 19
3 98 3
1 23 1
36 102 36
34 102 34
101 120 37
60 86 22
20 115 20
31 91 27
79 90 15
48 66 2
12 80 12
72 118 8
59 87 23
92 128 28
13 59 13
45 84 20
3 53 3
85 104 21
74 118 10
36 66 2
53 97 33
93 120 29
86 120 22
96 111 32
96 110 32
103 116 39
93 121 29
84 86 20
81 123 17
57 90 26
12 81 12
123 128 59
68 103 4
46 120 46
6 64 6
48 109 45
15 79 15
50 59 50
23 34 23
86 99 22
4 76 4
49 56 49
122 124 58
32 87 23
62 122 58
77 122 13
39 101 37
95 97 31
61 116 52
8 98 8
66 108 2
17 90 17
34 59 34
52 81 17
110 127 46
37 98 34
17 117 17
48 88 24
18 118 18
79 101 15
60 70 6
54 111 47
69 79 5
5 119 5
56 96 32
25 80 16
14 121 14
34 122 34
60 118 54
44 65 1
39 95 31
37 85 21
70 76 6
11 16 11
54 103 39
93 125 29
83 102 19
58 93 29
7 46 7
7 77 7
2 20 2
46 99 35
36 39 36
89 110 25
35 102 35
5 12 5
33 71 7
61 123 59
26 72 8
53 65 1
58 95 31
28 73 9
112 128 48
18 54 18
72 120 8
14 25 14
68 78 4
77 82 13
52 74 10
93 128 29
66 109 2
37 80 16
42 72 8
64 109 45
19 46 19
2 24 2
100 105 36
68 94 4
63 84 20
51 109 45
60 82 18
30 112 30
63 128 63
47 97 33
8 72 8
108 112 44
80 93 16
104 111 40
28 108 28
9 25 9
92 102 28
6 58 6
34 106 34
56 69 5
50 73 9
86 115 22
5 88 5
77 113 13
53 64 53
3 124 3
47 62 47
70 82 6
11 14 11
8 69 5
50 105 41
13 92 13
5 101 5
15 90 15
92 122 28
45 104 40
25 106 25
3 33 3
59 102 38
89 126 25
29 105 29
37 121 37
59 119 55
102 125 38
26 89 25
89 113 25
53 128 53
25 111 25
39 91 27
38 57 38
31 114 31
41 47 41
10 49 10
24 118 24
14 26 14
80 84 16
15 110 15
19 120 19
8 104 8
23 41 23
14 111 14
53 94 30
38 119 38
61 124 60
26 48 26
15 87 15
25 53 25
87 90 23
93 126 29
94 126 30
83 127 19
86 101 22
36 73 9
21 79 15
80 95 16
16 34 16
94 110 30
55 105 41
63 116 52
42 90 26
102 128 38
85 101 21
56 90 26
85 92 21
9 40 9
21 85 21
17 30 17
23 58 23
79 85 15
15 121 15
41 76 12
52 53 52
41 71 7
82 114 18
15 71 7
10 34 10
28 91 27
11 70 6
19 107 19
21 39 21
116 122 52
53 90 26
15 76 12
48 111 47
7 39 7
32 88 24
3 9 3
66 127 2
29 74 10
91 113 27
106 115 42
110 118 46
40 69 5
20 28 20
73 88 9
22 84 20
33 95 31
9 103 9
9 34 9
8 115 8
8 53 8
30 51 30
77 125 13
109 117 45
44 47 44
60 83 19
64 99 35
8 11 8
85 128 21
71 84 7
90 122 26
13 20 13
95 122 31
40 67 3
65 102 1
79 122 15
33 121 33
35 76 12
53 93 29
25 118 25
1 9 1
113 122 49
90 120 26
109 127 45
31 45 31
14 94 14
63 118 54
112 123 48
92 117 28
50 121 50
87 125 23
94 104 30
54 98 34
67 128 3
3 32 3
8 30 8
8 64 8
66 118 2
47 104 40
118 124 54
64 117 53
9 67 3
100 123 36
1 83 1
51 71 7
102 121 38
17 51 17
53 100 36
9 17 9
105 110 41
51 101 37
19 34 19
82 101 18
27 101 27
12 24 12
11 39 11
34 107 34
23 50 23
60 103 39
15 80 15
21 87 21
46 101 37
34 120 34
36 77 13
13 17 13
62 68 4
26 123 26
58 94 30
55 61 55
64 70 6
55 110 46
45 75 11
17 82 17
35 42 35
7 34 7
114 118 50
58 97 33
19 84 19
7 32 7
48 55 48
29 85 21
59 121 57
24 73 9
40 77 13
90 128 26
42 67 3
55 88 24
56 103 39
107 124 43
75 99 11
34 104 34
11 76 11
33 77 13
1 10 1
39 73 9
80 86 16
107 112 43
16 115 16
92 105 28
78 98 14
104 124 40
96 100 32
47 108 44
41 78 14
78 126 14
11 43 11
45 80 16
70 86 6
26 38 26
48 51 48
19 102 19
77 103 13
107 113 43
19 101 19
90 117 26
81 91 17
78 94 14
32 103 32
63 104 40
69 110 5
20 102 20
54 91 27
60 67 3
111 118 47
63 103 39
9 109 9
26 74 10
66 102 2
49 121 49
20 119 20
58 62 58
24 125 24
109 120 45
71 122 7
47 71 7
24 82 18
57 73 9
48 102 38
61 97 33
93 116 29
75 123 11
45 101 37
19 44 19
34 126 34
12 16 12
12 99 12
65 117 1
6 32 6
93 100 29
116 128 52
22 45 22
50 101 37
60 107 43
31 52 31
64 122 58
65 118 1
1 86 1
10 110 10
57 70 6
3 64 3
20 113 20
55 83 19
55 82 18
57 82 18
70 88 6
102 114 38
3 39 3
42 49 42
6 93 6
3 78 3
82 126 18
91 107 27
42 68 4
5 125 5
49 104 40
24 95 24
23 78 14
60 92 28
35 70 6
32 82 18
79 121 15
105 125 41
39 49 39
74 123 10
50 81 17
15 48 15
20 75 11
82 91 18
52 96 32
66 86 2
28 117 28
79 97 15
80 99 16
36 93 29
43 53 43
42 88 24
14 58 14
31 66 2
13 65 1
55 112 48
57 88 24
103 114 39
85 120 21
89 90 25
21 61 21
113 119 49
27 72 8
52 118 52
57 109 45
26 69 5
67 95 3
104 119 40
25 29 25
7 33 7
88 126 24
8 92 8
23 125 23
20 57 20
43 109 43
76 120 12
71 100 7
73 119 9
109 124 45
7 82 7
5 69 5
2 26 2
70 72 6
27 98 27
124 125 60
26 46 26
26 83 19
98 103 34
38 108 38
23 45 23
74 92 10
35 75 11
91 115 27
20 82 18
86 94 22
5 71 5
10 41 10
110 122 46
64 121 57
21 116 21
25 107 25
45 62 45
30 70 6
33 89 25
51 76 12
26 106 26
1 72 1
54 89 25
19 59 19
31 116 31
55 103 39
13 125 13
87 124 23
90 102 26
39 90 26
77 92 13
33 117 33
40 101 37
26 56 26
84 119 20
6 8 6
37 125 37
60 124 60
39 106 39
44 108 44
58 113 49
109 119 45
77 96 13
40 102 38
40 61 40
68 75 4
24 39 24
55 73 9
93 98 29
55 65 1
58 73 9
4 112 4
64 108 44
39 72 8
64 95 31
21 56 21
37 57 37
9 44 9
2 71 2
35 91 27
43 104 40
53 92 28
43 44 43
37 75 11
25 37 25
28 103 28
13 106 13
126 127 62
7 90 7
26 120 26
103 113 39
28 78 14
10 29 10
59 81 17
28 80 16
61 100 36
77 81 13
73 78 9
13 69 5
2 37 2
108 126 44
17 37 17
90 103 26
102 104 38
74 80 10
22 93 22
43 112 43
1 124 1
2 19 2
38 42 38
12 47 12
73 100 9
106 126 42
19 108 19
91 122 27
36 85 21
118 121 54
39 55 39
55 95 31
13 75 11
29 68 4
98 118 34
26 122 26
18 36 18
7 48 7
76 88 12
39 86 22
10 55 10
90 121 26
9 22 9
50 93 29
117 119 53
54 80 16
26 70 6
16 121 16
81 116 17
31 81 17
67 111 3
1 80 1
14 85 14
9 42 9
7 30 7
16 36 16
28 74 10
16 23 16
2 93 2
70 91 6
112 114 48
67 69 3
24 107 24
95 98 31
46 56 46
30 65 1
2 23 2
33 73 9
27 84 20
42 99 35
35 77 13
54 101 37
26 60 26
28 46 28
3 83 3
61 66 2
102 118 38
14 59 14
99 104 35
19 127 19
20 100 20
3 30 3
16 20 16
1 20 1
65 104 1
73 104 9
52 84 20
17 121 17
28 55 28
64 83 19
85 109 21
9 114 9
8 93 8
61 117 53
102 111 38
4 33 4
22 37 22
26 42 26
60 114 50
91 123 27
1 92 1
52 67 3
57 114 50
21 104 21
19 104 19
24 52 24
6 115 6
14 57 14
82 124 18
9 85 9
105 116 41
9 71 7
102 119 38
92 113 28
59 91 27
32 85 21
48 63 48
16 38 16
48 114 48
42 53 42
87 119 23
78 127 14
26 43 26
63 90 26
4 31 4
72 111 8
33 102 33
17 100 17
12 118 12
4 96 4
102 105 38
22 79 15
10 86 10
76 81 12
6 69 5
73 128 9
27 68 4
6 27 6
60 95 31
11 79 11
34 76 12
9 43 9
101 110 37
43 121 43
100 102 36
93 103 29
3 96 3
74 102 10
8 73 8
5 126 5
2 15 2
45 49 45
52 70 6
15 58 15
16 80 16
55 90 26
9 11 9
36 67 3
123 125 59
23 52 23
97 100 33
63 71 7
35 125 35
10 25 10
68 105 4
99 116 35
2 107 2
58 76 12
30 101 30
6 42 6
52 86 22
87 95 23
20 111 20
17 67 3
58 110 46
11 123 11
7 104 7
61 96 32
73 114 9
42 92 28
116 119 52
91 102 27
102 110 38
101 113 37
10 102 10
56 86 22
63 111 47
36 61 36
2 60 2
11 18 11
28 86 22
82 84 18
101 112 37
23 111 23
48 64 48
49 50 49
41 127 41
54 77 13
46 107 43
42 75 11
64 111 47
96 128 32
79 98 15
8 74 8
18 89 18
99 127 35
54 107 43
74 103 10
45 90 26
29 69 5
66 119 2
93 123 29
22 35 22
99 101 35
44 70 6
15 106 15
96 120 32
28 123 28
13 76 12
7 72 7
81 83 17
38 95 31
19 95 19
60 105 41
95 102 31
72 106 8
66 90 2
17 22 17
5 94 5
112 125 48
53 81 17
107 128 43
6 24 6
115 125 51
72 83 8
50 55 50
3 31 3
44 62 44
25 60 25
77 124 13
11 104 11
50 64 50
24 30 24
62 124 60
60 84 20
98 106 34
105 126 41
87 118 23
41 87 23
102 113 38
89 122 25
21 94 21
118 128 54
63 110 46
42 107 42
61 112 48
33 39 33
44 50 44
92 95 28
2 10 2
18 102 18
47 106 42
11 112 11
93 106 29
7 128 7
98 109 34
1 44 1
64 123 59
28 84 20
2 88 2
14 29 14
102 120 38
15 39 15
119 125 55
89 117 25
52 102 38
15 30 15
43 61 43
11 25 11
38 76 12
60 85 21
90 116 26
28 112 28
58 109 45
52 71 7
48 95 31
12 44 12
57 106 42
50 112 48
46 73 9
66 84 2
15 17 15
17 63 17
81 125 17
114 120 50
94 127 30
71 92 7
58 82 18
55 64 55
103 124 39
79 114 15
17 123 17
41 126 41
17 103 17
48 101 37
60 75 11
44 53 44
70 101 6
120 123 56
103 117 39
14 53 14
48 59 48
1 16 1
39 105 39
31 93 29
69 101 5
6 28 6
80 113 16
77 91 13
44 102 38
23 112 23
86 112 22
66 70 2
35 99 35
121 123 57
86 127 22
26 71 7
95 126 31
111 123 47
115 128 51
30 106 30
63 109 45
46 82 18
21 50 21
41 53 41
50 71 7
59 96 32
3 16 3
72 128 8
4 77 4
40 58 40
45 93 29
23 66 2
53 80 16
65 92 1
46 103 39
37 102 37
4 25 4
62 123 59
92 121 28
7 41 7
50 97 33
35 40 35
123 126 59
49 96 32
8 15 8
49 86 22
38 98 34
78 80 14
37 97 33
41 50 41
67 85 3
69 94 5
116 126 52
71 83 7
22 116 22
8 102 8
39 74 10
2 11 2
51 77 13
15 51 15
24 37 24
45 108 44
21 37 21
16 122 16
16 35 16
23 63 23
42 95 31
95 103 31
1 3 1
56 113 49
38 41 38
78 92 14
16 86 16
35 65 1
37 58 37
88 113 24
60 108 44
77 86 13
75 109 11
12 26 12
119 128 55
7 27 7
64 106 42
78 120 14
47 103 39
47 91 27
66 75 2
86 105 22
11 128 11
68 123 4
38 77 13
78 103 14
78 121 14
80 91 16
49 128 49
1 76 1
92 98 28
42 73 9
9 12 9
41 72 8
91 98 27
35 120 35
17 41 17
4 101 4
45 77 13
7 57 7
42 86 22
69 121 5
34 95 31
26 39 26
5 70 5
16 95 16
23 26 23
4 44 4
37 96 32
23 29 23
32 73 9
39 108 39
13 70 6
97 102 33
5 100 5
51 125 51
61 98 34
5 18 5
72 94 8
25 34 25
47 84 20
34 94 30
55 104 40
6 25 6
56 128 56
6 98 6
38 121 38
49 105 41
5 45 5
24 66 2
30 87 23
91 96 27
8 61 8
37 87 23
34 127 34
65 99 1
75 101 11
54 62 54
60 110 46
69 113 5
7 68 4
81 110 17
26 64 26
52 77 13
7 85 7
1 5 1
22 32 22
97 122 33
10 33 10
101 127 37
41 73 9
19 61 19
97 126 33
40 86 22
78 115 14
88 109 24
72 123 8
94 106 30
24 28 24
68 113 4
13 81 13
87 108 23
92 119 28
38 53 38
15 98 15
81 95 17
40 83 19
32 65 1
46 88 24
26 99 26
40 70 6
64 115 51
65 95 1
1 18 1
15 74 10
12 92 12
82 116 18
89 109 25
51 83 19
70 115 6
100 124 36
14 109 14
31 75 11
115 119 51
33 87 23
6 66 2
20 21 20
39 80 16
55 99 35
12 60 12
75 119 11
1 77 1
119 126 55
51 111 47
2 84 2
26 91 26
19 103 19
40 89 25
32 45 32
56 64 56
59 82 18
8 10 8
51 108 44
73 102 9
57 101 37
65 87 1
22 75 11
5 19 5
23 114 23
13 102 13
16 61 16
83 112 19
3 107 3
45 82 18
8 75 8
44 94 30
43 90 26
5 68 4
19 92 19
40 65 1
15 92 15
88 120 24
18 35 18
48 92 28
50 111 47
1 88 1
26 53 26
73 99 9
78 84 14
4 40 4
8 76 8
15 45 15
7 124 7
4 110 4
95 121 31
14 68 4
34 74 10
45 99 35
99 112 35
78 119 14
2 102 2
22 104 22
54 115 51
73 113 9
33 113 33
33 76 12
3 67 3
57 107 43
74 120 10
37 49 37
18 108 18
35 116 35
11 38 11
58 128 58
70 93 6
19 83 19
99 100 35
96 106 32
25 97 25
18 83 18
30 85 21
70 85 6
86 111 22
35 100 35
11 73 9
106 127 42
10 13 10
67 83 3
6 35 6
107 127 43
67 101 3
37 88 24
79 94 15
37 76 12
47 112 47
58 107 43
32 95 31
94 100 30
98 127 34
3 65 1
47 65 1
90 127 26
31 53 31
71 98 7
1 101 1
109 115 45
2 59 2
13 34 13
83 118 19
96 108 32
53 119 53
44 45 44
70 73 6
6 124 6
22 28 22
3 90 3
71 121 7
58 126 58
67 115 3
80 106 16
60 66 2
5 116 5
13 48 13
78 112 14
8 14 8
50 67 3
2 9 2
38 79 15
57 64 57
7 76 7
30 88 24
8 94 8
29 115 29
38 100 36
56 114 50
37 40 37
30 107 30
24 83 19
96 115 32
70 87 6
55 101 37
17 66 2
64 93 29
15 62 15
22 44 22
62 113 49
62 121 57
7 45 7
51 105 41
67 122 3
91 101 27
81 99 17
20 99 20
30 78 14
3 21 3
28 114 28
60 111 47
27 32 27
51 65 1
47 115 47
84 108 20
41 103 39
66 85 2
100 110 36
47 100 36
108 116 44
105 122 41
55 60 55
25 88 24
18 110 18
29 119 29
35 87 23
52 91 27
44 46 44
91 104 27
55 114 50
62 119 55
4 57 4
11 98 11
4 30 4
23 68 4
24 75 11
5 73 5
105 112 41
63 75 11
42 110 42
9 124 9
7 50 7
7 113 7
9 66 2
12 25 12
116 127 52
35 82 18
89 104 25
76 109 12
18 98 18
27 111 27
100 104 36
76 106 12
97 128 33
98 113 34
52 104 40
71 77 7
87 112 23
95 100 31
77 116 13
66 124 2
91 125 27
109 121 45
41 75 11
50 76 12
68 89 4
15 88 15
43 85 21
43 60 43
8 18 8
69 98 5
76 124 12
55 128 55
83 100 19
36 72 8
1 33 1
11 49 11
52 59 52
25 95 25
111 116 47
3 7 3
90 109 26
67 93 3
21 105 21
1 56 1
6 84 6
118 126 54
17 92 17
54 59 54
2 110 2
51 73 9
10 70 6
40 99 35
103 118 39
9 92 9
56 82 18
89 100 25
61 104 40
74 77 10
5 112 5
67 104 3
60 93 29
42 120 42
56 105 41
110 115 46
36 118 36
118 127 54
10 82 10
49 77 13
18 88 18
42 124 42
50 79 15
95 118 31
37 70 6
28 127 28
111 114 47
44 64 44
65 96 1
83 122 19
12 59 12
28 111 28
23 104 23
113 128 49
8 31 8
32 47 32
56 101 37
55 97 33
6 68 4
39 98 34
70 103 6
53 79 15
40 79 15
16 85 16
50 84 20
114 115 50
17 105 17
92 126 28
10 14 10
88 110 24
95 110 31
78 89 14
11 54 11
20 105 20
8 20 8
22 113 22
94 121 30
17 83 17
13 78 13
15 108 15
37 78 14
100 118 36
12 125 12
9 10 9
88 92 24
118 119 54
16 45 16
64 120 56
111 117 47
89 101 25
99 118 35
99 126 35
72 82 8
21 82 18
15 50 15
33 43 33
5 10 5
67 116 3
39 110 39
34 99 34
18 81 17
29 58 29
85 125 21
33 52 33
41 117 41
122 127 58
76 93 12
67 73 3
29 87 23
83 124 19
58 98 34
65 111 1
58 96 32
21 86 21
28 77 13
121 127 57
19 79 15
80 124 16
117 118 53
81 122 17
65 97 1
63 96 32
61 90 26
29 73 9
5 65 1
88 111 24
63 127 63
7 118 7
15 78 14
65 93 1
8 110 8
13 27 13
88 95 24
16 90 16
3 61 3
4 39 4
21 117 21
2 27 2
54 97 33
54 86 22
62 109 45
86 106 22
24 60 24
81 111 17
49 100 36
98 115 34
31 117 31
36 94 30
101 122 37
8 63 8
62 90 26
59 112 48
98 116 34
16 78 14
111 122 47
31 122 31
12 82 12
123 124 59
18 101 18
78 114 14
55 106 42
62 102 38
7 98 7
62 105 41
76 114 12
24 124 24
3 113 3
64 105 41
48 65 1
93 127 29
18 84 18
67 114 3
77 87 13
29 94 29
13 100 13
25 128 25
10 128 10
54 58 54
17 78 14
10 62 10
36 69 5
44 100 36
22 121 22
6 73 6
92 97 28
1 26 1
60 119 55
21 36 21
25 58 25
10 47 10
52 114 50
13 56 13
84 94 20
46 70 6
51 79 15
30 75 11
43 56 43
11 57 11
30 110 30
13 118 13
56 77 13
49 58 49
94 116 30
6 100 6
83 84 19
5 81 5
47 94 30
110 125 46
25 96 25
14 28 14
29 32 29
70 74 6
105 124 41
26 65 1
59 110 46
85 110 21
87 122 23
20 73 9
26 90 26
5 7 5
39 104 39
2 117 2
7 108 7
16 19 16
27 106 27
86 89 22
98 124 34
16 25 16
64 107 43
20 123 20
27 85 21
7 37 7
11 69 5
40 126 40
10 28 10
68 122 4
10 46 10
81 84 17
121 126 57
62 82 18
57 117 53
113 124 49
5 35 5
22 96 22
9 121 9
106 124 42
8 24 8
1 73 1
29 93 29
31 115 31
16 82 16
73 91 9
70 107 6
26 81 17
31 85 21
55 107 43
23 82 18
87 93 23
48 122 48
61 110 46
87 88 23
32 48 32
15 111 15
43 123 43
95 108 31
11 121 11
63 122 58
79 127 15
13 72 8
64 118 54
105 106 41
96 116 32
4 85 4
41 122 41
88 97 24
79 96 15
43 71 7
36 82 18
111 120 47
74 75 10
56 95 31
44 91 27
9 105 9
87 117 23
53 107 43
53 109 45
56 85 21
110 120 46
48 79 15
16 71 7
62 72 8
45 102 38
62 112 48
27 83 19
15 35 15
27 125 27
20 106 20
29 102 29
107 117 43
57 87 23
39 61 39
63 121 57
91 121 27
100 117 36
105 121 41
36 80 16
61 107 43
82 88 18
39 126 39
45 103 39
10 107 10
50 107 43
84 92 20
34 38 34
43 102 38
51 67 3
82 95 18
80 81 16
7 126 7
58 103 39
45 66 2
18 29 18
64 113 49
29 96 29
73 90 9
13 49 13
91 99 27
12 38 12
30 96 30
12 120 12
46 89 25
24 29 24
86 91 22
53 98 34
20 44 20
53 60 53
76 127 12
66 113 2
28 82 18
6 110 6
89 94 25
22 99 22
32 105 32
7 67 3
20 74 10
47 75 11
22 49 22
116 125 52
73 124 9
70 128 6
28 66 2
19 71 7
19 98 19
112 126 48
78 101 14
16 87 16
1 65 1
51 89 25
60 73 9
34 84 20
1 4 1
42 77 13
1 69 1
32 112 32
65 69 1
94 119 30
25 47 25
57 85 21
121 122 57
36 59 36
60 87 23
34 113 34
43 46 43
14 41 14
65 82 1
7 122 7
118 123 54
29 90 26
50 74 10
66 106 2
67 74 3
11 117 11
84 105 20
26 29 26
42 102 38
57 61 57
13 86 13
48 84 20
75 98 11
15 49 15
7 20 7
28 89 25
69 73 5
2 51 2
3 4 3
31 99 31
13 97 13
83 97 19
21 81 17
72 109 8
98 122 34
49 57 49
11 15 11
65 79 1
107 111 43
67 78 3
13 90 13
43 120 43
53 88 24
4 83 4
18 78 14
84 101 20
56 104 40
48 73 9
63 115 51
85 87 21
46 110 46
82 120 18
22 27 22
24 77 13
99 108 35
2 101 2
41 105 41
31 48 31
49 93 29
84 109 20
33 34 33
1 93 1
20 22 20
111 128 47
122 125 58
14 19 14
68 82 4
49 81 17
94 128 30
2 63 2
3 72 3
11 92 11
54 76 12
1 31 1
48 115 48
88 123 24
33 123 33
11 100 11
79 109 15
26 32 26
90 98 26
72 80 8
107 122 43
82 102 18
44 95 31
55 89 25
42 80 16
80 90 16
51 110 46
77 117 13
92 124 28
51 95 31
31 78 14
105 115 41
19 40 19
77 80 13
35 53 35
68 74 4
17 128 17
83 114 19
51 103 39
22 103 22
62 65 1
49 94 30
60 62 60
61 94 30
85 96 21
56 126 56
74 110 10
10 42 10
59 90 26
63 66 2
31 98 31
9 117 9
56 88 24
64 94 30
25 48 25
8 42 8
73 107 9
77 90 13
15 105 15
58 78 14
85 117 21
114 125 50
59 86 22
71 106 7
70 83 6
38 97 33
53 78 14
6 18 6
66 83 2
127 128 63
34 98 34
5 23 5
61 118 54
115 120 51
10 37 10
55 91 27
61 67 3
53 114 50
57 119 55
6 22 6
74 84 10
120 125 56
42 51 42
72 90 8
51 86 22
40 125 40
20 40 20
21 96 21
63 123 59
105 128 41
55 92 28
109 118 45
39 99 35
52 110 46
32 81 17
87 110 23
23 106 23
38 123 38
40 119 40
22 23 22
124 127 60
83 113 19
63 114 50
80 94 16
72 93 8
46 84 20
16 33 16
59 116 52
108 128 44
79 117 15
104 118 40
85 103 21
108 124 44
8 101 8
28 99 28
29 118 29
5 26 5
61 114 50
20 39 20
13 63 13
103 107 39
21 112 21
60 122 58
76 113 12
13 128 13
30 34 30
7 78 7
28 32 28
78 90 14
6 79 6
108 113 44
66 105 2
53 111 47
57 74 10
43 63 43
103 106 39
91 109 27
68 84 4
64 125 61
4 97 4
98 107 34
31 110 31
72 95 8
49 103 39
1 39 1
44 97 33
15 68 4
63 89 25
47 125 47
69 86 5
11 124 11
71 78 7
106 109 42
96 105 32
90 95 26
17 69 5
44 99 35
51 66 2
58 84 20
60 104 40
48 100 36
17 18 17
63 79 15
95 106 31
14 31 14
31 72 8
21 66 2
9 112 9
16 54 16
62 114 50
81 126 17
49 74 10
38 104 38
72 88 8
2 119 2
15 84 15
48 104 40
120 127 56
12 65 1
17 87 17
5 17 5
21 43 21
69 74 5
7 109 7
51 106 42
40 123 40
24 93 24
28 105 28
65 128 1
34 69 5
21 51 21
11 105 11
47 61 47
42 48 42
59 99 35
2 74 2
28 87 23
29 98 29
37 59 37
50 86 22
73 86 9
78 128 14
23 88 23
64 73 9
21 27 21
64 85 21
46 96 32
113 120 49
54 106 42
113 118 49
7 13 7
3 35 3
60 106 42
34 56 34
59 98 34
70 97 6
45 107 43
81 89 17
25 74 10
12 22 12
20 84 20
13 60 13
3 100 3
29 117 29
49 87 23
82 112 18
97 117 33
80 120 16
94 123 30
33 85 21
34 108 34
45 122 45
36 110 36
81 88 17
117 120 53
78 104 14
104 105 40
56 97 33
12 49 12
96 107 32
8 67 3
100 119 36
24 69 5
5 114 5
7 14 7
63 93 29
28 35 28
88 118 24
21 77 13
26 127 26
54 60 54
16 66 2
6 89 6
59 108 44
89 92 25
91 127 27
21 57 21
4 65 1
15 81 15
34 53 34
54 63 54
11 20 11
24 46 24
36 81 17
35 47 35
97 111 33
25 28 25
58 68 4
105 107 41
79 118 15
76 108 12
28 100 28
90 113 26
48 82 18
62 125 61
108 111 44
98 128 34
26 45 26
51 114 50
90 104 26
26 35 26
1 111 1
23 122 23
65 86 1
26 111 26
101 119 37
70 118 6
44 77 13
109 123 45
18 99 18
112 121 48
30 68 4
39 41 39
38 67 3
33 91 27
80 101 16
16 106 16
23 128 23
100 101 36
96 125 32
92 118 28
113 126 49
62 120 56
23 87 23
1 22 1
82 105 18
57 110 46
77 83 13
11 116 11
80 102 16
82 94 18
7 22 7
17 45 17
3 10 3
62 91 27
17 85 17
84 91 20
64 127 63
66 79 2
21 124 21
17 53 17
52 62 52
23 75 11
42 78 14
110 128 46
57 93 29
2 120 2
42 114 42
3 46 3
9 77 9
5 21 5
55 117 53
29 43 29
37 108 37
43 67 3
98 111 34
31 108 31
32 42 32
69 70 5
26 92 26
9 68 4
37 93 29
5 76 5
68 120 4
99 106 35
13 30 13
65 100 1
60 91 27
44 123 44
64 69 5
88 119 24
59 113 49
3 41 3
40 49 40
47 74 10
119 120 55
19 106 19
17 91 17
25 27 25
104 127 40
18 125 18
10 15 10
87 107 23
29 120 29
16 48 16
5 59 5
53 63 53
60 90 26
17 115 17
82 86 18
43 52 43
38 44 38
22 105 22
51 97 33
61 115 51
16 52 16
117 126 53
52 107 43
78 116 14
107 120 43
44 48 44
89 97 25
48 99 35
7 125 7
7 94 7
42 98 34
67 99 3
3 45 3
7 80 7
4 45 4
10 59 10
36 65 1
60 78 14
47 79 15
33 128 33
31 56 31
102 108 38
56 100 36
74 104 10
11 71 7
24 76 12
63 113 49
75 97 11
19 86 19
27 50 27
100 115 36
14 49 14
25 84 20
42 104 40
3 42 3
88 128 24
45 87 23
88 127 24
98 119 34
84 104 20
11 87 11
14 87 14
99 105 35
23 40 23
10 50 10
28 37 28
22 26 22
46 81 17
5 11 5
32 110 32
5 38 5
57 77 13
43 70 6
113 117 49
94 97 30
100 113 36
34 119 34
58 88 24
114 116 50
38 109 38
80 111 16
81 90 17
106 107 42
20 80 16
17 104 17
44 89 25
24 119 24
91 110 27
100 128 36
4 35 4
13 98 13
32 35 32
6 112 6
18 126 18
52 101 37
29 65 1
44 69 5
20 31 20
111 115 47
2 118 2
101 106 37
56 118 54
19 64 19
23 127 23
70 123 6
30 71 7
35 89 25
79 128 15
66 91 2
14 48 14
13 119 13
24 43 24
21 91 21
46 102 38
34 118 34
39 120 39
20 23 20
37 72 8
57 92 28
13 35 13
26 54 26
64 77 13
15 83 15
7 99 7
1 57 1
105 114 41
68 107 4
45 128 45
41 64 41
83 92 19
75 125 11
19 30 19
41 80 16
37 103 37
7 89 7
9 15 9
66 122 2
7 70 6
82 118 18
56 79 15
1 112 1
11 75 11
80 83 16
64 88 24
61 68 4
53 101 37
40 48 40
9 31 9
27 62 27
26 82 18
35 38 35
9 102 9
41 115 41
43 127 43
62 100 36
62 110 46
98 123 34
48 71 7
86 88 22
35 81 17
28 49 28
14 118 14
45 105 41
52 88 24
68 114 4
30 62 30
16 17 16
16 89 16
84 122 20
23 110 23
37 86 22
14 113 14
2 47 2
30 33 30
16 55 16
5 91 5
104 122 40
99 107 35
16 123 16
71 111 7
93 112 29
84 120 20
66 110 2
67 119 3
64 79 15
68 110 4
31 38 31
42 123 42
28 83 19
8 121 8
29 45 29
93 107 29
74 81 10
78 87 14
19 74 10
28 69 5
18 28 18
23 96 23
43 62 43
48 108 44
24 116 24
35 123 35
74 124 10
90 101 26
4 53 4
11 27 11
59 77 13
3 97 3
4 10 4
15 118 15
104 106 40
40 59 40
64 87 23
90 94 26
9 28 9
18 92 18
62 93 29
10 72 8
43 115 43
14 78 14
23 80 16
71 105 7
12 127 12
61 108 44
66 112 2
32 121 32
96 103 32
119 121 55
7 123 7
20 36 20
41 82 18
38 103 38
75 95 11
59 128 59
26 88 24
17 68 4
24 103 24
51 100 36
48 94 30
7 86 7
62 92 28
41 46 41
57 75 11
43 98 34
23 79 15
30 44 30
2 77 2
87 91 23
2 8 2
30 37 30
46 61 46
14 89 14
121 128 57
83 116 19
50 103 39
61 82 18
16 42 16
33 122 33
89 111 25
11 48 11
52 106 42
2 90 2
82 111 18
109 113 45
112 116 48
15 102 15
46 108 44
36 37 36
22 59 22
26 78 14
107 108 43
45 89 25
31 40 31
68 128 4
115 122 51
56 108 44
62 80 16
80 88 16
115 121 51
57 83 19
21 123 21
106 110 42
107 125 43
45 57 45
36 62 36
39 70 6
58 70 6
108 127 44
3 11 3
95 114 31
22 89 22
44 96 32
108 118 44
73 96 9
33 101 33
27 69 5
14 107 14
84 112 20
15 27 15
56 91 27
6 10 6
27 71 7
43 100 36
53 116 52
73 95 9
72 122 8
28 120 28
23 67 3
72 108 8
80 123 16
27 108 27
35 72 8
68 83 4
59 115 51
7 64 7
81 108 17
99 111 35
32 71 7
51 84 20
59 78 14
13 16 13
96 123 32
77 128 13
14 79 14
77 98 13
72 75 8
46 114 46
9 80 9
73 111 9
17 34 17
119 123 55
12 52 12
98 104 34
59 83 19
94 120 30
71 79 7
38 92 28
44 78 14
16 119 16
3 40 3
50 89 25
25 66 2
101 125 37
53 86 22
34 83 19
37 95 31
76 85 12
67 109 3
17 40 17
69 97 5
43 50 43
63 65 1
52 65 1
51 104 40
85 108 21
54 116 52
58 102 38
17 75 11
44 113 44
86 124 22
12 17 12
94 114 30
49 53 49
50 94 30
73 112 9
101 115 37
58 85 21
93 113 29
48 75 11
1 41 1
56 110 46
96 126 32
24 49 24
80 92 16
96 112 32
30 63 30
35 69 5
2 99 2
13 83 13
15 100 15
35 105 35
61 81 17
47 83 19
70 92 6
71 81 7
11 78 11
61 101 37
10 67 3
63 102 38
21 76 12
115 123 51
52 98 34
94 124 30
117 125 53
23 94 23
91 112 27
61 120 56
60 128 60
88 94 24
27 78 14
51 56 51
41 99 35
69 109 5
40 54 40
18 27 18
94 109 30
2 69 2
19 80 16
103 125 39
24 87 23
21 41 21
71 94 7
91 124 27
95 128 31
86 104 22
50 99 35
3 117 3
11 95 11
32 99 32
44 90 26
14 73 9
9 13 9
38 62 38
47 64 47
47 68 4
85 114 21
41 120 41
14 124 14
86 107 22
76 102 12
75 111 11
82 115 18
12 72 8
13 54 13
10 90 10
1 103 1
10 104 10
65 73 1
62 86 22
41 51 41
67 123 3
10 22 10
47 101 37
52 126 52
18 123 18
14 55 14
67 120 3
93 109 29
15 77 13
46 92 28
87 113 23
7 16 7
57 116 52
104 120 40
82 122 18
101 124 37
33 45 33
71 125 7
55 69 5
90 108 26
10 101 10
67 68 3
107 126 43
93 105 29
65 123 1
6 7 6
35 54 35
108 109 44
58 92 28
40 95 31
45 100 36
54 70 6
101 111 37
41 100 36
4 121 4
73 105 9
32 41 32
60 69 5
10 100 10
11 50 11
61 76 12
3 5 3
56 94 30
55 115 51
31 84 20
122 126 58
32 94 30
89 95 25
75 103 11
66 69 2
31 95 31
38 91 27
55 96 32
43 51 43
63 69 5
83 110 19
41 109 41
30 35 30
25 69 5
37 113 37
21 73 9
73 110 9
98 101 34
51 85 21
87 123 23
14 54 14
118 120 54
110 123 46
18 46 18
23 69 5
4 6 4
91 93 27
75 110 11
38 40 38
37 54 37
104 115 40
78 122 14
43 101 37
21 44 21
92 96 28
125 126 61
47 52 47
106 121 42
56 73 9
73 87 9
56 109 45
48 125 48
41 95 31
25 51 25
6 91 6
69 93 5
94 122 30
106 128 42
49 55 49
39 109 39
60 120 56
94 105 30
16 76 12
13 99 13
3 13 3
62 107 43
17 39 17
60 74 10
60 99 35
21 113 21
10 11 10
52 125 52
50 125 50
46 48 46
11 93 11
50 109 45
58 83 19
19 110 19
55 76 12
53 71 7
22 66 2
82 110 18
26 94 26
92 111 28
66 77 2
106 117 42
18 104 18
5 42 5
17 116 17
3 115 3
117 127 53
20 89 20
85 100 21
94 98 30
30 113 30
62 97 33
37 89 25
13 52 13
24 104 24
29 116 29
38 54 38
120 124 56
63 87 23
27 43 27
95 124 31
48 105 41
36 74 10
26 73 9
24 97 24
120 121 56
117 128 53
8 71 7
80 97 16
10 76 10
21 78 14
16 94 16
103 128 39
74 126 10
44 105 41
30 104 30
65 75 1
31 94 30
100 120 36
18 113 18
11 101 11
72 97 8
36 76 12
14 76 12
112 124 48
8 84 8
105 113 41
5 43 5
44 106 42
81 119 17
22 65 1
56 74 10
42 112 42
115 117 51
5 66 2
60 101 37
2 116 2
76 98 12
57 94 30
90 92 26
58 114 50
73 116 9
8 51 8
116 120 52
53 87 23
8 113 8
8 65 1
29 89 25
71 73 7
8 9 8
50 110 46
50 85 21
27 121 27
90 105 26
30 108 30
18 68 4
73 109 9
59 93 29
57 89 25
70 81 6
96 117 32
27 126 27
79 81 15
28 88 24
