128 4666
38 42 93
107 126 126
67 91 52
37 121 85
54 106 106
22 34 101
88 100 29
52 119 52
63 125 61
28 45 10
42 72 42
77 82 75
42 103 126
30 81 30
54 61 118
24 123 24
30 106 106
28 111 10
49 73 43
1 51 1
15 56 108
63 66 66
39 98 62
10 31 10
30 122 122
71 98 98
50 100 29
10 127 127
20 119 64
68 110 76
71 84 1
91 93 93
60 75 75
34 87 87
34 99 101
49 91 69
34 69 101
15 94 94
106 120 106
29 116 29
9 58 50
114 119 64
84 125 1
6 89 88
27 107 112
38 121 93
7 36 47
51 62 62
86 107 86
95 102 102
69 70 87
45 82 94
94 115 94
15 124 108
31 80 72
16 84 1
22 40 22
31 117 31
27 86 112
48 97 2
35 95 24
104 111 104
37 45 85
25 28 10
70 98 87
101 122 101
30 37 85
26 70 87
28 61 61
68 80 46
39 106 106
105 107 26
15 111 108
54 101 101
1 117 1
91 106 106
22 91 22
59 114 104
32 75 75
2 11 2
64 118 118
37 57 85
80 96 72
41 127 127
16 97 16
39 95 62
116 118 118
72 113 72
3 63 66
27 31 112
40 128 102
106 113 106
93 120 93
33 111 33
10 80 10
84 93 1
45 108 108
10 79 10
55 85 19
2 42 2
40 111 40
63 82 94
21 107 11
15 123 127
104 120 17
13 98 25
7 94 94
58 60 58
14 19 19
33 124 4
80 117 72
15 43 43
4 101 101
8 122 122
52 80 52
96 115 79
82 102 94
55 95 19
12 116 58
26 99 99
85 113 85
108 113 108
59 61 61
73 97 43
13 89 88
58 104 104
53 71 53
57 71 71
99 113 99
22 61 61
1 23 1
21 71 11
89 116 88
17 89 88
14 57 106
3 106 66
105 110 76
2 32 16
52 106 106
45 74 42
3 85 85
9 41 50
6 10 10
72 85 85
33 105 26
69 118 118
32 61 16
90 108 108
63 65 30
31 99 99
30 33 30
8 27 112
44 102 53
49 59 104
34 68 101
44 49 53
3 23 66
37 53 85
57 70 87
27 81 112
61 111 61
67 96 52
36 92 6
22 28 22
6 70 87
43 108 43
40 101 101
98 124 4
38 74 93
5 121 40
77 83 75
14 67 106
44 78 99
16 113 16
101 115 101
1 100 1
56 100 29
49 124 4
46 109 46
5 76 76
25 93 93
7 45 20
20 78 99
90 97 41
12 71 58
91 105 26
61 85 85
96 97 41
91 119 64
79 97 79
85 110 85
6 65 30
45 99 99
62 115 79
5 82 94
2 96 2
21 118 118
7 93 93
59 105 104
40 120 17
57 89 88
8 104 22
87 122 87
28 103 10
10 119 10
67 71 52
110 128 76
1 50 1
10 116 10
75 77 75
22 57 22
16 62 16
37 80 85
8 24 24
51 103 126
58 86 58
58 67 52
51 65 30
95 107 86
39 90 62
66 112 66
48 77 75
23 37 85
62 116 62
79 125 61
12 124 58
78 82 94
24 83 122
11 23 11
83 101 101
26 53 53
46 90 46
41 125 61
13 82 94
12 121 58
22 59 22
25 55 19
34 103 101
26 90 18
35 64 24
25 83 122
23 54 118
20 95 20
64 127 127
45 56 45
32 49 16
2 73 2
90 104 104
55 116 19
112 119 112
47 116 47
101 123 101
71 101 101
13 128 102
15 72 108
20 27 112
15 108 108
20 105 26
11 59 104
3 11 66
76 108 76
15 35 24
13 52 52
79 85 85
18 74 42
59 84 1
33 35 24
59 103 104
59 116 104
27 72 112
58 109 58
30 120 17
30 38 93
102 104 104
41 90 41
107 120 17
76 101 101
22 115 22
49 113 69
47 63 47
12 93 93
22 32 16
16 46 16
65 79 30
35 93 93
94 123 94
21 74 11
60 92 6
5 13 40
27 103 112
82 107 94
55 83 19
74 111 42
22 77 75
49 99 99
38 56 93
103 111 126
9 121 50
79 82 94
6 59 104
22 75 75
35 83 122
3 125 66
24 52 24
35 91 24
71 77 75
101 111 101
8 120 22
87 112 87
83 128 122
14 93 106
31 123 127
107 113 31
61 81 61
33 52 52
33 117 33
55 109 19
62 86 62
74 89 88
50 102 50
77 126 75
77 109 75
26 112 112
28 97 10
101 109 101
33 58 58
14 37 85
26 95 26
88 90 88
64 110 76
12 97 58
41 43 43
36 51 47
1 53 1
27 114 112
115 128 102
68 101 101
28 71 10
97 119 64
107 110 76
44 116 53
68 89 88
30 32 16
13 125 61
53 102 53
94 112 94
21 100 29
53 76 76
56 59 104
16 119 16
16 93 16
33 80 72
31 56 31
9 84 1
70 122 87
85 92 85
62 119 64
49 116 69
8 35 24
39 77 75
72 124 4
12 34 101
19 100 29
83 104 122
53 116 53
20 114 33
17 34 101
30 69 30
79 106 106
8 31 22
24 114 24
24 49 24
93 110 93
105 115 79
57 113 31
43 92 6
10 128 10
100 116 29
34 45 101
11 56 11
82 128 94
17 82 94
24 60 24
13 63 25
8 87 87
10 21 10
99 107 99
34 82 101
10 99 99
7 8 22
42 65 30
7 58 58
42 54 118
38 80 93
18 31 18
22 53 22
76 104 76
63 122 122
51 68 121
63 117 81
21 109 11
82 98 94
109 125 61
20 63 81
55 118 19
34 37 85
15 75 75
65 85 85
41 92 6
41 48 2
41 53 53
21 60 11
2 108 2
66 82 94
70 118 87
1 111 1
52 92 52
13 117 25
39 115 79
64 109 64
33 74 42
32 68 16
5 12 40
35 39 24
42 59 104
75 110 75
86 94 94
19 38 19
14 32 16
14 118 106
22 112 112
95 126 126
5 114 40
35 56 24
44 90 53
91 101 101
44 119 53
40 76 76
83 100 29
100 123 29
33 34 101
2 57 2
113 115 79
64 84 1
26 65 30
26 74 42
1 77 1
78 86 99
53 81 53
23 125 61
74 77 75
75 116 75
10 77 75
50 121 50
46 98 46
74 113 42
33 63 81
30 58 30
65 125 61
63 90 81
61 76 76
78 101 101
42 92 6
4 23 4
28 49 10
30 78 99
65 124 30
20 34 101
13 120 17
5 49 40
4 13 25
63 93 93
96 102 102
26 39 62
70 106 87
66 113 66
30 49 30
71 76 76
28 78 99
85 87 87
15 107 108
67 73 52
1 14 1
51 109 121
2 127 127
67 89 88
23 94 94
67 77 75
87 103 87
14 53 106
18 47 47
9 126 50
17 96 17
75 88 75
70 116 87
29 72 29
69 80 72
23 41 41
32 74 16
17 68 17
63 118 118
110 119 76
46 47 47
43 63 43
29 119 29
7 55 19
8 108 22
35 80 24
7 75 75
19 103 19
73 103 126
42 67 52
63 95 81
60 97 41
13 87 87
7 17 17
16 102 16
3 103 66
15 44 53
44 53 53
48 120 17
4 28 10
5 115 40
34 110 101
120 121 17
40 110 76
102 128 102
17 123 17
55 88 19
59 82 94
12 33 58
68 104 104
4 8 22
12 27 112
105 116 26
14 52 106
8 60 22
28 50 10
84 95 1
90 120 17
1 92 1
52 116 52
98 112 112
80 81 72
30 111 30
54 115 118
34 44 101
66 128 66
39 86 62
37 120 85
64 112 112
24 26 24
64 77 75
57 104 104
108 124 108
18 82 94
50 108 50
43 124 43
28 86 10
58 98 58
1 85 1
47 60 47
84 86 1
18 22 22
39 81 62
48 101 101
95 118 118
83 122 122
18 78 99
55 73 19
6 75 75
61 107 61
69 121 121
14 28 106
60 65 30
43 117 43
11 113 11
78 85 85
49 96 69
25 74 25
13 33 25
18 36 47
10 108 10
40 122 122
15 46 108
35 52 24
52 73 52
10 115 10
37 88 85
39 83 122
28 107 10
24 32 16
19 69 19
61 73 61
1 41 1
23 45 45
87 93 87
54 72 118
23 79 79
46 77 75
7 106 106
12 68 58
121 126 126
33 68 46
45 117 45
106 126 106
34 75 75
4 44 53
27 51 112
23 36 47
40 87 87
86 90 18
63 98 81
47 89 88
11 103 126
63 128 102
37 48 85
30 114 30
68 105 46
24 118 118
66 83 66
92 112 112
2 126 2
67 102 52
111 120 17
71 82 94
32 111 16
104 127 127
106 125 106
57 106 106
26 31 31
40 63 40
48 119 2
70 115 87
67 100 29
33 114 33
24 55 19
46 118 118
50 97 50
71 96 71
20 123 127
65 108 30
49 52 52
35 57 24
54 118 118
3 48 66
12 110 76
28 63 10
75 94 75
14 117 106
96 125 61
48 75 75
71 114 71
79 88 88
1 108 1
73 114 43
6 83 122
21 33 11
24 65 24
39 96 62
1 78 1
87 89 87
14 68 106
24 76 76
100 112 29
114 123 127
79 95 79
60 89 88
36 72 47
12 65 30
31 127 127
111 124 4
42 106 106
19 36 19
35 49 24
16 69 16
8 97 22
34 39 101
25 33 25
88 98 88
29 32 29
13 18 25
3 68 66
27 75 75
23 61 61
13 40 40
68 72 46
109 110 76
85 105 85
89 109 88
89 100 29
33 96 33
30 42 30
14 97 106
4 126 126
48 92 2
65 120 17
95 114 33
80 115 79
41 44 53
113 124 4
80 92 6
56 124 4
14 82 94
50 127 127
63 123 127
75 117 75
15 45 108
14 89 106
78 116 99
27 70 87
15 98 108
35 60 24
47 64 64
10 110 76
48 63 2
98 105 98
12 44 53
76 83 122
5 16 16
41 78 99
37 117 85
88 126 88
1 42 1
2 66 66
60 111 71
44 107 53
86 110 76
4 19 19
5 18 40
18 118 118
37 65 85
97 110 76
34 35 101
13 96 25
7 29 29
34 115 101
25 86 25
35 48 24
76 87 87
15 39 62
44 105 53
43 98 43
12 64 64
67 127 127
66 117 66
63 108 108
34 63 101
1 59 1
8 54 118
31 32 16
74 95 42
7 73 43
39 110 76
18 63 81
72 115 79
60 82 94
39 117 62
53 112 112
11 92 6
41 54 118
12 24 24
35 72 24
59 75 75
56 122 122
21 113 11
70 100 87
10 29 29
103 121 126
5 96 40
14 88 106
23 42 42
12 119 64
35 109 24
27 30 112
31 50 50
1 70 1
42 120 17
4 45 4
48 85 85
55 67 19
4 119 64
65 74 30
27 66 66
8 80 22
29 55 29
1 6 1
11 58 58
8 55 19
28 83 122
16 38 16
63 69 69
40 127 127
12 125 61
23 29 29
94 103 94
68 107 46
52 118 118
50 62 50
21 98 11
20 84 1
8 56 22
29 111 29
7 13 25
5 67 52
28 72 10
39 63 62
55 61 19
74 116 42
13 122 122
71 78 99
29 37 29
14 112 106
77 87 87
14 114 106
26 45 26
9 44 50
26 33 26
1 46 1
107 128 102
101 127 101
48 66 66
81 92 6
35 58 24
40 104 104
4 12 58
20 59 104
22 55 19
51 67 52
48 107 2
79 103 126
73 94 94
78 79 99
88 127 88
16 107 16
6 19 19
6 62 6
97 107 41
20 81 81
38 61 93
65 76 76
65 128 30
24 50 24
64 99 99
50 52 52
20 109 98
27 90 112
29 54 29
50 109 50
52 123 127
3 29 29
15 28 10
100 109 29
19 44 19
11 110 76
4 127 127
80 98 72
1 67 1
77 101 75
102 108 102
6 39 6
109 128 102
72 82 94
49 122 122
23 59 104
24 105 24
9 90 50
62 109 62
34 47 101
71 128 102
35 55 19
16 60 16
7 23 20
39 65 30
74 79 79
20 74 42
18 68 46
49 71 69
26 113 31
53 100 29
20 126 126
18 55 19
27 37 85
2 23 2
14 58 106
5 41 40
5 6 6
36 64 64
44 126 53
115 123 127
5 88 88
66 78 66
28 106 106
11 39 62
109 124 4
47 66 66
45 111 45
107 115 79
27 92 112
2 95 2
68 109 46
5 65 30
77 121 75
83 112 122
6 100 29
14 43 106
54 102 118
83 113 122
60 119 64
39 123 127
26 63 81
12 48 2
16 34 16
4 78 99
59 68 104
8 113 22
24 110 76
3 50 66
72 76 76
31 83 122
50 105 50
8 121 22
36 50 50
68 118 118
86 112 112
48 115 2
34 83 101
45 102 102
73 100 29
13 46 25
68 86 46
15 20 108
18 30 30
48 83 122
4 66 66
57 68 46
1 20 1
39 109 62
51 124 4
47 91 47
48 109 2
49 57 69
81 98 81
107 111 45
65 77 75
12 23 58
56 79 79
72 74 42
23 53 53
13 105 25
84 112 1
41 62 62
38 73 93
21 41 11
18 104 104
26 116 26
51 90 121
20 42 42
85 108 85
86 96 116
9 124 50
21 48 2
1 88 1
9 107 50
67 68 52
88 89 88
92 128 102
7 116 20
5 103 40
88 97 88
23 81 81
74 91 42
84 111 1
110 112 112
75 99 75
23 99 99
38 81 93
48 88 88
37 58 85
27 62 112
86 114 33
19 92 19
31 74 42
36 126 126
37 116 85
73 117 43
92 125 61
33 40 40
23 111 45
32 115 16
56 74 42
54 123 118
15 47 108
39 119 64
55 102 19
6 104 104
77 92 75
7 96 20
2 78 99
23 33 33
34 91 101
49 72 72
33 73 43
27 57 112
62 111 62
44 93 93
80 111 72
16 122 16
35 63 24
82 112 94
90 114 18
31 90 18
105 123 127
8 62 22
13 58 25
37 89 85
69 105 69
19 31 19
6 77 75
10 32 16
6 22 22
68 98 46
23 119 64
107 124 4
2 117 2
11 84 1
113 117 31
20 90 18
51 114 121
9 49 50
105 106 106
58 69 58
77 81 75
38 57 93
57 118 118
16 74 16
21 45 11
22 51 22
11 19 19
42 55 19
7 109 98
87 111 87
59 60 104
61 67 61
27 116 112
18 66 66
57 92 6
8 96 22
10 120 17
5 33 40
65 110 76
82 88 94
38 79 93
6 14 106
16 121 16
47 62 62
27 50 112
72 77 75
8 9 22
23 35 24
12 90 58
7 14 106
60 98 98
14 25 106
66 114 66
59 83 122
37 84 1
5 61 61
13 68 25
91 123 127
13 44 53
8 15 22
18 124 4
18 21 11
65 119 30
13 108 25
25 89 88
37 70 87
20 120 17
43 88 88
59 63 104
86 103 126
23 50 50
35 127 24
16 19 19
97 114 41
42 71 42
66 107 66
31 113 31
13 39 62
14 56 106
2 61 61
12 36 58
42 46 42
93 105 93
103 125 61
27 29 29
47 107 47
6 98 6
57 99 99
6 78 99
57 86 86
67 72 52
16 76 16
95 109 98
1 58 1
75 87 87
28 125 61
19 40 19
27 118 112
9 60 50
18 69 69
53 85 85
4 35 24
83 114 122
8 114 22
27 123 112
104 110 76
57 77 75
15 49 108
61 92 61
35 102 24
1 110 1
19 123 19
79 81 79
34 111 101
67 111 52
33 48 2
68 83 122
39 97 62
96 109 98
69 125 61
23 123 127
48 65 30
6 126 6
43 120 17
92 119 6
51 80 121
28 126 10
33 60 71
21 121 11
1 99 1
65 66 66
43 101 101
84 118 1
35 88 88
3 79 66
24 78 99
9 113 50
2 119 2
67 101 101
69 112 112
3 38 66
11 43 43
3 81 66
109 114 98
58 101 101
8 68 22
103 105 126
59 70 87
109 115 79
89 115 88
41 49 41
31 43 43
20 113 31
21 34 101
102 120 17
1 105 1
93 102 93
53 99 99
63 115 79
10 94 94
66 95 66
42 43 43
4 111 4
12 56 58
21 123 127
13 119 64
61 84 1
45 113 31
21 61 61
1 114 1
47 106 106
20 60 71
15 121 108
4 85 85
17 125 61
107 125 61
79 119 79
82 103 94
29 68 29
9 87 87
111 117 45
63 124 4
38 107 93
26 123 127
47 102 102
4 10 10
23 95 86
20 68 46
69 77 75
9 29 29
49 97 41
58 81 58
46 80 46
54 109 118
12 87 87
49 80 72
12 96 58
60 63 81
58 65 30
93 117 93
23 110 76
19 93 19
11 49 11
3 45 66
74 102 102
92 113 6
18 29 29
43 91 43
37 71 85
42 70 87
40 74 40
43 109 43
29 77 29
87 102 87
72 126 126
51 98 121
3 98 66
98 100 29
29 81 29
19 51 19
16 94 16
56 94 94
47 128 102
6 67 52
25 100 29
36 39 62
98 102 102
82 110 94
1 16 1
80 128 102
46 56 46
5 118 118
9 47 50
26 44 53
36 110 76
71 124 4
66 98 66
29 50 29
11 44 53
36 66 66
5 57 40
57 95 86
8 115 22
105 124 4
69 81 69
41 58 58
31 120 17
24 89 88
58 66 66
23 49 69
23 105 26
38 110 93
22 71 22
56 88 88
94 118 94
10 126 10
15 90 108
40 61 61
14 95 106
26 35 24
67 126 52
51 72 121
12 53 53
12 58 58
4 77 75
6 55 19
84 117 1
47 81 47
23 91 56
42 49 42
88 109 88
7 16 16
9 74 50
49 95 69
104 118 118
60 120 17
71 111 71
56 90 18
23 30 30
118 120 118
37 108 85
62 67 52
61 128 61
7 60 71
16 49 16
70 75 87
18 44 53
55 112 19
42 51 121
95 101 101
37 72 85
16 115 16
92 122 122
47 50 50
7 27 112
9 38 93
84 113 1
31 60 71
109 116 98
36 42 47
46 51 121
27 126 112
3 82 94
12 57 58
56 60 71
9 45 50
73 111 43
5 105 40
111 114 33
16 54 16
73 124 43
9 108 50
51 97 41
57 91 56
49 115 79
32 107 16
85 94 85
55 60 19
6 80 6
14 50 106
62 102 102
62 123 127
65 109 30
40 52 52
44 54 118
66 86 66
49 109 69
57 88 88
111 115 79
27 106 106
66 76 66
4 103 126
81 123 127
91 107 56
47 92 6
100 107 29
16 29 29
14 23 106
24 100 29
5 79 40
21 42 11
75 121 75
23 55 19
46 72 46
32 94 16
103 114 126
39 57 62
44 123 127
20 121 121
13 116 25
12 55 19
21 125 61
16 43 16
48 71 2
19 120 19
43 99 99
7 105 26
44 81 53
3 31 66
81 109 81
63 87 87
47 117 47
34 51 101
59 94 94
29 59 29
27 68 112
62 75 75
56 125 61
2 27 112
9 91 50
58 73 43
43 67 52
32 46 16
63 91 81
77 95 75
10 73 10
53 108 53
6 61 61
1 96 1
27 84 1
24 75 75
15 62 62
64 94 94
29 117 29
62 120 17
70 99 87
50 98 50
77 90 75
21 126 126
62 93 93
4 109 4
69 73 43
37 124 85
22 103 22
89 92 88
82 117 94
3 47 66
67 95 52
37 51 85
42 90 42
3 78 66
40 70 87
23 120 17
114 115 79
12 109 58
23 115 79
13 114 25
120 126 17
53 84 1
47 98 47
46 67 52
100 118 29
58 90 58
77 84 1
21 36 11
88 99 88
31 124 4
76 93 93
54 70 87
102 118 118
20 124 4
44 58 53
41 122 122
65 67 52
103 110 76
23 64 64
22 27 112
50 115 50
14 94 94
25 102 102
31 103 126
32 39 16
90 127 127
72 91 72
9 17 17
15 38 93
33 92 6
30 36 30
3 128 66
62 128 102
17 38 93
73 107 43
62 110 76
29 101 29
50 101 101
51 85 85
17 122 122
49 51 121
55 75 75
58 110 76
6 26 6
73 74 43
28 47 10
34 80 101
17 81 17
44 71 53
57 73 43
19 125 19
21 116 11
83 126 122
62 84 1
9 94 94
58 93 93
7 68 46
67 79 52
108 128 102
54 126 118
20 73 43
82 125 94
34 113 101
8 74 22
24 86 24
38 87 87
26 127 127
75 78 75
52 100 29
81 115 79
80 86 72
117 122 122
78 88 88
8 48 22
48 56 2
18 61 61
23 70 87
40 92 6
3 119 66
8 101 101
38 101 101
29 126 29
2 39 2
34 41 101
11 83 122
111 126 126
54 98 118
80 90 72
9 105 50
5 63 40
5 11 40
35 117 24
10 11 10
73 86 43
44 64 53
15 68 108
102 127 127
84 85 1
6 103 6
4 89 88
44 65 53
3 88 66
45 127 127
65 71 30
60 68 46
40 44 53
52 53 52
42 89 88
3 97 66
100 128 29
35 123 24
8 42 22
16 89 16
32 47 16
17 39 17
66 123 66
19 75 75
40 56 40
68 71 46
12 51 58
43 96 43
47 78 99
60 102 102
67 81 52
17 83 122
1 97 1
9 128 50
96 117 116
86 128 102
27 79 112
26 105 26
28 43 10
17 87 87
18 20 18
11 125 61
95 115 79
94 98 94
36 108 108
33 50 50
49 114 69
45 122 122
26 115 79
56 123 127
77 86 75
77 114 75
23 27 112
34 106 101
87 100 87
64 97 64
61 100 29
12 91 58
21 103 126
49 65 30
8 16 16
17 101 101
10 36 10
15 84 1
4 97 41
52 61 61
3 16 16
24 70 87
23 43 43
52 120 17
83 121 122
55 108 19
6 106 106
118 127 118
56 128 102
27 109 112
59 111 104
17 44 17
44 45 53
5 90 40
3 56 66
70 101 87
76 110 76
117 121 121
40 88 88
22 122 122
55 113 19
8 25 22
37 86 85
63 75 75
48 122 122
26 85 85
34 92 101
19 96 19
41 120 17
59 92 104
8 67 22
83 86 122
53 91 53
48 90 2
25 26 25
92 115 6
65 104 104
24 71 24
121 128 102
50 71 50
31 36 47
36 104 104
51 83 122
15 22 22
99 100 29
21 119 64
30 115 30
30 83 122
45 59 104
11 122 122
19 107 19
7 124 4
44 50 50
22 100 29
10 93 93
61 108 61
80 94 94
17 30 17
14 60 106
71 109 98
11 78 99
31 75 75
31 96 31
58 123 127
63 106 106
33 38 93
16 25 16
1 9 1
21 38 93
63 68 46
56 109 98
19 101 19
8 83 122
93 108 93
6 32 16
106 124 106
13 110 76
5 53 53
46 103 126
15 113 108
14 75 75
8 106 106
8 79 22
47 79 79
38 46 93
82 94 94
19 23 19
78 91 99
7 65 30
99 126 99
10 37 85
5 119 40
7 113 31
28 95 10
55 93 19
62 92 6
55 91 19
47 80 47
59 123 127
74 118 118
19 34 19
11 41 11
124 125 61
78 123 99
70 126 87
103 115 126
28 101 101
44 63 53
23 121 121
91 122 122
9 46 50
11 32 16
4 65 30
11 77 75
97 118 118
22 23 22
31 39 62
12 89 88
52 81 52
73 90 43
9 43 50
41 97 41
27 58 112
63 86 81
41 124 41
73 89 88
36 53 53
1 123 1
65 78 99
30 53 53
52 89 88
14 16 16
18 96 18
45 48 2
69 87 87
34 89 101
75 82 75
29 41 29
49 84 1
59 102 104
59 87 87
34 53 101
44 96 53
17 27 112
6 113 6
16 44 16
45 114 33
26 109 98
41 42 41
51 95 121
27 32 16
2 112 112
83 93 122
87 91 87
107 109 98
98 115 79
29 30 29
23 52 52
28 88 88
14 125 106
51 113 121
52 85 85
8 11 22
61 122 122
3 89 66
93 118 93
43 50 50
49 123 127
70 87 87
29 123 29
50 67 52
32 104 16
36 38 93
6 44 53
36 47 47
90 96 18
2 53 53
41 123 127
27 52 112
75 93 75
63 80 72
20 115 79
84 99 1
1 39 1
87 88 87
54 65 118
56 119 64
57 126 126
59 90 104
5 120 17
56 63 81
58 114 58
34 95 101
3 93 66
16 87 87
12 123 127
3 116 66
48 53 53
33 99 99
108 110 76
36 111 47
84 89 1
27 33 112
36 49 47
111 125 61
88 93 88
36 73 43
85 125 85
59 66 66
67 125 61
7 43 43
10 59 10
77 88 75
20 100 29
52 103 52
17 113 17
85 119 85
38 88 88
44 79 53
36 121 47
16 32 16
3 19 19
78 115 99
54 73 118
90 119 64
65 82 94
76 121 76
58 92 6
91 103 126
2 76 76
47 103 126
14 61 106
75 115 75
84 100 1
77 107 75
3 49 66
27 93 93
51 71 121
59 117 104
26 103 126
13 45 25
23 89 88
104 128 104
44 111 53
75 101 75
14 80 106
1 79 1
3 65 66
42 115 79
19 27 19
70 88 87
9 125 61
34 127 101
14 120 106
35 62 24
36 48 2
23 25 25
9 21 50
52 83 122
45 80 72
44 128 53
64 67 52
1 104 1
45 65 30
81 93 93
66 88 66
77 104 75
1 38 1
59 115 104
14 105 106
16 37 16
41 89 88
33 39 62
24 97 24
8 117 22
37 55 19
76 79 76
91 95 86
44 73 53
25 78 99
43 47 43
17 110 76
10 61 61
17 104 17
18 86 18
31 91 31
98 121 121
30 72 30
68 99 99
1 101 1
10 40 10
74 117 42
97 113 41
53 110 76
21 110 76
36 54 118
6 9 50
38 92 93
9 23 50
92 103 6
60 83 122
55 74 19
35 74 24
46 123 127
4 52 52
37 47 85
37 75 75
38 111 93
32 48 16
92 120 17
50 64 50
67 106 106
57 75 75
11 100 29
35 65 24
28 59 10
16 112 16
67 93 93
28 62 10
21 64 64
8 38 93
2 43 2
72 97 41
10 46 10
31 73 43
79 100 29
21 105 11
22 35 24
15 32 16
38 70 87
19 58 19
38 60 93
15 96 108
41 110 76
35 116 24
70 73 87
114 122 122
38 125 93
68 126 126
12 92 6
32 88 16
12 111 58
59 100 29
78 80 99
54 103 118
13 118 118
82 109 94
62 97 62
67 97 52
9 15 50
47 69 47
103 104 104
16 80 16
18 108 108
65 81 30
36 90 47
57 90 18
1 87 1
78 89 88
2 118 118
119 128 102
65 95 30
49 66 66
36 116 47
31 65 30
85 88 85
95 113 31
18 80 72
10 81 10
28 29 29
31 70 87
60 116 71
73 87 87
42 110 76
70 90 87
31 37 85
48 118 118
18 79 79
6 38 93
39 76 76
28 65 10
16 126 16
14 91 106
88 121 88
29 87 87
24 36 24
3 36 66
13 51 25
17 102 17
85 106 85
32 62 16
44 97 53
5 72 40
68 117 46
10 35 24
4 125 61
8 84 1
36 86 47
90 109 18
14 27 106
59 113 104
15 60 108
76 120 76
58 63 58
11 60 11
28 124 10
14 92 106
15 59 104
40 100 29
15 74 108
24 128 24
24 68 24
48 99 99
52 109 52
9 66 66
70 128 87
1 32 1
47 104 104
2 111 2
71 80 72
61 82 94
18 77 75
79 124 79
2 6 2
61 80 61
121 125 61
110 126 76
69 113 69
16 83 16
6 125 61
29 103 29
1 127 1
39 43 43
39 126 126
105 119 64
86 120 17
24 63 24
2 9 50
67 78 99
46 70 87
27 88 88
34 60 101
116 123 127
23 44 53
116 122 122
35 47 24
29 98 29
8 12 22
3 60 66
43 70 87
5 98 40
65 105 30
105 120 17
74 92 6
51 92 6
13 90 25
65 114 30
35 120 24
96 110 76
33 67 52
88 110 88
23 96 116
13 77 75
105 121 121
16 57 16
36 46 47
78 99 99
69 116 69
126 127 127
115 120 17
75 89 75
26 72 72
7 95 20
6 123 127
7 56 20
7 83 122
25 119 64
5 48 2
45 90 18
101 103 101
70 124 87
67 76 76
116 126 126
18 110 76
51 117 121
64 103 126
76 109 76
28 46 10
60 118 118
78 119 99
32 86 16
71 74 42
55 78 19
19 113 19
26 92 6
27 104 112
93 114 93
7 126 126
60 86 71
4 84 1
25 48 2
8 64 22
32 89 16
106 112 106
13 71 25
65 111 30
39 125 61
20 65 30
85 121 85
83 85 85
24 87 87
115 121 79
25 43 43
51 59 104
39 79 79
19 88 19
37 40 85
45 96 116
34 52 101
84 98 1
20 48 2
53 82 94
23 68 46
71 118 118
34 105 101
93 104 93
38 77 75
54 83 122
3 18 66
23 65 30
36 70 87
27 64 112
34 108 101
36 57 47
61 121 61
10 87 87
21 73 43
77 128 75
35 107 24
36 81 47
54 86 118
68 102 102
23 107 107
5 42 40
34 101 101
68 124 4
27 65 112
12 74 58
53 124 53
94 104 94
39 44 53
16 20 16
15 126 126
26 55 19
69 82 94
63 120 17
19 28 19
80 83 122
57 98 98
29 95 29
42 56 42
32 54 16
93 106 106
55 101 19
21 69 11
44 122 122
19 119 19
67 99 99
7 44 53
12 47 58
15 104 104
29 40 29
39 116 62
59 91 104
21 30 30
64 114 64
113 116 31
39 111 62
52 59 104
59 80 104
23 98 98
74 104 104
9 25 50
33 62 62
2 49 2
11 42 11
66 72 66
10 60 10
52 93 93
27 35 112
51 99 99
61 105 61
12 101 101
11 127 127
74 93 93
98 128 102
62 113 62
45 95 86
46 52 52
99 123 99
98 104 104
67 123 127
65 91 30
91 128 102
117 125 61
119 120 17
43 82 94
22 78 99
27 48 112
112 126 112
51 128 102
21 31 11
90 107 18
67 108 52
23 39 62
8 119 22
26 67 52
8 44 22
58 94 94
8 22 22
76 102 76
20 127 127
8 78 99
99 114 99
11 89 88
18 98 18
11 37 85
49 54 118
37 99 85
66 126 66
9 53 50
32 106 16
61 97 61
22 25 22
7 90 18
67 98 52
89 99 88
46 74 42
25 85 85
6 28 10
29 94 29
70 117 87
3 30 66
9 80 50
15 63 108
51 60 121
55 58 19
24 53 24
28 82 94
17 35 24
40 48 2
13 94 94
94 126 94
63 101 101
98 101 101
81 102 102
83 111 122
36 109 47
4 42 4
86 125 61
57 115 79
101 106 101
8 23 22
35 37 85
7 67 52
24 122 122
7 48 2
58 100 29
39 84 1
7 78 99
40 114 40
79 89 88
65 98 30
60 104 104
1 94 1
7 80 72
67 105 52
36 117 47
2 47 2
93 128 93
60 107 71
68 96 46
44 109 53
69 114 69
111 123 127
12 128 102
71 103 126
23 100 29
6 29 29
101 102 101
57 101 101
60 70 87
12 42 58
60 95 71
57 109 98
94 100 29
73 96 43
1 125 1
37 81 85
39 114 62
76 81 76
73 98 43
76 94 94
21 51 11
81 119 64
61 126 61
54 119 118
50 119 50
10 88 88
25 106 106
97 126 126
69 127 127
13 86 25
27 99 99
22 123 22
119 121 64
105 126 126
43 83 122
76 122 122
56 77 75
52 96 52
20 128 102
31 45 31
32 57 16
31 51 121
14 47 106
54 76 76
79 108 79
85 126 85
49 60 69
5 20 40
35 61 61
6 85 85
31 46 46
8 30 22
114 116 33
10 82 94
58 83 122
23 67 52
100 108 29
28 31 10
13 26 25
95 97 41
14 115 106
12 126 126
89 106 106
40 83 122
1 66 1
25 82 94
27 120 112
68 97 41
63 112 112
21 44 53
38 103 93
12 95 58
73 92 6
42 124 4
11 38 93
38 91 93
41 106 106
27 47 112
32 120 16
52 62 52
46 81 46
39 61 61
13 83 122
80 97 41
61 119 61
67 109 52
9 110 76
38 128 93
6 13 6
12 107 58
51 55 19
24 39 24
9 71 50
86 100 29
60 74 42
13 107 25
36 94 94
3 52 66
39 70 87
72 114 72
24 113 24
20 56 20
10 111 10
36 105 47
7 37 85
37 42 85
10 54 118
33 82 94
39 46 62
5 45 40
65 90 30
14 96 106
47 119 64
4 61 61
91 126 126
88 112 88
88 115 88
84 109 1
6 16 16
65 73 30
23 90 18
17 47 17
69 119 64
86 97 41
2 18 2
7 57 20
60 84 1
1 120 1
51 66 66
32 33 16
29 57 29
24 80 24
31 125 61
31 54 118
33 54 118
28 32 16
39 49 62
25 29 29
72 108 108
16 65 16
29 38 29
54 91 118
9 97 50
77 108 75
19 111 19
12 72 58
10 48 10
38 127 93
44 86 53
32 79 16
6 54 118
78 114 99
21 111 11
25 72 25
3 96 66
69 110 76
46 99 99
14 24 106
9 54 118
18 92 6
70 120 87
53 109 53
5 78 99
27 115 112
43 65 30
41 98 41
28 108 10
20 93 93
2 70 87
84 122 1
31 68 46
28 33 10
13 49 25
8 105 22
59 67 104
22 45 22
80 113 72
34 50 101
18 60 18
33 36 47
52 55 19
48 100 29
12 113 58
30 104 104
40 85 85
28 91 10
44 101 101
111 127 127
24 33 24
36 41 41
89 105 88
37 73 85
82 113 94
36 95 47
54 85 85
19 55 19
52 87 87
32 34 16
50 103 50
95 111 86
52 121 52
52 125 61
13 103 126
62 124 62
47 127 127
3 44 66
14 79 106
9 63 50
24 54 118
120 128 17
19 37 19
11 66 66
7 51 121
57 114 33
22 90 22
97 104 104
47 56 47
32 102 16
40 59 104
81 89 88
15 52 52
1 34 1
59 71 104
61 116 61
2 90 2
13 31 25
111 122 122
95 123 127
39 67 52
25 67 52
44 83 122
40 109 40
58 119 64
26 52 52
35 113 24
16 101 16
64 111 64
86 95 86
15 25 25
4 124 4
20 80 72
36 113 47
83 92 122
39 58 62
45 58 58
14 77 75
10 25 10
31 82 94
65 103 30
31 84 1
20 82 94
68 75 75
57 124 4
25 34 101
48 57 2
22 26 22
33 64 64
4 94 94
37 87 87
9 79 50
12 41 58
44 98 53
4 41 41
14 64 106
64 104 104
13 53 53
15 122 122
91 117 56
67 85 85
52 105 52
13 80 25
38 53 93
30 66 66
110 116 76
27 53 112
45 73 43
83 110 122
38 82 94
55 122 19
64 87 87
91 124 4
64 76 76
13 67 52
12 39 62
3 27 66
17 65 17
41 68 41
1 95 1
61 87 87
62 108 62
42 88 88
73 82 94
15 91 108
61 124 61
7 9 50
8 43 22
60 114 71
25 31 25
31 48 2
14 122 106
30 77 75
60 103 126
7 52 52
43 118 118
46 85 85
28 89 88
25 120 17
31 66 66
67 114 52
17 94 94
65 69 30
109 113 98
27 71 112
32 52 16
112 114 112
90 110 76
2 110 76
74 100 29
1 27 1
8 93 93
94 108 94
85 102 85
43 112 112
3 53 66
112 127 112
65 87 87
9 32 16
49 68 46
55 100 29
10 97 10
48 103 2
26 121 121
84 102 1
87 127 87
40 82 94
35 50 24
108 115 79
79 83 122
71 119 64
52 86 52
53 121 53
29 125 29
45 70 87
39 60 62
93 116 93
12 115 79
61 117 61
24 73 24
29 102 29
24 112 112
1 24 1
12 84 1
12 82 94
18 35 24
76 114 76
31 53 53
57 125 61
8 36 22
49 94 94
65 101 101
45 109 98
39 74 62
40 75 75
17 64 17
52 108 52
49 86 69
9 96 50
1 44 1
18 100 29
33 49 69
12 22 22
12 61 61
10 18 10
16 63 16
33 93 93
54 95 118
8 94 94
21 90 11
37 94 85
39 113 62
44 80 53
9 116 50
6 8 22
46 107 46
62 112 112
46 49 46
98 108 108
113 123 127
38 117 93
41 52 52
67 107 52
2 75 75
34 74 101
39 40 40
73 76 76
60 88 88
75 92 75
21 39 62
17 78 99
66 120 66
89 110 88
16 55 19
23 82 94
50 77 75
16 50 16
48 86 2
78 106 106
89 126 88
41 94 94
51 119 64
41 114 41
39 73 43
13 65 30
29 92 29
3 39 66
82 101 101
19 91 19
87 99 87
47 72 47
18 32 16
20 99 99
27 112 112
31 67 52
94 106 94
43 100 29
96 111 116
18 127 127
5 73 40
37 107 85
79 111 79
66 104 66
21 77 75
90 115 79
87 97 87
20 89 88
102 119 102
16 108 16
18 120 17
48 123 127
24 74 24
76 100 29
20 51 121
96 106 106
12 85 85
45 92 6
49 82 94
44 108 53
90 113 18
9 39 50
39 51 62
80 119 64
39 66 66
26 120 17
74 107 42
43 45 43
86 87 87
106 118 106
53 120 17
35 54 118
68 119 64
74 127 127
46 57 46
69 72 72
11 117 11
71 83 122
97 121 41
14 108 106
57 74 42
23 92 6
78 103 99
3 101 101
59 118 118
115 117 79
71 97 41
3 13 66
47 67 52
30 55 19
70 113 87
65 96 30
17 79 17
115 119 79
4 32 16
15 99 99
92 105 6
53 96 53
89 122 88
34 85 85
110 125 76
48 62 2
48 61 61
21 86 11
39 48 2
15 34 101
67 70 87
17 76 76
19 128 19
68 111 46
98 110 76
23 97 41
10 16 16
63 111 81
34 125 101
31 69 69
2 29 29
4 56 4
86 104 104
83 95 122
12 106 106
57 69 69
10 102 10
56 95 86
35 86 24
15 103 126
21 91 11
60 123 127
11 123 127
39 80 62
7 59 104
22 128 22
23 60 71
51 107 121
97 108 108
45 68 46
25 40 40
4 69 4
44 48 53
66 87 87
39 118 118
15 42 108
68 106 106
15 65 30
23 85 85
36 103 126
1 4 1
57 96 116
35 53 24
28 87 87
30 93 93
39 105 62
25 99 99
111 113 31
59 109 104
18 39 62
99 102 99
41 45 41
104 106 106
62 89 88
8 86 22
67 90 52
53 68 53
20 36 47
18 37 85
46 48 2
4 88 88
15 33 108
68 69 46
82 121 94
35 70 87
76 99 99
76 107 76
110 111 76
49 105 69
117 128 102
37 44 85
20 54 118
31 57 31
13 95 25
49 78 99
76 96 76
11 91 11
13 76 76
46 119 64
14 86 106
4 98 4
32 119 16
96 105 26
13 109 25
93 98 93
46 116 46
1 112 1
21 25 25
2 65 30
55 119 19
16 53 16
27 80 112
9 83 122
4 39 62
68 127 127
68 120 17
32 70 87
79 115 79
96 114 33
117 120 17
37 52 85
48 91 2
74 96 42
23 63 81
15 102 102
36 107 47
54 121 118
22 69 22
11 98 11
37 69 85
92 116 6
29 112 29
23 34 101
75 83 75
20 58 58
47 65 30
70 127 87
27 98 112
44 84 1
13 121 25
39 64 64
75 104 75
56 96 116
44 114 53
11 85 85
5 69 40
58 79 79
91 96 116
72 92 6
99 101 101
72 120 17
62 103 126
27 38 93
5 64 40
11 69 11
8 100 29
55 128 19
90 91 18
37 125 85
17 90 17
39 101 101
3 25 66
87 106 87
81 83 122
81 99 99
10 64 10
47 124 4
22 64 22
7 112 112
79 112 112
107 127 127
48 108 2
13 48 2
1 29 1
26 80 72
11 62 62
38 44 93
112 120 112
79 84 1
20 64 64
28 80 10
86 124 4
83 120 122
14 36 106
52 88 88
23 113 31
50 85 85
15 57 108
38 105 93
13 42 25
9 42 50
14 70 87
21 120 17
23 106 106
77 96 75
62 83 122
13 38 93
38 114 93
9 27 112
23 72 72
1 89 1
44 103 53
82 108 94
88 94 94
11 34 101
9 103 50
79 105 79
11 76 76
75 119 75
47 83 122
33 85 85
108 120 17
55 114 19
48 126 2
25 52 52
19 32 19
48 112 112
52 127 127
4 75 75
64 92 6
30 127 127
6 82 94
25 124 25
32 122 16
5 39 40
19 73 19
81 111 81
45 103 126
19 118 19
34 128 101
104 126 104
35 42 24
126 128 102
12 31 58
16 104 16
23 26 26
16 103 16
62 114 62
21 72 11
19 47 19
10 70 87
102 123 127
9 92 50
45 101 101
64 123 127
117 126 126
84 115 1
14 119 106
56 71 71
51 86 121
55 80 19
77 85 75
51 110 76
52 57 52
18 83 122
8 85 85
1 19 1
6 17 17
5 7 40
40 66 66
117 119 64
11 82 94
45 61 61
5 91 40
58 120 17
38 63 93
28 36 10
34 96 101
15 128 102
10 53 10
77 80 75
110 122 122
123 124 127
44 113 53
62 98 62
99 103 99
48 110 76
58 125 61
6 84 1
28 121 10
52 115 52
32 58 16
57 63 81
48 84 1
1 118 1
3 99 66
44 88 88
54 90 118
36 59 104
81 125 61
32 63 16
73 95 43
36 93 93
2 14 106
63 113 81
40 123 127
16 70 87
22 24 24
25 27 112
31 115 79
86 88 88
14 113 106
1 83 1
91 113 31
74 81 42
35 87 87
9 52 52
13 61 61
58 59 104
6 47 6
26 57 26
54 116 118
66 101 101
81 124 4
39 82 94
33 119 64
84 123 1
14 17 106
19 61 19
49 127 127
39 122 122
45 112 112
68 125 61
29 97 29
47 54 118
14 101 101
4 128 102
41 67 52
19 77 75
44 61 61
58 84 1
44 99 99
28 105 10
79 118 118
44 46 53
69 74 42
1 28 1
52 98 52
82 115 94
35 38 93
58 75 75
89 101 101
47 99 99
85 95 85
51 75 75
48 114 2
77 93 75
3 126 66
47 115 79
68 115 79
38 113 93
39 87 87
12 17 17
63 71 81
80 82 94
40 80 40
40 89 88
29 100 29
33 97 41
3 105 66
64 72 64
118 124 118
79 90 79
62 106 106
20 23 20
32 65 16
61 125 61
73 115 79
15 92 6
5 104 104
118 125 118
8 102 22
8 32 16
74 120 17
73 79 79
82 106 94
15 117 108
66 122 66
100 125 29
16 79 16
97 117 41
100 119 29
28 64 10
78 128 99
64 89 88
42 68 42
20 97 41
6 48 2
73 128 102
103 117 126
29 84 1
42 84 1
67 117 52
2 98 2
37 103 85
1 119 1
36 63 47
87 116 87
122 126 122
60 125 61
92 124 6
98 113 98
4 47 4
32 82 16
16 95 16
17 53 17
29 67 29
37 114 85
20 91 20
63 100 29
15 27 112
70 86 87
19 90 19
46 122 122
38 68 93
93 101 101
69 100 29
87 94 87
62 78 99
33 57 33
85 89 85
28 102 10
101 128 101
30 63 30
62 73 43
26 49 69
58 64 64
97 102 102
10 125 61
63 92 6
32 123 16
31 119 64
70 76 87
57 65 30
56 99 99
4 17 17
56 80 72
56 114 33
47 85 85
21 81 11
7 100 29
9 119 50
110 115 76
24 115 24
38 102 93
22 29 29
49 53 53
74 86 42
6 50 50
81 84 1
42 63 42
35 124 24
11 13 25
8 70 87
51 73 43
42 73 43
90 124 4
7 21 11
31 86 31
28 104 10
51 118 118
30 113 30
79 123 127
9 18 50
4 121 4
9 12 50
31 49 69
56 113 31
33 75 75
103 106 106
75 102 75
77 127 75
10 14 106
19 82 19
21 68 11
14 107 106
51 108 108
94 95 94
69 85 85
80 85 85
70 94 87
88 104 88
90 117 18
54 79 118
12 59 104
36 89 88
103 118 118
50 74 50
12 73 43
15 89 88
5 23 40
80 103 126
12 18 58
37 83 85
68 123 127
48 73 2
83 90 122
70 95 87
9 111 50
36 114 47
11 14 106
69 89 88
59 77 75
28 99 99
8 41 22
41 86 41
101 118 101
55 103 19
89 95 88
23 31 31
73 125 61
34 43 101
1 40 1
72 106 106
18 116 18
48 104 104
74 90 42
29 85 29
36 67 52
65 100 29
21 22 22
1 26 1
16 35 16
60 91 71
44 76 76
71 116 71
51 87 87
81 82 94
32 66 16
58 115 79
13 60 25
44 94 94
26 54 118
59 73 104
12 45 58
3 83 66
19 68 19
12 100 29
65 86 30
105 108 108
21 26 11
51 63 121
43 60 43
60 117 71
54 66 66
72 83 122
28 118 118
95 108 108
69 78 99
48 60 2
32 64 16
53 117 53
49 74 42
4 57 4
84 92 1
7 125 61
88 116 88
53 74 53
12 127 127
23 80 72
2 101 101
6 42 6
26 119 64
5 31 40
16 77 75
25 103 126
13 32 16
78 98 99
58 78 99
8 112 112
35 69 24
49 63 69
21 76 76
44 91 53
66 93 66
28 51 10
48 51 2
38 59 93
71 106 106
21 24 24
24 101 101
17 80 17
114 128 102
76 125 76
38 122 122
99 124 99
38 64 93
60 73 43
88 111 88
66 94 94
28 44 10
60 113 71
47 112 112
57 105 26
74 109 42
59 119 104
60 115 79
91 115 79
34 54 101
22 54 118
69 99 99
40 41 40
19 66 19
90 100 29
25 51 25
115 126 126
110 118 76
20 30 30
8 111 22
18 40 40
11 109 11
7 117 20
65 89 88
82 100 29
30 123 127
95 125 61
20 103 126
74 84 1
20 92 6
22 120 22
53 83 122
114 117 33
61 78 99
27 95 112
60 109 98
7 110 76
5 84 1
92 107 6
45 67 52
30 82 94
19 84 1
28 74 10
107 117 107
60 85 85
38 99 93
65 84 1
51 101 101
50 122 122
28 48 10
67 112 112
29 45 29
25 75 75
22 109 22
50 87 87
5 71 40
71 120 17
36 56 47
15 120 17
10 86 10
74 110 76
72 73 43
63 103 126
2 109 2
43 128 102
7 119 64
101 107 101
56 67 52
68 116 46
90 103 126
38 112 93
7 74 42
2 7 2
54 88 88
95 96 116
118 119 118
38 49 93
15 31 108
39 56 62
85 103 85
21 56 11
49 89 88
10 95 10
29 80 29
21 57 11
46 84 1
65 117 30
35 118 118
49 100 29
83 123 122
30 128 30
73 122 122
23 104 104
23 66 66
20 71 71
38 76 93
56 66 66
43 55 19
4 73 43
17 114 17
16 82 16
5 44 53
1 52 1
86 113 31
22 43 22
20 104 104
42 66 66
18 49 69
26 122 122
35 128 24
32 121 16
78 81 99
14 102 106
26 41 41
33 106 106
51 102 102
60 122 122
26 83 122
20 72 72
90 128 102
16 73 16
35 125 61
19 110 19
42 128 102
51 111 121
92 104 104
53 93 93
6 30 30
3 32 16
21 95 11
52 84 1
51 116 121
8 51 22
7 123 127
24 82 94
52 67 52
19 85 19
12 25 25
87 109 87
85 124 85
61 112 112
15 50 50
59 120 17
95 103 126
104 112 112
57 97 41
24 96 24
8 50 22
64 85 85
55 106 19
58 91 58
53 66 66
7 77 75
66 121 66
35 110 76
91 114 33
54 56 118
33 109 98
80 95 72
19 79 19
17 92 17
94 114 94
15 95 108
10 101 101
1 82 1
30 65 30
2 63 2
54 112 112
9 82 94
32 97 16
52 110 76
2 8 22
31 97 41
54 127 118
65 123 127
7 46 46
45 51 121
28 123 127
6 46 6
74 99 99
41 96 41
48 124 2
106 114 106
7 107 20
78 117 99
34 122 101
57 60 71
15 21 11
90 92 6
8 75 75
7 11 11
5 28 10
78 92 99
37 41 85
43 54 118
74 105 42
3 14 66
26 48 2
4 9 50
21 94 94
109 123 127
97 98 41
36 98 47
8 26 22
51 105 121
46 78 99
37 112 85
34 56 101
39 47 62
56 68 46
50 125 61
79 99 99
50 111 50
15 24 24
30 39 30
97 109 41
33 123 127
25 45 25
107 114 33
9 114 50
73 109 43
21 114 11
27 43 112
45 97 41
28 54 118
25 91 25
13 47 25
66 97 66
69 97 41
35 44 24
62 126 126
39 41 62
81 100 29
48 54 118
27 110 112
85 91 85
13 20 25
47 70 87
30 118 118
57 80 72
30 92 30
67 82 94
72 122 122
9 115 50
62 88 88
92 102 102
88 105 88
59 121 104
10 30 10
9 120 17
98 103 126
4 24 24
86 98 98
89 117 88
70 80 87
53 54 118
16 51 16
59 128 104
17 115 17
6 21 6
85 100 29
3 24 66
14 42 106
17 72 17
90 111 18
82 95 94
23 32 16
53 70 87
37 61 85
61 103 61
68 91 46
38 119 93
112 123 112
1 84 1
59 81 104
82 86 94
35 126 24
1 75 1
83 108 122
1 55 1
6 68 6
55 84 1
113 128 102
42 104 104
8 33 22
7 114 33
43 116 43
86 123 127
80 126 126
41 121 41
11 93 93
54 84 1
7 85 85
60 96 71
30 67 52
3 69 66
15 70 87
3 100 29
106 109 106
21 35 24
30 52 52
39 108 62
33 45 33
120 122 122
35 46 24
14 103 106
72 99 99
24 85 85
53 59 104
55 82 19
81 87 87
29 75 29
2 115 2
5 122 122
5 125 61
22 110 76
34 36 101
7 103 126
33 72 72
99 106 106
78 84 1
74 97 41
38 100 29
67 122 122
41 105 41
28 98 10
75 125 75
38 118 93
35 119 24
12 26 58
46 82 94
63 107 81
8 123 22
51 121 121
54 105 118
17 50 17
10 83 122
115 124 79
87 119 87
11 21 11
2 46 2
65 72 30
35 36 24
40 126 40
1 65 1
17 24 24
23 74 42
7 111 20
61 93 93
54 77 75
72 110 76
23 128 102
87 107 87
29 34 29
44 106 106
71 89 88
1 2 1
46 63 46
28 96 10
40 96 40
73 106 106
36 78 99
6 52 52
67 103 52
27 34 101
7 97 41
39 54 118
4 48 2
31 59 104
27 108 112
27 67 112
51 81 121
83 109 122
44 95 53
48 81 2
2 38 93
21 63 11
58 61 61
27 83 122
79 98 79
3 77 75
23 76 76
49 125 61
13 81 25
13 17 17
56 84 1
72 128 102
56 86 86
45 128 102
8 92 22
26 91 26
3 51 66
66 108 66
67 116 52
70 107 87
2 103 2
94 109 94
26 28 10
57 128 102
46 104 104
101 108 101
82 97 94
67 83 122
21 99 99
20 38 93
8 109 22
49 111 69
116 120 17
15 37 85
32 125 16
5 62 40
38 98 93
16 118 16
70 125 87
23 117 107
103 126 126
19 127 19
45 60 71
63 105 81
64 66 66
9 31 50
45 100 29
49 98 69
33 113 31
16 17 16
3 35 66
105 111 26
81 108 108
34 67 101
81 120 17
58 111 58
24 58 24
22 92 22
96 107 116
21 23 11
31 44 53
36 60 47
25 115 79
18 51 121
6 110 76
51 123 127
15 127 127
62 96 62
58 113 58
17 127 17
95 117 86
80 125 61
49 107 69
27 128 112
34 65 101
35 121 24
40 112 112
90 116 18
23 124 4
78 109 99
12 60 58
8 13 22
95 124 4
101 119 101
53 115 53
30 60 30
19 52 19
45 49 69
24 25 24
107 122 122
13 97 25
22 68 22
7 86 20
80 89 88
23 122 122
102 126 102
38 85 85
6 53 53
38 67 93
16 78 16
80 124 4
21 70 87
74 98 42
3 33 66
41 107 41
13 15 25
9 36 50
35 77 75
57 111 45
5 75 75
97 103 126
2 51 2
34 48 101
13 72 25
1 25 1
4 5 40
77 99 75
59 107 104
42 111 42
55 120 19
95 106 106
37 38 85
15 36 108
21 92 6
48 67 52
55 76 19
4 115 79
70 81 87
20 35 24
12 86 58
46 73 43
76 118 76
78 107 99
15 48 2
2 93 93
2 34 101
22 70 87
68 94 94
71 112 112
49 56 69
91 110 76
3 72 66
12 62 62
28 34 101
87 113 87
35 99 99
12 46 58
105 117 26
84 88 1
76 123 76
19 76 19
22 41 22
3 55 19
36 85 85
15 81 108
58 96 58
10 65 10
21 53 53
23 84 1
55 126 19
22 81 22
21 106 106
42 45 42
46 108 108
115 116 79
3 87 87
53 123 127
30 103 30
64 116 64
69 120 17
82 120 94
23 38 93
28 127 127
57 82 94
22 50 22
8 57 22
92 121 6
80 105 72
15 71 108
60 80 72
85 122 85
29 79 29
15 86 108
26 126 126
103 116 126
5 32 16
47 97 41
59 110 76
3 104 66
17 88 88
24 35 24
86 122 122
29 73 29
30 109 30
72 123 127
54 68 118
5 109 40
27 105 112
96 128 102
8 40 22
124 126 126
7 47 47
43 51 43
28 110 76
105 109 98
12 38 93
12 21 58
5 26 40
72 88 88
92 97 6
100 101 29
73 113 43
10 55 19
19 49 19
85 93 85
65 107 30
53 79 53
28 60 10
22 83 122
52 117 52
71 86 71
70 112 87
16 59 16
116 124 4
44 59 104
9 117 50
22 33 22
75 84 1
99 110 99
98 126 126
71 107 71
24 106 106
10 121 10
43 110 76
42 79 79
5 74 40
53 104 104
20 77 75
21 97 11
60 78 99
89 124 88
53 73 53
67 80 52
46 54 118
56 111 45
74 124 4
23 103 126
47 52 52
49 81 69
12 67 52
52 79 52
1 74 1
7 127 127
84 120 1
52 74 52
113 119 64
32 60 16
4 83 122
36 96 47
115 118 118
68 114 46
77 102 75
11 25 25
62 100 29
9 40 50
27 119 112
15 112 112
23 127 127
73 119 43
92 111 6
44 60 53
80 91 72
56 105 26
123 127 127
1 17 1
21 54 118
33 51 121
83 125 122
90 106 106
27 39 112
54 128 118
17 85 85
47 76 76
29 66 29
9 56 50
8 76 76
9 35 24
57 117 107
70 78 87
22 95 22
76 98 76
18 56 18
14 127 106
38 108 93
23 51 121
33 65 30
87 105 87
49 108 108
29 121 29
83 94 94
19 22 19
31 109 98
30 41 30
64 124 64
41 100 29
74 103 126
2 124 2
6 108 6
32 55 19
44 52 52
77 94 75
64 65 30
19 89 19
77 105 75
15 115 79
102 122 122
73 84 1
9 86 50
4 96 4
55 57 19
28 113 10
80 116 72
11 29 29
58 72 58
3 42 66
105 113 31
15 61 61
9 76 76
50 104 104
12 117 58
111 118 118
66 99 66
97 123 127
30 105 30
46 112 112
19 116 19
98 107 98
67 86 52
63 76 76
54 120 118
18 41 41
4 62 62
17 21 17
5 81 40
45 63 81
18 112 112
91 109 98
18 97 41
38 90 93
97 105 41
4 46 4
5 59 104
46 115 79
85 111 85
85 128 85
103 108 126
100 115 29
29 47 29
27 85 85
47 75 75
66 116 66
43 84 1
38 86 93
42 78 99
23 40 40
2 26 2
39 124 62
26 73 43
3 12 66
37 106 85
10 89 88
80 107 72
5 14 106
61 120 61
50 69 50
63 73 43
72 93 93
35 104 24
12 108 58
29 108 29
23 28 10
47 123 127
28 117 10
103 113 126
12 35 24
106 123 106
93 123 93
21 115 79
58 127 127
66 69 66
53 64 53
17 52 17
110 121 76
19 106 19
6 51 6
19 62 19
33 83 122
32 41 16
80 109 72
5 128 102
73 80 43
113 126 126
20 28 10
49 90 69
36 62 62
27 74 112
67 110 76
15 97 108
24 27 112
12 76 76
4 59 104
10 113 10
9 51 50
23 73 43
75 79 75
103 122 122
6 79 6
16 68 16
91 118 118
18 119 64
30 84 1
4 55 19
2 24 24
63 74 42
60 87 87
15 119 64
26 60 71
57 61 61
117 127 127
32 96 16
37 102 85
59 79 104
23 78 99
9 70 87
46 93 93
113 122 122
10 41 10
9 22 22
39 121 62
60 126 126
25 105 25
24 127 24
34 64 101
33 44 53
79 122 122
52 71 52
57 83 122
99 125 99
85 115 85
1 33 1
21 49 11
77 97 75
23 47 47
11 57 11
44 125 61
14 111 106
61 102 61
11 27 112
13 64 64
59 85 85
94 99 94
7 70 87
32 85 16
54 60 118
26 78 99
1 68 1
14 106 106
27 125 112
28 57 10
45 77 75
98 119 64
46 58 58
2 94 94
50 56 50
52 54 118
62 79 79
39 94 94
11 63 11
41 117 41
56 73 43
51 56 121
96 103 126
37 46 85
28 120 17
79 110 76
53 72 53
60 93 93
21 47 11
18 28 10
49 77 75
56 102 102
76 112 112
59 112 112
7 35 24
51 127 127
64 120 17
80 93 93
42 87 87
40 102 102
31 112 112
9 19 19
7 12 58
97 115 79
96 112 112
37 74 85
65 68 30
35 105 24
51 70 87
100 113 29
57 78 99
51 77 75
2 62 2
96 108 108
53 125 61
101 114 101
30 47 30
65 97 30
3 110 66
38 123 93
3 61 66
53 55 19
53 118 118
92 127 127
41 56 41
46 124 4
10 90 10
79 96 79
3 95 66
67 119 52
75 98 75
50 106 106
83 116 122
5 29 29
66 75 75
60 99 99
12 15 58
58 116 58
57 123 127
67 128 52
53 94 94
44 118 118
56 65 30
34 66 101
41 63 41
38 93 93
27 127 112
21 37 85
88 117 88
45 124 4
68 70 87
6 114 6
13 92 6
113 114 31
85 96 85
24 43 24
11 54 118
13 62 62
14 48 106
23 116 116
28 52 10
76 77 75
10 13 10
73 81 43
46 128 102
85 120 85
44 56 53
11 121 11
14 33 106
41 103 126
78 127 99
4 102 102
83 87 87
9 123 127
87 101 87
64 102 102
45 121 121
59 93 93
23 114 33
90 125 61
13 69 25
45 54 118
108 112 112
7 40 40
59 74 104
46 106 106
15 18 108
67 87 87
54 74 118
36 80 47
68 90 46
39 99 99
121 124 4
43 64 43
17 116 17
38 52 93
97 124 41
47 59 104
2 58 2
23 77 75
7 63 81
26 124 4
27 56 112
27 28 112
63 114 81
33 125 61
22 96 22
15 51 108
97 111 41
33 47 47
43 56 43
25 32 16
20 32 16
117 124 4
29 106 29
48 49 2
17 59 17
4 92 6
60 124 4
82 92 94
40 119 40
50 55 19
93 97 93
35 68 24
50 99 99
9 26 50
16 66 16
37 50 85
41 73 43
90 98 18
48 82 94
7 34 101
53 105 53
100 127 29
34 124 101
27 96 112
50 124 50
34 79 101
77 125 75
63 116 81
57 85 85
110 124 76
74 115 79
6 37 85
35 81 24
38 116 93
112 122 122
92 96 6
23 83 122
78 93 93
83 103 122
14 34 101
49 121 121
27 94 94
74 82 94
76 126 76
96 113 31
18 88 88
12 103 126
116 125 61
105 128 102
37 78 85
44 62 53
4 38 93
112 113 112
29 58 29
59 69 104
70 104 87
111 119 64
98 120 17
125 126 61
48 64 2
8 89 88
36 100 29
58 76 76
5 55 19
41 69 41
84 107 1
18 84 1
12 81 58
8 124 22
71 90 18
20 39 62
14 76 106
4 80 4
95 120 17
76 88 88
49 128 102
72 98 72
69 128 102
68 82 94
63 119 64
8 20 22
65 80 30
14 46 106
1 11 1
26 51 121
91 92 6
10 72 10
27 44 112
68 92 6
102 107 102
55 79 19
87 115 87
122 125 122
73 99 99
21 79 79
45 110 76
42 125 61
32 44 16
37 110 85
38 106 106
45 119 64
66 100 29
39 107 62
22 89 88
63 96 81
18 103 126
95 128 102
109 111 98
127 128 127
9 68 50
45 105 26
23 86 86
28 128 10
38 50 93
26 81 81
11 115 79
36 55 19
58 71 58
50 118 118
36 128 102
55 87 87
27 61 112
13 111 25
10 123 127
11 22 22
37 128 85
9 95 50
23 48 2
12 120 17
69 115 79
29 109 29
48 106 106
6 115 6
4 67 52
82 93 94
94 122 94
56 62 62
42 57 42
42 77 75
8 49 22
11 105 11
93 95 93
97 120 17
39 89 88
14 74 106
54 63 118
34 88 101
71 122 122
66 67 66
1 13 1
12 66 66
82 84 1
56 120 17
11 81 11
96 100 29
17 66 66
42 119 64
18 91 18
96 118 118
31 93 93
100 105 29
36 65 30
83 99 122
44 121 53
80 123 127
85 112 85
33 90 18
12 105 58
7 54 118
95 119 64
40 47 40
37 111 85
31 55 19
67 124 52
66 119 66
77 100 29
91 97 41
21 65 30
84 96 1
16 85 16
71 79 79
36 124 4
20 44 53
48 58 2
47 73 43
32 71 16
74 119 64
11 73 43
75 114 75
21 82 94
6 11 6
55 86 19
66 73 66
69 106 106
45 89 88
19 29 29
26 128 102
31 63 81
2 35 24
7 91 20
6 128 102
48 59 104
13 14 106
55 70 87
2 48 2
9 62 50
31 92 6
41 81 41
55 107 19
51 125 61
11 36 11
79 102 102
55 104 19
64 80 64
22 82 94
51 82 94
103 119 126
8 81 22
96 123 127
71 93 93
60 105 71
51 96 121
118 121 118
55 127 19
16 75 75
9 65 50
14 51 106
58 62 62
64 71 64
12 63 58
7 38 93
41 119 64
4 22 22
44 92 53
91 111 45
18 42 42
15 114 108
26 82 94
82 123 94
26 36 47
46 111 46
11 48 2
81 104 104
9 16 16
55 65 19
7 128 102
15 23 108
31 72 72
25 36 25
86 105 26
21 128 102
89 112 88
115 122 122
29 122 29
56 97 41
25 76 76
3 86 66
86 115 79
22 80 22
66 106 66
18 111 18
69 111 69
46 121 121
65 106 106
36 69 47
20 125 61
51 61 61
31 89 88
37 98 85
17 70 87
51 54 118
52 128 52
44 74 53
70 83 87
15 109 108
12 118 118
19 108 19
76 90 76
29 63 29
109 117 98
24 59 24
8 73 22
103 128 102
80 102 102
5 56 40
59 64 104
18 122 122
10 12 10
30 90 30
62 71 62
95 105 26
107 123 127
41 50 50
48 95 2
21 46 11
3 43 66
52 82 94
5 10 10
105 114 26
23 109 98
37 101 85
5 27 112
66 89 66
22 38 93
112 128 112
13 23 25
3 91 66
4 21 11
12 102 102
14 84 1
2 128 102
73 105 43
80 118 118
106 119 106
5 34 101
43 89 88
89 93 88
68 95 46
35 101 101
21 80 11
19 41 19
4 15 108
110 113 76
17 84 1
3 26 66
68 108 108
63 109 81
19 70 87
86 119 64
87 90 87
89 103 88
33 128 102
44 67 52
20 49 69
82 90 94
81 101 101
90 105 18
98 123 127
80 101 101
84 101 1
30 59 104
37 82 85
94 101 101
51 69 121
8 69 22
50 114 50
21 67 52
102 124 102
77 118 75
36 82 94
65 116 30
33 59 104
32 110 16
92 109 6
50 91 50
78 110 99
28 53 10
