128 4066
17 20 70
20 111 70
20 37 70
20 105 70
12 20 70
20 23 70
20 21 70
20 82 70
20 101 70
20 108 70
13 20 70
14 20 70
20 34 70
20 91 70
20 100 70
20 65 70
20 93 70
20 43 70
20 117 70
20 56 70
20 84 70
20 63 70
20 119 70
10 20 70
20 68 70
20 97 70
20 36 70
20 31 70
3 20 70
16 20 70
20 54 70
20 44 70
20 40 70
20 27 70
20 92 70
20 123 70
20 38 70
20 102 70
5 20 70
20 62 70
20 39 70
20 95 70
17 111 70
17 37 70
17 105 70
12 17 70
17 23 70
17 21 70
17 82 70
17 101 70
17 108 70
13 17 70
14 17 70
17 34 70
17 91 70
17 100 70
17 65 70
17 93 70
17 43 70
17 117 70
17 56 70
17 84 70
17 63 70
17 119 70
10 17 70
17 68 70
17 97 70
17 36 70
17 31 70
3 17 70
16 17 70
17 54 70
17 44 70
17 40 70
17 27 70
17 92 70
17 123 70
17 38 70
17 102 70
5 17 70
17 62 70
17 39 70
17 95 70
37 111 70
105 111 70
12 111 70
23 111 70
21 111 70
82 111 70
101 111 70
108 111 70
13 111 70
14 111 70
34 111 70
91 111 70
100 111 70
65 111 70
93 111 70
43 111 70
111 117 70
56 111 70
84 111 70
63 111 70
111 119 70
10 111 70
68 111 70
97 111 70
36 111 70
31 111 70
3 111 70
16 111 70
54 111 70
44 111 70
40 111 70
27 111 70
92 111 70
111 123 70
38 111 70
102 111 70
5 111 70
62 111 70
39 111 70
95 111 70
37 105 70
12 37 70
23 37 70
21 37 70
37 82 70
37 101 70
37 108 70
13 37 70
14 37 70
34 37 70
37 91 70
37 100 70
37 65 70
37 93 70
37 43 70
37 117 70
37 56 70
37 84 70
37 63 70
37 119 70
10 37 70
37 68 70
37 97 70
36 37 70
31 37 70
3 37 70
16 37 70
37 54 70
37 44 70
37 40 70
27 37 70
37 92 70
37 123 70
37 38 70
37 102 70
5 37 70
37 62 70
37 39 70
37 95 70
12 105 70
23 105 70
21 105 70
82 105 70
101 105 70
105 108 70
13 105 70
14 105 70
34 105 70
91 105 70
100 105 70
65 105 70
93 105 70
43 105 70
105 117 70
56 105 70
84 105 70
63 105 70
105 119 70
10 105 70
68 105 70
97 105 70
36 105 70
31 105 70
3 105 70
16 105 70
54 105 70
44 105 70
40 105 70
27 105 70
92 105 70
105 123 70
38 105 70
102 105 70
5 105 70
62 105 70
39 105 70
95 105 70
12 23 70
12 21 70
12 82 70
12 101 70
12 108 70
12 13 70
12 14 70
12 34 70
12 91 70
12 100 70
12 65 70
12 93 70
12 43 70
12 117 70
12 56 70
12 84 70
12 63 70
12 119 70
10 12 70
12 68 70
12 97 70
12 36 70
12 31 70
3 12 70
12 16 70
12 54 70
12 44 70
12 40 70
12 27 70
12 92 70
12 123 70
12 38 70
12 102 70
5 12 70
12 62 70
12 39 70
12 95 70
21 23 70
23 82 70
23 101 70
23 108 70
13 23 70
14 23 70
23 34 70
23 91 70
23 100 70
23 65 70
23 93 70
23 43 70
23 117 70
23 56 70
23 84 70
23 63 70
23 119 70
10 23 70
23 68 70
23 97 70
23 36 70
23 31 70
3 23 70
16 23 70
23 54 70
23 44 70
23 40 70
23 27 70
23 92 70
23 123 70
23 38 70
23 102 70
5 23 70
23 62 70
23 39 70
23 95 70
21 82 70
21 101 70
21 108 70
13 21 70
14 21 70
21 34 70
21 91 70
21 100 70
21 65 70
21 93 70
21 43 70
21 117 70
21 56 70
21 84 70
21 63 70
21 119 70
10 21 70
21 68 70
21 97 70
21 36 70
21 31 70
3 21 70
16 21 70
21 54 70
21 44 70
21 40 70
21 27 70
21 92 70
21 123 70
21 38 70
21 102 70
5 21 70
21 62 70
21 39 70
21 95 70
82 101 70
82 108 70
13 82 70
14 82 70
34 82 70
82 91 70
82 100 70
65 82 70
82 93 70
43 82 70
82 117 70
56 82 70
82 84 70
63 82 70
82 119 70
10 82 70
68 82 70
82 97 70
36 82 70
31 82 70
3 82 70
16 82 70
54 82 70
44 82 70
40 82 70
27 82 70
82 92 70
82 123 70
38 82 70
82 102 70
5 82 70
62 82 70
39 82 70
82 95 70
101 108 70
13 101 70
14 101 70
34 101 70
91 101 70
100 101 70
65 101 70
93 101 70
43 101 70
101 117 70
56 101 70
84 101 70
63 101 70
101 119 70
10 101 70
68 101 70
97 101 70
36 101 70
31 101 70
3 101 70
16 101 70
54 101 70
44 101 70
40 101 70
27 101 70
92 101 70
101 123 70
38 101 70
101 102 70
5 101 70
62 101 70
39 101 70
95 101 70
13 108 70
14 108 70
34 108 70
91 108 70
100 108 70
65 108 70
93 108 70
43 108 70
108 117 70
56 108 70
84 108 70
63 108 70
108 119 70
10 108 70
68 108 70
97 108 70
36 108 70
31 108 70
3 108 70
16 108 70
54 108 70
44 108 70
40 108 70
27 108 70
92 108 70
108 123 70
38 108 70
102 108 70
5 108 70
62 108 70
39 108 70
95 108 70
13 14 70
13 34 70
13 91 70
13 100 70
13 65 70
13 93 70
13 43 70
13 117 70
13 56 70
13 84 70
13 63 70
13 119 70
10 13 70
13 68 70
13 97 70
13 36 70
13 31 70
3 13 70
13 16 70
13 54 70
13 44 70
13 40 70
13 27 70
13 92 70
13 123 70
13 38 70
13 102 70
5 13 70
13 62 70
13 39 70
13 95 70
14 34 70
14 91 70
14 100 70
14 65 70
14 93 70
14 43 70
14 117 70
14 56 70
14 84 70
14 63 70
14 119 70
10 14 70
14 68 70
14 97 70
14 36 70
14 31 70
3 14 70
14 16 70
14 54 70
14 44 70
14 40 70
14 27 70
14 92 70
14 123 70
14 38 70
14 102 70
5 14 70
14 62 70
14 39 70
14 95 70
34 91 70
34 100 70
34 65 70
34 93 70
34 43 70
34 117 70
34 56 70
34 84 70
34 63 70
34 119 70
10 34 70
34 68 70
34 97 70
34 36 70
31 34 70
3 34 70
16 34 70
34 54 70
34 44 70
34 40 70
27 34 70
34 92 70
34 123 70
34 38 70
34 102 70
5 34 70
34 62 70
34 39 70
34 95 70
91 100 70
65 91 70
91 93 70
43 91 70
91 117 70
56 91 70
84 91 70
63 91 70
91 119 70
10 91 70
68 91 70
91 97 70
36 91 70
31 91 70
3 91 70
16 91 70
54 91 70
44 91 70
40 91 70
27 91 70
91 92 70
91 123 70
38 91 70
91 102 70
5 91 70
62 91 70
39 91 70
91 95 70
65 100 70
93 100 70
43 100 70
100 117 70
56 100 70
84 100 70
63 100 70
100 119 70
10 100 70
68 100 70
97 100 70
36 100 70
31 100 70
3 100 70
16 100 70
54 100 70
44 100 70
40 100 70
27 100 70
92 100 70
100 123 70
38 100 70
100 102 70
5 100 70
62 100 70
39 100 70
95 100 70
65 93 70
43 65 70
65 117 70
56 65 70
65 84 70
63 65 70
65 119 70
10 65 70
65 68 70
65 97 70
36 65 70
31 65 70
3 65 70
16 65 70
54 65 70
44 65 70
40 65 70
27 65 70
65 92 70
65 123 70
38 65 70
65 102 70
5 65 70
62 65 70
39 65 70
65 95 70
43 93 70
93 117 70
56 93 70
84 93 70
63 93 70
93 119 70
10 93 70
68 93 70
93 97 70
36 93 70
31 93 70
3 93 70
16 93 70
54 93 70
44 93 70
40 93 70
27 93 70
92 93 70
93 123 70
38 93 70
93 102 70
5 93 70
62 93 70
39 93 70
93 95 70
43 117 70
43 56 70
43 84 70
43 63 70
43 119 70
10 43 70
43 68 70
43 97 70
36 43 70
31 43 70
3 43 70
16 43 70
43 54 70
43 44 70
40 43 70
27 43 70
43 92 70
43 123 70
38 43 70
43 102 70
5 43 70
43 62 70
39 43 70
43 95 70
56 117 70
84 117 70
63 117 70
117 119 70
10 117 70
68 117 70
97 117 70
36 117 70
31 117 70
3 117 70
16 117 70
54 117 70
44 117 70
40 117 70
27 117 70
92 117 70
117 123 70
38 117 70
102 117 70
5 117 70
62 117 70
39 117 70
95 117 70
56 84 70
56 63 70
56 119 70
10 56 70
56 68 70
56 97 70
36 56 70
31 56 70
3 56 70
16 56 70
54 56 70
44 56 70
40 56 70
27 56 70
56 92 70
56 123 70
38 56 70
56 102 70
5 56 70
56 62 70
39 56 70
56 95 70
63 84 70
84 119 70
10 84 70
68 84 70
84 97 70
36 84 70
31 84 70
3 84 70
16 84 70
54 84 70
44 84 70
40 84 70
27 84 70
84 92 70
84 123 70
38 84 70
84 102 70
5 84 70
62 84 70
39 84 70
84 95 70
63 119 70
10 63 70
63 68 70
63 97 70
36 63 70
31 63 70
3 63 70
16 63 70
54 63 70
44 63 70
40 63 70
27 63 70
63 92 70
63 123 70
38 63 70
63 102 70
5 63 70
62 63 70
39 63 70
63 95 70
10 119 70
68 119 70
97 119 70
36 119 70
31 119 70
3 119 70
16 119 70
54 119 70
44 119 70
40 119 70
27 119 70
92 119 70
119 123 70
38 119 70
102 119 70
5 119 70
62 119 70
39 119 70
95 119 70
10 68 70
10 97 70
10 36 70
10 31 70
3 10 70
10 16 70
10 54 70
10 44 70
10 40 70
10 27 70
10 92 70
10 123 70
10 38 70
10 102 70
5 10 70
10 62 70
10 39 70
10 95 70
68 97 70
36 68 70
31 68 70
3 68 70
16 68 70
54 68 70
44 68 70
40 68 70
27 68 70
68 92 70
68 123 70
38 68 70
68 102 70
5 68 70
62 68 70
39 68 70
68 95 70
36 97 70
31 97 70
3 97 70
16 97 70
54 97 70
44 97 70
40 97 70
27 97 70
92 97 70
97 123 70
38 97 70
97 102 70
5 97 70
62 97 70
39 97 70
95 97 70
31 36 70
3 36 70
16 36 70
36 54 70
36 44 70
36 40 70
27 36 70
36 92 70
36 123 70
36 38 70
36 102 70
5 36 70
36 62 70
36 39 70
36 95 70
3 31 70
16 31 70
31 54 70
31 44 70
31 40 70
27 31 70
31 92 70
31 123 70
31 38 70
31 102 70
5 31 70
31 62 70
31 39 70
31 95 70
3 16 70
3 54 70
3 44 70
3 40 70
3 27 70
3 92 70
3 123 70
3 38 70
3 102 70
3 5 70
3 62 70
3 39 70
3 95 70
16 54 70
16 44 70
16 40 70
16 27 70
16 92 70
16 123 70
16 38 70
16 102 70
5 16 70
16 62 70
16 39 70
16 95 70
44 54 70
40 54 70
27 54 70
54 92 70
54 123 70
38 54 70
54 102 70
5 54 70
54 62 70
39 54 70
54 95 70
40 44 70
27 44 70
44 92 70
44 123 70
38 44 70
44 102 70
5 44 70
44 62 70
39 44 70
44 95 70
27 40 70
40 92 70
40 123 70
38 40 70
40 102 70
5 40 70
40 62 70
39 40 70
40 95 70
27 92 70
27 123 70
27 38 70
27 102 70
5 27 70
27 62 70
27 39 70
27 95 70
92 123 70
38 92 70
92 102 70
5 92 70
62 92 70
39 92 70
92 95 70
38 123 70
102 123 70
5 123 70
62 123 70
39 123 70
95 123 70
38 102 70
5 38 70
38 62 70
38 39 70
38 95 70
5 102 70
62 102 70
39 102 70
95 102 70
5 62 70
5 39 70
5 95 70
39 62 70
62 95 70
39 95 70
1 20 1
20 29 29
20 32 32
20 88 88
20 99 99
20 107 107
20 60 60
20 127 127
20 116 116
20 121 121
20 50 50
20 78 78
20 104 104
20 28 28
20 71 71
20 42 42
20 128 128
20 30 30
20 86 86
20 124 124
20 51 51
20 81 81
20 47 47
20 61 61
20 120 120
2 20 2
20 52 52
11 20 11
20 77 77
20 76 76
20 55 55
20 22 22
20 110 110
20 69 69
20 114 114
20 25 25
20 59 59
20 66 66
20 46 46
20 98 98
20 83 83
20 53 53
20 115 115
20 112 112
15 20 15
20 64 64
20 90 90
20 79 79
20 109 109
20 106 106
20 24 24
20 89 89
20 72 72
20 126 126
20 48 48
20 122 122
20 125 125
20 74 74
20 57 57
6 20 6
20 73 73
20 75 75
20 85 85
20 113 113
20 87 87
20 58 58
7 20 7
20 41 41
20 33 33
20 103 103
20 26 26
20 94 94
20 67 67
20 118 118
18 20 18
4 20 4
9 20 9
20 49 49
19 20 19
20 80 80
20 96 96
8 20 8
20 35 35
20 45 45
20 70 70
25 106 25
34 77 77
6 37 6
2 79 2
79 82 79
12 66 66
1 99 1
6 89 89
19 49 49
52 121 121
32 99 32
79 94 79
58 116 116
81 86 86
16 88 88
51 59 51
87 88 88
55 111 55
76 116 116
41 121 121
13 121 121
25 123 25
46 103 46
33 48 48
49 104 104
91 94 94
4 82 4
26 27 26
59 76 76
79 84 79
30 81 30
11 83 11
45 98 98
19 91 19
42 46 42
58 97 58
7 95 7
8 19 19
84 107 107
64 72 64
11 37 11
36 87 87
32 54 32
22 92 22
42 99 99
4 74 74
86 121 121
26 65 26
61 88 88
74 75 74
104 125 104
83 101 83
57 93 57
68 103 103
13 64 64
21 88 88
25 76 76
25 51 51
36 110 110
29 113 29
113 117 113
59 113 59
34 126 126
114 124 124
18 114 114
37 78 78
45 114 114
41 71 71
19 112 112
62 69 69
56 127 127
32 114 32
38 87 87
72 78 78
19 98 98
61 127 127
60 97 60
8 43 8
33 113 113
81 128 128
16 77 77
71 78 78
107 122 107
87 127 127
67 73 73
2 4 2
78 88 88
61 68 61
14 71 71
24 125 24
24 77 77
62 89 89
110 128 128
103 112 112
71 103 71
30 33 30
28 61 28
16 114 114
11 54 11
70 72 72
52 71 71
60 88 88
84 96 96
14 51 51
71 114 71
47 81 81
107 123 107
48 97 48
58 117 58
7 78 78
84 90 90
13 15 15
56 67 67
56 86 86
24 94 24
33 34 33
66 93 66
24 51 51
56 118 118
106 113 106
32 113 32
61 119 61
48 104 104
104 107 107
42 117 42
67 119 67
94 103 103
47 83 47
87 128 128
22 51 51
24 33 24
74 117 74
58 74 74
2 58 2
59 71 71
64 79 64
25 59 25
114 115 114
96 104 104
48 124 124
49 125 125
94 126 126
60 72 60
57 71 71
83 98 98
14 69 69
67 123 67
76 100 76
66 122 66
60 127 60
99 107 99
25 77 77
34 98 98
65 104 104
75 85 75
41 109 109
42 128 42
11 71 71
38 85 85
2 65 2
109 128 128
46 88 88
60 106 60
56 109 109
11 98 11
40 99 99
64 83 83
86 92 86
12 51 51
42 70 42
29 88 29
22 82 22
12 114 114
6 117 6
59 104 104
7 94 7
21 81 81
29 32 29
74 87 74
89 107 107
47 106 47
6 9 6
26 73 73
14 25 25
28 64 28
88 104 88
40 126 126
1 127 1
52 77 52
85 126 126
89 112 112
34 48 48
41 106 106
1 58 1
55 81 81
32 60 32
31 109 109
34 109 109
52 86 86
64 66 66
92 118 118
78 119 78
69 89 69
92 104 104
44 61 61
32 107 32
107 113 107
10 42 42
7 101 7
18 113 113
29 127 29
57 65 57
96 124 124
121 127 127
53 84 53
50 119 50
6 90 90
30 79 30
115 116 116
11 109 11
29 98 29
78 108 78
6 31 6
28 77 28
25 112 25
32 84 32
31 46 46
36 127 127
13 89 89
53 112 53
15 67 15
25 128 128
41 114 114
90 126 90
51 77 51
6 46 46
36 126 126
72 82 72
115 124 124
75 76 76
81 109 81
2 90 2
8 75 75
28 47 28
80 124 124
2 99 99
78 120 78
45 49 49
110 116 116
51 55 51
1 29 1
75 106 106
69 90 69
59 64 59
2 7 2
29 83 29
94 122 122
52 110 52
1 107 1
78 118 78
40 86 86
118 121 121
15 62 15
15 18 15
31 42 42
7 98 98
22 27 22
6 19 6
2 122 2
22 94 22
53 56 53
28 99 99
9 94 94
38 121 121
47 121 121
42 122 42
76 85 76
39 74 74
52 98 52
89 122 89
66 95 66
106 123 106
24 76 76
77 103 77
2 43 2
68 116 116
28 35 28
47 61 47
85 101 85
60 124 60
53 66 66
76 81 81
9 28 28
33 116 116
72 75 72
43 70 70
59 98 59
107 127 107
29 78 29
104 111 104
1 30 1
39 121 121
111 114 114
26 30 30
13 77 77
4 89 89
76 124 124
49 80 49
44 112 112
30 128 128
24 91 24
29 121 29
33 120 120
80 111 80
33 97 33
1 66 1
30 41 30
55 99 99
30 82 30
35 122 122
54 60 60
7 38 7
67 101 67
6 115 115
66 77 77
64 106 64
12 19 19
12 113 113
19 35 19
4 9 4
69 86 86
28 67 28
36 50 50
8 37 8
32 74 32
103 121 121
60 126 60
10 15 15
116 128 116
50 68 50
61 128 128
1 117 1
43 74 74
49 110 110
6 54 6
24 109 109
55 58 55
11 100 11
52 92 52
85 118 85
42 116 116
37 53 53
13 118 118
24 98 98
42 121 121
12 70 70
8 30 30
62 85 85
61 122 61
15 28 28
51 71 71
28 40 28
25 86 86
36 94 94
15 73 15
35 97 35
59 74 59
34 128 128
64 69 69
71 75 71
60 102 60
33 91 33
27 75 75
60 99 99
74 83 83
60 113 60
12 112 112
65 112 112
9 112 112
29 57 29
85 98 98
50 126 50
53 77 77
57 75 57
53 122 53
17 70 70
22 126 22
43 58 58
28 59 28
27 76 76
19 38 19
32 126 32
1 47 1
15 70 15
9 121 121
39 112 112
34 50 50
37 75 75
41 78 78
75 81 81
10 18 18
60 107 107
36 42 42
113 120 120
22 71 71
5 86 86
15 66 66
43 85 85
69 116 116
32 88 32
24 69 69
76 123 76
41 102 41
50 65 50
11 104 104
33 50 50
18 120 120
26 127 127
110 124 124
7 12 7
5 9 9
51 108 51
40 78 78
76 120 120
32 128 32
69 109 69
99 127 99
40 53 53
61 73 61
30 121 121
98 127 127
96 126 126
89 96 89
24 124 124
73 112 112
44 74 74
70 75 75
78 99 99
42 56 42
93 109 109
18 43 18
32 82 32
44 115 115
22 110 22
46 123 46
105 124 124
98 113 98
25 93 25
101 115 115
25 104 104
22 83 22
65 70 70
60 117 60
26 125 125
39 51 51
68 122 122
25 56 25
33 77 77
42 104 104
67 71 71
32 110 32
69 97 69
12 124 124
44 121 121
53 81 81
85 112 112
4 118 118
24 122 24
4 48 48
22 56 22
40 125 125
98 123 98
9 73 73
34 64 64
77 88 88
2 16 2
51 83 51
1 88 1
50 95 50
75 116 116
59 89 59
8 23 8
77 124 124
26 112 112
17 47 47
110 121 121
34 35 35
11 91 11
92 110 110
42 125 42
2 48 2
46 110 110
42 107 107
1 43 1
51 56 51
1 59 1
85 114 114
25 81 81
13 55 55
45 86 86
2 125 2
25 26 25
17 58 58
99 116 99
45 60 60
96 115 115
58 65 58
9 51 51
45 52 52
24 74 24
34 106 106
63 126 126
77 83 77
12 26 26
98 105 98
54 77 77
42 105 42
25 72 25
79 101 79
44 46 46
85 91 85
69 119 69
50 99 99
12 64 64
46 82 46
72 105 72
37 71 71
59 79 59
8 77 77
11 43 11
39 98 98
42 109 42
29 112 29
15 113 15
9 113 113
55 94 55
27 73 73
55 73 55
11 122 11
26 60 60
77 87 77
32 119 32
50 88 88
9 16 9
11 125 11
50 124 50
65 71 71
6 82 6
48 62 48
6 116 116
24 63 24
8 123 8
68 112 112
34 71 71
6 35 6
32 49 32
52 124 124
120 121 121
61 65 61
17 46 46
97 127 127
4 57 57
28 85 28
58 92 58
71 79 71
51 52 51
49 55 55
67 80 67
22 115 22
29 115 29
69 72 69
45 92 45
1 116 1
66 76 76
74 111 74
74 103 74
34 127 127
29 104 29
6 14 6
88 106 88
53 89 53
75 87 75
25 125 25
72 104 104
78 113 78
22 43 22
27 70 70
36 69 69
26 48 48
40 107 107
14 50 50
29 52 29
83 127 127
88 124 88
46 109 46
11 86 86
1 32 1
9 86 86
65 66 66
29 89 29
81 107 107
67 102 67
73 94 73
88 116 88
9 69 69
117 122 122
43 126 126
1 60 1
33 122 122
44 89 89
11 33 11
22 34 22
79 111 79
38 66 66
55 69 55
72 84 72
102 115 115
14 77 77
44 98 98
44 114 114
24 66 66
98 106 98
3 48 48
104 121 121
52 90 52
114 122 114
31 99 99
83 110 110
72 83 83
27 28 28
53 57 53
10 53 53
42 50 50
53 97 53
42 86 42
77 94 77
33 118 33
13 126 126
85 128 128
53 61 61
33 115 115
2 100 2
5 75 75
89 104 104
28 29 29
9 122 122
55 112 55
34 51 51
15 74 15
32 33 32
55 92 55
105 120 120
73 86 86
18 54 18
1 71 1
32 89 32
43 110 110
6 72 72
105 121 121
76 98 76
28 110 28
41 77 77
42 69 42
35 40 35
5 22 22
18 66 66
4 40 4
116 118 116
48 91 48
13 71 71
25 40 25
19 127 127
2 57 2
42 88 88
13 45 45
41 48 48
52 55 52
47 123 47
42 65 42
33 55 55
61 110 61
42 113 42
50 51 50
4 66 66
22 47 47
1 81 1
40 71 71
19 36 19
32 122 32
83 89 83
11 77 11
31 106 106
64 73 64
52 78 78
47 55 47
33 85 85
61 112 61
33 108 33
43 69 69
64 94 64
57 89 89
1 2 1
15 19 15
11 32 32
99 124 99
81 110 81
26 33 33
79 85 79
22 42 42
1 77 1
63 88 88
72 79 79
77 91 77
67 109 109
76 110 76
68 118 118
87 125 125
11 75 11
10 64 64
35 45 35
74 93 74
12 50 50
9 59 59
115 125 115
77 102 77
79 100 79
28 65 28
77 82 77
32 42 32
32 92 32
11 95 11
15 126 15
47 116 116
6 84 6
25 66 25
107 121 107
47 64 47
87 120 120
58 99 99
22 28 28
42 61 42
73 102 73
6 106 106
2 116 116
18 112 112
79 110 110
23 28 28
23 75 75
34 118 118
77 125 77
41 82 41
88 120 88
6 122 122
94 124 124
106 127 127
18 56 18
18 88 88
88 101 88
4 112 112
47 95 47
46 54 46
58 86 86
94 128 128
32 75 32
72 121 121
19 32 32
9 55 55
31 121 121
71 116 116
32 120 32
113 114 114
107 124 107
15 124 124
62 83 83
79 116 116
108 114 114
41 128 128
12 121 121
18 32 32
11 25 11
78 104 78
1 70 1
39 69 69
15 88 88
27 94 94
33 69 69
53 88 88
50 104 50
30 71 71
22 30 30
66 86 86
115 121 121
79 122 79
58 126 126
74 118 74
19 70 19
38 126 126
27 60 60
22 118 22
106 115 115
67 116 116
10 122 122
15 23 15
21 89 89
2 117 2
48 71 71
41 101 41
67 97 67
30 115 30
25 98 25
107 116 107
75 107 107
39 88 88
57 58 57
103 116 116
65 120 120
50 127 127
27 83 83
66 108 66
12 67 67
42 127 127
106 120 120
81 91 81
49 114 114
30 68 30
86 127 127
74 94 74
2 69 2
30 47 30
45 83 83
8 106 106
25 29 29
53 74 53
39 104 104
55 87 55
73 98 98
6 39 6
41 87 87
47 110 47
5 94 94
51 127 127
66 69 69
11 55 11
77 98 77
25 120 120
82 114 114
29 109 29
2 89 2
3 28 28
28 109 28
46 53 46
58 110 110
115 119 115
60 122 60
18 89 89
42 71 71
4 25 25
34 112 112
84 104 104
48 106 106
38 70 70
45 59 59
84 125 125
51 88 88
39 122 122
25 121 121
28 83 28
13 85 85
59 127 127
61 86 86
29 64 29
98 112 98
23 64 64
4 46 46
61 121 121
12 120 120
3 106 106
70 100 70
18 64 64
9 127 127
50 70 50
37 106 106
49 65 49
46 118 46
50 116 116
32 48 32
59 118 59
26 79 79
64 71 71
80 122 122
45 79 79
85 111 85
39 113 113
47 114 47
11 127 127
32 87 32
43 71 71
104 127 127
63 120 120
8 63 8
13 57 57
25 70 25
8 79 79
11 99 99
99 113 99
30 48 30
37 45 45
23 49 49
13 47 47
74 123 74
2 119 2
61 76 61
6 58 6
18 70 18
51 89 51
71 113 71
35 121 121
38 73 73
24 67 24
65 94 94
66 120 120
74 127 127
42 76 42
72 122 72
59 72 59
75 120 120
98 107 107
11 121 121
70 110 110
25 65 25
67 121 121
37 52 52
46 96 46
10 25 25
67 111 67
2 6 2
77 108 77
52 70 52
112 114 114
46 74 46
13 66 66
30 60 60
28 104 104
46 77 77
2 31 2
61 81 81
19 86 86
75 105 75
29 60 29
50 53 50
40 90 90
54 106 106
39 59 59
8 26 26
86 114 86
1 78 1
66 123 66
56 70 70
29 99 29
6 110 110
5 15 15
104 128 104
39 110 110
94 109 109
64 107 107
81 90 81
87 90 90
49 79 79
4 30 30
7 13 7
44 126 126
13 46 46
50 111 50
1 27 1
75 125 125
42 95 42
59 69 69
48 99 99
45 85 85
2 128 128
32 34 32
102 114 114
47 127 127
30 106 30
55 117 55
1 74 1
6 101 6
19 128 128
116 121 116
8 62 8
7 117 7
79 112 112
86 90 86
23 32 32
18 101 18
29 93 29
77 100 77
25 54 25
15 46 46
53 99 99
8 40 8
8 113 113
30 50 50
22 64 22
68 115 115
41 85 85
1 106 1
71 125 71
69 99 99
25 95 25
88 107 88
1 50 1
11 52 52
15 65 15
22 68 22
28 50 50
8 92 8
61 99 99
50 67 50
2 52 2
37 46 46
66 100 66
81 120 81
10 99 99
86 98 86
80 117 80
14 109 109
27 59 59
29 38 29
67 74 74
59 67 59
58 73 73
14 122 122
109 115 115
7 31 7
3 29 29
30 70 30
86 88 88
8 124 124
43 51 51
1 105 1
74 126 126
24 32 32
64 128 128
91 125 125
11 88 88
73 106 106
52 81 81
5 25 25
1 121 1
11 51 51
116 124 116
50 71 50
46 126 46
52 61 61
99 126 99
17 121 121
71 84 71
50 109 50
71 76 71
97 120 120
116 117 116
68 121 121
72 116 116
40 55 55
86 113 86
78 102 78
51 65 51
9 117 9
79 115 115
41 74 74
42 103 42
19 71 71
92 103 103
59 91 59
67 83 83
104 120 104
66 96 66
74 104 104
24 104 104
51 114 51
1 37 1
25 115 25
10 50 50
32 116 32
31 66 66
37 96 96
67 106 106
44 113 113
120 127 127
7 85 85
81 127 127
62 128 128
68 88 88
64 98 98
36 103 103
13 59 59
100 114 114
86 96 86
46 112 46
48 127 127
78 101 78
60 104 60
14 52 52
38 53 53
30 77 30
33 47 47
48 69 69
21 116 116
57 122 122
53 114 114
37 127 127
50 123 50
83 93 83
99 104 99
24 48 24
50 98 50
5 85 85
36 104 104
31 61 61
49 64 64
11 72 11
75 100 75
91 99 99
65 77 77
35 103 103
89 94 89
1 84 1
29 124 29
86 104 104
83 95 83
43 107 107
25 61 61
94 101 94
60 119 60
63 76 76
9 58 58
22 66 22
2 29 29
45 100 45
10 58 58
98 110 110
50 120 50
11 40 11
29 67 29
74 108 74
70 126 126
27 118 118
108 126 126
55 76 76
66 78 78
2 126 2
8 105 8
30 102 30
15 103 15
69 125 69
32 124 32
6 93 6
65 118 118
56 74 74
60 86 60
8 51 51
5 71 71
41 72 72
103 126 126
51 64 51
1 126 1
42 81 42
45 80 80
59 87 59
76 83 76
15 114 114
79 126 79
2 55 2
49 84 49
67 112 112
51 107 107
95 126 126
6 36 6
11 76 11
6 15 15
51 68 51
18 90 90
11 29 29
71 89 71
52 59 52
31 103 103
28 121 121
1 8 1
11 57 11
8 117 8
107 128 107
6 28 28
30 117 30
35 61 61
25 101 25
1 11 1
27 113 113
10 127 127
51 117 51
6 74 74
121 122 121
29 123 29
49 74 74
13 53 53
11 124 124
1 13 1
105 109 109
22 86 86
75 82 75
41 67 41
24 85 24
53 70 53
56 81 81
7 62 7
30 96 30
114 117 114
48 52 52
92 107 107
64 76 76
87 103 87
2 73 2
73 126 126
46 87 46
11 63 11
18 72 72
88 127 88
15 112 112
15 44 15
70 94 94
5 67 67
9 91 9
28 58 28
17 76 76
49 50 50
19 57 57
70 120 120
47 94 47
70 78 78
16 51 51
68 74 74
28 73 28
55 118 55
85 88 88
7 64 64
42 94 42
29 51 29
1 73 1
23 96 96
66 88 88
92 112 112
28 82 28
23 26 26
38 88 88
27 49 49
35 49 49
26 71 71
76 89 76
72 87 72
13 28 28
54 88 88
52 111 52
57 111 57
32 57 32
22 98 22
32 66 32
31 114 114
4 21 4
4 45 4
47 69 47
6 67 6
18 71 71
25 116 116
14 15 15
72 93 72
55 122 55
57 126 126
2 124 124
114 120 120
22 37 22
47 51 51
25 90 25
34 57 57
97 104 104
55 77 77
113 124 124
28 102 28
26 92 26
18 58 58
9 125 125
47 79 47
88 121 88
4 124 124
31 104 104
15 115 115
4 87 87
40 88 88
4 79 79
43 125 125
28 32 32
32 86 32
56 85 85
18 81 81
47 96 47
68 80 80
93 120 120
85 92 85
4 17 4
10 47 47
47 99 99
26 54 26
10 78 78
17 87 87
50 103 50
54 74 74
103 115 115
127 128 127
25 57 25
37 81 81
23 99 99
3 30 30
16 89 89
26 103 103
24 36 24
29 48 29
9 71 71
43 122 122
42 49 42
24 112 112
49 103 103
13 80 80
11 61 61
57 114 114
79 86 86
91 128 128
79 113 79
86 111 86
58 108 58
41 54 41
53 86 86
42 83 42
32 101 32
22 107 107
52 107 107
47 128 128
69 76 76
39 77 77
25 99 99
53 69 69
48 123 48
73 92 73
89 90 90
49 107 107
31 107 107
57 69 69
50 107 107
32 104 32
61 62 61
76 82 76
102 103 103
109 125 109
21 57 57
29 39 29
30 51 30
36 109 109
92 109 109
85 86 86
32 38 32
44 59 59
99 105 99
59 111 59
8 65 8
73 119 73
55 123 55
90 108 90
14 45 45
72 94 72
66 106 66
42 63 42
36 55 55
30 46 30
42 55 42
30 127 127
26 126 126
15 41 15
60 63 60
30 91 30
99 121 99
28 62 28
35 79 79
27 121 121
107 118 107
30 78 78
86 108 86
42 54 42
94 110 110
43 50 50
10 94 94
2 18 2
6 111 6
7 97 7
93 96 96
69 115 69
65 106 106
7 93 7
29 71 29
101 113 113
29 95 29
83 100 83
35 111 35
50 115 50
99 120 99
26 77 77
96 118 118
99 119 99
29 50 29
11 56 11
1 18 1
108 120 120
71 121 121
2 86 86
39 79 79
33 42 42
83 106 83
32 62 32
63 64 64
19 102 19
25 34 25
78 116 116
49 93 49
35 54 35
49 60 60
107 109 107
51 94 51
30 111 30
4 123 4
30 107 107
73 110 110
72 118 72
37 55 55
106 119 106
39 96 96
1 115 1
82 121 121
29 72 29
80 90 90
32 81 32
60 116 60
75 115 115
9 100 9
6 49 6
98 103 98
46 55 55
41 58 58
80 89 89
71 72 71
7 46 46
47 75 47
76 88 88
24 25 25
73 97 73
16 115 115
83 85 83
12 24 24
12 85 85
78 80 78
52 126 52
73 90 90
83 109 83
22 24 22
24 29 29
68 126 126
25 31 25
126 127 127
100 106 106
86 112 86
59 121 121
64 88 88
10 126 126
18 107 107
5 73 73
90 109 90
2 118 2
28 123 28
25 46 25
4 72 72
47 78 78
32 67 32
7 77 77
57 99 99
81 125 81
81 88 88
4 86 86
27 30 30
7 110 110
59 116 116
61 114 61
24 55 55
17 103 103
68 120 120
69 77 77
50 76 50
66 116 116
22 73 22
34 53 53
3 110 110
4 76 76
58 81 81
81 124 124
29 61 29
26 102 26
46 68 46
87 112 112
81 103 81
28 46 28
44 94 94
2 92 2
12 78 78
90 121 121
37 116 116
54 115 115
15 83 83
59 124 124
59 99 99
39 120 120
55 71 71
38 79 79
28 115 28
11 97 11
34 55 55
17 67 67
47 48 47
60 71 60
69 87 69
45 65 45
57 90 90
10 30 30
41 51 51
69 74 69
35 63 35
52 91 52
63 73 73
26 80 26
101 112 112
120 128 128
77 127 127
15 87 15
31 128 128
68 127 127
29 128 29
51 116 116
42 112 42
68 90 90
91 106 106
52 94 52
77 114 77
88 99 88
89 109 109
15 127 127
90 111 90
22 113 22
77 107 107
28 41 28
57 80 57
64 74 64
3 7 7
92 126 126
46 124 124
2 35 2
98 121 121
46 50 50
26 95 26
49 119 49
24 78 78
60 95 60
36 116 116
13 122 122
77 106 77
51 69 51
33 100 33
85 107 107
15 79 15
18 104 104
49 121 121
29 85 29
93 122 122
1 93 1
44 86 86
27 42 42
25 45 25
71 124 71
91 110 110
53 98 98
18 127 127
1 34 1
2 74 2
106 122 106
65 124 124
2 94 2
88 103 88
24 88 88
80 87 87
102 116 116
5 30 30
67 115 115
17 88 88
15 43 15
52 123 52
11 110 11
71 83 71
90 104 104
1 96 1
78 128 78
19 123 19
5 127 127
50 121 121
5 89 89
84 115 115
52 114 52
74 122 122
2 27 2
28 71 28
110 126 110
42 85 42
2 53 2
57 67 57
3 33 33
1 38 1
90 105 90
19 55 55
36 88 88
83 114 114
5 33 33
47 122 47
61 83 61
43 75 75
5 120 120
13 58 58
11 128 128
90 107 107
99 101 99
49 75 75
71 115 71
62 87 87
105 126 126
26 101 26
40 85 85
41 112 112
9 87 87
42 51 42
34 94 94
79 89 79
17 116 116
3 128 128
33 46 46
40 69 69
64 124 124
60 80 60
46 80 46
18 117 18
52 101 52
77 128 128
85 99 99
58 69 69
7 36 7
22 72 22
35 71 71
102 106 106
93 114 114
70 88 88
87 124 124
48 95 48
64 121 121
22 57 22
67 125 125
2 23 2
21 78 78
23 67 67
109 121 121
70 103 103
82 122 122
44 103 103
107 114 107
29 68 29
9 44 9
29 74 29
43 116 116
28 57 28
87 107 107
25 119 25
57 81 81
26 118 26
54 96 96
76 113 76
39 47 47
52 125 52
60 73 60
88 94 88
30 72 30
26 42 42
36 73 73
29 49 29
81 115 81
35 106 106
12 127 127
75 83 83
18 76 76
6 125 125
38 55 55
86 120 86
60 64 60
27 125 125
28 81 28
12 35 35
32 69 32
50 60 60
61 84 61
29 87 29
59 112 59
63 81 81
10 52 52
52 85 52
64 127 127
32 44 32
41 105 41
57 64 64
78 125 78
29 103 29
8 99 99
78 93 78
56 80 80
29 76 29
2 45 2
33 84 33
59 107 107
69 120 120
73 118 73
104 123 104
36 57 57
33 112 112
60 82 60
10 88 88
87 89 89
76 117 76
47 88 88
47 52 47
2 77 2
58 72 72
60 111 60
2 106 2
96 120 120
9 62 9
66 94 66
57 62 57
75 112 112
45 116 116
85 122 122
11 53 11
111 126 126
109 120 120
22 59 22
63 66 66
27 80 80
74 90 90
30 62 30
28 49 28
18 83 83
3 58 58
52 127 127
26 109 109
16 35 35
47 102 47
16 120 120
1 36 1
70 104 104
46 86 86
124 126 124
34 45 45
87 119 87
6 80 6
19 80 19
77 122 77
119 124 124
32 83 32
37 73 73
50 105 50
21 70 70
86 119 86
83 120 120
90 93 90
35 37 35
90 122 90
39 50 50
52 58 52
112 113 112
21 125 125
98 118 98
38 122 122
8 87 87
47 53 47
2 56 2
16 103 103
49 87 87
54 113 113
11 28 28
38 46 46
39 66 66
34 74 74
122 128 128
30 43 30
22 99 99
7 22 22
10 104 104
110 118 110
55 85 55
35 127 127
46 48 46
9 98 98
36 48 48
75 108 75
54 103 103
13 107 107
87 121 121
43 104 104
101 118 118
35 84 35
8 70 8
54 125 125
8 29 29
47 100 47
14 73 73
24 58 24
55 60 60
112 128 128
64 80 64
38 90 90
73 87 73
56 87 87
10 70 70
89 118 89
17 42 42
11 78 78
5 110 110
52 66 52
11 22 11
18 121 121
56 76 76
4 49 4
97 114 114
18 100 18
79 87 79
99 128 99
77 112 77
28 124 28
58 122 122
55 105 55
58 60 60
22 62 22
81 87 81
41 89 89
106 116 116
22 39 22
56 88 88
56 126 126
30 36 30
35 91 35
15 50 50
67 90 90
45 125 125
42 57 42
33 59 59
5 59 59
116 127 127
86 109 86
2 47 47
60 76 60
33 125 125
109 122 109
16 79 79
17 125 125
80 81 81
64 85 64
84 114 114
41 88 88
48 101 48
19 47 47
77 99 99
112 118 112
55 59 55
109 118 109
18 75 75
47 68 47
13 48 48
33 123 33
28 30 28
6 104 104
90 106 90
61 102 61
52 97 52
47 104 104
53 124 124
101 128 128
3 88 88
46 47 47
99 110 99
12 125 125
53 82 53
34 52 52
61 64 61
57 83 83
41 123 41
71 106 71
6 124 124
45 107 107
41 83 83
9 72 72
106 111 106
82 115 115
30 116 116
12 72 72
37 66 66
65 69 69
67 78 78
14 87 87
86 100 86
107 115 107
55 61 61
24 71 71
66 119 66
33 94 33
63 107 107
48 98 98
62 126 126
60 110 60
93 118 118
48 65 48
94 105 94
71 112 71
47 109 47
4 35 4
4 71 71
50 77 50
69 108 69
72 117 72
35 78 78
43 64 64
28 95 28
30 101 30
2 42 42
44 88 88
70 99 99
33 83 83
81 104 104
34 115 115
1 17 1
50 110 50
90 120 120
30 49 30
77 110 77
24 93 24
71 127 127
6 61 61
30 42 42
28 91 28
30 99 99
71 100 71
40 79 79
39 46 46
19 81 81
42 102 42
41 116 116
112 119 112
33 81 81
54 90 90
7 115 115
93 127 127
42 110 42
79 96 79
8 78 78
85 120 120
40 124 124
23 79 79
102 128 128
33 86 86
5 55 55
30 55 30
1 101 1
29 30 29
18 85 85
51 126 51
45 89 89
21 121 121
54 67 67
71 81 71
86 103 86
62 80 80
7 25 25
24 47 47
88 118 88
82 89 89
35 59 59
1 120 1
13 51 51
76 128 128
2 60 60
32 106 32
8 64 64
121 128 121
96 102 96
44 49 49
11 34 11
42 91 42
48 61 61
3 76 76
28 87 28
33 93 33
45 77 77
71 85 71
6 30 30
85 87 85
7 60 60
98 122 98
39 53 53
96 125 125
120 123 120
6 71 71
114 121 121
26 37 26
15 111 15
81 95 81
23 55 55
73 89 89
95 113 113
19 75 75
61 98 61
1 109 1
2 71 71
40 89 89
26 124 124
9 37 9
51 78 78
34 61 61
3 45 45
29 80 29
107 112 107
57 87 57
32 109 32
38 41 41
30 32 32
65 89 89
26 66 66
38 71 71
33 72 72
50 86 50
8 118 118
65 85 85
60 91 60
44 125 125
6 55 55
80 126 126
59 65 59
21 61 61
74 76 76
66 115 66
41 119 41
70 92 70
32 117 32
8 109 109
76 122 76
58 101 58
19 51 51
64 117 64
25 32 32
22 87 22
69 96 69
8 22 22
2 121 121
16 29 29
16 49 49
35 109 109
3 85 85
65 127 127
80 98 98
14 115 115
74 119 74
32 61 32
86 87 86
6 7 6
25 89 25
55 121 121
70 98 98
18 36 18
76 126 76
11 59 11
11 112 11
55 120 120
70 119 70
2 3 2
62 120 120
27 33 33
3 121 121
30 105 30
93 126 126
43 48 48
76 103 76
4 65 4
30 88 88
47 82 47
29 102 29
43 115 115
105 128 128
68 106 106
70 125 125
8 53 53
33 37 33
12 61 61
6 107 107
32 50 32
73 84 73
51 60 60
26 51 51
102 124 124
3 50 50
103 108 103
35 68 35
96 110 110
41 91 41
7 19 7
94 108 94
72 85 72
98 115 98
69 78 78
46 66 66
56 98 98
69 105 69
83 90 83
28 42 28
2 78 78
52 93 52
5 98 98
59 95 59
8 12 8
6 59 59
24 46 46
60 109 60
78 86 78
9 36 9
57 106 106
37 57 57
67 70 67
28 45 28
9 35 9
57 91 57
56 96 96
34 116 116
2 107 107
40 66 66
30 52 30
8 38 8
53 127 127
24 105 24
88 110 88
33 63 33
86 128 128
3 35 35
21 30 30
61 109 61
77 111 77
38 61 61
5 49 49
67 108 67
39 127 127
55 75 55
18 24 24
55 96 55
79 104 104
33 57 57
12 33 33
74 82 74
39 90 90
41 47 47
25 58 25
50 125 50
9 119 9
42 75 42
103 124 124
89 95 89
22 23 22
49 101 49
55 88 88
75 93 75
82 109 109
26 69 69
30 118 30
47 101 47
95 110 110
76 99 99
1 24 1
83 107 107
104 126 104
8 13 8
2 28 28
41 124 124
14 76 76
4 31 4
24 72 24
6 24 24
15 95 15
42 59 42
22 70 22
46 69 69
79 88 88
43 114 114
26 105 26
50 117 50
28 66 28
26 121 121
19 30 30
71 123 71
4 53 53
42 53 42
9 39 9
1 55 1
73 114 114
101 103 103
114 128 128
74 101 74
15 92 15
96 107 107
50 62 50
48 111 48
48 50 50
29 82 29
8 101 8
76 106 76
1 119 1
19 109 109
30 64 30
13 60 60
44 75 75
38 58 58
47 86 86
29 81 29
40 94 94
2 9 2
45 122 122
51 121 121
10 67 67
92 121 121
98 104 104
4 92 4
29 110 29
9 104 104
41 43 41
58 115 115
2 64 2
43 77 77
28 51 28
72 96 72
48 55 55
3 26 26
21 94 94
8 81 81
53 126 53
50 94 50
71 91 71
87 109 109
73 101 73
3 126 126
11 80 11
6 66 66
43 55 55
1 124 1
90 112 112
54 85 85
69 122 69
11 90 11
49 112 112
27 90 90
88 90 88
22 100 22
67 127 127
113 127 127
71 96 71
18 26 26
99 106 99
78 112 78
25 127 127
9 41 41
62 110 110
44 45 45
28 88 88
60 96 60
86 110 86
10 66 66
96 119 96
21 86 86
30 44 30
62 81 81
10 83 83
78 124 78
56 116 116
23 29 29
2 115 2
59 96 59
11 123 11
13 114 114
100 112 112
63 112 112
28 33 28
37 104 104
10 112 112
23 72 72
30 61 30
37 121 121
122 124 124
57 88 88
59 66 59
8 95 8
36 70 70
6 83 83
48 118 48
12 128 128
9 46 46
25 71 71
87 98 98
22 60 60
6 128 128
57 96 57
32 115 32
42 67 42
23 107 107
104 122 104
67 122 122
61 92 61
68 75 75
120 125 120
5 57 57
23 120 120
3 60 60
50 89 50
22 128 128
61 118 61
67 88 88
43 61 61
43 78 78
75 109 109
2 109 2
19 87 87
4 54 4
104 115 104
55 102 55
48 107 107
37 88 88
113 116 116
73 108 73
64 114 114
102 110 110
44 124 124
14 118 118
46 89 46
57 113 57
66 102 66
6 22 22
7 65 7
51 124 124
7 127 127
82 112 112
47 103 47
24 35 24
16 57 57
82 98 98
26 82 26
60 89 60
93 124 124
32 72 32
81 96 81
32 40 32
2 8 2
6 85 6
29 41 29
18 51 51
10 75 75
61 120 61
78 98 78
23 74 74
67 126 126
53 115 53
71 88 88
47 76 47
89 114 114
114 125 114
83 124 124
41 122 122
90 101 90
33 124 124
4 11 11
65 78 78
116 119 116
47 112 47
40 118 118
15 109 15
24 41 24
55 84 55
11 73 11
62 90 90
6 81 81
47 115 47
31 98 98
23 127 127
22 79 22
116 122 116
28 39 28
56 112 112
71 87 71
13 76 76
31 33 33
33 43 33
91 113 113
22 81 81
13 42 42
29 106 29
3 109 109
86 95 86
95 124 124
72 92 72
27 79 79
6 51 51
1 65 1
30 122 30
10 90 90
9 38 9
70 122 122
12 116 116
31 53 53
63 80 80
35 114 114
43 79 79
39 41 41
41 53 53
66 71 71
50 81 50
69 73 69
35 119 35
5 99 99
103 109 109
33 41 41
10 86 86
45 70 45
15 77 77
121 123 121
14 67 67
47 98 47
76 97 76
51 115 51
69 124 124
96 122 122
125 128 128
73 99 99
60 66 60
8 111 8
73 111 73
99 117 99
5 87 87
101 124 124
24 95 24
47 97 47
46 71 71
5 106 106
68 83 83
64 126 64
12 103 103
37 110 110
63 86 86
1 67 1
69 107 107
8 97 8
27 74 74
18 68 18
11 58 11
122 126 126
7 107 107
43 57 57
82 106 106
39 103 103
31 45 45
54 114 114
11 79 11
19 117 19
41 80 41
81 118 81
61 70 61
30 94 30
110 125 110
72 74 72
112 126 112
47 60 60
26 81 81
81 101 81
47 125 47
40 73 73
1 95 1
53 117 53
75 89 89
79 114 114
85 108 85
40 52 52
8 116 116
82 113 113
18 77 77
36 51 51
33 128 128
111 113 113
18 44 18
59 94 59
71 101 71
65 99 99
62 72 72
17 35 35
50 112 50
47 124 124
10 128 128
86 115 86
31 73 73
64 120 120
32 76 32
38 47 47
24 119 24
1 87 1
12 74 74
14 24 24
72 98 98
32 56 32
46 78 78
61 69 61
46 98 46
19 84 19
35 90 90
50 52 50
60 85 60
109 119 109
58 94 58
49 85 85
106 114 114
25 110 110
22 127 127
48 81 81
3 46 46
54 94 94
19 69 69
57 78 78
15 55 55
6 105 6
22 106 22
112 127 127
33 40 33
22 26 22
2 82 2
30 98 30
46 60 60
66 104 104
90 95 90
94 102 94
35 86 86
56 78 78
14 104 104
52 99 99
55 106 55
63 103 103
1 90 1
13 73 73
35 62 35
26 93 26
2 66 2
46 108 46
83 86 86
5 42 42
85 124 124
18 48 48
53 101 53
15 128 128
68 94 94
10 107 107
52 115 52
33 35 33
38 103 103
21 32 32
75 122 122
57 61 61
16 109 109
16 67 67
35 117 35
75 128 128
31 59 59
91 104 104
12 69 69
90 102 90
2 81 81
70 128 128
1 125 1
15 45 15
6 47 47
24 86 86
7 40 7
99 112 99
40 64 64
12 47 47
69 112 69
5 69 69
48 89 89
29 116 29
25 53 25
108 113 113
10 61 61
9 111 9
55 125 55
5 83 83
9 11 11
70 112 112
30 83 30
21 87 87
48 92 48
82 110 110
7 30 30
48 82 48
10 35 35
18 73 73
50 66 50
80 120 120
63 125 125
21 42 42
5 58 58
49 128 128
26 84 26
4 69 69
36 107 107
17 109 109
27 32 32
38 76 76
23 106 106
15 76 76
42 120 42
42 68 42
12 94 94
51 76 51
7 52 52
4 109 109
74 107 107
31 79 79
56 79 79
29 55 29
15 61 61
29 107 29
27 124 124
55 65 55
32 102 32
6 123 6
76 79 76
63 74 74
59 109 59
22 116 116
15 84 15
47 84 47
2 75 2
26 113 113
32 70 32
100 121 121
7 61 61
1 12 1
38 60 60
62 112 112
79 90 90
73 74 74
6 63 6
50 78 50
55 80 55
24 43 24
52 89 52
94 123 94
50 106 50
1 82 1
59 88 88
104 124 104
55 119 55
53 123 53
70 74 74
3 19 19
10 80 80
67 94 94
94 97 94
30 90 30
101 114 114
80 92 80
2 39 2
57 79 79
59 122 59
19 60 60
8 127 127
61 125 61
93 110 110
8 122 122
1 61 1
8 80 80
67 114 114
2 26 2
58 64 64
73 120 120
71 122 71
44 87 87
8 28 28
19 43 19
74 89 89
54 81 81
78 83 78
19 41 41
74 105 74
46 121 121
7 67 7
70 93 70
32 80 32
3 53 53
88 117 88
73 113 73
16 106 106
42 90 42
55 78 78
34 114 114
103 106 106
27 64 64
45 62 45
13 50 50
1 41 1
70 114 114
22 29 29
38 127 127
10 76 76
28 53 28
11 26 11
121 124 121
83 94 83
21 26 26
75 102 75
32 91 32
22 52 52
26 104 104
8 44 8
123 127 127
30 93 30
104 105 104
4 8 4
24 57 24
74 121 121
30 108 30
19 116 116
10 106 106
13 69 69
48 59 59
4 59 59
12 86 86
36 125 125
49 81 81
7 16 7
51 105 51
25 88 88
56 72 72
48 64 64
91 115 115
85 106 106
71 107 107
78 107 107
11 64 11
16 87 87
86 97 86
4 113 113
15 105 15
35 104 104
59 114 114
6 23 6
40 127 127
52 100 52
24 73 24
92 94 94
63 85 85
32 97 32
77 79 77
60 61 60
14 106 106
86 124 86
44 90 90
86 125 86
71 73 71
61 104 104
2 25 2
34 85 85
12 29 29
64 118 64
22 103 22
6 120 120
35 53 53
66 98 66
16 70 70
90 115 115
103 128 128
73 83 83
76 86 86
51 73 51
18 33 33
78 111 78
81 105 81
78 122 78
60 112 60
51 79 51
117 124 124
65 67 67
87 96 87
78 81 78
66 67 66
14 96 96
5 126 126
3 98 98
17 110 110
29 58 29
22 121 121
74 84 74
37 41 41
26 46 46
18 96 18
21 66 66
83 115 83
24 62 24
33 104 104
36 64 64
76 94 76
58 85 85
71 110 71
41 104 104
67 84 67
40 61 61
55 100 55
53 71 71
36 124 124
79 124 124
44 81 81
118 119 118
11 118 11
22 120 120
87 101 87
85 93 85
38 128 128
29 125 29
67 68 67
22 105 22
36 41 41
2 46 2
110 115 110
30 119 30
25 60 60
72 108 72
88 95 88
16 28 28
45 113 113
45 93 45
117 121 121
115 128 128
121 126 121
81 122 81
105 106 106
17 60 60
61 75 61
32 127 32
48 60 60
96 113 113
38 113 113
18 124 124
36 79 79
49 51 51
79 127 127
14 55 55
38 57 57
60 77 60
18 30 30
32 125 32
5 50 50
23 59 59
10 98 98
13 24 24
88 113 88
34 90 90
54 104 104
12 60 60
74 91 74
11 68 11
8 82 8
47 62 47
62 70 70
2 63 2
43 46 46
84 109 109
103 105 103
23 109 109
9 114 114
96 101 96
23 116 116
35 70 35
17 61 61
55 107 107
85 113 85
71 90 71
63 96 96
38 50 50
13 128 128
71 77 71
24 123 24
38 48 48
47 111 47
17 106 106
44 79 79
18 123 18
25 100 25
90 125 90
28 54 28
5 24 24
24 114 114
50 122 50
10 114 114
19 33 33
29 46 29
22 123 22
33 39 33
44 78 78
86 93 86
71 126 71
6 11 11
42 60 60
1 98 1
9 108 9
95 112 112
88 109 88
6 32 32
84 112 112
24 102 24
55 126 55
106 118 106
32 59 32
38 51 51
40 112 112
97 116 116
23 66 66
49 126 126
62 96 96
59 105 59
83 126 83
41 68 41
3 32 32
21 90 90
67 98 98
74 99 99
35 105 35
51 70 51
14 125 125
29 126 29
66 81 81
15 17 15
94 117 94
29 119 29
49 99 99
50 63 50
35 73 73
22 38 22
31 113 113
45 87 87
15 26 15
12 45 45
71 119 71
7 111 7
41 99 99
106 107 107
52 65 52
8 69 69
105 114 114
69 104 104
61 107 107
46 67 46
54 70 70
88 96 88
46 120 120
71 86 71
2 32 32
49 113 113
117 118 118
82 116 116
89 101 89
30 40 30
33 103 33
80 93 80
91 118 118
32 111 32
16 26 26
10 46 46
46 115 46
68 96 96
28 96 28
35 88 88
62 71 71
40 103 103
75 78 78
74 112 112
40 75 75
47 67 47
11 24 11
19 61 61
35 100 35
35 83 83
69 88 88
32 98 32
68 110 110
66 128 128
80 118 118
109 112 112
51 84 51
83 113 83
22 74 22
112 121 121
3 67 67
24 64 64
42 87 42
51 85 51
8 52 52
2 49 2
7 32 32
72 114 114
69 110 110
7 47 47
49 52 52
112 122 112
31 81 81
69 101 69
18 52 52
7 51 51
1 33 1
56 58 58
34 122 122
68 128 128
98 116 116
1 83 1
90 96 90
86 107 107
99 115 99
14 114 114
26 41 41
31 75 75
72 107 107
109 114 114
7 58 58
56 75 75
66 92 66
13 52 52
32 118 32
54 87 87
1 26 1
22 41 22
93 103 103
60 79 60
40 45 45
11 16 11
42 74 42
7 54 7
49 120 120
11 116 116
21 122 122
68 98 98
64 77 77
52 72 52
2 112 2
11 81 81
37 48 48
55 82 55
65 90 90
