256 6722
73 256 4
125 181 1
245 256 1
45 163 5
146 188 2
82 136 2
28 239 14
160 175 10
152 244 1
2 8 2
31 80 1
1 217 1
166 186 5
87 107 1
179 216 1
1 118 1
19 90 2
4 150 4
62 249 62
150 202 1
13 224 3
68 139 34
72 75 18
113 153 1
116 119 29
17 69 17
58 238 29
65 85 2
90 100 1
123 255 15
33 140 8
57 129 1
187 230 1
64 153 4
25 63 3
18 72 18
55 170 1
183 225 1
139 225 1
32 128 32
107 209 26
136 200 1
21 223 1
123 240 30
121 174 1
1 110 1
191 250 1
107 176 1
93 255 1
4 71 4
160 161 80
65 132 16
10 184 5
153 173 2
61 251 15
52 134 1
62 120 15
48 206 12
6 95 1
73 254 1
121 188 1
143 210 1
69 142 17
41 91 5
1 198 1
25 116 3
10 219 1
101 254 3
126 247 15
99 194 24
55 94 1
180 182 45
121 190 1
38 59 1
1 3 1
40 85 10
31 148 1
154 235 1
96 97 48
1 172 1
161 243 1
128 202 1
21 218 1
40 246 1
184 254 1
59 214 3
228 243 7
72 151 18
55 175 1
1 178 1
9 238 1
76 155 38
92 176 11
8 44 2
138 170 2
47 187 23
197 207 12
99 252 3
27 219 27
92 100 1
169 170 42
77 89 2
184 211 1
77 155 77
165 179 5
112 235 14
112 113 56
234 249 7
32 130 32
3 141 1
101 204 25
78 234 1
63 121 15
144 165 2
57 106 3
3 55 3
80 88 5
107 228 3
2 106 1
115 233 14
219 247 3
61 63 15
54 79 1
154 242 1
122 245 122
91 182 91
54 166 1
31 246 15
72 144 72
49 169 1
7 48 3
18 218 1
105 215 26
7 253 7
15 125 15
183 248 1
90 91 45
13 210 13
1 10 1
41 162 20
50 198 12
1 150 1
41 173 10
140 184 2
1 111 1
82 239 1
120 131 1
1 199 1
16 112 1
72 149 18
1 159 1
109 247 3
93 249 1
68 151 4
219 226 3
137 232 1
18 242 1
69 206 1
56 231 28
5 8 2
129 169 2
39 123 1
182 189 11
185 189 23
156 183 2
218 250 3
25 207 25
39 141 4
26 108 13
1 87 1
73 187 2
22 194 1
128 137 8
54 218 54
14 115 14
15 220 3
45 187 11
103 193 12
86 107 1
2 158 2
96 256 1
168 195 1
155 180 2
211 215 26
90 184 11
191 252 1
32 34 8
129 183 2
73 190 2
202 220 6
132 253 1
20 160 20
28 31 7
138 241 1
182 223 1
62 254 31
34 236 1
82 201 1
151 152 9
5 162 5
15 123 15
85 171 85
167 247 1
25 214 6
34 141 17
33 130 16
209 214 26
140 189 2
83 187 5
121 245 30
29 249 7
226 238 14
48 83 1
25 85 1
121 233 7
5 30 1
9 109 1
53 139 1
106 110 13
39 54 1
24 227 3
177 179 44
84 214 1
151 204 1
120 247 30
118 249 7
71 136 17
44 83 5
128 135 16
105 213 26
208 224 3
160 167 20
123 249 15
44 140 2
39 121 1
102 201 25
23 165 5
33 132 33
47 188 47
43 170 21
5 175 5
129 157 4
2 54 1
30 152 1
87 170 21
61 132 1
7 44 1
119 145 1
119 122 7
55 201 6
52 101 6
96 195 48
64 107 1
105 149 1
20 196 1
24 50 12
116 236 29
52 104 52
81 211 1
47 150 2
18 35 4
1 225 1
91 242 1
65 68 8
40 165 20
29 114 14
221 234 3
224 240 7
35 69 17
10 165 10
2 79 2
157 181 2
164 169 10
82 83 41
111 194 6
52 147 1
1 41 1
75 116 1
3 164 1
47 231 1
75 158 9
68 208 1
90 178 22
2 35 2
19 246 1
44 54 1
77 233 1
140 256 8
75 198 1
71 227 1
108 201 6
114 229 114
161 253 1
32 185 2
190 251 1
201 231 3
121 252 15
165 168 10
20 85 10
31 63 31
7 254 7
51 60 3
76 105 1
144 253 1
88 253 1
18 228 1
19 79 19
86 173 86
61 247 61
161 233 1
185 188 23
95 235 1
69 139 69
18 154 9
116 117 58
1 176 1
96 176 1
119 250 7
1 106 1
1 137 1
153 254 1
66 71 8
77 128 4
13 203 6
226 244 7
39 119 1
37 69 4
43 87 43
35 241 1
240 245 30
138 250 1
111 255 3
78 155 19
80 255 1
128 133 16
91 176 22
6 192 6
130 251 1
31 238 7
3 121 3
83 86 10
2 67 2
95 175 5
87 195 1
36 117 1
224 225 112
126 249 31
116 153 1
35 68 17
82 160 20
104 134 1
35 79 4
160 176 5
106 226 3
101 175 1
14 164 1
135 183 2
6 193 6
103 205 51
84 152 2
193 194 48
191 198 1
45 241 1
6 213 6
27 89 1
30 120 30
26 166 1
65 163 2
56 190 1
152 159 19
1 72 1
25 131 1
96 200 12
32 68 8
83 233 1
59 118 59
57 116 14
79 150 9
48 256 1
13 182 1
82 166 41
77 104 1
132 156 4
4 5 2
55 223 55
3 219 3
12 51 12
90 182 45
162 223 1
83 99 1
3 110 3
192 211 6
66 195 1
2 74 2
180 204 1
109 207 6
193 197 24
74 96 1
53 108 13
228 233 14
42 160 10
1 140 1
34 72 4
3 198 3
96 172 1
117 228 14
120 182 1
45 91 45
1 219 1
129 130 32
29 75 1
30 111 3
28 197 3
118 255 7
43 166 10
94 173 5
11 65 2
82 109 1
36 152 9
120 240 120
45 203 1
97 200 12
77 157 19
225 245 7
127 229 7
85 169 42
196 200 12
81 179 5
50 163 1
8 122 1
4 37 4
30 223 3
182 204 1
38 65 4
156 191 2
128 213 1
26 167 1
13 55 13
195 223 6
230 235 14
176 227 1
125 221 3
103 222 6
134 248 1
126 127 63
74 150 37
63 120 15
56 208 3
71 128 8
90 99 1
250 251 125
56 204 3
42 161 10
60 224 7
85 91 5
114 209 3
90 121 1
33 220 1
19 121 1
41 174 10
113 226 113
1 154 1
43 178 5
11 84 5
97 184 1
71 138 17
248 255 31
4 138 4
54 151 1
99 199 99
37 79 9
194 235 3
47 197 1
5 92 5
230 245 7
6 54 6
175 243 1
46 90 11
166 197 1
61 136 1
8 131 8
52 55 13
103 115 3
23 26 1
38 158 19
74 151 37
93 180 11
177 181 22
70 142 35
81 194 1
3 202 3
9 72 9
122 247 61
105 144 1
50 103 25
54 194 6
73 111 1
97 192 48
33 129 16
140 141 70
39 78 39
73 139 4
10 162 10
57 237 14
45 205 1
8 90 2
183 193 1
117 148 1
9 146 9
119 177 1
57 110 3
34 125 1
180 255 1
53 200 6
83 253 1
82 161 20
18 27 1
242 245 30
163 164 20
32 64 32
57 228 57
116 247 7
50 246 3
125 163 1
46 188 23
73 88 2
50 204 25
40 237 1
7 242 7
62 127 31
39 113 1
21 128 2
208 222 13
203 241 3
34 136 34
102 180 1
40 67 2
117 171 1
96 159 1
119 234 29
90 125 1
162 165 20
15 128 1
36 63 1
39 199 1
4 156 4
1 107 1
46 254 1
3 243 3
49 156 1
50 115 3
165 245 1
160 168 10
3 53 3
113 164 1
167 175 10
164 245 1
185 256 2
28 131 1
54 149 1
6 27 6
5 139 2
59 207 3
166 179 5
107 151 1
224 247 7
120 235 7
207 253 3
9 34 4
156 211 1
127 239 7
32 48 1
186 247 1
166 167 83
131 223 1
73 144 36
44 100 1
82 168 10
7 81 1
46 189 23
14 229 14
69 89 2
85 202 1
1 58 1
215 220 13
94 103 1
202 210 6
104 201 6
228 245 7
55 105 13
223 239 3
121 254 15
197 253 3
74 76 9
18 142 4
114 227 28
102 211 6
1 138 1
91 256 2
69 252 1
103 204 51
115 191 1
225 251 7
28 149 1
24 83 1
148 171 2
72 164 2
104 106 26
122 208 3
45 178 22
130 190 2
161 250 1
30 212 3
57 222 3
18 65 4
123 183 1
47 238 1
52 247 3
110 192 6
22 90 22
111 221 55
2 139 2
160 196 1
79 143 4
4 97 1
8 106 1
1 231 1
18 75 18
176 220 1
29 142 1
48 199 24
196 229 3
142 216 1
20 166 20
1 85 1
42 166 10
51 204 51
33 174 2
121 187 1
126 155 1
15 253 15
97 138 1
75 149 37
6 9 1
7 59 7
132 233 1
3 29 3
17 137 17
36 198 1
141 252 1
51 217 6
38 77 38
52 199 6
29 69 1
37 43 2
51 207 51
93 186 93
136 256 8
33 158 4
133 137 8
175 212 1
42 80 10
96 213 6
6 116 3
132 137 8
123 144 1
40 123 1
146 213 1
120 245 30
33 184 2
28 228 28
90 157 2
101 123 3
34 65 8
3 77 1
8 142 8
92 208 1
9 79 9
81 205 1
54 219 54
128 221 1
9 74 9
173 220 1
127 137 1
31 120 15
40 128 2
55 134 1
208 215 26
3 117 3
14 250 7
5 41 5
41 84 10
72 131 4
147 227 1
100 117 3
3 6 3
99 191 1
49 187 1
63 249 31
119 129 1
2 175 2
120 253 15
140 142 35
38 130 4
239 256 1
143 256 8
31 126 31
174 247 1
5 165 5
25 240 3
233 238 29
99 135 1
37 251 1
18 123 1
104 213 26
25 102 25
74 221 1
35 118 1
50 63 3
84 90 5
33 238 1
64 100 1
1 209 1
149 220 1
12 120 3
10 174 10
86 100 1
105 147 1
68 118 1
112 115 28
25 103 25
2 66 2
164 231 1
205 238 3
47 203 1
42 225 1
180 187 11
1 46 1
11 47 11
33 153 4
55 177 1
193 196 24
88 210 1
92 117 1
15 185 1
80 95 5
114 233 14
29 225 14
29 233 29
145 151 18
48 77 1
129 159 4
6 222 6
119 226 14
96 197 24
27 218 27
10 20 10
141 177 2
32 254 1
109 139 1
123 232 7
8 64 8
69 133 8
2 176 2
140 236 1
225 233 14
237 238 59
85 168 42
17 141 17
2 191 2
19 102 1
6 24 6
15 114 7
3 225 3
65 66 16
106 147 1
78 131 4
37 145 18
10 96 1
48 64 1
21 148 2
27 175 1
4 33 4
27 71 1
96 155 1
90 132 2
40 205 1
133 177 2
29 246 7
101 148 1
5 80 5
174 230 1
230 231 115
33 148 4
90 229 1
234 238 29
89 251 1
111 179 1
92 181 11
172 239 1
174 249 1
129 189 2
155 159 19
200 245 3
65 255 1
1 81 1
159 192 1
135 159 4
32 177 2
165 219 1
97 103 12
68 142 17
73 78 9
54 167 1
57 175 1
14 31 7
88 95 11
245 248 15
40 141 2
84 157 2
122 191 1
57 71 1
35 137 17
15 55 3
119 254 7
87 154 2
243 253 15
144 221 1
6 80 1
89 91 22
56 114 28
224 239 14
7 58 7
169 173 21
214 245 3
73 155 9
72 135 4
3 235 3
171 187 5
97 113 3
62 124 62
120 153 1
5 198 1
86 235 1
118 178 1
7 47 1
36 226 1
3 124 3
164 205 1
108 117 3
9 193 1
168 183 5
48 170 1
48 191 1
213 223 13
75 147 18
110 226 3
41 163 20
36 230 1
9 84 2
12 243 3
28 90 1
76 80 2
14 224 14
44 177 44
200 203 50
10 203 1
16 33 16
118 222 3
15 251 15
17 238 1
95 183 11
3 158 1
48 238 3
17 145 4
35 42 2
20 98 1
138 140 17
73 150 18
95 190 95
215 223 13
117 175 1
105 161 1
64 126 1
1 37 1
139 143 17
20 93 5
194 203 12
3 171 1
57 169 1
137 248 1
9 18 9
83 112 1
8 136 8
117 229 14
136 233 1
161 162 40
167 216 1
2 134 2
42 117 1
115 208 3
68 91 2
2 37 2
234 235 117
184 185 92
13 131 1
27 233 3
92 185 92
67 227 1
12 66 1
65 173 2
85 165 10
93 176 11
77 184 2
201 203 50
100 206 25
43 150 2
29 59 29
116 120 7
157 237 1
50 117 3
128 162 2
23 77 2
91 92 11
195 209 6
94 166 5
36 51 1
16 131 16
176 178 44
7 28 7
109 230 3
99 195 24
16 56 1
28 113 28
31 254 31
62 252 31
57 85 1
48 58 3
19 77 19
119 123 7
57 112 28
23 49 1
108 222 27
125 249 62
70 77 4
146 190 2
15 151 1
61 88 1
39 129 4
138 252 1
208 241 3
165 230 1
7 189 1
167 226 1
67 139 8
1 78 1
108 198 6
102 115 3
44 253 1
10 28 1
89 250 1
134 141 8
1 177 1
96 194 48
131 244 1
219 222 27
25 54 6
9 76 9
47 249 1
211 212 26
41 80 20
1 16 1
88 179 44
74 154 9
77 119 1
135 180 2
21 135 2
11 207 1
48 197 24
123 138 1
43 112 1
96 134 1
62 248 62
54 133 1
23 163 5
108 208 13
5 192 1
115 227 28
203 207 25
118 235 29
145 148 18
150 180 2
110 205 6
1 89 1
141 256 8
58 114 14
91 116 1
11 46 11
125 250 125
110 237 3
3 61 3
42 183 5
53 209 26
127 140 1
121 138 1
64 128 64
185 251 1
185 192 1
12 200 12
12 184 1
122 138 1
35 136 17
61 236 7
107 153 1
209 247 3
98 115 3
105 116 3
228 232 14
5 81 5
87 173 43
81 160 40
13 106 13
229 231 57
240 248 15
28 227 28
117 164 1
195 196 24
155 204 1
86 139 2
14 59 14
2 93 2
65 201 1
118 216 3
5 130 2
9 36 9
3 197 3
24 218 6
36 179 2
2 23 2
209 211 52
8 199 1
152 231 1
11 95 11
181 256 2
13 237 3
200 221 6
57 65 1
140 242 1
135 158 4
57 224 28
22 179 22
181 183 45
40 161 40
110 165 1
104 107 26
64 77 4
49 200 12
101 108 6
7 252 7
124 253 31
112 121 7
208 216 13
71 109 1
196 216 6
157 176 2
46 238 1
196 250 3
27 195 6
65 135 16
220 250 3
57 254 7
105 180 1
105 212 26
153 248 1
83 163 20
191 212 1
7 147 1
48 220 6
121 247 30
25 206 25
57 117 14
24 123 3
19 149 9
159 240 1
39 42 2
235 240 7
53 238 3
143 167 2
220 238 3
158 223 1
81 131 2
12 71 1
20 43 10
41 165 41
19 234 1
58 253 7
42 99 1
6 55 6
39 155 19
183 247 1
43 165 10
194 195 97
241 247 30
75 133 4
14 138 1
67 70 8
28 199 3
53 242 3
171 204 1
14 142 1
56 125 7
46 165 5
69 152 4
31 188 1
105 119 3
38 156 19
93 151 2
28 66 1
141 242 1
128 251 1
188 251 1
41 101 1
1 125 1
63 71 1
66 220 1
6 196 6
1 197 1
31 184 1
89 100 1
34 198 1
213 222 13
76 152 76
225 226 56
18 147 18
10 240 1
4 39 4
22 133 2
114 145 1
33 71 8
55 228 3
89 155 2
43 230 1
1 145 1
1 8 1
39 74 9
4 141 4
6 83 1
168 254 1
11 38 2
94 180 11
172 193 1
156 250 1
114 119 14
91 210 1
179 191 11
129 255 1
8 248 1
181 241 1
54 147 1
83 182 5
24 51 12
183 234 1
24 97 24
244 245 122
72 89 2
3 239 3
113 141 1
48 243 3
7 126 7
57 194 3
22 88 22
83 175 10
5 170 5
162 220 1
31 94 1
44 70 2
15 20 1
1 57 1
21 133 2
218 220 27
17 49 1
49 195 24
42 169 42
100 159 1
56 202 3
249 254 31
10 40 10
25 202 25
120 244 30
3 126 3
204 221 6
65 130 65
67 132 33
172 174 43
236 242 7
5 71 2
112 238 14
57 159 1
171 172 21
166 178 5
1 18 1
23 211 1
172 217 1
26 46 1
111 217 27
21 100 1
17 142 17
22 171 5
146 148 18
53 222 13
33 110 1
8 66 8
199 230 3
38 238 1
112 119 14
14 161 1
90 163 5
125 126 31
75 151 75
27 95 1
192 248 3
72 148 18
198 248 3
132 256 16
213 239 3
108 171 1
67 68 8
100 187 1
51 101 25
105 139 1
26 219 13
1 170 1
25 57 3
126 152 1
109 185 1
134 168 2
179 181 22
47 95 47
2 81 2
95 182 11
67 130 16
85 160 10
200 251 3
30 231 7
2 19 2
178 184 11
1 161 1
48 251 3
20 219 1
126 239 7
37 114 1
38 133 4
144 252 1
174 201 1
177 193 1
166 206 1
83 100 1
65 133 16
68 132 8
49 224 3
98 198 49
39 240 1
96 206 12
2 119 1
220 240 3
24 190 1
12 136 1
27 196 6
126 215 3
78 147 9
67 71 8
30 251 15
175 251 1
19 185 2
39 203 1
24 149 1
47 92 23
210 211 105
151 210 1
2 78 2
27 110 27
92 126 1
97 118 3
167 179 5
32 69 8
82 92 5
63 133 1
21 34 2
9 225 1
20 42 10
44 130 2
15 62 15
1 116 1
131 255 1
72 147 36
53 106 53
84 170 42
131 140 8
55 207 6
193 199 24
195 249 3
35 239 1
96 192 96
12 101 12
2 42 2
102 127 3
124 209 3
12 195 12
112 228 28
89 182 22
97 219 6
78 139 4
137 202 1
210 218 13
83 191 5
17 138 17
168 242 1
9 233 1
204 245 3
78 153 19
235 238 29
51 91 1
210 223 13
119 135 1
63 250 31
176 181 22
241 243 60
104 212 26
6 133 1
26 150 1
26 222 13
83 218 1
231 235 14
156 158 39
137 167 2
46 172 5
85 200 1
14 157 1
25 51 25
230 237 14
89 180 22
1 212 1
43 156 2
13 214 13
103 185 1
2 80 2
189 231 1
111 209 13
137 240 1
120 219 3
69 150 4
101 206 25
242 243 121
40 234 1
116 216 3
158 235 1
16 142 8
191 194 1
40 152 2
240 243 60
95 243 1
170 187 5
11 187 11
34 100 1
66 129 16
140 175 2
145 221 1
41 210 1
166 181 5
81 166 20
113 224 56
83 234 1
19 147 9
44 53 1
84 87 21
9 132 4
54 55 27
108 109 54
119 213 3
149 157 9
2 64 2
31 136 1
84 235 1
153 154 38
47 248 1
70 107 1
2 174 2
125 167 1
14 57 14
79 180 2
211 251 3
32 132 16
161 164 20
135 165 2
144 149 18
16 140 8
36 74 18
8 77 4
6 59 3
59 116 29
15 241 15
77 150 9
125 164 1
26 236 3
36 155 9
93 185 46
102 125 3
157 185 2
33 94 2
102 141 1
38 165 2
126 254 63
160 163 40
133 172 2
108 167 1
94 200 1
38 53 1
93 187 93
97 213 6
2 83 2
62 78 1
57 113 28
58 232 58
204 213 6
3 13 3
29 172 1
91 127 1
116 206 3
192 199 24
88 250 1
121 175 1
30 96 3
186 189 23
9 25 1
13 184 1
30 53 3
179 241 1
1 218 1
130 132 16
209 238 3
32 111 1
201 246 3
51 225 3
82 164 82
94 95 47
44 96 1
2 20 2
25 237 3
87 200 1
128 163 2
25 142 1
1 26 1
12 194 12
5 124 1
88 177 88
202 238 3
69 175 2
5 90 5
159 204 1
65 87 2
1 230 1
107 212 53
176 238 1
5 190 5
40 80 40
221 236 3
171 176 5
197 198 49
193 250 3
4 73 4
105 106 26
3 43 1
67 83 2
28 29 14
53 109 13
1 12 1
100 200 100
9 150 9
75 156 9
43 222 1
222 240 3
47 68 2
129 256 64
104 140 1
164 212 1
176 183 22
137 175 2
168 175 21
71 142 71
8 135 8
54 196 6
23 144 2
224 242 7
9 134 4
7 226 7
53 79 1
164 181 5
90 183 45
226 231 28
78 158 39
43 160 10
213 232 3
146 205 1
5 120 1
136 172 2
56 232 14
25 162 1
80 84 10
11 102 1
133 197 1
96 164 1
49 215 6
24 101 12
110 219 27
50 221 6
1 105 1
55 189 1
112 226 56
55 57 3
19 48 1
195 213 6
6 26 6
49 140 1
171 252 1
80 140 2
30 69 1
37 75 37
66 149 4
40 82 20
96 152 1
68 137 68
171 178 5
92 103 1
142 225 1
43 174 43
56 171 1
55 166 1
31 178 1
180 195 1
40 110 1
126 253 126
118 168 1
162 177 5
18 86 2
142 164 2
3 81 1
188 225 1
95 187 23
44 224 1
36 219 1
16 157 4
9 64 4
71 231 1
95 191 95
3 100 3
104 105 52
224 252 7
28 53 3
108 110 27
16 95 2
149 154 9
32 232 1
185 187 46
73 255 1
123 245 61
19 152 19
197 208 6
123 139 1
42 162 10
101 200 50
17 43 2
123 218 3
1 40 1
55 70 1
13 185 1
104 197 6
9 33 4
4 34 4
192 200 12
15 248 15
56 141 1
24 147 1
90 197 1
52 210 52
4 8 4
83 143 2
92 189 23
4 145 4
137 142 17
55 190 1
32 145 4
7 83 1
117 159 1
46 209 1
6 129 1
64 239 1
87 168 21
61 122 61
96 173 1
47 96 1
21 173 21
92 93 46
69 81 2
73 75 18
99 217 6
39 156 39
194 220 6
137 149 4
62 102 3
119 227 14
7 225 7
138 247 1
34 154 4
44 210 1
154 159 19
60 122 30
179 252 1
184 250 1
83 248 1
69 184 2
43 161 10
198 253 3
149 168 2
198 209 6
102 225 3
231 232 14
53 104 26
161 216 1
5 166 5
213 229 3
92 217 1
137 229 1
17 105 1
10 161 10
229 239 14
1 104 1
9 159 9
65 91 2
38 239 1
186 255 1
86 168 21
25 159 1
85 87 21
54 193 6
34 43 2
96 209 6
139 190 2
53 153 1
21 87 21
31 255 31
105 211 105
85 112 1
78 197 1
66 184 2
39 225 1
105 251 3
127 131 1
68 110 1
86 96 1
193 201 12
34 140 17
50 101 50
120 209 3
35 143 35
55 222 55
94 191 47
67 133 33
201 211 6
47 52 1
27 223 27
58 163 1
214 215 107
57 61 7
165 172 10
6 234 3
62 95 1
74 110 1
10 223 1
51 162 1
55 249 3
43 169 21
21 33 2
75 245 1
100 192 12
134 219 1
62 63 31
11 204 1
5 23 5
44 141 2
187 191 23
6 159 1
55 121 3
14 227 14
1 86 1
63 251 31
56 223 3
225 232 14
95 179 11
151 156 9
35 180 2
37 125 1
20 80 20
53 122 3
7 16 1
40 49 1
209 237 3
131 153 4
154 231 1
15 87 1
55 186 1
153 157 19
234 252 7
56 108 3
70 194 1
79 122 1
48 134 1
47 190 47
227 230 28
5 188 5
123 141 1
44 172 5
8 188 2
21 240 1
105 214 26
27 226 3
19 37 9
86 194 1
92 191 23
1 25 1
113 116 14
42 188 5
185 216 1
124 227 7
61 120 30
10 167 10
107 127 3
173 209 1
3 196 3
2 186 2
12 205 12
1 136 1
54 170 1
15 177 1
78 145 9
55 216 27
224 228 28
115 153 1
220 221 110
78 217 1
179 222 1
66 237 1
25 50 25
109 236 3
160 231 1
116 118 29
18 137 4
2 144 2
13 222 13
108 166 1
244 251 15
64 214 1
103 150 1
3 249 3
57 225 28
38 159 19
2 45 2
65 148 4
69 155 4
68 128 8
173 228 1
142 170 2
27 76 1
120 241 120
86 216 1
23 50 1
24 189 1
90 180 90
21 194 1
38 69 4
19 44 2
126 224 7
61 121 30
65 119 1
135 146 4
19 38 19
33 252 1
155 217 1
132 151 4
5 114 1
29 191 1
127 234 7
71 133 8
1 203 1
64 140 8
12 43 1
110 217 27
146 158 9
17 150 4
84 218 1
224 231 28
44 232 1
214 232 3
14 49 3
23 87 5
65 249 1
141 247 1
96 131 1
1 68 1
233 237 29
73 182 2
87 131 2
54 214 13
152 154 38
2 135 2
7 187 1
40 127 1
99 201 12
22 160 5
110 134 1
18 152 9
46 201 1
94 211 1
143 171 2
49 192 24
33 155 4
149 195 1
199 250 3
12 61 3
80 230 1
12 48 12
83 109 1
97 250 3
128 138 8
8 34 8
13 209 13
42 174 21
83 91 5
92 188 23
49 199 49
181 252 1
16 173 2
71 132 8
16 17 8
37 236 1
46 228 1
29 101 3
89 178 89
78 130 4
17 156 4
2 133 2
112 132 1
112 230 28
67 84 2
75 159 9
139 248 1
9 38 9
56 159 1
39 117 1
129 229 1
192 242 3
2 130 2
6 172 1
37 144 18
193 227 3
70 139 17
141 217 1
114 237 14
116 125 7
197 222 6
34 71 17
52 97 6
179 210 1
10 173 10
138 167 2
110 111 55
212 223 13
88 189 11
144 152 9
136 141 17
147 153 9
6 216 6
100 194 12
37 135 4
242 244 30
152 232 1
74 79 9
106 209 26
5 179 5
115 230 115
102 202 25
29 118 29
3 217 3
102 206 51
38 57 1
176 228 1
64 208 1
115 225 28
43 50 1
3 122 3
194 201 12
19 60 1
116 158 1
2 148 2
15 154 1
49 211 6
14 79 1
63 79 1
85 213 1
73 192 1
1 181 1
163 182 5
191 206 1
70 143 35
22 176 22
115 163 1
147 164 2
6 246 3
99 230 3
79 214 1
93 122 1
9 176 2
49 197 49
12 55 6
21 109 1
31 253 31
16 129 16
8 211 1
97 140 1
163 227 1
142 186 2
46 93 46
11 55 1
21 181 5
87 171 21
1 205 1
41 83 41
137 156 4
234 248 7
87 187 5
145 172 2
125 248 62
2 177 2
64 70 8
148 153 9
45 90 45
42 61 1
155 202 1
60 243 60
159 222 1
2 70 2
106 219 13
104 209 104
55 221 55
12 88 1
101 201 50
13 204 6
204 255 3
29 214 3
121 179 1
17 183 2
37 74 37
218 223 27
30 208 3
115 118 14
73 76 9
110 214 13
177 191 11
38 143 4
36 159 9
120 227 7
21 47 5
162 166 20
74 194 1
134 158 4
125 220 3
63 156 1
63 210 3
42 256 2
184 188 23
116 225 14
18 57 1
5 131 2
103 232 3
145 163 2
3 24 3
12 63 3
27 222 27
47 147 2
71 72 4
51 78 1
119 147 1
30 256 1
3 59 3
53 213 53
224 226 56
64 256 64
12 85 1
181 184 11
60 91 1
67 229 1
3 216 3
1 191 1
59 152 1
35 110 1
137 143 17
14 70 1
15 225 7
62 255 31
27 109 27
90 234 1
84 85 42
75 193 1
75 106 1
130 134 16
88 218 1
42 149 2
5 174 5
29 206 3
56 236 14
115 224 28
102 135 1
112 210 3
81 142 2
24 49 24
178 204 1
44 180 22
123 246 123
13 26 13
41 157 2
33 135 33
20 81 20
75 78 9
1 28 1
54 205 6
157 178 2
25 100 25
40 233 1
1 47 1
77 237 1
13 27 13
52 219 13
20 107 1
41 249 1
189 190 47
111 218 27
7 213 3
58 121 7
28 65 1
5 87 5
114 134 1
126 244 15
158 256 4
1 14 1
76 77 38
6 227 3
241 244 30
77 159 19
129 146 4
125 243 15
101 116 3
86 179 5
1 127 1
159 218 1
3 115 3
86 163 10
111 166 1
79 145 9
244 253 15
114 151 1
8 130 8
31 51 3
18 126 1
245 249 15
46 47 23
72 134 4
1 248 1
57 231 57
36 207 1
3 253 3
96 169 1
67 251 1
146 183 2
200 232 3
203 212 6
1 64 1
7 15 7
131 239 1
156 256 4
25 198 12
1 62 1
3 242 3
39 170 2
38 132 4
92 121 1
128 156 4
90 107 1
69 96 1
146 147 73
7 113 7
51 102 51
142 219 1
4 256 4
83 244 1
11 139 2
72 136 4
233 239 29
46 72 2
47 62 1
15 178 1
133 134 33
102 194 12
24 95 1
154 209 1
61 240 30
248 256 1
88 119 1
107 213 53
2 11 2
114 123 7
109 110 27
42 52 1
76 229 1
120 122 30
24 210 6
98 124 3
34 161 2
65 256 32
3 62 3
8 190 2
98 102 12
38 47 2
164 183 5
4 61 1
43 123 1
12 238 3
23 52 1
201 202 50
121 234 7
114 149 1
211 245 3
176 177 88
127 233 7
104 170 1
59 126 7
100 211 6
9 78 9
39 148 9
134 185 2
152 157 19
149 198 1
87 90 5
79 100 1
65 139 8
16 151 4
156 234 1
105 232 3
22 93 11
36 157 9
54 121 3
17 256 8
17 158 4
1 201 1
54 226 3
28 115 28
36 247 1
55 131 1
48 99 24
77 79 19
156 157 78
1 222 1
3 154 1
1 157 1
19 145 9
226 232 14
31 124 31
7 116 7
224 253 7
115 242 7
10 122 1
48 97 48
3 227 3
4 32 4
25 179 1
123 247 123
222 244 3
33 134 33
50 253 3
70 199 1
130 135 16
217 245 3
41 167 41
103 206 103
9 197 1
61 197 3
98 153 1
68 69 34
5 43 5
100 102 25
12 126 3
56 246 7
5 66 2
3 244 3
45 247 1
52 112 3
141 186 2
13 132 1
65 142 8
12 192 12
80 168 10
84 171 42
43 48 1
147 203 1
98 137 1
8 139 8
28 219 3
58 162 1
99 121 3
81 244 1
23 180 11
165 200 1
81 229 1
47 256 2
94 178 11
25 113 3
147 151 18
143 159 4
170 171 85
116 122 7
12 220 6
105 181 1
79 220 1
208 221 13
129 136 8
205 207 51
5 94 5
190 210 1
46 234 1
80 85 10
95 205 1
68 138 34
90 141 2
3 14 3
82 218 1
26 105 26
1 100 1
178 189 11
154 239 1
84 168 84
18 161 2
52 222 13
200 205 25
72 253 1
33 99 1
30 253 15
90 95 11
72 91 2
180 220 1
80 127 1
66 69 8
17 32 8
208 213 26
60 126 15
4 192 1
65 131 65
119 188 1
100 116 3
6 20 1
105 218 13
80 171 10
64 96 1
113 231 28
24 191 1
45 162 5
88 116 1
154 208 1
90 149 2
114 196 3
55 98 6
68 195 1
76 158 19
2 92 2
14 236 14
88 91 22
87 159 2
92 142 2
79 255 1
58 192 3
102 105 6
198 207 12
49 50 12
31 67 1
42 113 1
45 177 22
86 175 43
96 136 1
51 205 51
211 219 13
83 98 1
13 41 1
119 233 29
214 241 3
131 245 1
114 228 114
30 57 7
132 189 2
24 201 12
9 195 1
11 161 5
57 230 57
2 94 2
148 149 74
29 119 29
10 24 1
52 106 26
91 178 22
8 255 1
41 246 1
25 163 1
51 212 6
86 190 5
46 138 2
139 158 4
69 87 2
13 168 1
15 155 1
156 159 39
41 229 1
18 60 1
142 143 71
82 108 1
33 67 33
165 208 1
82 159 2
80 165 20
123 136 1
222 245 3
14 28 14
10 170 10
121 249 15
87 186 5
104 238 3
14 177 1
117 188 1
4 249 1
125 192 3
85 249 1
161 217 1
23 181 11
62 135 1
194 247 3
92 187 46
124 250 62
2 87 2
1 188 1
145 232 1
185 186 46
1 90 1
154 165 2
24 142 1
41 104 1
118 239 59
86 249 1
19 159 19
1 164 1
26 215 26
65 160 2
94 185 23
77 185 2
45 191 11
4 247 1
90 179 22
83 161 20
32 108 1
170 185 5
21 85 21
208 210 52
121 240 60
81 235 1
8 132 8
202 203 101
102 196 12
45 119 1
2 181 2
51 124 3
163 175 10
29 41 1
16 72 4
117 252 7
51 86 1
68 169 2
177 206 1
35 133 8
81 167 20
89 162 5
205 230 3
205 206 51
138 142 17
15 32 1
4 139 4
31 128 1
148 154 9
41 82 41
96 201 12
24 59 3
216 249 3
46 244 1
114 234 14
133 237 1
47 174 5
63 102 3
217 227 3
156 213 1
40 87 10
205 217 6
77 78 19
214 216 13
45 158 2
16 24 1
186 228 1
113 211 3
161 181 5
125 203 3
26 102 6
6 203 6
68 237 1
179 187 11
8 74 4
101 202 101
109 212 13
137 140 17
6 220 6
68 253 1
69 198 1
119 130 1
145 162 2
74 193 1
21 174 21
88 252 1
68 147 4
123 186 1
19 86 2
11 89 11
141 251 1
40 98 1
52 96 6
11 133 2
47 186 23
176 180 22
26 109 13
89 183 22
131 184 2
134 191 2
86 150 2
165 196 1
68 202 1
3 250 3
33 208 1
120 243 60
111 225 3
221 254 3
38 154 38
52 207 6
7 232 7
1 51 1
125 254 31
211 222 13
45 58 1
41 175 10
13 208 13
24 98 24
116 126 7
9 86 2
110 222 55
52 115 3
31 117 7
114 224 28
91 181 45
8 69 8
16 253 1
58 96 3
100 216 6
13 219 13
113 147 1
120 242 60
72 170 2
171 209 1
17 85 2
236 245 7
173 175 43
2 18 2
158 164 2
165 228 1
8 92 2
58 92 1
12 254 3
125 143 1
74 140 4
45 244 1
41 169 10
101 107 6
37 148 37
95 188 47
100 202 50
129 144 4
101 137 1
22 49 1
219 221 27
21 52 1
102 193 12
67 135 67
15 116 7
11 137 2
84 105 1
10 83 10
5 40 5
69 193 1
56 72 1
202 215 6
82 119 1
53 181 1
76 124 1
18 148 18
133 180 2
35 240 1
32 74 4
17 225 1
8 143 8
11 168 5
37 153 9
6 199 6
18 159 9
168 174 21
7 185 1
117 239 29
54 108 54
117 232 58
113 195 3
160 222 1
101 205 25
22 52 1
28 235 14
3 201 3
144 148 18
71 243 1
159 223 1
32 65 32
7 204 3
100 205 25
98 110 6
109 213 13
65 123 1
51 245 3
37 217 1
145 152 9
18 156 9
21 161 10
31 150 1
160 226 1
29 236 29
37 149 37
58 210 3
5 172 5
18 139 4
22 207 1
81 164 20
70 131 8
17 143 17
8 67 8
142 185 2
54 157 1
136 211 1
50 167 1
4 65 4
109 175 1
150 172 2
58 236 29
43 84 21
200 216 6
13 109 13
61 80 1
12 199 12
198 219 6
119 237 59
15 61 15
70 71 35
128 256 128
66 223 1
47 83 5
61 150 1
4 129 4
16 70 8
5 184 5
36 37 18
95 186 23
40 69 2
5 171 5
95 189 47
9 153 9
1 147 1
95 108 1
101 126 3
27 126 3
12 206 12
114 144 1
71 144 4
3 12 3
30 121 30
140 255 1
74 147 18
140 167 2
109 130 1
137 139 34
33 85 2
38 78 19
198 215 6
216 231 3
27 189 1
13 153 1
80 81 40
109 153 1
30 84 1
126 252 126
209 210 52
128 168 2
28 192 3
34 138 34
28 225 28
165 171 10
14 235 14
1 142 1
12 49 12
105 145 1
22 44 22
45 184 11
144 222 1
96 100 12
13 53 13
101 102 25
144 155 9
15 70 1
55 250 3
118 119 59
53 193 6
4 102 1
190 256 2
83 167 83
135 201 1
229 241 7
21 169 21
89 185 11
104 215 26
77 96 1
8 231 1
52 209 52
207 209 6
29 137 1
111 136 1
35 99 1
201 223 6
241 253 15
1 139 1
111 203 6
120 184 1
1 175 1
206 207 103
26 212 26
150 227 1
74 77 9
18 131 4
157 203 1
17 153 4
13 110 13
48 100 12
78 85 2
20 169 10
82 221 1
5 29 1
14 218 3
170 186 5
126 243 15
28 207 3
98 174 1
48 84 1
98 192 24
142 218 1
12 207 12
84 160 10
55 219 27
67 237 1
59 189 1
6 194 6
116 233 116
133 144 4
67 172 2
183 191 11
132 148 4
129 186 2
112 225 112
87 183 5
21 253 1
93 234 1
186 241 1
91 175 5
15 147 1
13 37 1
11 243 1
78 202 1
15 121 15
92 148 2
50 160 1
224 250 7
125 215 3
82 135 2
24 103 12
36 168 2
129 135 16
3 107 3
26 92 1
114 202 3
41 242 1
108 221 27
7 125 7
169 250 1
142 256 8
202 211 6
114 230 57
65 129 32
87 210 1
130 178 2
92 186 46
252 255 63
75 146 18
17 117 1
49 184 1
8 256 8
109 165 1
41 138 2
28 126 7
31 230 7
45 169 5
94 205 1
50 178 1
3 200 3
59 224 14
103 108 6
44 69 2
29 117 29
24 96 24
163 165 20
155 179 2
147 191 2
2 85 2
29 31 7
75 163 2
164 243 1
8 63 1
4 130 4
14 25 3
104 111 13
99 196 49
116 169 1
159 187 2
34 166 2
46 133 2
76 161 2
88 216 1
88 202 1
103 202 25
73 151 18
179 232 1
50 203 50
54 221 27
41 111 1
146 151 18
63 233 7
71 103 1
92 247 1
85 136 2
15 129 1
76 208 1
14 144 1
156 184 2
24 197 24
44 182 22
206 255 3
174 244 1
41 134 2
138 139 69
74 149 74
52 241 3
62 64 1
1 102 1
3 195 3
196 234 3
9 71 4
62 237 7
78 159 39
9 173 2
100 103 25
87 119 1
34 118 1
7 227 7
45 251 1
4 67 4
31 237 7
119 185 1
93 190 23
10 217 1
109 214 13
33 213 1
179 221 1
29 58 29
41 143 2
66 136 8
13 25 6
12 193 12
121 253 15
137 154 4
6 102 6
146 161 2
60 241 60
15 255 15
217 222 27
154 157 19
124 193 3
17 37 4
82 233 1
34 89 2
1 119 1
79 188 2
71 73 4
27 99 6
37 72 18
108 144 1
90 181 90
26 68 1
17 212 1
96 248 3
5 44 5
46 184 46
73 231 1
225 239 14
149 229 1
225 231 28
254 256 1
40 164 20
59 170 1
113 114 28
145 147 36
112 126 7
4 35 4
53 144 1
16 36 4
71 213 1
7 121 7
113 129 1
186 256 2
32 67 16
60 120 60
144 178 2
57 202 3
36 148 18
1 45 1
132 138 8
75 241 1
18 167 2
115 182 1
178 213 1
163 196 1
71 140 35
65 254 1
50 212 6
93 254 1
43 85 21
88 151 2
186 191 23
122 242 30
10 128 2
116 239 29
72 206 1
122 246 61
28 189 1
28 230 28
6 110 6
8 65 8
60 253 15
70 236 1
225 236 14
127 186 1
227 234 14
85 148 2
96 141 1
197 201 12
1 7 1
95 165 5
219 220 27
8 235 1
86 196 1
206 217 6
32 107 1
130 235 1
114 252 7
41 160 20
105 205 6
27 166 1
54 111 27
98 194 24
81 181 5
146 152 9
124 211 3
5 86 5
92 229 1
117 244 7
12 25 12
103 209 6
38 137 4
24 200 12
109 176 1
7 234 7
34 169 2
20 147 2
63 123 15
89 149 2
4 185 2
28 243 7
126 128 1
7 250 7
2 163 2
123 227 7
149 246 1
65 198 1
63 244 15
81 163 81
125 191 1
9 196 1
28 110 3
111 215 13
72 187 2
2 166 2
178 186 11
34 128 8
1 156 1
195 205 12
28 57 28
122 222 3
13 236 3
107 238 3
73 220 1
6 118 3
1 11 1
13 72 1
30 61 30
176 179 44
113 130 1
82 232 1
137 159 4
187 247 1
20 102 1
7 60 7
237 250 7
144 256 4
139 142 17
102 256 1
5 93 5
1 158 1
106 108 13
27 53 13
55 215 13
55 67 1
72 152 9
79 185 2
70 180 2
36 79 9
224 232 14
211 223 13
91 145 2
86 133 2
233 243 7
1 95 1
106 199 6
33 66 33
14 233 14
126 233 7
20 165 20
1 103 1
228 249 7
69 159 4
1 44 1
196 197 98
110 207 6
45 223 1
77 254 1
69 182 2
145 150 18
112 155 1
103 157 1
35 231 1
86 241 1
1 254 1
82 165 82
22 180 22
2 189 2
17 86 2
3 111 3
110 215 13
106 122 3
12 72 1
100 201 100
26 214 26
70 137 17
163 194 1
21 175 21
26 134 1
26 54 13
61 214 3
73 103 1
72 106 1
25 178 1
20 87 10
40 203 1
162 170 10
124 145 1
44 179 44
70 211 1
30 245 30
65 128 32
26 238 3
112 195 3
115 239 14
51 65 1
113 229 28
18 208 1
25 101 25
11 190 11
92 235 1
55 101 6
6 206 6
72 159 9
73 145 36
4 206 1
87 229 1
139 202 1
138 197 1
150 163 2
1 15 1
44 91 22
43 234 1
91 222 1
75 223 1
175 198 1
139 141 17
27 55 27
33 104 1
232 251 7
15 31 15
56 207 3
2 91 2
1 223 1
133 241 1
147 165 2
93 94 23
12 202 12
7 117 7
26 63 3
100 168 1
196 199 49
26 27 13
24 251 3
7 248 7
83 90 5
124 225 7
173 188 5
10 91 5
135 186 2
6 101 6
16 30 1
177 248 1
73 216 1
248 251 62
57 162 1
22 143 2
65 207 1
56 119 14
60 142 1
45 172 5
28 224 28
50 98 12
26 191 1
5 129 2
60 185 1
40 122 1
8 38 4
209 216 13
12 60 3
70 166 2
1 70 1
27 80 1
170 220 1
67 85 2
240 244 30
28 129 1
7 57 7
50 51 25
185 190 23
45 180 45
10 168 10
232 235 58
32 154 4
195 224 3
14 244 7
27 54 27
46 185 46
192 224 3
184 214 1
220 222 55
221 240 3
40 158 2
1 190 1
8 246 1
14 136 1
18 90 2
32 233 1
76 79 19
118 176 1
2 7 1
81 83 20
39 182 2
66 135 33
121 248 15
35 246 1
147 160 2
112 227 56
22 91 22
77 144 9
30 247 30
136 137 68
37 182 2
111 156 1
10 193 1
94 255 1
235 239 29
6 195 6
13 59 3
75 228 1
59 237 59
73 129 4
13 61 3
125 171 1
108 230 3
13 111 13
109 216 54
5 158 2
8 104 1
36 149 18
56 100 3
161 213 1
4 224 1
209 213 26
184 191 23
4 233 1
137 192 1
4 146 4
196 240 3
67 198 1
122 130 1
220 232 3
56 253 7
68 126 1
35 141 35
97 194 97
97 152 1
86 87 43
126 246 15
71 85 2
53 212 53
51 216 6
49 254 3
48 222 6
22 178 22
1 247 1
21 111 1
114 125 7
154 169 2
74 237 1
66 134 33
209 215 26
127 191 1
33 88 2
139 232 1
29 65 1
216 223 27
52 218 13
203 228 3
60 121 60
148 177 2
130 194 1
103 183 1
106 221 13
211 249 3
36 144 36
17 224 1
4 78 4
60 247 30
7 224 7
179 184 11
131 189 2
19 114 1
76 157 19
100 249 3
100 180 1
84 180 5
62 142 1
160 209 1
173 199 1
85 99 1
100 169 1
2 132 2
42 81 10
181 191 11
172 202 1
38 166 2
2 178 2
45 140 2
22 114 1
106 208 26
17 67 8
13 223 13
9 160 2
136 158 4
121 210 3
123 242 30
123 162 1
170 183 5
31 245 15
204 254 3
21 124 1
118 124 7
42 189 5
43 68 2
64 86 2
80 124 1
2 159 2
91 216 1
217 243 3
18 144 18
56 192 3
102 203 25
232 233 116
77 230 1
95 184 23
114 238 14
99 122 3
15 224 7
122 253 15
91 161 5
1 109 1
67 128 16
93 140 2
101 140 1
180 228 1
1 92 1
12 96 12
172 211 1
1 179 1
237 245 7
55 110 55
40 177 5
4 134 4
245 247 61
10 248 1
4 132 4
132 247 1
120 132 1
107 244 3
170 174 21
36 100 1
48 129 1
4 230 1
155 158 19
7 120 7
128 149 4
93 113 1
204 222 6
70 159 4
119 203 3
45 67 2
111 219 27
107 216 13
105 209 52
131 241 1
34 92 2
138 256 8
108 112 3
129 160 2
79 105 1
163 195 1
33 221 1
163 172 10
6 225 3
2 4 2
34 69 34
17 132 8
17 107 1
225 228 28
79 159 79
66 130 16
124 234 7
209 223 13
77 220 1
196 198 49
181 204 1
20 158 2
22 191 11
3 7 3
18 186 2
100 166 1
67 256 16
76 203 1
23 45 11
171 193 1
73 89 2
120 141 1
192 198 24
168 205 1
12 210 6
58 87 1
131 169 2
150 189 2
161 167 20
122 229 7
164 180 5
10 129 2
116 235 58
68 144 4
12 196 12
46 196 1
226 228 28
82 185 5
20 83 20
147 150 18
16 69 8
56 230 28
217 236 3
194 197 24
65 127 1
138 169 2
85 102 1
179 183 22
1 9 1
28 148 1
20 48 1
58 99 3
45 126 1
25 220 6
119 164 1
23 187 23
26 107 26
30 42 1
165 201 1
98 126 3
58 135 1
113 182 1
64 249 1
32 155 4
51 197 12
1 97 1
19 199 1
246 247 123
184 237 1
69 238 1
50 175 1
78 80 2
37 121 1
17 139 17
132 193 1
245 246 61
78 212 1
25 67 1
35 112 1
200 204 25
4 23 2
22 68 2
46 247 1
189 250 1
87 217 1
109 111 27
10 210 1
49 97 24
190 218 1
84 236 1
17 140 17
231 236 14
36 146 36
33 107 1
14 112 14
32 230 1
6 48 6
168 172 21
60 123 30
178 179 89
79 237 1
29 72 1
176 240 1
30 74 1
136 175 2
54 99 6
23 221 1
39 146 9
43 243 1
9 43 2
85 216 1
84 172 21
36 137 4
128 233 1
47 176 11
63 248 31
5 99 1
5 21 5
53 98 6
91 135 2
99 243 3
2 90 2
15 252 15
37 157 9
56 115 28
34 129 8
253 254 63
38 211 1
97 209 6
193 229 3
70 171 2
189 240 1
118 156 1
13 117 3
4 155 4
174 200 1
4 181 2
96 222 6
2 256 2
151 184 2
214 242 3
183 221 1
87 96 1
195 214 6
19 124 1
13 218 13
100 234 3
59 91 1
156 166 2
7 209 3
188 256 2
2 47 2
94 237 1
123 197 3
125 127 31
121 243 121
103 114 3
118 158 1
154 190 2
53 86 1
43 131 2
56 224 56
134 228 1
14 168 1
174 175 87
4 9 4
161 183 5
6 212 6
42 72 2
127 168 1
109 199 6
39 94 2
92 143 2
177 250 1
109 222 27
22 41 5
39 152 19
16 85 2
77 123 1
36 39 9
3 205 3
24 194 24
240 251 15
235 242 7
134 256 16
213 216 13
101 250 3
88 183 22
66 256 16
57 234 14
69 253 1
1 183 1
185 239 1
226 227 113
97 162 1
129 134 16
71 93 2
150 235 1
6 219 6
208 253 3
44 51 1
162 169 10
50 200 50
96 239 3
208 212 26
82 97 1
32 115 1
78 157 78
70 173 2
195 197 24
88 171 5
182 192 1
167 168 10
163 233 1
187 201 1
6 248 3
88 254 1
31 122 15
30 185 1
126 169 1
53 87 1
2 152 2
1 56 1
27 104 13
96 204 12
58 153 1
119 205 3
96 104 6
35 200 1
41 85 10
84 167 10
3 25 3
20 242 1
113 256 1
107 252 3
2 230 1
111 246 3
28 234 14
71 139 17
237 239 59
67 114 1
150 210 1
37 151 37
99 192 24
1 229 1
164 166 41
146 203 1
30 244 30
107 221 13
23 197 1
134 189 2
144 181 2
7 202 3
20 209 1
11 98 1
21 43 21
30 241 30
82 162 20
70 232 1
72 77 9
196 207 12
133 206 1
34 143 17
5 84 5
238 254 7
24 99 24
68 161 2
70 138 17
154 203 1
180 213 1
76 253 1
55 109 27
49 181 1
66 68 8
187 221 1
122 240 30
120 202 3
3 240 3
109 224 3
140 143 35
65 184 2
7 67 1
47 162 5
2 77 2
61 224 7
14 119 14
147 226 1
40 254 1
196 254 3
24 196 24
15 254 15
221 222 55
85 138 2
14 106 3
104 210 52
88 150 2
25 176 1
3 131 1
170 249 1
47 152 2
2 68 2
41 190 5
46 237 1
142 187 2
12 81 1
124 251 62
80 154 2
104 152 1
183 255 1
212 215 53
1 207 1
15 247 15
19 174 2
40 95 5
56 226 56
101 223 6
22 167 5
9 213 1
39 110 1
151 205 1
213 215 53
169 224 1
11 127 1
32 203 1
160 162 40
99 117 3
54 73 1
13 251 3
169 222 1
22 60 1
94 187 23
80 250 1
61 69 1
228 239 14
57 147 1
198 200 12
46 112 1
119 225 14
136 185 2
201 217 6
52 237 3
31 197 3
157 232 1
148 159 9
114 176 1
40 83 20
115 131 1
23 94 23
220 253 3
28 33 1
178 212 1
213 234 3
2 39 2
6 104 6
30 164 1
124 125 62
76 159 19
90 213 1
55 106 13
131 190 2
100 204 25
82 86 10
29 116 29
2 34 2
80 166 20
142 145 4
74 126 1
1 42 1
239 240 7
135 179 2
107 255 3
118 122 7
151 190 2
50 202 50
197 256 1
28 62 7
5 85 5
174 191 5
4 64 4
169 171 42
22 183 22
93 146 2
1 173 1
49 194 24
72 240 1
157 195 1
1 71 1
20 40 20
103 212 6
110 203 6
198 213 6
53 66 1
6 190 1
40 170 10
16 201 1
30 145 1
9 37 9
109 220 27
2 161 2
254 255 127
2 44 2
43 205 1
42 168 42
78 149 9
15 198 3
15 245 15
79 158 79
50 123 3
6 100 6
155 156 19
196 201 12
20 41 20
3 210 3
72 183 2
113 232 14
83 165 41
106 250 3
14 46 1
210 213 26
42 173 21
62 130 1
54 71 1
16 199 1
45 181 45
179 224 1
122 181 1
13 35 1
131 166 2
203 206 25
4 151 4
24 134 1
29 134 1
118 237 118
189 192 1
82 122 1
38 74 9
231 242 7
78 195 1
237 248 7
217 223 27
44 48 1
125 185 1
114 235 14
35 144 4
126 248 31
44 88 44
148 150 37
32 247 1
65 155 4
7 229 7
105 151 1
6 105 6
163 191 5
130 256 32
68 105 1
15 48 3
22 145 2
38 157 19
16 52 1
249 255 31
115 228 57
18 158 9
203 231 3
48 196 24
50 206 25
13 50 6
247 248 15
103 218 6
156 255 1
47 142 2
6 201 6
70 96 1
5 138 2
57 239 14
38 98 1
40 41 20
246 252 15
75 175 2
102 198 12
111 216 27
3 230 3
3 199 3
1 60 1
128 252 1
66 76 4
106 115 3
70 146 4
17 21 2
1 19 1
59 236 59
143 160 2
7 228 7
152 223 1
87 243 1
54 227 3
232 237 29
46 193 1
83 164 41
98 163 1
12 198 12
1 6 1
101 222 6
114 226 28
63 124 31
150 204 1
118 186 1
117 231 14
88 148 2
2 222 1
3 144 1
53 175 1
3 96 3
129 132 16
117 242 7
53 235 3
42 254 1
130 229 1
91 183 91
196 225 3
3 35 1
51 250 3
165 166 41
75 190 2
91 134 2
123 137 1
29 235 29
70 192 1
131 132 16
36 76 9
47 89 11
5 112 1
164 207 1
23 100 1
105 231 3
234 244 7
32 256 32
4 19 4
228 229 114
77 154 77
5 91 5
227 232 14
60 66 1
108 116 3
213 220 13
1 234 1
177 224 1
6 221 6
1 185 1
54 223 27
96 99 24
250 255 31
185 250 1
6 137 1
194 206 12
79 91 2
26 61 3
146 209 1
114 126 7
143 192 1
120 206 3
14 113 14
211 240 3
81 221 1
202 235 3
1 79 1
82 200 1
90 92 11
58 233 58
30 73 1
150 154 9
101 144 1
118 232 29
126 193 3
39 193 1
157 158 39
44 87 5
19 67 4
3 245 3
131 234 1
45 236 1
9 165 2
26 104 26
105 107 26
123 193 3
43 176 5
1 151 1
55 200 6
92 226 1
84 173 21
17 74 4
6 52 6
177 202 1
18 243 1
89 142 2
14 237 14
169 181 5
122 210 3
1 148 1
16 98 1
61 244 61
79 222 1
151 174 2
91 246 1
140 205 1
36 111 1
10 18 2
251 252 31
127 250 31
104 114 3
1 77 1
4 128 4
16 100 1
125 251 125
95 209 1
84 141 2
43 171 21
16 225 1
212 218 13
51 235 3
112 229 28
34 156 4
7 14 7
186 244 1
60 160 1
143 168 2
57 60 7
122 241 30
81 141 2
113 187 1
131 141 8
15 120 15
55 66 1
3 236 3
195 211 6
72 246 1
247 252 15
126 227 7
169 252 1
14 239 14
110 225 3
177 237 1
28 134 1
185 255 1
97 196 24
72 73 36
201 237 3
125 129 1
69 255 1
102 126 3
231 251 7
182 186 11
27 67 1
153 230 1
58 217 3
138 195 1
61 152 1
8 87 2
60 220 3
97 151 1
125 241 15
18 182 2
157 191 2
68 70 17
92 206 1
6 111 6
69 72 4
47 118 1
162 235 1
182 208 1
98 196 98
9 151 9
122 238 7
53 219 13
51 206 51
9 19 9
119 127 7
40 121 1
99 204 12
16 256 16
118 191 1
110 136 1
170 190 5
31 241 15
200 212 6
174 193 1
48 193 48
227 228 28
89 140 2
192 243 3
6 109 6
124 191 1
3 15 3
12 231 3
188 190 47
50 102 25
166 208 1
151 182 2
229 235 14
1 249 1
119 235 29
199 243 3
136 143 17
3 254 3
177 187 11
86 89 5
6 98 6
126 251 31
54 141 1
18 37 18
119 172 1
77 152 38
27 244 3
21 221 1
44 187 11
158 250 1
71 114 1
26 77 1
59 210 3
22 45 22
23 190 23
102 209 6
41 195 1
72 145 72
90 219 1
63 206 3
165 194 1
42 128 2
102 197 12
51 57 3
12 103 12
115 214 3
119 253 7
7 221 3
123 241 30
58 237 29
79 206 1
28 190 1
57 226 28
1 160 1
85 132 2
196 220 6
23 158 2
1 251 1
1 88 1
33 93 2
127 240 15
21 230 1
57 161 1
7 61 7
2 10 2
168 169 84
171 174 21
170 173 21
232 236 29
97 198 24
50 196 12
105 129 1
1 250 1
68 135 8
15 240 15
15 51 3
85 172 21
136 144 4
171 242 1
54 126 3
77 147 9
93 216 1
1 210 1
91 245 1
106 111 13
12 94 1
15 170 1
14 254 7
37 91 2
113 208 3
54 199 6
37 250 1
15 58 7
163 213 1
57 142 1
216 219 54
106 211 26
81 202 1
23 28 1
137 188 2
142 239 1
1 162 1
203 205 25
126 245 15
71 137 17
129 142 8
78 156 78
52 122 3
79 162 2
132 155 4
34 174 2
61 253 15
7 119 7
10 218 1
18 34 4
216 230 3
184 217 1
46 179 11
29 136 1
45 94 11
77 129 4
98 105 6
100 101 50
28 188 1
51 203 25
92 180 11
23 184 23
2 173 2
96 240 3
97 133 1
157 226 1
11 22 11
112 224 112
134 155 4
76 156 19
14 231 14
1 91 1
40 185 5
132 221 1
73 175 2
66 163 2
122 139 1
215 219 13
27 200 6
7 241 7
3 52 3
26 211 26
58 168 1
144 238 1
214 218 13
151 155 9
127 252 63
141 184 2
138 192 1
216 256 1
197 206 12
17 136 17
4 79 4
7 212 3
2 180 2
160 239 1
128 175 2
45 99 1
90 96 1
22 177 22
144 147 36
5 70 2
1 144 1
141 142 35
150 161 2
221 235 3
56 233 14
188 242 1
4 148 4
44 119 1
216 222 27
87 163 10
128 136 8
4 133 4
118 192 3
80 141 2
11 44 11
88 157 2
215 221 13
147 250 1
29 125 7
25 110 6
131 135 16
26 256 1
1 238 1
16 66 16
71 253 1
86 214 1
216 218 54
75 154 9
100 170 1
1 54 1
89 90 22
104 243 3
198 204 12
3 218 3
36 151 18
1 35 1
97 101 12
4 152 4
159 249 1
74 78 9
149 159 9
68 178 2
119 176 1
44 223 1
60 84 1
129 167 2
17 129 8
136 197 1
46 92 46
98 235 3
148 242 1
3 232 3
202 250 3
44 46 11
68 136 68
68 218 1
168 170 42
115 231 115
193 198 24
5 177 5
7 150 1
1 180 1
32 87 2
18 190 2
6 128 1
55 210 13
46 94 23
167 189 5
145 230 1
177 236 1
4 43 2
228 238 14
73 74 18
31 221 3
46 187 46
1 5 1
120 158 1
41 86 10
69 141 17
53 185 1
79 154 19
9 145 9
75 139 4
40 238 1
32 97 1
61 243 30
113 161 1
40 190 5
84 222 1
92 109 1
176 184 11
12 203 12
28 120 7
70 210 1
40 180 5
217 221 27
1 235 1
50 161 1
122 225 7
1 65 1
25 195 12
101 249 3
50 90 1
4 25 1
3 101 3
175 227 1
12 53 6
32 224 1
2 165 2
101 240 3
52 91 1
8 35 8
108 220 27
224 227 56
193 207 12
165 213 1
74 135 4
115 205 3
3 162 1
23 83 5
169 240 1
6 197 6
53 134 1
79 146 9
79 228 1
171 208 1
82 198 1
125 253 31
222 249 3
126 135 1
76 154 38
99 205 12
61 198 3
68 112 1
155 226 1
173 187 5
42 170 42
128 245 1
28 68 1
110 190 1
98 227 3
7 230 7
142 150 4
141 183 2
96 102 12
94 188 94
6 97 6
78 133 4
181 230 1
112 234 14
213 249 3
104 118 3
52 60 3
230 244 7
63 175 1
161 165 20
26 120 3
224 229 28
49 243 3
251 254 31
237 242 7
95 172 5
25 215 6
88 176 88
163 166 20
186 188 23
10 163 10
200 201 100
35 140 35
62 218 3
222 224 3
30 246 30
177 247 1
80 189 5
17 121 1
106 216 13
15 243 15
2 43 2
139 224 1
101 207 25
108 213 13
150 220 1
26 59 3
10 116 1
157 200 1
9 93 2
148 162 2
32 215 1
179 189 11
14 63 7
14 207 3
173 185 5
39 228 1
25 74 1
14 56 14
84 101 1
33 189 2
31 32 1
179 246 1
8 254 1
48 198 24
7 112 7
82 203 1
107 214 107
69 137 34
32 169 2
150 229 1
207 215 6
54 247 3
55 233 3
168 253 1
47 160 5
3 214 3
214 236 3
6 99 6
4 162 2
5 89 5
64 92 2
48 163 1
11 181 11
57 181 1
131 182 2
86 201 1
237 246 7
17 87 2
16 19 4
2 65 2
181 198 1
24 221 6
2 82 2
7 249 7
27 50 6
5 185 5
10 87 10
154 155 77
89 92 11
200 256 1
140 217 1
11 174 5
204 212 6
154 166 2
95 223 1
82 163 20
5 161 5
209 222 13
44 133 2
139 156 4
59 206 3
85 151 2
5 82 5
201 205 25
31 97 3
226 229 28
142 227 1
88 219 1
232 249 7
1 206 1
145 149 18
12 102 12
35 37 4
147 175 2
30 60 30
38 198 1
152 156 19
194 223 6
177 210 1
3 251 3
120 217 3
72 132 4
94 189 94
4 18 4
110 256 1
4 154 4
89 176 44
46 245 1
86 165 10
43 211 1
51 108 6
138 141 17
74 146 18
168 198 1
105 163 1
56 59 14
64 147 4
93 157 2
13 221 13
92 190 23
1 232 1
253 255 63
148 158 9
61 241 30
17 177 2
97 193 48
99 200 12
54 210 13
16 65 16
2 89 2
78 79 39
141 143 35
11 45 11
131 202 1
152 155 38
103 203 25
167 177 5
46 143 2
19 141 4
5 186 5
23 92 23
12 110 6
6 34 1
49 173 1
110 185 1
47 204 1
195 255 3
104 219 13
233 234 58
46 99 1
100 143 1
117 118 29
111 196 6
6 96 6
175 250 1
52 69 1
251 253 31
22 159 2
12 13 6
11 93 11
20 167 20
41 234 1
137 242 1
238 247 7
63 137 1
98 103 12
86 167 10
23 236 1
114 245 7
119 238 119
112 209 3
193 236 3
133 173 2
112 250 7
2 141 2
85 173 21
103 119 3
72 153 9
51 179 1
39 145 9
87 237 1
41 200 1
5 10 5
4 76 4
5 187 5
127 213 3
213 227 3
19 158 19
118 234 29
37 108 1
73 244 1
101 103 25
4 38 4
2 206 1
3 102 3
138 188 2
1 226 1
56 57 28
249 251 62
138 235 1
53 215 53
195 236 3
83 162 20
13 125 3
28 102 3
91 169 5
205 233 3
104 220 13
21 215 1
4 69 4
92 113 1
173 186 5
4 212 1
73 183 2
224 236 14
47 121 1
2 46 2
125 244 15
68 182 2
132 186 2
250 253 31
51 165 1
38 224 1
129 131 32
27 190 1
28 215 3
185 202 1
177 180 22
186 187 93
23 43 5
216 236 3
112 236 14
45 52 1
79 85 2
72 109 1
47 184 23
11 41 5
100 197 12
22 124 1
89 177 44
23 185 23
39 159 39
150 176 2
11 86 5
41 222 1
75 234 1
124 128 1
35 256 8
173 190 5
49 96 24
36 41 2
236 251 7
2 131 2
79 149 9
64 130 32
155 188 2
40 133 2
159 179 2
218 222 27
35 105 1
149 152 9
157 159 39
14 58 14
89 186 11
2 170 2
82 113 1
2 9 2
170 212 1
62 92 1
57 127 7
3 206 3
164 189 5
6 241 3
18 222 1
66 146 4
39 72 9
56 225 56
39 153 19
103 149 1
36 145 36
32 142 8
83 89 5
74 128 4
74 235 1
23 204 1
52 211 52
83 235 1
223 255 3
12 239 3
1 2 1
6 208 6
1 187 1
82 167 41
104 211 52
72 233 1
15 126 15
87 227 1
49 98 49
155 224 1
69 75 4
71 82 2
208 219 13
27 213 13
83 174 10
103 197 12
88 113 1
236 237 118
63 254 63
151 248 1
56 227 56
201 213 6
69 136 34
152 153 76
127 254 127
132 140 8
181 212 1
207 216 6
100 203 50
40 105 1
52 119 3
113 157 1
92 234 1
23 143 2
84 177 5
84 175 21
56 65 1
162 171 10
21 171 21
33 172 2
227 254 7
93 235 1
228 242 7
201 204 25
21 168 21
48 209 6
1 73 1
34 208 1
14 238 14
18 61 1
111 131 1
28 231 28
10 82 10
93 251 1
179 249 1
138 177 2
97 146 1
131 134 16
42 43 21
187 245 1
16 119 1
8 140 8
209 221 13
109 217 54
17 211 1
75 148 37
1 114 1
15 108 3
119 239 119
83 159 2
180 186 11
163 170 10
53 83 1
198 216 6
127 153 1
71 89 2
85 211 1
92 166 5
208 211 52
163 171 10
66 78 4
231 246 7
167 206 1
154 192 1
49 201 12
9 15 1
11 188 11
252 254 63
82 204 1
64 71 8
56 63 7
70 145 4
35 147 4
5 182 5
12 87 1
202 206 25
5 194 1
179 248 1
85 143 2
48 177 1
83 238 1
127 255 127
108 218 54
36 114 1
206 220 6
31 173 1
68 71 17
126 160 1
5 167 5
82 181 5
133 233 1
59 123 7
58 235 58
88 114 1
54 237 3
54 145 1
77 213 1
237 240 7
217 220 27
24 215 6
47 182 11
159 239 1
113 228 28
81 95 5
108 224 3
113 181 1
87 230 1
65 193 1
73 132 4
93 231 1
234 239 29
164 238 1
1 246 1
28 52 3
64 133 16
43 164 10
210 215 26
177 178 44
1 48 1
14 66 1
8 141 8
121 153 1
93 236 1
200 230 3
111 212 13
72 87 2
107 161 1
153 199 1
168 192 1
8 17 8
77 173 2
117 236 29
74 156 9
99 138 1
53 69 1
50 236 3
128 139 8
31 62 31
36 57 1
213 218 13
164 170 10
146 227 1
30 248 15
44 89 44
14 222 3
103 207 103
99 101 12
1 245 1
164 224 1
18 151 18
3 130 1
72 82 2
130 233 1
209 254 3
79 128 4
110 213 13
125 255 31
57 236 14
67 134 67
78 117 1
15 122 15
3 192 3
52 188 1
80 162 40
81 165 20
52 221 13
47 114 1
11 91 11
161 231 1
39 154 19
93 142 2
119 236 59
31 226 7
192 194 48
81 236 1
101 177 1
121 241 60
198 199 99
123 149 1
68 141 17
9 13 1
148 216 1
45 75 2
90 170 5
38 255 1
4 17 4
77 156 19
69 178 2
44 47 11
29 248 7
18 219 1
80 173 10
151 159 9
6 218 6
6 120 3
218 219 109
8 152 4
195 199 24
46 121 1
68 83 2
20 170 10
153 208 1
127 177 1
1 36 1
90 185 11
14 80 1
210 214 26
46 63 1
89 97 1
91 163 5
101 194 12
12 38 1
14 39 1
93 162 5
126 150 1
51 79 1
79 157 39
93 191 23
243 245 30
85 174 21
13 229 3
34 35 17
151 213 1
54 216 54
32 38 4
197 231 3
44 183 22
25 123 3
143 153 4
85 181 5
60 248 15
1 24 1
36 73 36
1 126 1
120 256 1
203 215 6
13 216 13
157 202 1
60 131 1
28 67 1
128 178 2
78 154 19
69 80 2
10 164 10
19 197 1
43 93 5
130 157 4
28 247 7
44 169 5
20 75 2
164 241 1
11 186 11
3 127 3
64 161 2
31 127 31
128 131 32
180 181 90
122 206 3
2 179 2
11 136 2
249 252 31
5 191 5
49 130 1
8 153 4
17 193 1
116 175 1
175 231 1
45 179 22
126 250 31
98 218 6
106 202 6
58 239 29
39 77 19
21 164 10
85 93 5
80 119 1
13 107 13
209 212 26
38 134 4
56 84 1
21 172 21
35 134 8
105 210 105
28 130 1
6 49 6
82 87 10
58 82 1
67 79 4
53 105 26
21 31 1
72 146 36
53 96 6
238 239 119
3 26 3
154 185 2
103 231 3
17 65 8
53 211 26
109 235 3
6 211 6
161 195 1
40 206 1
135 256 16
114 157 1
134 238 1
160 229 1
106 107 53
148 151 37
143 225 1
11 159 2
180 188 11
48 121 3
52 193 6
2 95 2
2 187 2
236 239 59
1 143 1
146 149 18
31 251 31
11 129 2
162 163 81
22 226 1
37 60 1
240 246 30
160 180 5
218 252 3
216 221 27
73 77 9
117 119 29
17 38 4
160 165 20
123 185 1
92 178 11
1 239 1
79 152 19
42 224 1
88 186 11
67 82 2
3 68 1
16 102 1
63 125 31
16 160 2
119 228 14
180 252 1
3 231 3
23 189 23
7 231 7
5 176 5
28 217 3
187 190 23
21 162 10
25 224 3
23 146 2
39 76 19
6 25 6
76 107 1
16 128 16
195 198 24
44 240 1
80 215 1
59 233 29
20 239 1
137 141 17
225 227 56
237 251 7
17 124 1
144 156 9
241 249 15
28 107 3
235 251 7
44 160 5
24 180 1
26 118 3
90 129 2
17 135 8
106 218 13
12 197 12
13 80 1
170 181 5
153 158 19
109 115 3
122 244 122
1 133 1
101 159 1
108 193 6
158 208 1
14 210 3
66 190 2
69 196 1
239 254 7
17 71 17
72 150 18
158 254 1
97 164 1
9 148 9
23 106 1
41 161 20
2 146 2
176 182 22
13 54 13
6 214 6
90 151 2
71 169 2
32 135 16
180 256 2
35 128 8
3 37 1
5 203 1
130 141 8
136 166 2
118 184 1
235 237 29
32 63 1
73 128 4
26 30 3
232 234 58
136 239 1
25 200 25
48 102 12
10 45 5
107 249 3
160 192 1
93 184 46
105 111 13
40 169 10
7 155 1
110 208 13
88 180 22
27 217 27
3 156 1
134 154 4
230 239 14
80 164 20
12 151 1
108 119 3
145 177 2
206 251 3
10 84 10
6 223 6
37 73 18
12 97 12
164 246 1
172 199 1
14 121 7
108 216 108
211 216 13
240 249 15
71 135 8
14 151 1
3 106 3
131 147 4
42 133 2
92 162 5
24 132 1
1 163 1
22 236 1
126 229 7
98 207 12
221 223 55
35 142 35
129 240 1
41 155 2
16 132 16
109 218 109
30 203 3
77 244 1
11 184 11
34 197 1
89 135 2
93 188 23
61 232 7
82 210 1
104 185 1
14 77 1
21 170 21
177 182 22
117 238 29
9 156 9
179 227 1
2 228 1
222 223 111
1 241 1
204 224 3
5 95 5
12 160 1
11 88 11
13 201 6
42 187 5
20 155 2
112 237 14
72 175 2
53 64 1
88 132 2
144 159 9
6 204 6
112 189 1
30 122 30
60 202 3
184 186 46
118 159 1
39 58 1
38 93 2
36 147 36
106 162 1
101 106 6
1 53 1
30 153 1
29 234 29
81 199 1
2 140 2
65 151 4
121 123 30
4 107 1
63 85 1
218 221 27
183 186 11
6 115 3
104 222 13
59 234 29
36 72 36
54 109 54
6 103 6
1 99 1
45 88 22
157 182 2
217 218 54
35 165 2
182 183 91
152 201 1
8 32 8
136 228 1
2 172 2
6 217 6
64 132 16
162 167 20
75 220 1
110 154 1
154 158 19
136 140 17
130 133 16
1 59 1
171 224 1
136 247 1
90 93 11
50 192 12
49 95 1
103 169 1
51 193 12
107 202 6
16 239 1
39 89 2
111 241 3
108 176 1
141 152 4
25 203 25
26 209 26
150 177 2
83 228 1
23 47 23
46 186 46
17 249 1
164 167 41
163 229 1
31 116 7
32 197 1
27 208 13
149 151 37
144 227 1
62 251 62
49 114 3
87 172 43
44 176 44
168 182 5
46 126 1
69 101 1
79 217 1
100 118 3
14 98 3
2 40 2
5 45 5
41 166 41
140 181 2
117 197 3
113 215 3
43 168 21
128 220 1
4 28 1
35 139 17
164 216 1
92 105 1
26 213 26
77 212 1
202 204 25
91 179 22
131 181 2
58 120 7
46 85 5
115 229 57
167 180 5
113 115 28
136 202 1
14 117 14
98 123 3
2 151 2
57 114 57
79 236 1
30 230 7
79 132 4
1 131 1
58 181 1
112 243 7
160 187 5
4 159 4
42 163 10
31 232 7
111 192 6
1 244 1
192 193 96
152 162 2
129 162 2
44 181 22
58 111 3
219 223 27
23 254 1
108 223 27
51 100 25
123 244 61
107 191 1
194 253 3
46 251 1
40 167 20
20 136 2
33 234 1
71 143 71
64 202 1
29 57 14
80 82 20
5 105 1
179 244 1
61 249 15
135 139 8
179 180 22
51 188 1
88 178 44
7 114 7
108 219 54
70 141 70
104 221 13
56 81 1
127 242 15
13 174 1
7 30 7
2 72 2
53 216 13
6 51 6
8 30 1
101 219 6
112 117 14
125 252 31
143 172 2
19 230 1
122 232 7
39 255 1
144 145 72
162 204 1
56 160 1
110 128 1
121 158 1
144 254 1
120 151 1
61 93 1
10 86 10
70 87 2
54 217 54
146 250 1
171 175 21
189 246 1
100 214 6
24 223 6
188 210 1
24 113 3
190 253 1
11 183 11
140 153 4
233 235 58
2 168 2
1 21 1
62 125 62
22 185 11
104 150 1
23 39 2
13 239 3
98 99 49
11 169 5
160 164 20
56 166 1
2 97 1
172 192 1
21 212 1
118 229 14
46 246 1
120 204 3
45 183 45
129 191 2
126 220 3
69 124 1
4 248 1
97 199 24
39 162 2
89 179 89
12 24 12
55 137 1
138 237 1
163 176 5
33 105 1
8 33 8
63 127 63
75 86 2
25 205 25
53 249 3
114 124 7
157 186 2
76 129 4
65 138 8
41 68 2
8 133 8
14 64 1
168 171 42
77 172 2
144 162 2
60 242 60
159 176 2
64 252 1
94 196 1
7 236 7
70 256 8
7 118 7
15 148 1
33 133 33
51 221 6
41 209 1
154 197 1
78 168 2
56 112 56
64 143 8
44 95 11
134 216 1
128 132 16
109 251 3
113 131 1
65 67 16
16 169 2
31 129 1
138 206 1
164 165 82
135 162 2
77 166 2
210 221 13
8 138 8
80 233 1
57 94 1
39 116 1
93 209 1
50 67 1
9 81 2
66 173 2
147 148 18
25 213 6
102 200 25
2 86 2
60 246 30
90 128 2
91 171 5
160 191 5
83 85 10
101 178 1
48 98 24
61 123 61
47 180 11
11 178 11
15 127 15
55 224 3
30 224 7
17 34 17
43 65 2
18 143 4
156 171 2
106 230 3
142 220 1
128 146 4
42 120 1
8 222 1
130 241 1
3 63 3
7 244 7
192 196 24
83 212 1
3 57 3
130 164 2
69 70 17
15 199 3
107 230 3
177 195 1
50 104 6
232 248 7
78 231 1
97 195 97
109 221 27
44 90 22
57 183 1
25 47 1
74 172 2
26 51 6
25 204 25
193 195 48
37 165 2
124 164 1
94 183 11
10 147 2
86 112 1
80 167 20
1 169 1
80 83 20
55 108 27
114 232 14
11 141 2
13 212 13
118 152 1
43 86 43
26 79 1
160 256 2
89 134 2
88 97 1
88 89 44
144 211 1
55 154 1
94 233 1
9 82 2
6 13 6
11 212 1
13 211 13
20 161 20
215 227 3
55 217 27
167 240 1
65 114 1
64 131 32
86 170 21
51 61 3
59 232 29
46 175 5
26 217 13
127 248 31
129 195 1
91 190 11
149 155 9
32 45 2
3 28 3
241 242 60
30 123 30
39 158 39
119 232 29
1 153 1
92 136 2
52 213 26
106 256 1
1 165 1
43 172 43
95 219 1
19 153 19
47 135 2
19 148 9
124 127 31
161 248 1
39 168 2
23 191 23
157 223 1
102 204 102
25 48 12
75 113 1
125 246 15
66 141 8
1 69 1
3 209 3
19 156 19
70 183 2
54 233 3
156 189 2
4 255 1
83 170 10
41 87 10
200 206 25
34 68 34
10 21 10
153 166 2
7 152 1
166 240 1
20 164 20
141 214 1
226 235 14
47 124 1
16 64 16
128 129 64
161 254 1
98 195 24
56 170 1
27 225 3
85 244 1
39 183 2
10 175 10
50 72 1
229 230 57
10 30 1
193 203 12
116 188 1
243 249 15
28 38 1
54 222 27
191 247 1
59 165 1
21 86 21
65 126 1
69 138 69
136 146 4
20 84 10
46 191 23
147 158 9
6 107 6
26 110 13
33 123 1
99 198 99
110 200 6
41 74 2
20 39 2
47 165 5
49 105 6
19 78 19
21 182 5
50 100 50
135 145 4
36 244 1
161 236 1
255 256 1
2 21 2
1 22 1
56 116 14
7 62 7
126 201 3
93 225 1
47 91 11
190 254 1
128 237 1
2 149 2
1 32 1
114 158 1
75 238 1
98 215 6
39 157 39
74 183 2
11 180 11
212 253 3
4 75 4
2 123 1
79 155 19
49 209 6
81 184 5
97 187 1
132 134 33
44 221 1
22 92 11
127 246 15
240 241 120
1 101 1
123 250 15
220 230 3
213 214 53
127 132 1
17 182 2
166 226 1
1 192 1
220 223 55
83 184 5
125 218 3
3 194 3
88 182 22
177 188 11
9 147 9
1 216 1
64 144 4
235 245 7
3 170 1
143 236 1
51 231 3
63 75 1
120 246 30
177 190 11
43 195 1
110 218 27
20 111 1
214 220 13
43 111 1
133 163 2
57 255 7
3 112 3
89 241 1
180 183 45
159 194 1
1 214 1
198 252 3
67 240 1
70 140 70
84 169 84
4 143 4
139 240 1
118 145 1
21 105 1
2 33 2
19 176 2
54 74 1
36 75 18
97 189 1
117 249 7
1 224 1
135 161 2
177 241 1
137 138 34
50 201 50
82 225 1
80 150 2
96 211 6
3 125 3
194 209 6
67 209 1
125 186 1
76 150 9
108 115 3
248 250 62
5 189 5
115 236 14
34 80 2
126 156 1
152 235 1
121 127 15
38 121 1
89 181 22
120 183 1
28 92 1
118 136 1
185 194 1
6 44 1
104 208 104
204 205 102
75 201 1
167 172 10
84 245 1
130 136 8
88 191 11
134 143 8
39 176 2
38 178 2
61 79 1
59 225 14
90 152 2
49 101 12
150 151 75
158 159 79
244 246 61
47 57 1
18 150 18
180 244 1
200 225 3
43 216 1
10 160 10
146 153 9
145 146 36
23 41 5
75 91 2
85 130 2
233 236 29
228 230 57
32 118 1
77 145 9
5 168 5
85 97 1
40 150 2
41 90 5
92 230 1
208 238 3
3 237 3
9 130 4
2 142 2
232 242 7
115 157 1
192 256 1
76 102 1
111 220 55
101 256 1
59 127 7
23 44 11
24 202 12
42 236 1
85 170 85
35 70 35
106 215 53
23 176 11
93 107 1
84 97 1
80 153 2
212 216 13
146 243 1
116 238 29
35 242 1
146 211 1
14 118 14
176 242 1
60 62 15
80 128 2
35 158 4
128 157 4
62 215 3
72 86 2
133 135 33
194 210 6
119 255 7
174 181 5
62 154 1
70 102 1
162 210 1
73 124 1
51 103 51
77 158 19
42 172 21
28 146 1
5 14 1
99 187 1
73 84 2
66 205 1
1 33 1
211 226 3
45 186 11
73 149 18
67 207 1
22 216 1
19 42 2
175 181 5
101 179 1
3 213 3
249 250 62
59 230 14
72 74 18
9 158 9
32 85 2
40 176 5
51 158 1
11 191 11
6 50 6
203 225 3
143 204 1
92 147 2
115 123 7
150 225 1
181 200 1
25 248 3
32 134 16
8 85 2
6 146 1
137 200 1
212 221 13
42 84 42
92 225 1
95 211 1
139 242 1
106 210 26
141 151 4
57 119 14
142 208 1
2 125 1
89 243 1
120 128 1
1 94 1
56 181 1
28 248 7
1 253 1
62 85 1
30 243 30
1 96 1
216 220 27
163 256 2
2 129 2
70 95 2
51 201 25
92 184 92
61 96 3
10 172 10
2 155 2
84 251 1
44 178 44
48 50 12
17 151 4
1 27 1
4 72 4
1 23 1
144 247 1
161 190 5
69 140 17
225 234 14
45 78 2
191 230 1
151 243 1
62 234 7
15 30 15
96 196 24
219 228 3
4 144 4
11 92 11
56 239 14
124 249 124
66 197 1
50 78 1
17 194 1
87 109 1
16 195 1
64 80 2
152 203 1
26 29 3
88 142 2
25 189 1
18 42 2
248 253 31
64 135 16
3 226 3
153 184 2
1 67 1
66 113 1
30 82 1
122 149 1
79 121 1
19 39 19
55 208 13
1 171 1
184 190 23
221 241 3
75 79 9
1 84 1
172 173 86
172 243 1
160 213 1
75 155 9
13 105 13
188 189 94
64 72 4
94 254 1
34 91 2
4 158 4
194 196 24
104 172 1
2 145 2
3 58 3
100 131 1
38 170 2
1 220 1
11 160 5
97 217 6
12 204 12
54 206 6
70 186 2
174 199 1
61 74 1
66 241 1
27 66 1
26 197 6
111 222 111
95 240 1
70 169 2
34 139 34
130 216 1
2 239 1
62 117 7
63 74 1
136 138 34
28 144 1
12 125 3
103 110 6
15 250 15
94 202 1
103 123 3
44 136 2
3 31 3
124 242 15
64 65 32
6 179 1
144 151 18
42 86 21
46 217 1
148 168 2
14 230 14
50 210 6
117 234 117
102 207 51
112 203 3
128 229 1
178 183 22
11 185 11
106 214 53
9 239 1
24 217 6
77 153 38
18 221 1
8 16 8
32 131 32
81 100 1
86 169 21
40 166 20
1 204 1
10 46 5
51 161 1
114 225 28
33 150 4
62 103 3
88 163 5
127 149 1
252 253 126
2 153 2
76 215 1
56 238 14
105 168 1
57 240 7
24 102 12
119 209 3
117 253 7
180 215 1
40 70 2
34 173 2
74 182 2
46 96 1
17 35 17
149 194 1
47 241 1
41 237 1
28 229 28
72 157 9
179 203 1
100 207 25
188 191 47
123 205 3
34 60 1
10 171 10
203 220 6
13 253 3
12 213 6
10 90 5
36 48 1
66 67 33
11 246 1
153 156 19
26 204 6
53 78 1
154 252 1
161 166 20
50 207 25
175 183 5
62 67 1
6 251 3
155 163 2
69 86 2
28 163 1
63 141 1
9 99 1
15 242 15
20 79 2
89 202 1
54 220 27
93 126 1
77 146 9
23 141 2
36 150 18
140 155 4
24 48 24
149 221 1
193 226 3
107 211 26
132 178 2
75 157 9
16 224 1
34 193 1
44 149 2
33 64 16
3 248 3
201 207 25
33 251 1
32 136 8
117 224 14
68 189 2
61 105 3
96 138 1
63 253 63
20 54 1
28 83 1
87 135 2
178 232 1
169 175 21
99 220 6
120 121 60
1 108 1
45 189 11
244 247 61
6 108 6
22 240 1
250 252 31
58 119 29
100 193 12
170 175 21
156 253 1
98 252 3
52 212 26
167 190 5
77 204 1
28 75 1
88 166 5
112 130 1
229 236 14
1 4 1
242 250 15
87 189 5
164 197 1
73 148 18
113 225 56
87 156 2
68 215 1
61 126 15
51 62 3
21 125 1
14 226 14
23 202 1
28 226 28
164 174 10
226 239 14
93 130 2
94 167 5
52 118 3
124 126 31
122 243 30
79 99 1
54 110 27
57 96 3
161 163 40
30 206 3
149 182 2
92 94 23
15 217 3
1 186 1
110 223 55
28 109 3
3 54 3
48 81 1
39 51 1
145 216 1
2 36 2
14 60 7
41 89 5
53 162 1
39 102 1
33 219 1
81 250 1
37 193 1
225 230 28
20 189 5
1 122 1
6 21 1
128 130 32
3 183 1
38 144 9
117 163 1
130 139 8
70 130 8
123 152 1
141 148 4
58 116 58
28 232 14
3 98 3
117 152 1
3 233 3
45 164 5
56 113 56
192 202 12
16 156 4
81 116 1
1 135 1
67 74 4
136 235 1
146 239 1
30 97 3
1 29 1
1 149 1
12 215 6
98 199 49
227 255 7
137 178 2
32 66 16
53 168 1
15 96 3
167 241 1
152 170 2
69 76 4
24 182 1
9 75 9
5 11 5
24 71 1
142 181 2
112 137 1
9 155 9
80 163 40
7 115 7
73 154 9
3 50 3
114 127 7
74 144 18
62 137 1
1 31 1
202 252 3
27 106 13
23 89 11
78 185 2
101 105 6
53 228 3
5 20 5
240 242 60
85 255 1
78 192 1
105 146 1
230 247 7
64 201 1
59 235 29
58 118 29
149 231 1
97 202 12
118 219 3
11 179 11
198 205 12
242 247 30
115 200 3
10 180 5
161 178 5
157 215 1
85 86 21
47 145 2
120 233 7
92 139 2
94 159 2
165 167 41
26 210 26
169 204 1
71 160 2
61 124 15
79 207 1
123 248 15
145 184 2
49 250 3
24 133 1
104 175 1
67 115 1
96 220 6
33 57 1
94 190 47
41 60 1
187 188 23
26 53 26
68 185 2
16 55 1
23 95 23
29 129 1
29 91 1
64 238 1
162 183 5
201 227 3
201 206 25
117 235 117
30 174 1
129 133 16
40 74 2
5 152 2
208 209 104
102 251 3
47 200 1
1 30 1
146 150 18
169 172 21
228 231 57
59 117 29
11 77 2
181 189 11
27 221 27
117 128 1
1 61 1
13 220 13
128 209 1
131 235 1
28 56 28
137 179 2
127 184 1
8 137 8
52 215 26
189 254 1
139 159 4
52 230 3
4 36 4
25 221 6
57 253 7
1 63 1
24 199 24
163 241 1
4 174 2
3 48 3
29 220 3
108 190 1
107 136 1
16 77 4
115 244 7
2 41 2
83 129 2
123 125 15
74 134 4
217 240 3
29 62 7
162 190 5
121 152 1
64 190 2
86 162 10
42 87 21
116 173 1
57 170 1
48 96 48
212 214 53
112 160 1
30 157 1
36 98 1
44 111 1
224 255 7
111 145 1
69 71 17
51 113 3
203 204 25
12 100 12
11 145 2
60 255 15
167 184 5
85 184 5
89 217 1
73 130 4
123 161 1
2 188 2
12 256 1
37 38 9
124 255 31
124 254 31
201 241 3
78 161 2
3 246 3
88 167 5
1 124 1
126 255 63
3 30 3
148 183 2
183 223 1
14 29 14
7 246 7
31 125 31
20 70 2
159 250 1
49 83 1
176 217 1
29 100 3
88 184 11
184 187 46
181 188 11
33 256 16
90 138 2
43 175 43
1 66 1
75 145 18
90 164 5
97 245 3
127 253 63
131 256 32
203 235 3
60 206 3
139 147 4
103 239 3
4 49 1
19 151 9
83 215 1
21 199 1
78 173 2
142 232 1
130 138 8
135 224 1
99 113 3
3 220 3
52 107 26
38 153 38
3 51 3
211 214 26
94 135 2
142 163 2
14 127 7
102 164 1
11 182 11
120 197 3
47 223 1
107 215 107
49 198 49
39 147 9
2 184 2
117 233 58
81 161 40
61 134 1
41 151 2
11 150 2
63 247 15
1 228 1
13 71 1
113 237 14
192 208 6
66 131 16
1 13 1
174 250 1
58 224 14
150 208 1
173 174 43
10 43 10
67 77 4
118 238 59
67 151 4
4 70 4
120 123 30
29 230 14
211 230 3
41 122 1
44 151 2
34 252 1
22 189 11
45 89 22
133 221 1
61 182 1
39 166 2
243 244 30
167 227 1
108 214 13
141 153 4
32 186 2
93 95 23
215 231 3
149 252 1
125 168 1
4 68 4
7 154 1
1 243 1
46 95 23
10 80 10
60 226 7
114 153 1
8 134 8
110 211 13
9 144 9
32 241 1
142 206 1
195 216 6
138 215 1
140 150 4
31 105 3
122 150 1
14 62 7
124 252 31
197 199 49
76 94 2
170 206 1
149 150 37
136 142 17
57 227 28
1 39 1
176 191 11
4 142 4
148 197 1
55 247 3
196 235 3
83 104 1
194 214 6
102 186 1
94 177 11
1 80 1
26 178 1
70 147 4
29 226 14
219 227 3
157 238 1
23 46 23
4 135 4
104 189 1
117 237 29
11 210 1
1 233 1
56 58 14
53 208 26
52 53 26
117 230 14
74 75 37
185 191 23
14 234 14
133 211 1
6 215 6
50 66 1
132 133 66
226 230 28
184 189 23
79 156 39
198 241 3
53 84 1
119 246 7
172 175 43
204 206 51
192 197 24
144 179 2
10 229 1
86 143 2
66 132 66
112 211 3
67 149 4
170 172 21
159 237 1
57 75 1
167 245 1
83 166 83
81 121 1
26 144 1
1 83 1
176 189 11
233 241 7
142 198 1
64 242 1
6 12 6
168 173 21
171 183 5
59 194 3
183 188 11
181 182 45
100 172 1
99 244 3
9 149 9
46 86 5
2 154 2
53 220 13
189 191 47
12 201 12
84 154 2
31 83 1
216 217 108
95 160 5
120 223 3
21 97 1
47 185 23
161 175 10
15 246 15
37 147 18
136 252 1
88 224 1
26 220 13
119 187 1
63 143 1
192 195 48
16 204 1
70 148 4
103 121 3
21 130 2
183 203 1
117 181 1
248 249 124
49 103 12
179 199 1
5 47 5
80 130 2
27 230 3
4 16 4
122 153 1
50 216 6
82 236 1
200 202 50
112 199 3
7 29 7
20 256 2
143 195 1
7 31 7
116 205 3
7 235 7
139 140 17
201 235 3
1 20 1
44 114 1
104 109 13
3 99 3
160 171 10
28 175 1
108 143 1
1 132 1
2 22 2
14 249 7
217 219 54
76 221 1
15 63 15
110 199 6
176 237 1
82 149 2
53 214 53
176 251 1
35 193 1
68 104 1
12 50 12
30 127 15
4 168 2
191 241 1
97 197 24
13 217 13
24 192 24
19 240 1
90 196 1
2 156 2
185 203 1
120 181 1
2 5 2
144 244 1
2 169 2
31 160 1
211 239 3
86 187 5
87 166 10
134 135 67
130 248 1
110 216 27
112 184 1
193 216 6
96 162 1
32 148 4
144 146 36
112 240 7
83 127 1
2 157 2
100 106 6
51 202 25
91 146 2
138 184 2
83 136 2
39 47 2
2 69 2
47 94 47
7 237 7
165 175 10
3 188 1
43 255 1
116 234 58
1 221 1
77 136 4
118 204 3
218 225 3
156 187 2
184 231 1
158 200 1
224 248 7
124 244 15
130 177 2
113 230 28
108 205 6
189 245 1
28 114 28
102 103 51
147 176 2
94 147 2
100 254 3
4 74 4
130 131 65
108 229 3
25 40 1
151 227 1
207 243 3
198 236 3
110 145 1
174 183 5
132 225 1
34 133 8
137 150 4
243 247 30
91 180 45
153 212 1
166 234 1
57 229 57
248 252 31
164 240 1
41 146 2
26 56 3
128 161 2
1 120 1
40 175 10
4 137 4
114 115 57
190 191 95
250 254 31
21 224 1
123 243 30
35 71 35
99 197 49
193 206 12
57 148 1
3 60 3
95 178 11
118 121 7
113 119 14
72 90 2
210 212 26
103 106 6
225 235 14
86 174 43
21 117 1
77 113 1
29 218 3
141 234 1
114 231 57
153 155 38
51 120 3
18 132 4
166 215 1
96 101 12
67 233 1
26 208 26
88 90 22
33 73 4
166 199 1
106 217 13
132 135 33
126 133 1
66 225 1
51 208 6
71 141 35
204 207 51
66 203 1
8 127 1
212 213 106
76 153 76
77 171 2
84 86 21
224 230 28
154 247 1
23 131 2
49 79 1
214 230 3
83 176 5
88 185 11
152 164 2
52 255 3
162 229 1
69 177 2
195 234 3
136 139 34
189 219 1
62 115 7
22 67 2
63 148 1
42 167 10
16 226 1
49 99 49
236 238 59
42 171 42
105 208 52
144 237 1
58 115 14
3 56 3
1 128 1
32 55 1
160 174 10
87 188 5
81 99 1
38 129 4
74 148 74
211 213 26
90 216 1
63 91 1
5 42 5
25 141 1
3 208 3
98 143 1
122 123 61
9 39 9
62 75 1
152 207 1
9 77 9
29 232 29
161 173 10
