128 4700
16 57 89
54 102 72
28 103 107
7 73 32
22 71 71
6 71 71
20 86 86
18 102 50
25 71 71
49 125 28
64 98 98
18 98 50
100 119 59
68 114 114
32 80 32
39 95 85
11 21 11
70 128 128
69 91 69
22 45 124
35 111 86
34 128 128
3 112 112
54 75 72
18 114 50
23 89 11
50 101 50
104 122 104
2 90 2
48 70 51
78 117 78
57 119 15
37 87 1
6 117 83
15 117 83
19 55 71
93 125 46
14 76 76
2 6 2
66 70 51
21 102 77
15 90 15
11 112 11
8 19 71
58 63 29
10 69 69
81 97 81
31 113 106
109 124 124
22 117 22
23 101 11
7 56 32
108 119 22
48 58 29
79 83 83
83 97 83
42 101 42
85 119 15
6 58 29
33 98 99
10 71 71
22 106 22
110 115 110
75 111 61
85 94 127
35 61 86
101 104 104
42 90 42
10 58 29
3 73 24
32 117 32
77 123 77
49 82 28
85 112 112
7 42 32
102 111 61
1 101 1
63 89 112
74 104 104
11 109 11
56 123 53
66 108 22
2 25 2
1 53 1
5 74 74
6 34 114
8 13 30
6 110 110
36 105 2
9 22 104
1 83 1
67 122 116
17 45 124
96 112 128
6 98 98
1 98 1
62 80 42
4 21 78
33 79 99
17 54 47
29 65 29
57 75 57
2 34 2
13 60 60
5 71 71
40 90 90
53 105 2
8 87 1
14 18 50
78 105 78
15 91 25
101 107 107
100 106 59
16 82 76
39 80 42
16 100 59
19 69 71
13 121 121
12 116 116
99 105 99
80 122 42
91 127 127
9 107 107
26 99 99
18 69 50
3 120 120
13 25 110
58 110 29
13 84 110
55 64 55
40 113 48
9 99 99
1 116 1
6 115 115
39 117 83
81 110 81
30 64 30
68 84 115
45 54 124
31 124 124
73 119 15
24 48 24
53 112 53
6 47 47
103 121 107
109 113 109
16 32 32
93 126 46
80 87 1
20 95 81
111 127 127
6 31 106
52 111 61
98 109 98
71 81 71
69 108 22
48 96 128
17 103 107
58 78 29
64 107 107
88 101 88
2 76 2
92 105 2
104 107 107
7 109 32
67 107 107
76 121 121
36 92 109
57 93 46
19 99 99
12 64 52
10 32 32
55 86 86
34 74 114
21 105 2
79 80 42
4 10 78
3 83 83
1 107 1
77 121 121
10 70 51
13 63 110
39 97 79
6 20 81
16 108 22
51 55 51
36 91 25
34 73 114
36 97 79
18 20 50
4 69 78
50 70 50
61 69 61
43 92 98
56 100 59
20 101 81
44 75 126
36 40 109
66 80 42
75 82 76
44 62 126
69 94 127
86 98 86
25 31 25
5 94 127
87 120 1
38 65 66
41 99 88
62 100 59
33 87 1
79 113 79
16 87 1
68 85 90
90 105 2
11 61 61
107 109 107
72 104 104
28 83 28
4 121 121
111 125 61
6 94 127
9 81 104
24 86 86
30 102 30
63 72 112
66 111 61
67 119 116
91 113 25
63 124 124
11 29 29
18 61 50
9 98 104
15 87 1
63 74 112
16 37 120
45 64 124
59 82 76
29 115 29
37 110 120
9 75 104
7 22 32
51 78 78
68 127 127
12 57 52
47 61 47
60 107 107
41 111 88
88 114 88
54 64 64
37 59 120
2 13 2
92 120 120
28 35 28
16 47 47
48 112 112
18 113 50
14 111 61
52 100 52
76 78 78
2 52 2
49 69 28
19 56 71
73 101 55
118 127 127
13 67 116
101 122 55
21 76 77
11 12 52
49 98 28
11 46 11
44 91 25
83 128 128
43 67 116
27 78 78
18 28 50
57 73 57
19 24 71
116 118 116
16 102 89
60 124 60
121 122 121
1 121 1
73 96 128
95 100 59
45 115 124
74 116 116
86 100 86
9 52 104
93 108 22
91 125 25
13 55 55
85 120 120
54 87 1
49 75 28
83 96 128
37 52 120
24 74 24
1 16 1
45 116 116
5 95 73
58 86 29
31 121 121
12 41 88
44 58 29
41 89 88
9 115 104
16 23 11
10 55 55
4 115 78
85 93 46
102 105 2
7 61 32
105 126 2
100 124 124
53 66 66
2 97 2
66 85 66
85 102 6
89 100 59
70 92 51
18 64 50
82 100 76
4 87 1
86 111 86
83 88 88
74 91 25
58 60 29
19 32 32
29 60 29
33 107 99
84 95 115
12 42 42
49 111 28
62 119 15
10 107 107
34 69 69
6 64 64
32 108 32
7 67 32
3 20 81
14 17 47
17 59 47
86 106 86
101 120 120
54 97 79
26 82 60
8 27 30
85 101 55
42 117 42
26 64 60
15 33 99
42 118 121
14 125 69
35 62 86
113 123 74
87 106 1
56 115 53
99 123 99
37 105 120
53 65 66
21 27 77
30 115 30
104 120 104
33 44 99
88 120 88
23 79 11
28 80 28
29 101 29
4 41 88
105 112 2
41 101 88
22 100 22
14 24 69
23 31 11
32 75 32
50 111 50
43 80 42
7 15 32
89 111 61
33 115 99
22 63 22
76 79 76
17 30 30
46 65 66
66 110 110
36 43 98
96 116 116
60 96 60
25 93 25
92 116 116
26 106 60
61 91 61
58 108 29
64 110 110
65 72 66
16 85 89
33 85 99
95 113 113
9 105 104
67 77 116
50 115 50
26 93 60
45 96 128
55 125 55
73 123 74
72 115 115
45 74 124
105 120 120
92 106 106
117 121 121
26 86 60
37 47 47
13 31 110
26 119 60
42 61 42
28 77 28
47 79 47
22 91 22
2 20 81
28 41 88
15 21 77
70 108 51
22 86 86
5 98 98
1 102 1
50 109 50
35 119 86
33 99 99
59 107 107
5 92 125
20 92 81
89 93 46
6 106 106
64 126 64
49 88 88
49 53 28
70 82 51
4 81 78
50 104 50
34 54 114
2 29 29
17 112 47
17 84 47
56 102 53
16 72 89
13 86 86
93 114 114
19 108 71
67 125 116
45 56 124
7 21 32
4 33 99
2 8 30
6 39 6
81 116 116
49 92 28
21 127 127
15 80 42
15 53 53
21 84 77
19 113 71
66 120 120
22 98 22
52 80 42
30 51 30
1 69 1
60 72 60
12 19 71
25 110 110
57 117 83
39 63 112
13 117 110
99 124 99
36 118 121
14 57 69
84 97 115
10 36 64
110 118 121
16 95 89
32 110 32
47 54 47
38 108 22
3 38 24
101 106 55
82 98 76
69 85 69
27 75 122
7 89 32
19 93 71
77 99 99
30 88 88
28 61 28
60 70 60
48 82 76
22 115 22
13 111 61
15 56 53
50 61 50
83 95 83
38 59 59
14 121 121
43 125 98
7 59 32
7 107 32
45 89 124
94 105 127
70 77 51
29 52 29
18 49 50
78 111 78
2 120 120
13 96 128
20 48 81
50 106 50
77 125 77
41 104 88
47 124 124
45 99 99
73 97 79
29 123 29
13 92 110
51 59 51
51 62 51
31 119 15
90 104 104
5 115 115
9 54 104
61 104 104
40 99 99
78 118 121
9 72 104
3 6 24
15 54 15
29 103 29
45 86 86
19 87 1
20 62 81
21 61 61
47 107 107
43 119 98
14 112 69
39 105 2
7 33 32
70 110 51
45 82 124
70 120 51
24 67 116
30 124 30
5 81 81
30 98 30
44 68 90
56 66 66
83 90 83
5 57 57
8 17 30
67 80 116
32 44 32
76 93 76
32 41 32
15 55 55
12 26 60
48 103 107
41 90 88
20 70 51
22 128 128
63 84 115
33 95 99
15 84 115
22 93 22
3 63 112
67 68 116
9 34 104
3 29 29
21 106 77
31 123 106
84 122 115
7 75 32
7 55 32
36 99 99
51 117 51
66 88 88
78 127 127
10 66 66
46 120 120
44 95 126
37 55 120
3 91 25
2 15 2
7 64 32
10 45 124
66 67 116
5 39 73
54 119 15
43 98 98
11 25 11
49 61 28
14 80 42
5 63 112
87 99 1
5 105 2
27 39 122
8 29 29
1 4 1
14 119 69
10 78 78
5 21 77
59 101 55
79 120 120
5 9 104
43 106 98
80 101 42
38 77 77
115 124 124
4 84 78
59 111 61
23 72 11
68 113 90
39 107 107
73 103 107
10 23 11
20 108 81
64 124 124
81 82 81
80 105 42
18 68 50
10 42 42
64 114 114
89 108 22
32 113 32
20 72 81
47 78 78
1 93 1
32 62 32
35 39 86
21 92 77
12 39 52
43 104 104
26 52 60
28 43 28
25 67 116
81 103 107
10 85 64
11 108 11
14 126 69
76 99 99
44 60 60
29 80 29
29 95 29
44 48 126
18 99 99
96 110 128
44 96 128
31 43 98
58 113 29
74 117 83
102 113 6
53 100 59
31 45 124
98 106 98
23 62 11
72 74 72
50 98 50
2 3 2
22 46 22
92 102 125
29 94 29
20 78 78
45 73 124
49 62 28
20 31 81
35 76 86
37 39 120
12 122 52
64 90 64
11 96 128
61 110 61
11 38 11
14 68 69
82 106 76
77 117 77
38 70 51
48 97 79
57 122 122
95 105 2
18 26 60
15 98 98
12 52 52
12 101 52
13 95 110
45 98 124
31 50 50
97 126 79
29 49 29
79 124 124
55 119 55
19 117 71
31 36 109
83 101 55
14 88 88
14 64 69
74 97 79
17 128 128
4 73 78
24 33 99
3 85 24
65 112 66
74 89 89
84 123 115
22 82 76
41 84 88
84 93 46
35 118 121
4 19 78
42 76 42
48 105 2
46 60 60
52 109 52
7 115 32
20 96 128
40 108 22
54 79 79
8 32 32
12 24 52
23 35 86
21 94 127
35 53 86
41 80 88
26 71 60
22 107 107
43 66 66
20 126 81
117 118 121
76 87 1
90 108 22
33 113 99
11 49 28
49 78 78
37 117 120
21 100 77
60 110 60
25 125 25
20 99 99
87 90 1
54 106 106
110 128 128
45 122 124
49 72 28
1 94 1
55 95 55
4 62 78
56 116 116
24 64 64
82 115 76
68 92 90
9 111 104
59 80 42
72 84 115
9 118 121
50 121 121
48 100 59
43 68 98
93 113 46
68 122 90
20 97 81
44 101 55
40 63 112
4 103 107
33 34 99
44 50 50
16 96 128
115 127 127
47 127 127
6 122 122
24 88 88
51 102 51
9 114 104
44 72 72
54 73 72
5 119 15
70 115 51
79 82 76
6 23 11
33 59 99
55 128 128
98 104 104
82 93 76
49 122 28
4 78 78
71 96 71
61 117 61
50 96 50
71 113 71
53 101 55
19 50 50
63 80 42
43 88 88
34 56 114
41 59 88
86 93 86
1 2 1
120 121 121
42 86 42
49 85 28
68 123 90
6 8 30
96 118 121
30 78 78
24 68 90
81 115 81
118 124 121
89 97 79
49 51 28
49 116 116
38 101 55
34 124 124
10 27 64
44 82 76
7 49 32
55 60 60
4 60 60
5 82 76
13 47 47
35 112 86
5 44 126
9 62 104
40 114 114
42 46 42
67 121 116
15 43 98
106 113 106
113 117 83
9 119 104
60 85 60
32 74 32
101 110 55
4 11 78
10 93 46
101 128 128
9 57 104
65 111 61
51 108 51
15 103 107
26 72 60
13 19 71
3 68 90
37 107 107
68 120 120
10 84 115
107 124 107
21 87 1
34 80 42
20 28 28
76 82 76
41 95 88
78 81 78
36 126 109
29 102 29
45 76 124
69 128 128
3 67 116
33 118 99
24 114 114
14 59 69
47 105 47
17 91 47
53 91 25
19 33 99
4 96 78
88 116 88
33 86 99
84 102 115
42 120 42
13 23 11
2 116 116
28 104 104
44 105 2
53 102 53
2 68 2
15 73 15
66 105 2
39 92 125
1 7 1
13 41 88
14 62 69
15 89 15
1 87 1
4 58 29
48 63 112
11 28 28
31 39 106
9 65 104
81 106 81
13 120 120
94 95 127
48 64 64
43 111 61
91 120 120
67 93 116
10 101 55
92 115 115
30 125 30
116 121 116
33 78 99
10 31 64
39 54 72
35 87 1
3 10 64
81 100 81
4 26 60
64 101 55
13 82 76
63 105 2
54 77 77
60 127 60
16 19 71
37 93 120
87 116 1
22 41 88
119 128 128
10 54 64
57 91 25
82 90 76
21 77 77
112 119 112
21 121 121
5 68 90
23 100 11
22 58 29
32 70 32
14 22 22
38 40 48
72 108 22
44 61 61
33 108 99
21 110 77
28 36 28
22 60 60
27 38 122
82 102 76
57 65 66
45 84 124
28 78 78
34 83 114
33 56 99
21 26 60
19 89 71
47 119 47
49 99 99
46 58 29
82 128 128
20 82 81
85 92 125
50 127 127
31 89 106
117 126 83
7 83 32
37 109 120
18 94 127
5 84 115
79 126 79
26 66 60
14 74 69
44 54 72
30 49 28
43 107 107
19 91 71
59 62 59
53 76 76
38 85 57
52 60 60
50 56 50
28 81 28
42 82 42
57 67 116
1 113 1
78 83 78
22 57 22
45 55 124
35 91 86
50 95 50
48 118 121
5 113 73
32 107 32
38 54 72
28 91 28
24 51 51
21 36 77
43 85 98
91 93 25
19 85 71
59 94 127
16 103 107
70 90 51
78 104 78
37 99 99
100 126 59
7 60 32
17 107 107
12 54 52
53 81 81
32 76 32
34 95 114
53 68 53
75 84 115
44 112 112
39 62 75
3 126 24
12 78 78
84 109 115
36 113 109
94 118 127
29 78 29
10 72 64
65 101 55
16 41 88
50 86 50
59 122 59
4 23 78
97 111 61
51 127 127
32 127 32
22 37 120
29 104 29
112 113 112
4 46 78
3 128 128
53 94 127
57 80 42
64 79 64
33 128 99
78 121 121
95 128 128
45 100 124
80 84 42
23 115 11
16 62 89
20 43 81
4 59 78
65 104 104
79 122 79
13 33 99
26 95 60
8 77 30
62 126 126
4 114 78
24 37 120
56 120 120
26 124 60
26 80 60
12 13 52
46 82 76
10 90 64
36 95 109
57 107 107
101 124 124
3 75 24
26 75 60
37 44 120
108 117 22
71 114 71
41 68 88
16 64 64
27 74 122
49 56 28
16 83 83
42 53 42
27 86 86
39 120 120
108 125 22
34 85 114
10 113 64
14 94 127
75 87 1
51 53 51
102 117 83
94 100 127
6 18 50
92 97 79
41 81 88
26 28 60
13 30 30
55 81 81
40 102 48
44 113 126
19 125 71
26 114 60
46 118 121
45 114 124
63 123 112
96 100 128
35 79 86
4 99 99
9 71 104
32 94 32
48 62 48
55 126 55
30 103 107
57 78 78
32 51 32
3 103 107
1 30 1
47 95 47
42 81 42
57 92 125
23 59 11
3 87 1
37 60 60
110 111 61
1 125 1
13 21 77
21 85 77
64 92 64
20 42 42
13 107 107
77 91 77
18 76 50
12 98 52
57 100 59
60 128 60
8 26 60
23 92 11
71 103 107
34 67 116
55 97 55
96 101 128
22 122 22
33 77 99
64 84 115
68 102 90
14 26 60
22 81 81
8 93 30
45 118 121
17 35 86
38 57 57
9 92 104
68 105 2
58 95 29
14 38 69
23 95 11
48 91 25
38 127 127
56 118 121
75 105 2
38 44 126
67 70 116
54 113 72
75 108 22
6 97 79
76 103 107
56 82 76
46 121 121
39 93 46
112 114 114
28 99 99
82 88 88
21 24 77
15 69 69
2 61 61
1 104 1
81 92 81
35 54 86
13 118 121
56 57 53
50 103 107
18 73 50
16 43 98
103 120 107
12 45 124
93 121 121
11 126 11
46 80 42
13 97 110
15 28 28
12 84 52
78 82 78
21 96 128
88 117 88
98 110 110
72 91 25
25 122 25
34 35 86
6 62 6
13 43 110
1 99 1
7 10 32
27 84 115
19 20 71
18 27 50
47 99 99
71 76 71
2 128 128
53 120 120
1 62 1
65 128 128
46 74 46
16 27 89
45 106 124
41 78 88
88 122 88
67 108 116
51 103 107
51 104 104
43 91 25
114 127 127
5 15 15
75 91 25
57 63 112
17 93 47
7 98 32
5 103 107
19 49 28
1 71 1
9 14 104
64 80 42
1 117 1
56 97 53
88 113 88
100 115 59
93 106 46
2 57 2
7 32 32
8 31 30
19 71 71
5 89 89
98 114 114
19 106 71
88 105 88
81 104 104
52 108 52
2 12 2
2 108 2
37 71 71
79 102 79
39 41 88
6 27 122
95 123 74
62 91 25
48 80 42
73 93 46
48 50 50
82 107 107
19 25 71
36 88 88
7 48 32
1 86 1
14 39 69
54 128 128
38 105 2
8 23 30
56 103 107
25 114 114
46 108 22
8 39 30
28 49 28
10 118 121
20 30 30
33 88 88
26 45 60
23 67 116
56 114 114
41 112 88
15 65 66
73 116 116
8 55 30
71 107 107
42 51 42
4 72 78
77 87 1
14 118 121
23 36 11
13 102 110
47 106 47
14 27 69
65 99 99
19 104 104
54 125 72
63 109 112
99 118 99
58 100 29
23 98 11
9 83 104
12 103 107
103 106 107
37 84 120
9 63 104
67 118 116
59 113 59
4 31 78
37 95 120
15 23 11
114 126 114
12 56 52
3 88 88
121 127 127
72 118 121
14 21 77
10 81 81
30 121 121
100 107 107
29 111 29
7 123 32
67 120 116
38 53 53
52 126 52
16 93 46
45 80 42
16 84 115
51 71 71
26 29 29
34 64 114
42 67 116
83 123 83
6 9 104
82 85 76
81 108 81
95 109 109
41 67 88
122 128 128
34 108 22
46 69 69
81 90 81
51 121 121
13 75 110
60 120 60
2 127 127
62 74 74
21 107 107
7 76 32
43 120 120
7 116 32
8 120 30
2 93 2
36 55 55
9 120 104
24 91 25
2 126 2
75 106 106
62 95 75
1 70 1
9 102 104
24 45 124
26 30 60
18 116 116
36 64 64
87 128 1
62 97 79
54 84 115
53 87 1
38 109 109
57 81 81
5 23 11
92 108 22
4 29 29
105 124 124
10 11 11
9 80 104
34 93 114
66 82 76
29 55 29
24 105 2
42 88 88
18 95 50
12 79 52
49 91 28
14 108 22
75 97 79
50 105 50
34 117 114
54 111 61
64 117 83
30 99 99
69 109 69
4 20 78
4 44 78
3 53 53
59 109 59
28 40 28
24 118 121
75 96 128
14 35 86
38 67 116
6 92 125
81 91 81
29 86 29
14 25 69
74 84 115
61 81 81
43 108 22
81 88 88
21 32 32
109 123 109
28 54 28
94 126 127
29 64 29
15 102 15
25 52 52
14 43 69
75 92 125
52 115 52
21 56 77
62 86 86
35 125 86
76 120 120
14 104 104
30 50 50
9 39 104
59 92 59
5 40 48
25 30 30
33 54 99
39 96 128
33 62 99
114 123 114
59 118 121
2 92 2
63 95 112
4 65 78
28 94 127
49 105 28
36 85 109
30 68 30
43 81 81
39 103 107
63 98 98
29 126 29
86 91 86
3 108 22
19 121 121
6 119 15
114 128 128
18 89 50
35 63 86
17 43 47
35 81 86
3 54 24
17 70 51
38 47 47
19 110 71
13 93 110
13 49 28
16 36 109
5 99 99
43 73 98
54 101 55
22 116 116
63 121 121
9 95 104
111 128 128
80 114 42
27 114 114
4 32 32
47 80 42
53 122 53
30 83 30
10 63 112
82 113 76
11 105 2
35 110 86
32 60 32
80 98 42
100 110 110
68 73 90
8 69 30
89 107 107
64 89 64
14 85 69
17 121 121
48 117 83
111 114 61
111 122 61
80 81 42
85 123 74
78 86 78
30 58 29
84 89 115
6 10 64
40 72 72
42 63 42
48 114 114
29 31 29
11 66 11
77 82 77
25 81 81
88 103 88
52 96 128
5 106 106
61 111 61
49 127 127
93 110 110
34 60 60
31 35 86
42 116 116
3 48 24
35 59 86
10 15 15
67 83 116
19 57 71
26 60 60
75 76 76
23 39 11
1 103 1
30 122 30
5 35 86
125 127 127
104 127 127
10 106 64
3 78 78
2 106 2
48 56 53
37 125 120
62 82 76
52 68 52
17 75 47
36 52 52
48 95 48
24 62 24
102 126 126
31 67 116
24 97 79
13 58 29
21 108 77
84 114 114
35 94 127
73 126 126
56 108 22
56 73 53
28 63 28
26 44 60
20 64 81
51 128 128
94 127 127
51 126 51
6 103 107
14 23 11
66 81 81
70 98 51
60 101 60
46 79 46
42 78 78
52 81 81
101 112 55
28 51 28
45 95 124
77 107 107
54 80 42
7 54 32
78 119 78
7 31 32
27 97 79
81 99 99
1 18 1
35 50 50
68 81 81
16 117 83
124 125 124
14 48 69
64 91 25
26 39 60
35 89 86
3 121 121
91 111 61
27 31 106
61 80 42
22 49 28
60 116 60
77 83 77
77 127 127
87 112 1
51 124 124
49 107 107
41 123 88
5 37 120
44 122 126
19 53 71
40 64 64
32 96 32
73 84 115
31 80 42
11 57 11
43 75 98
22 47 47
72 93 46
40 100 59
60 104 60
1 81 1
112 128 128
5 70 51
14 84 69
28 69 28
71 118 121
40 41 88
35 109 86
36 117 83
41 77 88
34 122 114
31 40 106
26 32 32
68 125 90
89 121 121
31 38 106
73 74 74
2 79 2
83 109 83
88 98 88
4 12 78
60 113 60
1 95 1
8 24 30
56 85 53
52 127 127
64 65 66
63 77 77
61 127 127
61 68 61
8 11 30
10 99 99
15 108 22
51 70 51
47 72 47
61 92 61
69 98 69
94 115 127
86 96 128
5 108 22
12 96 128
45 125 124
48 93 46
27 91 25
6 84 115
27 102 122
64 112 112
11 31 11
92 121 121
59 114 114
2 55 2
13 70 51
55 71 71
6 93 46
20 106 81
56 117 83
42 89 42
59 93 59
112 117 83
10 47 47
13 53 110
35 95 86
61 75 61
68 93 46
5 116 116
49 63 28
23 125 11
36 72 109
86 110 86
83 127 127
93 122 46
6 126 126
14 99 99
40 51 51
70 72 51
13 119 110
24 109 109
4 79 78
10 40 64
10 126 64
1 118 1
36 120 120
32 115 32
68 79 90
40 85 48
6 26 60
34 77 77
15 60 60
89 114 114
97 101 55
61 115 61
32 52 32
55 59 55
6 91 25
7 8 32
47 125 47
34 118 121
8 40 30
8 84 30
13 113 110
73 78 78
28 121 121
2 60 60
35 55 86
39 123 74
67 69 116
2 74 2
38 62 57
12 53 52
40 66 66
3 72 24
8 92 30
16 111 61
9 76 104
71 80 71
31 126 106
1 65 1
119 124 124
30 65 30
55 75 55
18 63 50
44 78 78
22 99 99
66 94 127
7 85 32
14 115 69
21 97 77
68 88 88
49 104 104
21 74 77
96 125 128
35 77 86
60 123 60
2 53 2
69 114 69
7 46 32
79 86 86
7 105 32
59 76 76
78 79 78
6 36 109
43 102 98
74 82 76
50 51 50
73 82 76
3 117 83
92 95 125
92 104 104
1 31 1
14 44 69
46 107 107
52 70 51
75 100 59
38 128 128
14 51 51
48 54 72
97 125 79
30 128 128
55 103 107
87 124 1
105 122 2
45 94 127
55 56 55
73 86 86
73 118 121
78 120 78
29 91 29
16 106 106
104 124 104
3 74 24
102 123 74
34 115 114
42 54 42
17 122 47
3 93 46
115 117 83
88 89 88
2 88 88
25 29 29
65 125 66
26 103 107
82 109 76
75 103 107
3 42 42
43 89 98
7 88 32
30 87 1
12 60 60
113 125 125
68 83 83
42 66 42
39 119 15
91 94 127
119 121 121
28 47 28
47 97 47
52 67 116
82 120 120
2 102 2
41 113 88
19 79 71
4 102 78
24 116 116
111 115 61
29 41 29
24 84 115
50 88 88
82 114 76
71 127 127
25 43 25
39 82 76
61 86 86
51 65 51
48 101 55
98 99 99
39 75 75
101 125 55
106 118 121
37 56 120
31 57 106
42 69 42
107 111 107
14 54 69
77 96 128
42 55 42
2 81 81
3 56 53
50 71 50
30 35 30
6 100 59
24 36 109
25 94 127
49 79 28
55 91 55
22 108 22
100 125 59
1 100 1
21 113 77
115 116 116
121 126 121
77 86 86
52 107 107
8 57 30
64 109 64
113 119 15
74 96 128
28 96 28
10 111 61
96 120 128
49 93 28
78 88 88
55 72 55
60 83 60
7 24 32
63 111 61
96 123 128
44 123 126
28 71 28
67 116 116
88 128 88
7 51 32
30 81 30
111 123 61
38 39 57
96 117 128
39 125 125
66 87 1
11 55 11
9 123 104
116 127 127
22 70 51
4 30 78
58 123 29
76 108 76
90 118 121
51 80 42
40 60 60
15 92 15
71 100 71
9 58 29
101 127 127
20 79 81
42 96 42
36 63 112
11 83 11
106 111 61
46 113 46
3 64 64
8 49 28
47 89 47
25 34 114
90 117 83
54 107 107
15 106 15
3 82 76
41 60 88
3 31 106
76 117 76
25 65 25
23 73 11
14 98 69
24 57 24
26 58 29
119 125 15
21 112 77
7 25 32
66 100 59
57 128 128
78 89 78
81 127 127
16 39 89
50 81 50
38 73 57
54 105 2
53 127 127
20 41 88
6 74 74
54 57 72
13 115 110
69 112 69
2 125 2
97 105 2
26 56 60
1 126 1
109 115 115
77 108 77
96 128 128
7 126 32
23 70 51
53 57 53
94 116 127
61 119 61
59 106 59
53 86 86
45 107 107
12 70 51
22 59 22
101 105 2
16 65 66
116 117 116
56 95 53
26 105 60
51 95 51
59 69 69
28 50 50
4 91 78
65 92 66
36 102 109
91 97 25
23 90 11
40 123 48
7 16 32
10 79 64
15 63 112
74 100 59
41 43 88
67 102 116
41 56 88
59 126 59
73 83 83
52 110 52
15 49 28
26 55 60
90 125 90
78 101 78
24 49 28
2 73 2
17 96 128
50 99 99
13 103 107
27 79 79
46 84 46
75 83 83
15 18 50
35 69 86
19 109 71
2 115 2
13 45 124
61 96 128
75 80 42
70 117 51
20 60 60
48 122 48
27 40 48
56 77 77
61 73 61
3 28 28
21 81 81
76 116 116
27 127 127
69 125 69
49 89 28
11 43 11
6 96 128
23 76 11
89 92 89
67 76 116
116 126 116
19 95 71
27 53 53
47 49 28
115 121 121
89 95 89
119 123 15
114 118 121
20 26 60
14 113 69
88 92 88
8 10 30
23 44 11
32 50 32
113 127 127
35 121 121
57 62 57
21 40 77
64 127 127
30 36 30
3 47 47
15 82 76
16 66 66
35 90 86
14 109 69
36 58 29
31 41 88
79 108 22
74 93 46
4 116 116
101 102 55
16 80 42
14 102 69
100 105 2
21 33 99
12 102 52
42 104 104
58 101 29
12 125 52
19 70 71
8 33 99
1 90 1
3 22 22
3 40 24
24 63 112
112 121 121
14 93 69
28 125 28
23 71 71
36 65 66
50 75 50
84 108 22
71 111 71
9 106 104
126 128 128
27 28 28
47 50 50
47 94 127
59 104 104
5 20 81
21 68 77
22 127 127
71 122 71
51 122 51
84 100 59
90 112 112
95 98 98
40 46 46
16 122 89
45 65 124
3 105 2
5 93 46
40 84 115
41 116 88
10 59 59
11 94 127
52 77 52
62 113 75
105 106 2
112 118 121
4 18 50
44 92 126
5 58 29
37 58 29
36 89 109
26 107 107
63 117 83
6 105 2
5 43 98
53 99 99
94 112 127
36 84 115
75 85 75
114 125 114
113 120 120
26 97 60
17 23 47
77 111 61
19 29 29
44 102 126
54 81 81
70 76 51
25 40 25
17 98 47
80 91 42
94 101 127
56 75 53
1 127 1
38 61 61
30 77 30
35 71 71
64 72 64
90 119 15
75 94 127
80 107 107
9 103 107
1 20 1
36 109 109
44 69 69
34 44 114
17 81 81
93 101 55
45 124 124
72 97 79
1 73 1
8 100 30
109 122 109
66 72 66
27 111 61
66 86 86
2 42 42
10 97 64
23 64 11
63 67 116
2 32 32
105 111 61
2 37 120
14 40 69
49 73 28
5 38 57
70 95 51
45 51 124
79 88 88
67 114 116
1 33 1
64 67 116
23 103 107
8 59 30
1 19 1
86 119 86
97 104 104
48 73 48
6 40 48
32 99 32
43 94 127
102 103 107
81 94 127
18 111 50
123 124 124
92 118 121
25 39 25
68 108 22
32 73 32
2 82 2
28 123 28
48 61 61
2 94 127
71 79 71
60 117 60
40 70 51
14 87 1
51 90 51
82 83 76
35 86 86
2 63 2
69 93 69
4 106 78
45 88 88
24 93 46
5 122 122
13 100 110
65 106 66
103 112 107
1 106 1
20 105 81
44 98 98
83 102 83
24 85 24
80 121 121
38 119 15
66 75 66
51 109 51
40 119 15
61 85 61
44 93 46
7 84 32
57 113 57
3 16 24
39 43 98
66 103 107
13 17 47
2 85 2
66 114 114
84 92 115
24 119 15
36 61 61
8 18 50
1 34 1
13 42 42
12 58 29
21 63 77
70 87 1
12 47 47
102 110 110
83 115 83
15 127 127
25 104 104
9 64 104
27 70 51
2 43 2
9 126 104
4 47 78
7 99 32
105 113 2
28 64 28
35 128 128
100 114 114
3 127 127
20 34 81
2 78 78
76 105 2
44 127 127
21 59 77
62 108 22
38 103 107
25 103 107
81 123 81
113 121 121
4 97 78
12 15 52
7 34 32
17 52 47
3 43 98
94 128 127
34 52 52
38 123 74
8 110 30
5 12 52
110 124 124
69 72 69
23 86 86
68 72 90
45 87 1
37 45 124
73 102 6
32 119 32
48 92 48
39 122 122
10 60 60
19 123 71
44 124 124
17 26 60
71 94 127
36 56 53
77 109 77
60 103 107
91 92 25
99 106 99
19 46 71
58 94 29
40 121 121
49 121 121
41 51 88
47 57 47
44 114 114
84 94 127
5 31 106
84 112 115
41 115 88
56 110 110
38 97 79
65 82 76
13 51 51
11 58 29
52 64 52
17 123 47
10 25 25
23 80 42
90 93 46
28 70 28
15 105 2
43 122 98
23 41 88
13 50 50
60 126 60
17 56 47
18 90 50
41 102 88
60 84 60
36 119 15
87 88 1
100 123 59
54 124 124
35 67 116
31 100 59
27 57 122
52 56 52
82 95 76
62 128 128
6 37 120
84 85 115
82 84 76
2 70 51
83 124 124
51 94 127
6 77 77
31 118 121
20 63 81
62 123 74
92 113 125
34 90 114
53 61 61
61 106 61
29 116 29
93 95 46
4 83 78
12 126 52
52 83 52
35 51 86
66 126 66
62 92 125
65 77 77
99 103 99
33 124 99
81 83 81
16 56 53
41 92 88
18 107 107
23 116 116
54 126 72
62 70 51
85 90 90
52 91 52
76 113 76
18 108 50
78 94 127
46 94 127
47 88 88
38 48 48
90 121 121
83 107 107
39 85 85
40 61 61
71 115 71
42 127 127
72 85 72
17 41 88
54 56 53
38 75 57
30 86 30
2 89 2
38 122 122
37 115 120
32 126 32
42 100 42
27 92 122
6 35 86
48 109 109
2 38 2
23 61 61
21 89 77
12 35 86
13 16 110
15 115 115
56 105 2
11 101 11
40 71 71
17 125 47
48 65 66
2 105 2
94 110 127
49 67 116
32 34 32
58 116 29
9 109 104
20 125 81
55 74 55
47 96 128
24 108 22
44 70 51
56 63 53
56 76 76
75 104 104
20 71 71
57 68 90
4 76 78
19 96 71
30 48 30
39 102 6
8 70 30
55 121 121
12 74 52
14 58 29
61 76 61
15 17 47
64 78 78
60 66 60
74 111 61
10 122 64
36 54 109
21 35 86
85 128 128
18 118 121
29 47 29
1 61 1
25 86 86
58 109 29
70 119 51
10 24 64
22 72 22
22 78 78
47 126 47
22 40 22
51 87 1
96 104 104
48 107 107
85 108 22
2 111 61
34 43 114
19 78 78
65 117 66
28 29 29
37 61 61
70 71 71
24 121 121
15 109 15
8 99 99
9 23 104
12 87 1
78 107 107
18 123 50
49 103 107
82 96 128
76 109 76
5 33 99
52 113 52
33 80 99
48 125 48
80 124 42
2 4 78
3 92 24
33 73 99
96 109 128
90 100 59
6 87 1
27 68 90
94 107 107
27 54 72
65 119 66
70 96 128
9 40 104
7 103 32
102 109 109
123 125 125
31 44 106
43 124 124
97 112 112
8 90 30
31 102 106
15 93 46
79 118 121
14 91 69
52 54 52
98 115 98
4 126 78
31 56 53
86 103 107
51 115 51
80 111 42
67 88 88
37 123 120
54 120 120
43 82 76
63 118 121
81 119 81
29 128 29
104 123 104
107 127 107
46 68 46
35 99 99
47 121 121
88 127 88
9 67 116
17 48 47
65 98 66
34 107 107
47 82 47
16 35 86
68 95 90
12 112 52
25 78 78
58 122 29
53 88 88
42 126 42
117 123 83
1 114 1
4 64 78
58 111 29
19 74 71
45 92 124
39 51 51
14 66 69
60 68 60
19 73 71
35 122 86
88 99 88
21 54 77
6 38 57
108 110 22
48 106 106
16 28 28
43 84 98
57 126 126
26 110 60
45 121 121
58 71 29
32 33 32
87 114 1
42 122 42
55 112 55
6 16 89
22 118 121
64 82 76
31 122 106
52 58 29
37 67 116
12 17 47
33 51 99
68 121 121
18 125 50
38 51 51
46 112 46
47 74 47
85 105 2
60 99 99
3 97 79
34 42 42
81 121 121
8 126 30
31 111 61
81 87 1
34 87 1
59 88 88
23 94 127
34 84 114
50 118 121
100 102 59
113 128 128
12 38 52
14 73 69
39 65 66
37 48 120
83 103 107
48 75 48
88 104 88
20 98 81
21 114 77
66 112 66
57 86 86
39 90 90
42 57 42
47 68 47
20 51 51
48 49 28
19 122 71
5 100 59
10 91 25
18 30 50
1 82 1
2 86 86
37 74 120
37 114 120
105 114 2
74 92 125
66 102 66
10 114 114
11 76 11
57 118 121
22 101 55
36 116 116
94 125 127
58 81 29
40 65 66
74 121 121
32 128 32
67 110 116
37 79 120
36 62 109
43 50 50
36 111 61
35 127 127
11 127 127
20 35 86
15 35 86
25 112 25
56 67 116
5 65 66
57 66 66
16 34 114
31 68 90
64 86 86
23 25 11
16 58 29
21 66 77
9 70 104
39 53 53
37 120 120
35 83 86
2 124 124
80 117 42
32 47 32
12 121 121
49 83 28
23 114 11
69 111 61
88 94 88
14 117 69
17 28 28
39 76 76
93 115 46
69 104 104
30 70 30
6 70 51
41 61 88
21 71 71
66 68 66
32 91 32
107 118 107
100 127 127
100 111 61
44 74 126
11 53 11
41 85 88
47 52 47
4 71 78
112 124 124
15 120 120
52 89 52
45 108 124
26 98 60
5 80 42
42 70 42
69 82 76
31 92 106
72 127 127
32 111 32
35 78 78
25 101 55
43 114 114
62 71 71
95 108 22
20 38 81
8 75 30
1 23 1
50 60 60
11 128 128
21 128 128
15 58 29
38 58 29
10 12 52
68 116 116
23 75 11
63 87 1
35 46 86
53 82 76
29 45 29
1 9 1
37 127 127
34 75 114
32 121 32
23 119 11
43 103 107
16 89 89
21 39 77
27 37 120
83 89 83
70 109 51
43 87 1
65 80 42
35 45 86
91 110 110
16 124 124
27 80 42
96 113 128
31 105 2
4 67 116
6 14 69
11 52 52
14 47 47
73 104 104
72 119 15
17 46 47
33 83 99
41 96 88
30 42 42
1 54 1
67 87 1
117 127 127
34 105 2
43 55 55
13 101 55
23 93 11
48 68 90
22 43 22
27 105 2
11 102 11
27 85 122
63 119 112
58 79 29
68 126 90
31 54 106
21 123 77
41 106 88
39 61 61
8 86 30
5 28 28
3 80 42
36 48 109
56 87 1
36 83 83
55 85 55
10 104 104
29 88 29
2 109 2
33 119 99
9 49 104
7 69 32
41 83 88
56 72 53
32 81 32
71 88 88
36 57 109
4 55 78
41 70 88
95 121 121
76 81 81
79 101 55
30 108 30
4 56 78
23 56 11
18 54 50
50 91 50
108 122 22
16 126 89
8 53 30
13 22 22
14 15 69
37 51 51
22 56 22
11 80 42
12 65 52
35 60 60
84 120 120
27 33 99
89 94 127
46 103 107
32 46 32
100 118 121
91 98 25
69 101 55
10 16 64
12 82 52
26 50 60
13 126 110
7 127 32
49 65 28
45 52 124
15 37 120
73 108 22
69 83 69
95 111 61
40 58 29
77 88 88
35 58 29
45 102 124
86 94 127
34 38 114
22 23 11
30 60 60
31 73 106
5 128 128
26 34 60
80 97 42
69 89 69
40 94 127
54 74 72
25 88 88
80 96 42
37 75 120
10 39 64
36 53 53
6 85 6
28 127 127
88 90 88
40 95 48
7 78 32
56 70 51
54 91 25
73 106 106
55 76 76
80 95 42
5 62 73
92 93 46
5 54 72
7 95 32
33 100 99
2 98 2
30 55 30
46 52 52
84 87 1
8 15 30
6 118 121
16 44 89
44 83 83
29 127 29
54 90 90
13 128 128
46 95 46
38 113 57
105 118 121
12 32 32
23 81 81
56 91 25
51 88 88
66 117 66
40 56 53
8 104 104
112 126 112
35 114 86
32 101 32
15 124 124
112 127 127
109 121 121
27 30 30
35 70 86
65 116 116
44 108 22
29 121 29
97 124 124
74 80 42
1 39 1
19 92 71
31 59 59
20 67 116
51 76 51
34 98 114
13 18 50
12 113 52
25 32 32
67 86 116
91 115 25
21 75 77
108 123 22
114 124 124
61 125 61
45 103 107
61 99 99
94 114 127
13 39 110
67 92 116
48 89 89
23 55 11
3 123 24
44 56 53
38 107 107
11 78 78
95 119 15
77 98 77
97 108 22
61 67 116
21 125 77
47 91 47
1 32 1
61 124 124
3 70 51
107 121 107
60 79 60
48 71 71
75 119 15
59 121 121
47 102 47
31 74 106
6 104 104
35 49 28
8 80 42
5 32 32
21 109 77
32 69 32
19 100 71
101 117 55
107 117 107
68 86 86
37 38 120
11 114 11
25 28 28
101 115 55
80 88 88
7 11 32
9 93 104
15 77 77
42 75 42
40 73 48
33 57 99
12 71 71
25 111 61
19 120 71
59 95 59
5 13 110
11 77 11
29 107 29
5 26 60
43 72 98
85 107 107
68 119 15
32 45 32
72 80 42
16 26 60
20 66 81
40 92 48
57 70 51
88 96 88
8 58 29
30 34 30
22 26 60
7 45 32
34 50 50
5 17 47
28 88 88
49 120 28
18 42 50
27 60 60
77 116 116
26 43 60
42 49 28
34 48 114
28 52 28
5 126 126
40 54 72
9 13 104
14 19 71
70 102 51
7 71 32
54 100 59
74 118 121
24 77 77
34 114 114
54 112 112
34 82 76
90 96 128
10 105 2
12 46 52
77 95 77
11 45 124
30 114 30
10 125 64
33 48 99
72 87 1
12 61 61
6 78 78
15 39 15
99 113 99
103 127 107
12 95 52
3 110 110
75 101 55
5 127 127
62 105 2
26 31 60
1 120 1
37 113 120
50 84 50
61 107 107
48 111 61
12 106 52
4 124 78
11 100 11
81 93 81
7 40 32
9 122 104
31 98 98
14 114 69
49 100 28
78 93 78
54 92 72
19 97 71
20 49 28
60 63 60
35 38 86
8 44 30
36 45 124
96 108 128
11 27 11
38 124 124
3 36 109
71 95 71
48 53 53
13 14 110
8 9 104
80 106 42
29 68 29
9 50 50
40 89 89
47 64 47
72 114 114
86 123 86
29 33 29
114 122 114
56 112 53
53 84 53
46 70 51
44 65 66
35 57 86
28 102 28
48 108 22
23 122 11
98 127 127
36 93 46
9 96 104
74 90 90
103 109 107
105 119 2
34 70 51
26 101 60
86 95 86
42 60 60
80 90 42
70 125 51
9 113 104
75 123 74
98 113 98
40 122 48
13 59 110
98 121 121
25 70 51
28 67 116
64 119 15
93 111 61
58 128 29
40 59 59
74 113 74
87 93 1
15 26 60
53 55 55
76 88 88
35 103 107
62 90 90
7 41 32
36 73 109
26 88 88
34 65 114
27 56 53
70 123 51
46 100 59
7 37 32
92 119 15
39 126 126
24 72 24
1 119 1
95 115 115
55 67 116
117 120 120
99 102 99
21 37 120
13 69 110
14 33 99
65 115 66
83 100 59
12 55 52
27 83 83
66 92 66
70 86 86
12 21 52
88 121 88
10 13 110
8 91 30
43 78 78
43 45 124
16 51 51
82 89 76
17 109 47
4 117 78
13 62 110
37 102 120
89 90 90
84 111 61
3 57 24
22 102 22
37 86 86
83 111 61
26 57 60
37 65 120
59 67 116
5 111 61
15 70 51
79 119 15
22 64 22
33 117 99
24 90 90
18 43 50
64 66 66
37 63 120
46 117 46
19 22 71
12 109 52
66 99 99
117 125 83
82 92 76
17 110 47
103 119 107
9 110 104
57 101 55
5 36 109
47 122 47
76 86 86
56 122 53
65 85 66
106 123 106
19 68 71
5 75 73
25 118 121
28 68 28
103 107 107
12 66 52
100 117 59
12 107 107
77 81 81
37 72 120
79 93 46
4 94 127
27 95 122
68 75 90
54 63 112
60 65 60
21 115 77
45 62 124
8 73 30
104 121 121
37 57 120
2 83 2
96 102 128
34 68 114
4 39 78
35 92 86
36 70 51
60 119 60
48 119 15
34 121 121
55 94 127
66 104 104
29 82 29
115 128 128
94 96 127
43 64 98
17 95 47
27 119 15
97 120 120
28 42 28
17 21 47
92 103 107
9 38 104
32 88 32
41 100 88
96 107 107
7 35 32
44 100 59
45 111 124
12 37 120
96 105 128
88 95 88
17 87 1
8 94 127
10 67 116
8 16 30
40 101 55
28 86 28
23 27 11
21 104 104
16 113 89
24 29 29
76 85 76
82 118 121
21 45 124
18 72 50
18 128 50
28 53 28
75 93 46
10 30 30
10 95 64
12 85 52
33 50 99
3 4 78
3 84 115
68 104 104
75 118 121
43 70 51
17 68 47
10 64 64
25 38 25
14 96 128
67 95 116
113 116 116
3 23 11
72 117 83
11 125 11
84 101 55
5 114 114
4 36 78
68 70 51
69 77 77
49 110 28
73 117 83
35 48 86
3 44 24
8 111 30
25 58 29
47 48 47
19 43 71
39 100 59
20 50 50
9 51 104
12 115 52
27 73 122
19 30 71
96 99 99
46 75 46
63 106 112
33 114 99
59 110 110
11 54 11
62 87 1
63 94 127
52 69 52
67 104 116
45 78 78
39 56 53
31 103 107
24 35 86
33 110 99
103 111 107
30 116 116
64 75 64
52 98 52
45 113 124
28 116 116
45 90 124
81 101 81
92 98 98
18 66 50
32 124 32
105 108 2
70 122 51
63 90 112
20 74 81
41 87 1
68 98 98
13 79 110
49 58 29
10 73 64
78 126 78
26 83 60
31 48 106
83 93 46
72 86 86
32 35 32
73 113 73
9 78 78
86 128 128
84 105 2
68 106 90
60 67 60
63 110 110
58 126 29
8 51 30
79 111 61
10 82 76
52 62 52
1 55 1
33 52 99
63 107 107
54 93 46
7 72 32
3 37 120
95 125 125
62 102 6
50 116 116
9 121 121
70 106 51
59 89 59
61 62 61
21 65 77
50 112 50
123 128 128
4 53 78
11 86 86
17 111 47
8 35 30
5 73 73
14 55 55
42 109 42
23 49 28
5 41 88
69 90 69
33 69 99
50 97 50
56 113 53
19 44 71
95 97 79
43 63 98
42 68 42
15 66 66
73 98 98
28 82 28
52 95 52
45 91 124
65 68 66
37 64 120
40 91 25
6 123 74
46 87 1
33 36 99
62 96 128
47 120 47
46 89 46
16 46 46
20 37 81
31 58 29
2 11 2
49 109 28
110 121 121
44 63 112
72 79 79
64 111 61
24 31 106
44 51 51
89 112 112
17 34 47
97 102 79
28 48 28
55 88 88
7 80 32
68 100 59
40 68 90
50 80 50
10 44 64
30 118 121
10 76 76
24 95 24
66 116 116
22 111 61
91 100 25
31 114 114
39 113 85
57 123 74
84 88 88
56 65 66
4 107 107
58 66 29
46 53 46
77 128 128
31 110 110
105 110 2
34 101 55
5 34 114
93 119 46
60 94 60
29 74 29
40 62 48
62 111 61
65 124 124
84 117 83
41 62 88
67 101 116
59 83 59
107 116 107
69 70 51
16 75 89
25 53 25
5 125 125
12 127 127
32 42 32
39 58 29
16 61 61
4 110 78
32 36 32
45 72 124
31 34 114
24 80 42
18 85 50
88 108 88
17 47 47
9 48 104
7 119 32
23 32 32
31 125 106
88 107 88
23 38 11
54 68 90
26 125 60
117 122 83
2 49 28
95 118 121
12 105 2
89 104 104
123 127 127
91 126 25
23 109 11
30 79 30
29 58 29
94 123 127
53 108 22
10 48 64
4 92 78
26 33 99
99 107 99
11 90 11
63 79 112
99 109 99
18 120 50
13 52 52
18 88 88
27 34 114
34 62 114
60 91 60
86 90 86
102 118 121
16 92 89
7 112 32
44 88 88
14 63 69
5 29 29
43 93 46
33 35 99
8 95 30
65 127 127
40 127 127
40 88 88
6 127 127
95 116 116
43 117 98
40 74 48
113 124 124
100 112 59
83 113 83
44 86 86
40 47 47
86 112 86
82 117 76
17 97 47
12 114 52
18 60 60
45 71 71
3 8 30
79 106 79
63 125 112
44 46 46
99 101 99
80 115 42
24 124 124
28 111 28
30 67 116
73 90 90
58 83 29
3 21 77
50 67 116
53 93 46
8 119 30
9 18 50
6 69 69
92 123 125
114 117 114
27 99 99
108 114 22
37 81 81
20 104 104
31 109 109
6 101 55
95 117 83
14 105 2
3 69 69
37 118 121
94 108 127
52 71 71
27 123 122
6 44 126
118 121 121
7 91 32
24 47 47
2 54 2
8 109 30
18 77 50
9 116 116
37 66 120
63 81 81
44 104 104
23 97 11
111 120 61
6 82 76
64 93 46
60 78 60
80 102 42
108 111 61
19 88 88
45 101 124
82 87 1
60 111 60
57 77 77
76 110 76
41 88 88
36 47 47
33 60 99
26 59 60
12 33 99
44 125 126
19 52 71
99 112 99
104 115 104
89 126 89
16 79 79
42 113 42
7 29 29
10 88 88
13 116 116
52 114 52
60 80 60
84 113 115
36 41 88
4 95 78
38 116 116
40 55 55
3 17 47
21 82 77
108 118 121
29 43 29
15 114 114
54 86 86
93 100 59
97 121 121
34 110 110
82 91 76
2 9 104
119 122 15
23 57 11
27 41 88
89 123 89
1 28 1
94 113 127
8 89 30
90 95 90
8 67 116
12 34 52
5 97 79
84 126 115
70 78 78
93 109 46
55 61 61
17 106 47
66 76 76
19 37 71
97 118 121
27 94 127
24 78 78
28 92 28
94 102 127
99 120 99
61 120 61
47 70 51
80 86 42
11 81 81
43 116 116
16 63 112
94 119 127
48 124 124
34 47 47
65 100 59
106 117 83
35 47 86
56 106 53
22 42 42
77 78 78
2 119 2
48 123 48
43 54 98
54 114 114
64 70 51
60 71 60
1 50 1
97 109 79
34 36 114
30 90 30
18 55 50
22 104 104
91 96 128
21 49 28
9 12 104
3 30 30
91 117 25
62 115 115
23 30 30
51 81 51
68 74 90
37 94 127
22 103 107
8 106 30
57 95 57
4 54 78
85 122 122
13 44 110
12 40 52
32 48 32
88 119 88
62 65 66
108 115 22
68 77 77
26 94 60
84 106 115
19 127 127
52 99 99
45 57 124
10 17 47
51 116 116
30 38 30
60 62 60
100 122 59
77 80 42
19 98 71
107 114 107
117 119 83
11 121 121
5 27 122
17 36 47
56 89 53
34 106 114
41 107 88
18 51 50
14 79 69
5 30 30
23 84 11
50 64 50
5 102 6
40 53 53
80 104 104
73 92 125
23 26 60
17 79 47
97 106 79
98 116 116
14 49 28
25 105 2
63 65 66
47 117 47
22 65 22
1 41 1
9 127 127
39 44 126
83 106 83
21 44 77
21 31 77
95 120 120
79 105 2
99 116 99
46 93 46
34 94 127
53 128 128
43 57 98
22 87 1
53 117 83
89 122 89
9 101 104
5 120 120
36 123 109
23 108 11
33 125 99
60 87 1
64 74 64
29 71 29
37 121 121
56 121 121
63 91 25
17 94 127
17 19 71
62 85 75
103 115 107
5 91 25
74 127 127
39 68 90
59 90 59
13 114 110
48 115 115
38 80 42
90 124 124
88 118 88
4 111 78
54 103 107
66 78 78
9 91 104
19 38 71
2 21 2
29 40 29
31 52 52
40 125 48
32 118 32
27 63 112
34 79 114
46 126 46
4 16 78
21 48 77
76 91 76
104 108 104
63 64 112
14 31 69
79 115 115
49 128 28
42 102 42
40 83 83
78 106 78
34 89 114
32 92 32
46 81 81
4 127 127
82 97 76
40 81 81
9 60 60
43 100 59
25 61 61
99 104 99
90 101 55
22 67 116
7 128 32
1 88 1
43 65 66
40 43 98
37 43 120
51 107 107
55 69 55
49 117 28
82 101 76
95 96 128
85 97 79
47 113 47
3 34 114
23 83 11
18 33 99
11 63 11
28 100 28
72 95 72
104 111 104
28 60 60
54 58 29
106 120 120
82 123 76
81 107 107
9 20 104
13 89 110
9 69 104
29 32 29
65 94 127
40 115 115
65 120 120
13 57 110
1 26 1
17 37 47
43 105 2
48 84 115
91 108 22
19 63 71
23 29 29
54 67 116
49 87 1
4 48 78
83 91 25
55 90 55
64 88 88
68 89 90
22 109 22
26 68 60
26 81 60
4 5 78
64 68 64
34 40 114
89 116 116
28 95 28
93 105 2
74 122 122
50 120 50
20 47 81
61 83 61
23 127 127
48 90 90
70 103 107
69 103 107
59 75 59
21 28 28
48 113 48
20 46 81
90 92 90
58 93 29
24 89 24
69 124 124
79 112 112
41 53 88
48 127 127
6 111 61
46 104 104
83 105 2
11 40 11
7 93 32
71 98 71
2 113 2
54 60 60
67 96 116
95 114 114
60 61 60
40 57 48
14 92 69
14 83 69
49 70 28
102 119 15
27 107 107
15 99 99
1 37 1
59 98 59
34 123 114
73 87 1
58 92 29
25 50 50
60 86 60
48 104 104
78 116 116
9 11 104
59 99 99
34 59 114
26 36 60
45 97 124
54 122 72
12 110 52
47 76 47
19 128 71
17 67 116
121 124 121
104 105 104
97 115 115
54 62 72
70 94 127
19 40 71
21 93 77
36 67 116
29 35 29
61 71 71
34 111 61
21 22 77
8 56 30
85 99 99
110 125 110
49 84 28
12 123 52
18 127 127
21 25 77
16 77 77
65 95 66
43 95 98
62 107 107
4 45 78
76 98 76
4 74 78
27 55 55
13 37 120
33 112 99
25 115 25
19 112 71
22 96 128
31 69 69
8 43 30
23 123 11
97 122 79
42 99 99
24 82 76
31 117 83
70 75 51
96 103 107
22 30 30
58 82 29
110 114 110
67 99 99
17 126 47
67 84 116
21 95 77
22 83 22
9 68 104
115 125 115
32 106 32
11 18 50
12 51 51
90 99 99
63 96 128
22 121 121
19 83 71
72 103 107
41 64 88
49 81 28
1 78 1
23 77 11
29 83 29
26 37 60
20 33 99
14 36 69
87 95 1
45 49 28
23 124 124
8 65 30
3 50 50
33 111 99
74 119 15
49 118 121
107 128 107
116 128 116
13 112 110
85 127 127
61 82 61
35 66 86
27 69 69
6 19 71
36 100 59
50 94 127
86 88 88
47 123 47
3 41 88
30 33 99
4 89 78
20 114 81
67 94 127
9 46 104
6 68 90
2 114 2
20 116 116
74 94 127
49 108 28
4 8 78
50 107 107
18 36 50
89 120 120
1 10 1
109 119 15
36 122 109
3 19 71
1 47 1
2 10 2
13 48 110
23 34 11
78 122 78
43 52 52
33 103 99
95 110 110
56 88 88
57 71 71
53 119 53
55 106 55
88 112 88
58 80 29
54 94 127
86 114 86
62 72 72
103 128 107
50 58 29
67 113 116
81 118 121
23 58 29
46 97 46
17 86 86
84 96 128
39 127 127
40 117 83
30 112 30
13 122 110
28 119 28
53 115 53
57 104 104
17 82 47
2 71 71
18 121 121
14 42 42
17 113 47
3 94 127
31 108 22
53 70 51
40 67 116
10 14 69
16 54 89
13 46 110
83 126 83
92 100 59
3 12 52
78 128 78
34 104 104
52 123 52
111 119 61
18 21 50
109 117 83
1 68 1
20 83 81
26 79 60
3 60 60
35 43 86
18 29 29
38 68 90
30 104 104
6 72 72
1 11 1
6 67 116
13 78 78
4 109 78
30 32 32
71 77 71
7 101 32
24 32 32
8 47 30
71 112 71
64 118 121
29 61 29
23 63 11
12 99 99
62 103 107
95 104 104
71 72 71
38 92 125
16 88 88
23 96 128
1 29 1
91 105 2
13 56 110
20 69 81
38 56 53
51 114 51
65 88 88
19 76 71
18 106 50
98 111 61
11 51 51
15 126 15
12 97 52
41 126 88
16 78 78
29 48 29
53 58 29
44 128 128
27 113 122
46 48 46
4 105 78
34 126 114
45 79 124
51 61 51
46 56 46
49 95 28
18 92 50
37 89 120
10 123 64
10 116 116
59 124 124
1 96 1
5 112 112
40 93 46
56 84 53
29 44 29
20 115 81
108 127 127
10 21 77
7 79 32
15 88 88
11 35 86
16 125 89
27 121 121
21 90 77
23 40 11
16 97 79
2 51 51
41 71 88
7 47 32
15 34 114
7 77 32
32 104 32
6 112 112
10 100 59
14 122 69
63 122 112
109 120 120
103 124 107
22 126 22
18 48 50
27 82 76
101 126 55
2 69 2
23 107 107
93 102 46
20 24 81
41 73 88
101 113 55
32 66 32
61 87 1
15 79 15
32 82 32
36 68 90
106 125 106
5 85 73
51 60 60
19 58 29
45 77 124
53 96 128
47 85 47
35 100 86
34 55 55
15 121 121
63 112 112
91 122 25
35 75 86
9 41 88
15 95 15
16 74 89
9 125 104
73 95 73
8 115 30
59 65 59
36 103 107
87 123 1
5 69 69
43 44 98
37 96 128
51 89 51
106 115 115
26 62 60
41 69 88
71 106 71
31 83 83
38 87 1
75 102 6
96 106 128
20 122 81
14 95 69
38 49 28
9 21 104
100 109 59
20 65 81
111 121 121
32 103 32
87 122 1
38 102 57
36 50 50
103 126 107
84 118 121
61 121 121
2 7 32
81 95 81
109 128 128
88 111 88
13 65 110
31 62 106
48 99 99
61 74 61
101 109 55
47 60 60
53 98 98
10 34 114
5 117 83
9 35 104
6 81 81
8 101 30
64 69 69
51 64 51
81 86 86
57 84 115
8 79 30
17 118 121
21 55 77
67 127 127
47 103 107
75 112 112
24 50 50
99 128 99
110 119 110
11 37 120
20 100 81
1 111 1
49 52 28
8 102 30
3 65 66
78 99 99
45 110 124
40 75 48
31 107 107
23 37 120
105 123 2
19 23 71
64 96 128
3 76 76
11 26 60
21 70 51
29 37 29
99 115 99
48 116 116
30 46 30
30 57 30
91 104 104
28 114 28
65 126 66
6 65 66
49 57 28
28 85 28
25 72 25
54 117 83
43 97 98
74 77 77
15 46 46
38 117 83
62 84 115
19 51 71
42 94 127
23 112 11
53 63 53
5 107 107
46 50 50
64 83 83
3 113 24
33 37 99
33 94 99
17 24 47
14 56 69
43 101 55
20 77 81
40 82 76
105 125 2
81 112 81
46 101 55
50 52 50
114 121 121
120 124 124
17 92 47
11 17 47
66 96 128
28 87 1
107 113 107
78 113 78
42 80 42
42 62 42
33 82 99
6 49 28
47 81 81
72 100 59
77 97 77
4 15 78
2 100 2
30 53 30
14 53 69
94 103 107
70 73 51
32 105 32
70 93 51
105 109 2
92 111 61
14 37 120
80 128 42
57 103 107
82 125 76
87 92 1
34 46 114
17 117 47
45 48 124
31 97 79
14 30 30
84 119 115
98 118 121
11 97 11
45 66 124
41 47 88
39 59 59
49 94 127
38 81 81
79 91 25
9 44 104
15 125 15
46 111 61
35 85 86
52 61 61
20 68 81
82 126 76
11 88 88
47 75 47
18 24 50
50 78 50
56 101 55
23 69 11
56 124 124
7 38 32
97 98 98
69 116 116
1 105 1
5 110 110
2 67 116
29 98 29
77 93 77
69 76 76
35 74 86
11 98 11
119 120 120
13 34 110
49 101 28
20 57 81
8 105 30
3 27 24
44 119 15
65 97 66
55 82 76
95 102 6
18 71 50
14 106 69
36 127 127
4 27 78
49 64 28
93 128 128
29 120 29
10 121 121
27 62 122
78 125 78
56 90 53
24 120 120
24 92 24
38 63 112
3 111 61
89 117 83
2 58 29
8 85 30
65 67 116
41 118 88
6 79 79
37 40 120
58 64 29
17 40 47
1 24 1
10 38 64
36 94 127
89 101 55
63 102 112
90 109 90
2 19 71
4 14 78
51 119 51
34 100 114
100 108 22
18 75 50
4 123 78
63 85 112
28 128 28
60 118 60
32 90 32
16 91 25
62 64 64
82 94 127
81 84 81
46 88 88
3 25 25
24 126 24
26 108 60
43 74 98
111 126 61
33 63 99
49 97 28
31 93 46
51 68 51
75 114 114
29 50 29
2 87 1
53 69 69
99 108 99
38 84 115
3 89 24
65 75 66
6 13 110
25 82 76
62 68 90
17 69 47
79 104 104
8 82 30
98 105 2
80 120 42
97 117 83
40 128 128
54 95 72
85 124 124
25 89 25
22 24 22
34 63 114
79 103 107
8 88 88
54 109 109
82 111 61
19 105 71
13 24 110
70 99 99
37 54 120
61 105 61
19 28 28
80 118 121
1 80 1
8 34 30
5 83 83
62 93 46
16 119 15
19 81 71
33 76 99
17 62 47
50 82 50
69 97 69
20 59 81
10 68 64
35 40 86
44 84 115
39 91 25
3 62 24
119 126 15
40 97 79
61 70 51
99 110 99
36 44 109
5 109 109
67 72 116
29 112 29
65 84 66
43 126 98
16 45 124
86 104 104
56 62 53
82 119 76
60 106 60
10 112 112
37 103 107
9 66 104
93 104 104
41 121 88
47 69 47
55 124 124
23 88 88
62 117 83
13 77 77
71 84 71
64 77 77
36 114 114
22 85 22
56 96 128
17 119 47
19 86 71
95 103 107
14 101 55
11 75 11
8 117 30
34 86 86
99 127 99
38 43 98
23 110 11
43 71 71
1 43 1
45 112 124
37 97 120
41 128 88
9 117 104
64 87 1
44 57 126
47 86 86
64 128 128
54 99 99
19 116 116
61 100 61
79 127 127
9 89 104
31 75 106
17 63 47
38 64 64
34 41 88
83 94 127
47 71 71
37 106 120
61 108 61
49 124 28
16 68 90
15 61 61
101 114 55
11 16 11
43 48 98
3 5 24
7 102 32
98 102 98
12 91 52
76 80 42
25 99 99
20 53 81
90 126 90
3 116 116
37 92 120
25 41 88
24 59 59
84 115 115
70 97 51
44 97 79
2 103 107
39 77 77
7 57 32
65 123 66
9 29 29
28 105 28
1 60 1
24 117 83
63 68 112
3 115 115
25 62 25
62 122 122
33 40 99
69 110 110
95 99 99
66 95 66
50 89 50
20 75 81
42 58 29
5 67 116
3 95 24
21 58 29
96 122 128
36 77 77
74 75 74
71 121 121
24 104 104
6 73 6
36 115 115
62 94 127
32 122 32
30 62 30
10 18 50
31 65 66
47 128 128
103 116 107
82 112 76
13 85 110
80 119 42
65 102 66
44 67 116
58 98 29
5 14 69
29 67 29
37 49 28
94 109 127
23 104 104
16 31 106
4 86 78
74 101 55
55 78 78
85 117 83
27 58 29
49 112 28
93 117 46
60 108 60
50 117 50
50 62 50
19 101 71
31 95 106
32 116 32
20 32 32
3 66 66
29 99 29
43 83 98
86 97 86
49 102 28
5 50 50
22 112 22
12 36 52
44 85 126
51 77 51
5 118 121
96 119 128
2 118 121
75 109 109
31 63 112
64 100 59
35 115 86
28 120 28
6 11 11
40 44 126
32 61 32
60 88 88
16 48 89
73 122 122
80 82 42
10 127 127
90 115 115
99 121 99
18 81 50
20 25 81
60 95 60
12 117 52
91 95 25
61 65 61
22 74 22
31 72 106
54 65 66
44 47 47
6 54 72
73 105 2
9 28 104
27 44 126
34 97 114
2 40 2
32 72 32
68 94 127
4 118 121
27 122 122
31 33 99
61 97 61
17 27 47
19 48 71
36 125 109
27 125 122
17 105 47
7 53 32
15 19 71
32 95 32
10 41 88
5 123 74
43 115 98
95 126 126
5 56 53
51 52 51
53 114 114
11 33 99
3 102 24
1 112 1
38 82 76
95 101 55
21 64 77
26 84 60
22 62 22
33 67 99
20 119 81
29 85 29
5 16 89
85 95 85
53 116 116
107 123 107
32 49 32
72 78 78
45 105 124
7 114 32
7 120 32
68 109 90
8 60 60
3 125 24
39 40 48
16 18 50
31 85 106
34 51 51
4 119 78
54 123 72
79 99 99
23 24 11
25 109 25
6 55 55
20 121 121
1 58 1
42 56 42
47 62 47
54 85 72
9 77 104
42 112 42
16 107 107
19 21 71
78 100 78
55 111 61
23 82 11
77 89 77
23 105 2
64 94 127
26 89 60
9 112 104
57 94 127
21 116 116
17 88 88
25 49 28
73 111 61
10 29 29
16 73 89
33 41 88
9 128 104
2 104 104
38 95 57
4 9 78
3 122 24
46 98 46
36 74 109
22 113 22
29 118 29
36 75 109
2 99 99
65 79 66
9 31 104
5 24 24
22 114 22
7 96 32
34 112 114
108 120 120
65 96 128
17 31 47
86 115 86
103 123 107
20 124 124
10 119 15
