128 4105
29 87 1
75 87 1
19 87 1
16 85 87
16 101 87
16 94 87
66 106 16
66 88 16
66 122 16
93 99 66
93 112 66
76 93 66
61 118 93
24 118 93
22 118 93
17 127 118
10 17 118
17 104 118
50 52 17
52 53 17
30 52 17
2 102 52
6 102 52
40 102 52
79 126 102
43 126 102
64 126 102
25 62 126
58 62 126
11 62 126
41 108 62
4 108 62
47 108 62
42 121 108
46 121 108
72 121 108
69 81 121
18 69 121
69 98 121
31 71 69
26 71 69
33 71 69
20 116 71
20 86 71
20 45 71
56 107 20
56 57 20
56 84 20
70 100 56
70 77 56
55 70 56
32 37 70
32 34 70
32 82 70
3 14 32
3 89 32
3 83 32
38 78 3
27 38 3
38 110 3
54 125 38
35 54 38
8 54 38
120 123 54
28 120 54
59 120 54
9 67 120
44 67 120
65 67 120
48 128 67
92 128 67
5 128 67
103 115 128
73 103 128
103 119 128
13 39 103
12 39 103
21 39 103
15 97 39
15 124 39
15 36 39
51 74 15
51 68 15
51 80 15
49 63 51
49 90 51
49 109 51
60 113 49
60 105 49
60 114 49
7 96 60
7 95 60
7 111 60
91 117 7
23 91 7
29 91 1
75 91 1
19 91 1
85 91 87
91 101 87
91 94 87
91 106 16
88 91 16
91 122 16
91 99 66
91 112 66
76 91 66
61 91 93
24 91 93
22 91 93
91 127 118
10 91 118
91 104 118
50 91 17
53 91 17
30 91 17
2 91 52
6 91 52
40 91 52
79 91 102
43 91 102
64 91 102
25 91 126
58 91 126
11 91 126
41 91 62
4 91 62
47 91 62
42 91 108
46 91 108
72 91 108
81 91 121
18 91 121
91 98 121
31 91 69
26 91 69
33 91 69
91 116 71
86 91 71
45 91 71
91 107 20
57 91 20
84 91 20
91 100 56
77 91 56
55 91 56
37 91 70
34 91 70
82 91 70
14 91 32
89 91 32
83 91 32
78 91 3
27 91 3
91 110 3
91 125 38
35 91 38
8 91 38
91 123 54
28 91 54
59 91 54
9 91 120
44 91 120
65 91 120
48 91 67
91 92 67
5 91 67
91 115 128
73 91 128
91 119 128
13 91 103
12 91 103
21 91 103
91 97 39
91 124 39
36 91 39
74 91 15
68 91 15
80 91 15
63 91 51
90 91 51
91 109 51
91 113 49
91 105 49
91 114 49
91 96 60
91 95 60
91 111 60
1 91 1
16 91 16
91 93 93
17 91 17
91 102 102
62 91 62
91 121 121
71 91 71
56 91 56
32 91 32
38 91 38
91 120 120
91 128 128
39 91 39
51 91 51
60 91 60
10 99 66
4 41 62
16 17 16
12 16 16
49 92 67
15 109 15
105 128 128
36 103 103
41 121 62
85 94 87
46 66 66
16 104 16
9 128 120
63 109 51
23 117 7
105 114 49
41 55 62
27 96 3
36 124 39
102 114 102
87 106 87
60 66 66
18 53 17
31 32 69
42 46 108
22 25 93
43 79 102
2 6 52
88 106 16
10 110 118
63 85 87
40 119 52
8 125 38
31 66 66
69 79 102
30 53 17
49 86 71
10 127 118
1 64 1
25 66 66
4 120 62
49 85 87
113 114 49
32 115 32
33 52 52
1 89 1
97 113 39
36 95 39
19 90 1
5 92 67
69 102 102
18 87 87
60 65 120
59 67 54
56 71 71
17 84 17
16 107 16
39 89 32
15 102 102
9 44 120
66 127 66
83 97 32
83 115 32
34 57 20
12 45 71
44 62 62
94 101 87
52 107 52
36 97 39
20 72 108
105 115 128
15 67 67
28 33 69
18 37 121
1 83 1
41 43 102
46 72 108
96 114 49
12 70 70
16 39 16
41 47 62
54 83 32
66 69 66
27 110 3
65 69 69
35 125 38
15 113 15
53 66 66
1 51 1
10 59 118
77 102 102
6 48 52
9 21 120
63 90 51
26 32 69
30 50 17
55 79 102
1 98 1
28 34 70
13 125 38
14 61 93
21 111 103
104 127 118
50 67 17
22 96 93
73 82 70
25 58 126
11 25 126
49 100 56
48 93 93
5 96 67
37 82 70
44 66 66
93 116 93
95 111 60
16 32 16
4 109 62
95 109 51
12 42 108
29 84 1
10 104 118
7 56 56
25 64 102
19 75 1
29 75 1
26 63 69
12 13 103
53 118 118
27 78 3
12 35 38
32 120 32
26 81 121
43 90 102
56 92 56
66 110 66
16 99 16
37 121 121
10 113 118
111 128 128
8 35 38
94 109 87
6 65 52
13 21 103
7 115 128
27 69 69
20 108 108
27 123 3
5 109 67
52 83 52
13 16 16
97 121 121
73 109 128
17 117 17
57 107 20
28 59 54
56 82 56
7 80 15
66 102 66
99 112 66
20 37 20
61 87 87
1 16 1
43 87 87
44 65 120
25 85 87
49 74 15
66 70 66
32 107 20
52 111 52
42 89 108
51 92 67
59 98 121
64 118 118
21 105 103
92 96 67
63 108 108
43 63 102
117 120 120
3 62 62
49 68 15
51 101 87
32 121 121
5 124 67
111 114 49
16 73 16
42 72 108
55 77 56
9 35 38
44 84 20
41 102 102
14 52 52
48 111 67
6 87 87
98 108 108
71 78 71
79 87 87
1 26 1
16 86 16
32 92 32
24 85 87
5 48 67
64 121 102
76 109 66
95 117 60
24 71 93
106 123 16
45 99 66
50 62 17
8 37 70
16 113 16
67 79 102
74 80 15
56 58 126
97 117 39
17 107 17
11 54 126
11 58 126
10 46 118
85 87 87
62 69 62
45 86 71
14 69 69
24 96 93
28 126 126
15 125 38
4 106 16
4 119 62
50 53 17
19 103 1
73 117 128
70 86 71
1 84 1
89 115 32
47 124 62
16 126 16
60 127 118
34 114 70
21 98 121
10 64 118
28 56 56
88 122 16
17 58 17
13 33 69
18 116 121
1 126 1
36 100 56
69 125 69
88 105 16
23 109 51
49 77 56
38 49 38
123 125 38
96 111 60
10 118 118
12 61 93
24 98 93
23 85 87
85 101 87
87 123 87
69 71 69
4 47 62
80 84 20
15 39 39
6 19 1
25 87 87
27 106 16
7 127 118
1 61 1
1 62 1
68 117 15
76 126 66
5 11 126
92 110 3
35 67 38
12 14 32
3 22 93
55 81 121
55 102 102
38 42 108
102 109 102
60 82 70
48 82 70
70 80 70
45 116 71
67 125 38
57 84 20
41 107 62
37 101 87
87 118 87
79 94 87
54 124 54
13 44 120
14 78 32
86 116 71
73 85 87
52 109 52
1 19 1
1 101 1
18 52 52
118 126 118
1 24 1
28 125 38
33 44 69
41 109 62
34 82 70
3 27 3
92 118 118
21 51 103
105 113 49
9 89 32
122 123 16
15 115 128
12 21 103
14 82 70
52 54 52
17 18 17
27 100 56
20 119 20
81 98 121
73 123 54
1 75 1
95 97 39
12 105 103
33 125 69
97 108 108
53 87 87
63 115 128
26 110 69
62 96 62
15 104 118
16 55 16
25 124 126
115 126 126
13 28 54
80 113 15
16 62 16
48 92 67
66 119 66
77 84 20
18 29 1
59 123 54
58 125 126
38 54 38
89 93 93
16 103 16
41 42 62
40 95 52
9 99 66
18 104 118
52 66 66
1 40 1
17 30 17
95 96 60
37 127 118
21 107 20
52 62 52
54 120 54
12 92 67
84 125 20
87 103 87
86 118 118
124 126 126
62 72 62
76 83 66
47 110 62
29 115 1
7 78 3
32 81 121
58 63 126
98 102 102
20 77 20
3 107 20
19 74 1
73 119 128
35 61 93
14 83 32
25 98 126
9 60 120
25 107 126
14 89 32
56 112 66
77 113 56
63 78 3
34 70 70
35 126 126
111 117 60
77 100 56
68 73 128
24 30 93
6 40 52
80 94 87
25 83 126
76 99 66
28 100 56
105 111 49
12 80 103
3 124 3
1 88 1
77 105 56
34 35 70
66 128 66
97 98 121
12 120 120
52 124 52
69 110 69
59 126 126
73 75 1
39 78 3
20 92 20
29 93 1
73 89 32
108 115 108
2 3 52
46 48 108
27 87 87
29 61 1
79 93 93
18 118 118
46 126 126
1 50 1
97 114 39
40 65 52
18 98 121
1 54 1
46 63 108
72 73 108
70 89 70
48 85 87
115 119 128
16 122 16
42 116 108
87 94 87
6 66 66
74 109 15
39 47 62
33 73 69
23 84 20
59 112 66
14 87 87
3 81 121
84 85 87
31 33 69
78 118 118
34 37 70
9 121 121
34 123 70
23 95 60
7 108 108
73 125 38
76 87 87
43 77 102
25 110 126
90 108 108
68 90 15
97 124 39
23 107 20
59 111 54
37 75 1
17 53 17
78 110 3
26 31 69
17 82 17
12 87 87
23 68 15
90 105 51
103 126 126
4 87 87
65 123 54
26 29 1
2 58 52
27 51 3
92 114 67
45 95 71
1 102 1
55 86 71
26 33 69
9 108 108
21 80 103
19 24 1
56 117 56
42 69 108
63 69 69
68 80 15
20 122 16
1 85 1
65 125 38
8 102 102
2 87 87
16 93 16
14 102 102
86 107 71
13 40 52
17 54 17
40 104 118
111 113 49
8 24 93
32 101 87
9 26 69
8 67 38
19 68 1
61 107 93
1 14 1
69 118 118
87 112 87
20 59 20
16 112 16
102 110 102
67 88 16
2 110 52
14 114 32
52 121 52
1 105 1
57 75 1
7 17 17
43 118 118
89 95 32
75 84 1
70 126 126
8 121 121
65 122 16
22 66 66
59 70 70
39 119 128
73 115 128
23 48 67
18 35 121
15 37 70
83 89 32
61 71 93
48 103 67
11 34 126
1 82 1
63 111 51
10 96 118
28 69 69
11 118 118
61 93 93
74 90 15
39 70 70
39 41 62
60 90 51
5 61 93
21 84 20
3 73 3
87 128 87
49 124 39
7 19 1
83 109 32
86 113 71
23 105 49
7 79 102
29 116 1
87 99 87
82 128 70
20 107 20
19 29 1
9 105 120
22 24 93
8 93 93
1 79 1
14 77 56
38 90 38
74 115 128
11 56 126
14 32 32
68 74 15
78 93 93
4 118 118
66 68 66
113 123 54
82 92 70
24 107 93
46 98 108
2 45 52
20 100 20
27 97 3
32 122 16
67 120 120
65 96 120
77 118 118
65 79 102
14 20 20
52 84 52
34 121 121
32 119 32
96 117 60
69 70 69
67 124 67
106 122 16
62 82 62
26 53 17
22 61 93
48 75 1
61 77 93
30 37 17
34 108 108
109 120 120
2 94 87
36 78 3
95 113 49
10 12 118
34 40 52
16 87 87
67 108 108
3 24 93
35 110 3
11 102 102
38 66 66
51 96 51
49 83 32
6 43 52
63 122 16
57 71 71
48 58 126
57 87 87
56 104 118
4 103 62
7 123 54
92 97 67
62 88 16
61 66 66
44 54 54
23 124 39
3 76 66
1 116 1
13 100 56
17 63 17
89 122 16
2 40 52
8 104 118
8 36 38
2 115 52
78 98 121
22 50 93
123 127 118
45 78 71
38 108 108
6 41 52
37 72 108
36 125 38
56 59 56
84 108 108
74 96 15
90 109 51
42 79 102
34 95 70
13 68 103
37 62 62
64 79 102
52 119 52
13 50 17
6 11 52
10 44 118
87 88 87
23 56 56
37 112 66
1 52 1
56 100 56
1 30 1
25 127 118
35 86 71
44 82 70
25 70 126
7 114 49
5 97 67
71 111 71
32 73 32
68 82 70
102 108 102
45 112 66
67 115 67
27 113 3
25 118 118
38 59 38
43 122 16
43 64 102
95 123 54
81 112 66
74 82 70
18 81 121
94 104 87
78 119 3
40 71 52
14 115 32
52 82 52
68 89 32
18 70 121
103 118 118
4 52 52
46 76 66
42 120 108
12 73 128
1 87 1
66 107 66
55 101 87
9 65 120
93 128 93
39 83 32
35 87 87
23 80 15
116 125 71
1 10 1
45 77 71
79 116 102
32 123 32
117 124 39
90 125 38
42 84 108
21 93 93
102 107 102
49 56 56
83 102 102
16 88 16
45 127 118
93 107 93
7 128 128
20 66 66
42 90 108
112 120 66
1 118 1
67 105 67
76 112 66
7 52 52
44 63 120
5 60 67
24 61 93
72 108 108
40 87 87
54 115 54
95 112 66
17 50 17
5 106 16
49 128 128
8 119 38
79 115 102
12 74 103
97 101 87
18 108 108
42 108 108
32 108 108
33 83 69
107 111 20
63 117 51
4 111 62
95 114 49
107 114 20
66 105 66
35 102 102
25 82 126
36 62 62
51 70 70
16 66 16
19 112 1
26 66 66
57 79 102
66 120 66
67 126 126
1 124 1
75 94 1
32 126 126
87 101 87
3 11 126
88 107 16
49 79 102
78 115 3
124 128 128
45 106 16
7 43 102
83 101 87
8 120 38
19 89 1
49 112 66
16 74 16
9 113 120
43 66 66
121 123 121
15 48 67
4 89 62
43 112 66
9 37 70
103 109 103
10 16 16
1 112 1
93 102 93
3 105 3
61 85 87
45 123 71
9 64 102
81 108 108
51 59 54
1 29 1
26 111 69
5 22 93
44 118 118
95 121 121
124 125 38
1 66 1
51 115 128
23 67 67
23 90 51
82 108 108
28 121 121
41 78 62
24 31 93
13 107 20
82 109 70
95 115 128
34 56 56
17 97 17
25 26 126
52 70 52
60 123 54
109 113 51
66 121 66
26 93 93
14 19 1
5 37 70
31 84 69
80 114 15
11 18 126
26 85 87
119 120 120
66 93 66
110 122 16
80 128 128
86 89 71
28 83 32
44 73 120
16 116 16
73 110 3
35 38 38
57 92 20
70 128 70
12 37 70
1 27 1
4 125 62
8 17 17
16 59 16
28 53 17
42 71 108
52 58 52
77 109 56
45 74 71
35 65 38
67 93 93
23 63 51
1 17 1
16 70 16
89 121 121
12 115 128
32 118 118
86 102 102
38 71 71
39 76 66
46 81 108
59 96 54
74 127 118
17 59 17
82 105 70
49 62 62
74 123 54
35 101 87
39 108 108
81 83 121
66 81 66
45 69 69
14 17 17
13 14 32
29 86 1
23 114 49
17 87 87
16 114 16
14 50 17
18 55 121
11 50 17
31 50 17
11 52 52
30 94 87
35 122 16
65 112 66
7 93 93
25 61 93
87 122 87
71 114 71
17 25 17
88 92 16
77 98 121
63 76 66
18 126 126
104 123 118
12 117 103
5 65 120
16 127 16
4 10 118
70 116 71
43 51 102
118 121 118
23 113 49
35 40 52
87 108 87
5 81 121
63 83 32
7 26 69
2 63 52
21 56 56
67 101 87
107 124 20
10 87 87
14 44 32
24 78 93
65 70 70
88 104 16
58 79 102
54 102 102
69 86 69
20 74 20
79 89 102
40 118 118
16 79 16
71 122 16
22 110 93
15 35 38
88 98 16
82 89 70
1 93 1
18 71 121
63 113 51
103 113 103
55 100 56
24 74 93
15 71 71
13 25 126
66 113 66
84 113 20
32 33 69
55 82 56
4 6 52
11 60 126
37 66 66
57 93 93
69 117 69
30 118 118
21 95 103
16 121 16
12 63 103
50 65 17
46 52 52
7 45 71
18 36 121
39 82 70
1 58 1
55 56 56
52 101 87
96 116 71
97 125 38
77 124 56
73 107 20
84 107 20
33 89 69
3 48 3
17 39 17
17 66 66
51 52 52
21 27 3
16 58 16
41 62 62
5 105 67
43 111 102
26 40 52
70 82 70
61 75 1
23 122 16
11 45 126
96 105 49
4 17 17
32 128 32
48 53 17
5 74 67
28 123 54
59 64 102
34 124 70
10 112 66
2 71 52
24 87 87
7 71 71
35 105 38
18 45 121
39 65 120
51 127 118
60 62 62
33 57 69
87 127 87
47 52 52
15 28 54
23 111 60
73 122 16
74 126 126
15 68 15
85 122 87
90 128 128
32 55 56
49 66 66
16 65 16
28 38 38
47 56 62
66 83 66
94 106 87
67 109 67
100 127 118
69 119 69
7 86 71
54 80 54
84 89 20
88 117 16
58 66 66
80 115 128
70 88 16
84 98 121
39 94 87
5 93 93
32 56 56
38 44 38
1 56 1
33 126 126
12 18 121
53 69 17
21 54 54
57 123 20
52 98 52
37 47 62
33 65 69
17 32 17
54 66 66
87 107 87
48 77 56
42 114 108
36 82 70
59 119 54
43 117 102
9 76 66
10 43 118
79 107 102
1 99 1
63 74 15
13 80 103
22 87 87
20 31 69
98 107 121
36 80 39
16 118 16
21 68 103
94 108 87
25 67 126
26 75 1
73 93 93
11 17 17
67 110 3
111 127 118
35 78 3
33 124 69
8 113 38
93 98 93
43 124 102
17 57 17
67 102 102
46 69 108
9 53 17
103 128 128
103 104 118
120 121 121
16 31 16
100 104 118
16 47 16
52 80 52
67 128 67
28 87 87
6 29 1
18 90 121
42 103 108
89 117 32
32 54 32
2 21 52
37 89 70
47 81 62
57 77 20
17 96 17
16 27 16
20 120 20
51 90 51
59 95 54
24 38 93
68 113 15
12 77 56
3 52 52
32 86 71
28 71 71
66 74 66
17 116 17
71 86 71
92 120 120
9 17 17
65 68 120
4 66 66
36 105 39
39 64 102
68 75 1
49 94 87
16 36 16
63 96 51
55 121 121
51 61 93
39 66 66
8 95 38
53 64 17
86 106 16
17 125 17
3 98 121
7 33 69
112 123 66
36 63 39
29 74 1
47 105 62
27 89 32
1 115 1
56 121 121
35 119 38
16 30 16
76 114 66
83 92 32
60 84 20
46 77 108
102 111 102
24 66 66
16 89 16
23 66 66
15 85 87
57 74 20
16 53 16
49 67 67
13 71 71
52 67 52
41 58 126
23 81 121
32 125 32
74 98 121
89 128 32
26 86 69
4 69 62
34 51 70
1 65 1
19 98 1
100 108 108
28 90 54
52 69 52
112 117 66
81 90 121
32 47 62
73 96 128
105 122 16
2 101 87
23 86 71
106 114 16
61 113 93
16 81 16
15 54 54
11 21 126
69 128 69
48 62 62
61 78 93
86 110 71
37 87 87
15 21 103
2 44 52
16 98 16
1 53 1
35 37 70
19 41 1
15 84 20
62 94 87
27 103 3
33 54 69
29 98 1
24 33 93
60 116 71
69 111 69
101 107 87
95 124 39
105 117 49
43 74 102
70 122 16
38 105 38
15 91 15
110 115 3
12 69 69
36 37 70
34 104 118
56 77 56
33 75 1
108 118 118
16 54 16
1 28 1
4 117 62
51 56 56
68 95 15
21 94 87
88 126 16
78 87 87
22 101 87
67 74 67
81 124 121
33 121 121
68 108 108
16 34 16
71 103 71
12 93 93
16 64 16
2 127 118
47 93 93
60 70 70
56 62 62
9 95 120
4 94 87
117 119 128
42 102 102
8 76 66
38 111 38
12 49 103
115 128 128
3 78 3
11 28 126
58 93 93
34 128 70
87 126 87
66 98 66
57 76 66
32 67 32
2 14 52
110 128 3
55 89 56
48 101 87
93 109 93
32 50 17
23 58 126
13 115 128
4 12 62
63 123 54
50 118 118
41 119 62
23 96 60
37 117 70
42 59 108
12 121 121
60 89 32
71 125 71
12 96 103
16 51 16
3 28 3
98 118 118
54 77 56
33 35 69
18 48 121
51 75 1
7 116 71
93 104 93
55 65 56
23 83 32
56 118 118
5 54 54
78 102 102
67 98 121
25 63 126
2 57 52
2 17 17
73 124 128
51 113 51
68 118 118
2 78 52
51 60 51
59 108 108
39 51 39
35 97 38
95 105 49
80 90 15
43 114 102
17 108 17
58 74 126
9 120 120
1 38 1
14 35 32
13 36 103
39 98 121
69 121 121
1 94 1
26 115 69
94 96 87
8 9 38
23 119 128
71 124 71
105 106 16
102 119 102
46 102 102
7 51 51
23 59 54
1 67 1
68 69 69
50 114 17
53 101 87
12 111 103
52 65 52
8 65 38
85 128 87
96 113 49
63 95 51
83 104 118
10 66 66
64 73 102
1 35 1
11 125 126
13 79 102
20 28 20
86 125 71
22 98 93
5 59 54
64 96 102
24 49 93
32 71 71
21 44 120
12 126 126
16 97 16
81 93 93
12 38 38
83 118 118
2 90 52
108 112 66
53 61 93
59 93 93
22 29 1
32 43 102
36 54 54
66 87 87
7 62 62
107 118 118
116 118 118
42 96 108
23 77 56
81 115 121
16 24 16
28 39 54
17 123 17
82 111 70
14 80 32
70 125 70
41 126 126
102 126 102
107 128 20
101 115 87
17 40 17
60 68 15
1 104 1
116 127 118
38 51 38
7 77 56
70 108 108
82 84 20
100 116 71
100 118 118
67 106 16
102 118 118
7 44 120
81 127 118
7 121 121
3 74 3
104 121 118
74 111 15
3 102 102
28 55 56
27 59 3
14 31 69
86 93 93
84 109 20
36 109 39
38 52 52
59 102 102
63 80 15
97 126 126
44 52 52
113 115 128
39 115 128
12 85 87
105 108 108
34 63 70
19 113 1
47 96 62
18 93 93
85 108 87
1 22 1
7 55 56
30 33 17
44 114 120
1 106 1
35 49 38
35 42 108
35 44 38
57 59 20
58 64 102
26 43 102
1 72 1
105 121 121
47 116 62
112 113 66
48 114 67
14 85 87
3 34 70
2 66 66
5 27 3
1 49 1
47 106 16
5 21 67
32 66 66
5 49 67
48 88 16
72 90 108
29 76 1
20 61 93
1 11 1
78 84 20
9 118 118
5 56 56
67 119 67
25 31 126
1 122 1
7 117 7
49 59 54
25 43 102
21 73 128
36 115 128
38 98 121
66 76 66
78 123 3
96 128 128
6 112 66
47 92 62
13 64 102
13 67 67
52 102 52
99 114 66
64 76 66
75 101 1
72 97 108
100 107 20
3 93 93
66 80 66
7 20 20
3 4 62
61 97 93
25 92 126
27 118 118
58 60 126
35 116 71
12 47 62
19 44 1
29 105 1
66 125 66
12 98 121
57 94 87
81 82 121
64 113 102
28 43 102
31 75 1
21 102 102
88 96 16
18 72 108
19 84 1
71 127 118
8 16 16
70 91 70
46 59 108
18 119 121
53 84 17
85 116 87
10 90 118
87 100 87
14 117 32
23 110 3
108 126 126
27 63 3
53 116 17
36 51 39
55 61 93
5 120 120
38 86 71
65 83 32
12 113 103
13 65 120
72 83 108
80 109 15
6 21 52
19 122 1
59 113 54
87 97 87
68 102 102
17 72 17
33 46 108
66 99 66
13 95 103
66 109 66
30 114 17
57 128 20
24 115 93
19 115 1
92 126 126
20 25 126
36 123 54
118 127 118
44 60 120
9 90 120
16 38 16
7 54 54
28 47 62
90 113 51
55 69 69
92 117 67
15 70 70
67 85 87
10 52 118
10 81 118
14 103 32
17 99 66
64 82 102
37 100 56
47 55 62
16 63 16
66 94 87
24 114 93
43 83 102
35 74 38
100 101 87
104 126 118
12 72 108
9 41 62
39 43 102
3 60 3
99 106 16
73 120 120
47 98 62
6 110 52
102 123 102
56 119 56
92 125 38
7 23 7
57 125 20
34 38 70
6 83 52
74 119 128
15 76 66
29 55 1
39 73 128
20 115 20
51 95 51
27 84 20
3 59 3
70 99 66
23 49 49
83 113 32
87 98 87
7 66 66
44 113 120
31 69 69
55 93 93
35 80 38
73 94 87
54 84 20
44 68 120
99 108 66
79 102 102
78 89 32
71 74 71
54 107 20
45 62 62
16 82 16
33 68 69
5 76 66
19 116 1
17 79 17
73 90 128
23 102 102
59 75 1
85 89 87
74 95 15
35 98 121
56 96 56
27 126 126
18 68 121
10 116 118
67 83 32
82 122 16
17 42 17
56 89 56
51 103 103
43 89 102
1 76 1
95 125 38
15 77 56
27 70 70
18 34 121
32 60 32
114 116 71
25 89 126
51 65 120
114 117 49
38 67 38
25 99 66
114 127 118
23 54 54
42 117 108
53 120 17
26 69 69
41 83 62
51 81 121
113 120 120
30 93 93
45 107 71
38 58 126
21 89 32
2 76 66
1 37 1
40 77 52
79 113 102
55 85 87
5 114 67
53 65 17
22 49 93
82 85 87
21 66 66
97 100 56
63 73 128
66 71 66
1 127 1
21 82 70
26 127 118
40 75 1
52 71 52
20 82 20
44 77 56
113 126 126
66 84 66
3 38 3
1 120 1
54 71 71
21 36 103
33 80 69
77 120 56
13 103 103
68 127 118
34 65 70
26 36 69
4 126 126
70 92 70
70 83 70
42 68 108
118 120 118
5 117 67
98 110 121
32 117 32
26 90 69
57 89 20
79 98 102
77 126 126
85 120 87
42 92 108
4 102 102
61 114 93
22 78 93
96 115 128
15 32 32
68 72 108
86 87 87
75 109 1
52 110 52
1 12 1
3 5 3
8 117 38
12 102 102
99 128 66
93 126 93
67 70 70
73 84 20
97 118 118
33 40 52
16 78 16
42 50 17
11 80 126
35 93 93
56 114 56
4 39 62
95 102 102
13 23 103
23 74 15
38 80 38
47 102 102
10 18 118
46 68 108
2 100 52
3 49 3
64 93 93
110 124 3
76 95 66
66 100 66
4 53 17
77 106 16
18 102 102
1 114 1
71 72 108
59 106 16
2 25 52
66 115 66
46 87 87
20 99 66
21 35 38
21 61 93
12 48 67
85 92 87
6 51 52
49 91 49
119 126 126
70 101 87
33 58 126
13 60 103
32 36 32
11 26 126
28 32 32
93 125 93
5 68 67
110 121 121
47 114 62
58 97 126
5 122 16
38 121 121
71 108 108
52 118 118
88 100 16
5 85 87
19 123 1
9 10 118
16 80 16
113 116 71
21 72 108
108 120 108
17 124 17
8 92 38
4 75 1
48 116 71
31 57 69
92 121 121
16 106 16
113 117 49
6 8 52
18 120 121
14 16 16
12 60 103
11 31 126
11 68 126
1 55 1
46 70 108
46 103 108
3 69 69
24 110 93
50 109 17
40 94 87
34 127 118
118 119 118
17 73 17
96 112 66
60 77 56
33 66 66
78 79 102
31 92 69
43 76 66
99 100 66
47 118 118
13 118 118
48 51 67
59 66 66
94 95 87
9 23 120
10 73 118
12 59 54
3 121 121
62 83 62
28 84 20
25 105 126
16 76 16
19 78 1
16 100 16
47 59 62
93 120 93
36 108 108
16 46 16
27 56 56
14 45 71
72 105 108
48 105 67
7 12 103
6 93 93
17 28 17
28 62 62
59 62 62
21 71 71
101 128 87
33 86 69
96 121 121
65 88 16
36 93 93
80 117 15
17 36 17
23 30 17
77 125 56
61 128 93
18 88 16
102 112 66
68 128 128
28 46 108
66 114 66
30 85 87
93 113 93
9 59 54
40 51 52
11 37 126
41 113 62
83 95 32
48 120 120
4 115 62
37 51 70
7 63 51
58 61 93
47 48 62
69 116 69
20 34 20
16 72 16
14 123 32
78 88 16
3 110 3
13 22 93
61 121 93
7 105 49
36 61 93
89 113 32
68 125 38
1 5 1
83 99 66
2 75 1
34 93 93
48 59 54
80 83 32
36 49 39
33 69 69
41 84 62
73 87 87
58 118 118
17 47 17
92 99 66
8 59 38
94 116 87
29 30 1
54 85 87
15 20 20
47 113 62
96 120 120
25 78 126
1 47 1
83 85 87
19 40 1
66 104 66
11 24 93
9 32 32
9 102 102
74 97 39
108 127 118
45 83 71
13 27 3
62 93 93
67 76 66
38 64 102
51 111 51
50 122 16
102 124 102
63 124 39
68 94 87
69 103 69
38 112 66
4 72 62
26 52 52
64 109 102
27 55 56
47 54 62
39 61 93
1 20 1
11 77 126
21 108 108
26 107 69
11 33 126
7 27 3
14 64 102
49 65 120
54 76 66
78 106 16
73 118 118
49 93 93
63 107 20
30 115 17
24 93 93
70 118 118
71 102 102
15 94 87
59 121 121
17 101 87
16 102 16
49 76 66
71 126 126
64 68 102
69 100 69
40 93 93
52 79 52
73 113 128
51 73 128
9 36 120
3 85 87
82 94 87
23 88 16
19 117 1
7 21 103
58 109 126
29 122 1
22 107 93
9 126 126
21 22 93
83 117 32
66 92 66
11 66 66
108 124 108
44 48 120
14 71 71
36 101 87
66 82 66
98 112 66
11 64 102
7 57 20
24 82 93
1 45 1
5 50 17
40 113 52
14 51 32
34 72 108
48 74 67
11 16 16
19 45 1
51 87 87
9 56 56
64 72 102
76 113 66
20 60 20
65 115 120
118 125 118
28 64 102
39 111 39
44 103 120
60 67 67
11 113 126
62 101 87
63 119 128
103 111 103
21 77 56
104 110 118
104 124 118
38 69 69
9 82 70
19 107 1
5 20 20
50 61 93
21 123 54
37 69 69
57 101 87
1 59 1
52 81 52
65 97 120
2 122 16
39 122 16
22 93 93
15 33 69
74 99 66
84 124 20
90 120 120
10 93 93
34 115 70
59 72 108
17 69 17
90 97 39
21 45 71
54 95 54
52 106 16
53 82 17
25 126 126
109 110 3
10 77 118
93 127 93
71 113 71
7 92 67
96 124 39
50 108 17
62 99 66
5 47 62
3 23 3
90 114 51
4 19 1
65 102 102
10 78 118
119 121 121
44 87 87
18 82 121
16 50 16
93 108 93
58 120 126
14 47 62
30 69 17
68 84 20
1 103 1
46 53 17
51 86 71
82 118 118
49 73 128
96 97 39
9 18 121
62 70 62
54 119 54
65 86 71
64 127 118
22 84 93
17 103 17
40 52 52
29 118 1
10 95 118
19 49 1
54 123 54
46 125 108
44 76 66
79 125 102
42 70 108
37 50 17
24 84 93
27 57 20
37 39 70
46 113 108
4 21 62
82 113 70
28 105 54
1 121 1
5 30 17
20 39 20
73 97 128
18 46 108
104 125 118
21 128 128
9 51 120
46 62 62
30 75 1
65 71 71
7 112 66
52 120 52
41 66 66
15 105 15
36 67 67
62 108 62
52 63 52
36 96 39
51 121 121
47 66 66
15 107 20
49 114 49
2 51 52
32 116 71
99 121 66
23 27 3
45 65 71
80 111 15
2 43 52
19 94 1
23 94 87
14 107 20
54 63 54
1 23 1
71 79 102
38 125 38
77 104 118
54 59 54
29 67 1
9 46 108
70 90 70
35 48 38
106 126 16
17 68 17
67 95 67
29 92 1
6 123 52
7 15 15
59 60 54
14 56 56
15 16 16
18 123 121
109 116 71
70 115 70
5 25 126
20 70 20
97 103 103
109 119 128
86 120 71
4 27 62
37 88 16
36 86 71
62 106 16
13 98 121
31 123 69
9 117 120
12 67 67
16 44 16
25 116 126
32 59 32
27 76 66
95 108 108
8 74 38
71 115 71
28 57 20
30 81 17
20 65 20
94 117 87
40 127 118
23 78 3
8 56 56
64 122 16
23 115 128
43 105 102
12 41 62
15 44 120
52 88 16
21 114 103
79 106 16
54 72 108
14 54 32
2 19 1
39 102 102
54 113 54
90 99 66
8 50 17
39 120 120
32 110 32
14 124 32
3 79 102
111 121 121
35 59 38
25 111 126
69 90 69
72 117 108
6 92 52
21 79 102
79 99 66
96 108 108
42 87 87
86 126 126
28 114 54
56 102 102
35 90 38
36 59 54
5 35 38
110 114 3
30 100 17
68 79 102
34 52 52
45 120 71
31 73 69
100 123 56
35 108 108
7 8 38
81 110 121
23 108 108
62 126 126
36 74 39
60 85 87
49 98 121
57 83 20
44 110 3
70 96 70
54 127 118
5 89 32
60 103 103
36 55 56
20 46 108
57 60 20
18 79 102
78 108 108
42 109 108
31 114 69
72 122 16
3 125 3
13 93 93
66 67 66
45 84 71
90 111 51
65 77 56
69 114 69
6 34 52
17 118 118
78 99 66
37 115 70
119 125 38
26 41 62
5 80 67
6 75 1
55 64 102
6 42 52
105 110 3
62 111 62
7 109 51
21 124 103
29 47 1
6 70 52
57 113 20
47 122 16
100 115 56
17 86 17
49 99 66
9 92 120
62 107 62
90 104 118
23 61 93
88 99 16
23 50 17
8 39 38
4 16 16
3 88 16
26 62 62
10 114 118
109 127 118
68 111 15
7 118 118
37 55 56
8 79 102
81 85 87
35 62 62
5 126 126
18 78 121
15 119 128
6 125 52
16 40 16
25 68 126
109 114 51
41 96 62
58 101 87
71 119 71
32 69 69
73 78 3
27 30 17
119 128 128
4 116 62
27 83 32
29 70 1
95 104 118
62 77 62
8 41 62
99 125 66
66 79 66
3 115 3
11 108 126
11 19 1
52 64 52
27 95 3
10 37 118
1 108 1
27 65 3
6 68 52
59 86 71
101 119 87
57 73 20
5 67 67
11 12 126
32 89 32
22 63 93
31 39 69
25 56 126
85 100 87
17 106 16
37 60 70
89 102 102
8 84 20
55 114 56
80 120 120
26 95 69
50 71 17
12 99 66
52 93 93
3 55 56
38 118 118
62 87 87
101 110 87
72 102 102
67 82 70
39 106 16
40 50 17
68 124 39
89 103 32
92 93 93
2 35 52
11 81 126
17 76 66
31 98 121
49 102 102
26 64 102
23 57 20
11 13 126
62 81 62
41 124 62
20 22 93
31 121 121
6 28 52
67 97 67
14 111 32
65 66 66
53 89 17
37 41 62
16 60 16
68 96 15
17 65 17
28 74 54
38 100 56
10 65 118
12 30 17
2 46 52
56 70 56
35 41 62
21 81 121
19 43 1
80 123 54
51 77 56
57 109 20
16 69 16
13 70 70
60 92 67
83 111 32
117 126 126
66 112 66
30 104 118
34 90 70
26 35 69
66 95 66
47 87 87
16 43 16
75 90 1
13 56 56
22 67 93
35 71 71
4 64 102
21 57 20
71 107 71
11 47 126
3 122 16
3 35 3
27 40 52
18 49 121
52 87 87
22 81 93
107 123 20
26 46 108
9 85 87
11 35 126
67 77 56
93 121 93
4 56 62
1 111 1
17 109 17
3 108 108
12 90 103
81 96 121
40 114 52
58 126 126
63 106 16
60 109 51
86 119 71
27 108 108
65 108 108
3 39 3
58 83 126
18 58 126
67 80 67
4 42 62
4 127 118
51 126 126
45 48 71
92 123 54
33 41 62
3 31 69
71 92 71
88 89 16
19 58 1
32 96 32
44 83 32
25 112 66
10 36 118
2 123 52
7 90 51
35 124 38
32 124 32
20 105 20
65 80 120
30 122 16
9 16 16
12 34 70
26 60 69
1 110 1
29 41 1
12 57 20
2 111 52
28 60 54
62 86 62
74 125 38
6 89 52
108 119 108
71 128 71
74 114 15
73 88 16
41 76 66
2 18 52
28 103 54
37 122 16
114 125 38
86 103 71
21 86 71
19 88 1
52 125 52
62 118 118
7 97 39
39 101 87
25 71 126
78 125 3
33 82 69
54 118 118
7 126 126
49 117 49
55 95 56
57 118 118
86 92 71
34 66 66
59 100 56
67 123 54
21 28 54
103 127 118
55 74 56
60 88 16
11 106 16
6 99 66
86 128 71
45 93 93
53 105 17
44 46 108
31 61 93
7 106 16
40 103 52
78 112 66
80 81 121
46 60 108
31 72 108
8 60 38
22 82 93
30 117 17
7 102 102
54 74 54
42 66 66
37 38 70
37 105 70
17 22 93
21 109 103
55 92 56
17 49 17
6 103 52
68 126 126
10 83 118
4 44 62
49 108 108
52 113 52
16 111 16
77 123 56
39 50 17
7 119 128
3 100 56
30 116 17
20 102 102
2 114 52
3 8 3
58 65 126
65 89 32
33 34 69
18 106 16
10 88 16
39 52 52
73 86 71
89 94 87
93 114 93
59 69 69
57 126 126
93 118 93
26 108 108
14 96 32
89 110 32
41 50 17
55 120 56
92 108 108
20 55 20
59 110 3
16 33 16
45 118 118
25 60 126
10 79 118
117 118 118
23 93 93
34 118 118
8 27 3
58 106 16
71 120 71
20 121 121
82 95 70
3 16 16
13 88 16
74 113 15
3 80 3
49 110 3
107 127 118
21 58 126
13 116 71
67 84 20
45 82 71
27 99 66
16 45 16
64 114 102
50 88 16
72 78 108
7 125 38
6 113 52
24 32 93
24 46 93
53 93 93
22 30 93
13 111 103
35 82 70
31 102 102
22 71 93
69 91 69
42 83 108
11 93 93
42 105 108
3 123 3
53 86 17
44 74 120
90 95 51
43 45 102
78 121 121
106 112 16
76 107 66
55 71 71
58 104 118
17 26 17
20 87 87
51 79 102
21 34 70
27 62 62
8 10 118
39 48 67
25 37 126
57 67 20
8 116 71
40 53 17
71 100 71
35 36 38
61 119 93
65 113 120
29 114 1
77 95 56
113 121 121
50 69 17
37 93 93
117 123 54
46 74 108
57 127 118
54 117 54
45 64 102
5 82 70
26 38 69
2 5 52
80 105 15
70 124 70
17 64 17
12 114 103
15 47 62
27 52 52
59 90 54
63 87 87
41 71 62
13 62 62
28 48 54
107 116 71
49 95 49
24 42 93
101 123 87
31 56 69
28 102 102
9 80 120
41 49 62
17 128 17
37 80 70
20 123 20
95 128 128
37 64 102
28 124 54
37 61 93
14 41 62
3 37 70
96 119 128
31 74 69
66 126 66
40 125 52
57 88 16
52 57 52
20 56 20
72 113 108
47 112 66
81 125 121
1 13 1
32 63 32
96 100 56
6 73 52
52 55 52
6 26 52
34 43 102
11 38 126
110 127 118
45 125 71
9 96 120
52 116 52
1 32 1
111 118 118
5 69 69
115 120 120
36 84 20
28 51 54
25 28 126
36 87 87
93 100 93
13 15 103
29 36 1
17 45 17
2 4 52
48 55 56
1 25 1
10 105 118
68 70 70
20 47 62
36 113 39
91 118 118
32 111 32
9 38 38
5 73 67
48 112 66
3 96 3
111 115 128
71 110 71
77 115 56
3 103 3
42 93 93
8 99 66
103 121 121
51 67 67
71 109 71
35 83 32
19 80 1
51 62 62
53 97 17
8 107 20
46 108 108
55 87 87
53 81 17
37 54 70
29 62 1
39 55 56
56 111 56
17 21 17
15 38 38
48 57 20
80 95 15
61 95 93
87 102 87
79 101 87
97 122 16
43 115 102
29 66 1
84 96 20
26 57 69
1 39 1
85 105 87
37 108 108
86 90 71
65 93 93
26 56 69
16 61 16
46 51 108
59 104 118
60 124 39
25 34 126
27 39 3
22 33 93
40 63 52
5 32 32
58 108 126
18 24 93
32 100 56
38 65 38
37 56 56
18 42 108
45 87 87
78 85 87
58 88 16
66 111 66
38 88 16
31 54 69
13 97 103
69 124 69
78 107 20
44 89 32
60 73 128
49 51 51
58 72 126
61 73 93
20 54 20
78 103 3
98 99 66
12 46 108
26 34 69
29 97 1
32 79 102
102 104 118
27 72 108
32 87 87
11 46 126
1 77 1
65 118 118
88 103 16
7 38 38
53 123 17
56 128 56
22 45 93
47 63 62
12 36 103
66 78 66
5 78 3
44 57 20
59 128 54
2 16 16
93 105 93
6 10 118
17 34 17
69 108 108
15 22 93
26 39 69
97 110 3
16 25 16
47 107 62
24 53 93
26 116 69
79 119 102
97 109 39
51 124 39
81 102 102
23 34 70
2 61 93
97 120 120
109 128 128
121 128 121
65 90 120
94 98 87
8 87 87
97 105 39
117 121 121
99 107 66
8 68 38
56 85 87
17 44 17
9 39 120
85 115 87
20 69 69
100 124 56
15 103 103
68 109 15
26 124 69
51 97 39
48 50 17
11 48 126
23 40 52
57 69 69
10 21 118
62 98 62
41 115 62
15 118 118
33 43 102
107 121 121
96 122 16
60 64 102
17 120 17
14 105 32
98 120 121
49 123 54
63 110 3
95 118 118
35 85 87
3 20 20
78 81 121
93 106 16
90 124 39
67 92 67
2 119 52
37 123 70
38 114 38
18 63 121
27 117 3
41 117 62
2 53 17
34 50 17
39 54 54
14 38 32
17 80 17
41 87 87
8 52 52
67 87 87
69 84 69
53 112 66
40 109 52
66 116 66
13 106 16
12 22 93
1 73 1
24 105 93
53 108 17
73 83 32
2 52 52
6 108 52
32 80 32
121 125 121
60 74 15
17 55 17
25 45 126
18 114 121
15 81 121
85 109 87
31 60 69
51 102 102
7 110 3
18 99 66
2 108 52
47 58 126
6 96 52
81 103 121
38 124 38
56 123 56
35 47 62
29 58 1
27 64 102
82 110 70
54 126 126
50 55 17
48 81 121
33 76 66
84 115 20
70 73 70
40 66 66
27 80 3
15 25 126
39 100 56
13 32 32
36 119 128
26 99 66
72 120 108
5 71 71
45 119 71
84 121 121
28 118 118
68 100 56
60 118 118
5 83 32
43 62 102
63 114 51
62 63 62
101 120 87
77 119 56
43 47 102
10 85 87
13 52 52
110 119 3
21 52 52
16 96 16
55 103 56
7 69 69
36 66 66
37 128 70
31 82 69
37 119 70
88 121 16
89 119 32
67 96 67
8 28 38
41 88 16
34 55 56
27 116 71
1 6 1
9 71 71
33 128 69
21 112 66
52 122 16
17 52 17
7 36 39
67 90 67
73 79 102
37 111 70
14 58 126
35 76 66
28 30 17
40 98 52
24 59 93
27 124 3
107 125 20
115 124 128
106 121 16
48 71 71
62 112 66
44 69 69
53 96 17
61 111 93
16 22 16
25 32 126
1 69 1
66 118 66
1 4 1
79 84 102
45 75 1
72 126 126
37 118 118
13 112 66
9 97 120
11 59 126
65 105 120
3 15 3
25 88 16
27 93 93
24 36 93
41 100 62
48 126 126
16 67 16
9 119 120
11 65 126
20 42 108
17 48 17
61 90 93
28 92 54
34 49 70
20 109 20
6 104 118
108 114 108
96 126 126
28 67 54
10 25 118
4 85 87
14 112 66
13 69 69
59 105 54
15 56 56
7 68 15
22 74 93
46 95 108
22 48 93
14 120 32
48 69 69
37 120 70
68 98 121
99 118 66
60 99 66
16 77 16
6 52 52
50 51 17
96 107 20
45 59 71
35 111 38
32 102 102
37 42 108
56 87 87
15 75 1
64 66 66
102 116 102
109 125 38
11 74 126
46 127 118
60 95 60
34 69 69
85 123 87
4 22 93
7 13 103
48 66 66
52 92 52
15 72 108
11 92 126
15 95 15
2 8 52
102 117 102
4 67 62
22 70 93
60 79 102
10 42 118
21 67 67
71 97 71
89 124 32
8 108 108
29 90 1
41 57 62
43 108 102
73 80 128
25 121 126
27 102 102
25 36 126
5 14 32
88 112 16
8 45 71
23 41 62
37 96 70
50 87 87
76 111 66
24 123 93
70 71 71
51 123 54
90 115 128
101 122 87
3 13 3
48 118 118
20 126 126
89 108 108
18 65 121
1 70 1
72 118 118
54 60 54
52 123 52
5 90 67
87 93 87
3 126 126
39 90 39
19 35 1
35 114 38
72 82 108
47 103 62
39 63 39
89 105 32
64 75 1
10 111 118
89 116 71
36 128 128
61 68 93
38 39 38
73 121 121
24 50 93
46 89 108
88 127 16
19 26 1
35 69 69
85 86 87
79 103 102
26 103 69
5 36 67
101 102 87
31 38 69
22 103 93
16 119 16
55 84 20
111 122 16
25 81 126
66 123 66
46 106 16
49 107 20
38 61 93
51 118 118
12 103 103
7 22 93
42 63 108
119 124 128
30 89 17
82 93 93
8 123 38
77 96 56
14 66 66
34 68 70
48 60 67
56 68 56
34 77 56
68 93 93
109 123 54
5 125 38
41 110 62
18 32 121
48 121 121
37 63 70
48 80 67
5 88 16
114 124 39
25 77 126
45 102 102
39 118 118
43 68 102
110 113 3
53 73 17
105 109 51
64 78 102
36 107 20
66 124 66
36 114 39
3 30 17
75 79 1
79 90 102
40 128 52
113 119 128
3 67 3
54 96 54
37 53 17
31 124 69
44 115 120
67 114 67
56 116 71
23 99 66
28 93 93
56 110 56
28 40 52
10 126 118
20 84 20
103 108 108
20 91 20
41 52 52
24 70 93
41 116 62
36 83 32
39 97 39
42 73 108
4 68 62
29 69 1
85 125 87
10 76 66
62 102 102
21 110 3
34 80 70
96 102 102
66 117 66
11 115 126
76 82 66
38 94 87
45 122 16
32 127 118
61 101 87
103 122 16
37 116 71
12 124 103
38 62 62
15 59 54
103 117 103
21 70 70
7 72 108
87 125 87
25 125 126
43 102 102
113 128 128
93 101 87
13 20 20
19 96 1
11 112 66
51 117 51
37 98 121
70 105 70
11 89 126
54 112 66
63 93 93
111 126 126
69 89 69
84 86 71
63 105 51
21 127 118
68 110 3
68 87 87
9 28 54
114 121 121
126 127 118
52 108 52
52 105 52
109 115 128
55 98 121
6 121 52
6 118 118
25 29 1
13 57 20
17 100 17
26 102 102
84 117 20
14 68 32
6 14 52
73 114 128
34 53 17
26 118 118
17 20 17
41 64 102
62 85 87
64 97 102
113 124 39
13 19 1
55 80 56
27 115 3
15 18 121
85 96 87
20 32 20
56 120 56
17 126 17
72 92 108
23 70 70
59 65 54
40 41 52
44 111 120
105 116 71
37 102 102
30 49 17
69 85 87
1 31 1
77 101 87
83 119 32
62 104 118
14 33 69
25 123 126
55 99 66
31 127 118
30 74 17
18 100 121
29 43 1
1 86 1
35 128 38
20 49 20
8 31 69
1 125 1
95 103 103
33 115 69
90 107 20
6 20 52
59 77 56
94 111 87
87 116 87
120 126 126
13 105 103
59 89 32
47 83 62
16 42 16
98 109 121
19 101 1
54 109 54
17 121 17
5 12 67
107 115 20
38 87 87
14 25 126
19 79 1
11 44 126
22 72 93
2 121 52
77 112 66
69 78 69
38 73 38
13 124 103
48 84 20
37 74 70
38 81 121
31 44 69
34 86 71
100 113 56
47 69 62
32 90 32
89 114 32
81 87 87
95 106 16
5 42 108
114 120 120
44 96 120
8 78 3
92 124 67
25 52 52
61 92 93
43 93 93
73 105 128
13 18 121
85 111 87
112 114 66
45 108 108
56 78 56
41 63 62
25 93 93
15 40 52
29 59 1
14 37 70
39 53 17
52 86 52
6 82 52
33 62 62
56 67 56
12 86 71
66 108 66
20 83 20
3 19 1
105 120 120
45 49 71
104 108 118
31 119 69
26 128 69
47 79 102
19 119 1
35 45 71
2 72 52
34 103 70
36 52 52
93 123 93
5 70 70
67 86 71
20 51 20
11 43 102
22 35 93
17 43 17
48 108 108
3 46 108
2 30 17
59 103 54
55 127 118
8 15 38
6 59 52
65 114 120
84 102 102
59 71 71
12 108 108
22 51 93
59 63 54
66 72 66
36 104 118
36 117 39
36 41 62
1 71 1
85 90 87
4 113 62
24 37 93
57 114 20
86 98 121
72 85 87
88 116 16
19 72 1
29 42 1
61 81 93
10 102 118
105 126 126
9 93 93
26 48 69
34 102 102
93 110 93
62 71 62
30 82 17
38 84 20
51 106 16
13 121 121
14 110 32
40 86 52
92 95 67
14 97 32
72 95 108
72 124 108
98 119 121
8 96 38
69 107 69
8 66 66
6 54 52
29 60 1
8 30 17
21 63 103
59 61 93
14 125 32
55 76 66
2 41 52
41 72 62
46 123 108
16 92 16
6 15 52
32 112 66
56 108 108
50 93 93
17 110 17
21 69 69
33 118 118
29 71 1
77 114 56
80 86 71
50 56 17
55 59 56
45 121 121
78 124 3
30 55 17
11 32 126
106 120 16
65 119 120
14 121 121
38 63 38
47 86 62
4 57 62
16 48 16
31 90 69
25 40 52
4 8 62
71 83 71
4 88 16
31 46 108
1 107 1
26 72 108
39 127 118
67 91 67
60 78 3
87 120 87
1 48 1
86 124 71
7 37 70
29 104 1
45 61 93
24 83 93
69 97 69
17 98 17
14 57 20
45 97 71
68 115 128
31 89 69
60 80 15
8 72 108
10 128 118
46 92 108
15 60 15
71 101 87
2 70 52
109 117 51
36 58 126
6 117 52
56 60 56
46 82 108
36 73 128
30 86 17
77 108 108
100 128 56
65 82 70
16 68 16
10 117 118
1 43 1
70 127 118
26 96 69
32 93 93
26 79 102
13 66 66
42 81 108
58 94 87
9 114 120
72 99 66
84 118 118
46 118 118
65 87 87
21 41 62
22 85 87
32 41 62
17 24 93
80 125 38
89 101 87
46 57 108
46 120 108
83 124 32
11 55 126
84 93 93
4 54 62
49 105 49
24 28 93
42 118 118
37 45 71
62 116 62
59 83 32
76 105 66
114 128 128
41 75 1
1 44 1
14 119 32
23 31 69
115 121 121
98 123 121
21 33 69
70 78 70
55 116 71
28 113 54
56 79 102
9 84 20
55 109 56
10 84 118
44 59 54
50 64 17
62 119 62
38 115 38
75 116 1
56 109 56
40 82 52
104 112 66
15 90 15
5 66 66
33 117 69
45 46 108
43 57 102
43 60 102
40 48 52
6 97 52
24 80 93
21 90 103
4 45 62
40 59 52
78 83 32
32 35 32
43 70 102
62 66 66
28 115 54
40 69 52
3 90 3
52 90 52
42 44 108
25 27 126
34 92 70
36 116 71
11 94 87
25 75 1
44 97 120
73 127 118
23 52 52
43 119 102
64 87 87
14 30 17
99 102 66
76 94 87
83 88 16
70 97 70
18 107 121
88 95 16
56 103 56
48 122 16
42 57 108
43 59 102
4 35 62
24 113 93
14 48 32
87 113 87
91 103 103
53 72 17
47 99 66
32 68 32
27 73 3
45 56 71
12 66 66
48 115 67
80 121 121
77 110 56
54 98 121
47 71 62
20 78 20
35 118 118
55 94 87
106 110 16
49 125 38
76 100 66
44 128 120
44 116 71
70 123 70
83 87 87
38 46 108
45 81 121
68 77 56
83 121 121
8 43 102
80 93 93
12 19 1
74 121 121
8 71 71
46 119 108
43 55 102
75 102 1
77 89 56
52 78 52
21 96 103
13 90 103
91 108 108
84 123 20
15 73 128
17 83 17
84 99 66
116 123 71
79 105 102
6 126 52
32 38 32
27 48 3
60 96 60
42 43 102
30 106 16
69 93 93
6 119 52
44 117 120
60 93 93
30 41 17
76 128 66
15 111 15
12 20 20
42 56 108
114 115 128
77 87 87
73 76 66
56 124 56
17 81 17
117 127 118
32 57 20
13 87 87
4 5 62
75 113 1
82 116 71
87 96 87
63 65 120
43 99 66
43 98 102
75 119 1
19 102 1
41 54 62
75 95 1
47 62 62
4 105 62
84 92 20
11 87 87
44 95 120
11 117 126
38 103 38
26 82 69
4 28 62
63 92 67
59 79 102
27 41 62
42 52 52
83 125 32
46 99 66
20 52 52
63 102 102
4 78 62
31 97 69
3 72 108
14 28 32
8 94 87
20 64 102
39 99 66
14 93 93
30 34 17
62 97 62
8 111 38
8 40 52
103 125 38
41 68 62
44 108 108
121 124 121
34 47 62
45 71 71
6 22 93
81 84 121
19 27 1
47 68 62
17 93 93
18 47 62
61 79 93
47 76 66
96 118 118
47 51 62
63 128 128
40 121 52
13 35 38
111 124 39
64 119 102
19 70 1
6 111 52
36 60 39
87 91 87
74 108 108
66 85 87
3 101 87
72 79 102
15 93 93
1 7 1
24 69 93
108 110 108
53 57 17
18 74 121
44 126 126
42 86 108
16 128 16
30 83 17
54 110 3
1 81 1
46 80 108
41 80 62
86 114 71
68 114 15
30 65 17
31 49 69
37 68 70
1 97 1
56 126 126
97 116 71
118 128 118
72 93 93
23 76 66
23 75 1
21 126 126
35 99 66
31 67 69
2 98 52
48 54 54
33 53 17
30 66 66
104 118 118
100 126 126
16 56 16
41 127 118
81 117 121
4 23 62
51 109 51
8 114 38
26 73 69
2 93 93
6 50 17
12 76 66
44 45 71
97 111 39
31 53 17
63 118 118
75 125 1
9 77 56
4 95 62
23 42 108
41 94 87
62 80 62
24 34 93
55 68 56
35 120 38
1 109 1
48 99 66
62 89 62
6 79 52
57 98 121
45 52 52
113 125 38
6 78 52
10 108 118
15 17 17
27 75 1
81 118 118
5 16 16
53 58 17
22 38 93
35 53 17
50 66 66
67 89 32
62 92 62
81 126 126
16 20 16
92 103 67
13 38 38
28 82 70
16 35 16
61 109 93
16 124 16
39 69 69
28 36 54
68 92 67
17 31 17
2 42 52
67 107 20
65 94 87
11 126 126
62 78 62
21 100 56
70 74 70
47 73 62
58 119 126
15 96 15
1 100 1
14 34 70
63 67 67
23 28 54
84 111 20
19 105 1
5 95 67
53 88 16
61 74 93
31 40 52
15 58 126
94 124 87
20 79 102
21 64 102
25 114 126
47 75 1
62 79 102
12 23 103
34 83 70
28 44 54
17 74 17
14 39 32
15 98 121
54 65 54
12 106 16
49 78 3
114 123 54
7 61 93
44 104 118
12 27 3
33 105 69
74 124 39
11 42 126
2 15 52
5 19 1
90 118 118
17 56 17
31 116 69
38 83 32
7 25 126
51 119 128
4 51 62
92 102 102
56 93 93
49 52 52
13 26 69
32 39 32
65 73 120
59 80 54
75 105 1
31 45 69
71 89 71
17 112 66
3 51 3
11 29 1
37 81 121
7 42 108
24 101 87
22 64 93
98 125 121
39 109 39
9 12 120
57 62 62
37 106 16
6 55 52
40 110 52
11 110 126
20 110 20
8 88 16
37 125 70
115 125 38
8 97 38
21 60 103
72 125 108
102 113 102
8 34 70
48 102 102
50 78 17
14 126 126
68 71 71
76 88 16
102 120 102
33 106 16
36 88 16
27 35 3
28 73 54
74 120 120
65 109 120
51 122 16
55 83 56
112 121 66
83 108 108
31 80 69
77 93 93
15 27 3
18 43 102
7 39 39
7 83 32
85 124 87
43 52 52
49 118 118
47 128 62
56 80 56
