128 4066
21 81 81
37 123 70
13 126 126
94 126 126
47 67 47
16 92 70
17 76 76
56 96 96
12 21 70
35 79 79
30 127 127
3 119 70
10 84 70
55 65 55
21 122 122
31 45 45
20 98 98
50 76 50
45 93 45
90 108 90
59 121 121
20 71 71
53 122 53
65 120 120
65 94 94
37 52 52
8 26 26
61 83 61
32 66 32
25 110 110
99 117 99
40 102 70
42 61 42
7 94 7
108 120 120
34 51 51
48 89 89
84 119 70
8 82 8
1 70 1
95 105 70
64 118 64
51 88 88
79 127 127
37 93 70
30 36 30
2 77 2
70 78 78
12 82 70
31 36 70
50 65 50
68 118 118
94 109 109
47 104 104
35 37 35
112 128 128
32 69 32
75 100 75
26 71 71
66 94 66
50 104 50
13 95 70
42 105 42
32 74 32
53 84 53
47 127 127
73 111 73
20 84 70
56 74 74
10 17 70
45 85 85
80 98 98
10 52 52
27 108 70
54 63 70
26 65 26
86 110 86
13 89 89
26 109 109
29 124 29
47 76 47
29 93 29
14 54 70
13 105 70
52 97 52
10 99 99
77 100 77
30 64 30
13 91 70
114 128 128
53 86 86
63 123 70
58 81 81
56 127 127
36 41 41
35 104 104
38 62 70
13 100 70
13 128 128
7 47 47
54 65 70
25 59 25
65 106 106
112 114 114
76 98 76
75 109 109
81 88 88
84 109 109
49 121 121
47 60 60
76 83 76
14 40 70
71 110 71
61 114 61
64 121 121
13 50 50
21 34 70
92 108 70
5 36 70
29 113 29
64 71 71
8 63 8
101 115 115
13 39 70
11 90 11
27 31 70
21 121 121
43 102 70
23 108 70
90 120 120
14 55 55
22 128 128
3 28 28
116 127 127
16 44 70
32 75 32
39 44 70
79 96 79
5 111 70
27 56 70
11 98 11
98 112 98
37 68 70
50 106 50
54 125 125
20 120 120
6 116 116
20 110 110
22 100 22
33 43 33
65 66 66
22 29 29
42 121 121
40 53 53
25 100 25
48 71 71
11 127 127
14 56 70
64 74 64
91 97 70
24 67 24
24 109 109
51 94 51
52 99 99
13 121 121
13 23 70
44 93 70
56 116 116
11 95 11
55 60 60
52 90 52
106 127 127
57 96 57
30 42 42
76 126 76
21 23 70
88 117 88
32 59 32
74 84 74
30 107 107
22 30 30
50 88 88
21 89 89
9 127 127
100 102 70
6 22 22
18 68 18
84 90 90
44 68 70
60 73 60
23 72 72
66 104 104
90 93 90
6 85 6
31 42 42
19 49 49
2 126 2
69 74 69
37 53 53
17 106 106
52 123 52
39 100 70
92 119 70
101 118 118
25 128 128
6 28 28
27 32 32
26 66 66
103 115 115
107 116 107
46 82 46
2 32 32
44 86 86
42 76 42
24 78 78
96 119 96
25 81 81
17 35 35
29 61 29
26 77 77
13 82 70
92 126 126
38 122 122
5 25 25
93 96 96
51 52 51
114 121 121
3 16 70
26 95 26
32 67 32
109 118 109
6 59 59
101 102 70
69 116 116
51 126 51
58 97 58
98 107 107
1 38 1
29 76 29
3 27 70
31 104 104
11 59 11
24 69 69
43 108 70
13 54 70
12 112 112
36 69 69
106 113 106
17 42 42
21 108 70
3 63 70
49 119 49
1 27 1
14 77 77
57 61 61
91 113 113
15 128 128
21 66 66
20 96 96
26 105 26
39 108 70
61 119 61
25 98 25
43 100 70
49 87 87
54 115 115
121 127 127
78 81 78
34 85 85
6 93 6
42 55 42
82 121 121
86 124 86
12 26 26
66 67 66
88 113 88
83 85 83
43 56 70
101 112 112
11 56 11
83 107 107
111 126 126
43 107 107
56 117 70
12 97 70
30 49 30
74 89 89
8 127 127
20 105 70
73 126 126
54 90 90
48 82 48
76 128 128
114 120 120
42 99 99
70 92 70
31 119 70
91 108 70
53 117 53
97 104 104
11 61 61
11 128 128
71 124 71
75 107 107
102 115 115
107 113 107
40 84 70
5 34 70
3 92 70
96 113 113
100 106 106
74 112 112
6 89 89
27 40 70
73 120 120
58 60 60
40 56 70
50 107 107
11 81 81
44 61 61
15 41 15
26 102 26
25 93 25
11 37 11
32 38 32
20 104 104
76 89 76
6 72 72
10 105 70
109 115 115
56 92 70
29 83 29
62 110 110
110 125 110
54 108 70
20 113 113
29 51 29
36 105 70
11 72 11
69 78 78
102 116 116
28 81 28
5 27 70
64 77 77
6 111 6
50 105 50
31 73 73
93 95 70
90 112 112
20 92 70
6 9 6
8 87 87
54 103 103
52 78 78
31 75 75
6 115 115
28 35 28
30 105 30
60 71 60
24 57 24
42 60 60
110 128 128
54 74 74
60 72 60
22 51 51
64 124 124
42 53 42
57 71 71
68 84 70
1 120 1
11 122 11
34 54 70
108 126 126
5 68 70
67 71 71
41 54 41
38 53 53
97 101 70
47 124 124
95 124 124
20 80 80
69 105 69
79 111 79
3 85 85
22 110 22
16 43 70
29 112 29
20 45 45
23 107 107
73 118 73
9 114 114
76 113 76
55 122 55
95 102 70
16 21 70
43 65 70
6 37 6
63 105 70
102 119 70
21 117 70
44 102 70
39 91 70
87 88 88
39 47 47
117 118 118
39 77 77
38 61 61
26 84 26
67 94 94
7 77 77
4 59 59
22 107 107
6 63 6
4 87 87
55 117 55
1 74 1
48 111 48
71 72 71
76 124 124
34 56 70
1 34 1
87 119 87
74 126 126
46 54 46
14 106 106
27 76 76
62 101 70
80 89 89
31 100 70
41 82 41
81 127 127
32 60 32
104 128 104
2 28 28
23 100 70
74 111 74
12 67 67
72 107 107
23 49 49
15 20 15
17 119 70
18 123 18
3 32 32
29 127 29
72 118 72
12 31 70
47 75 47
36 54 70
67 123 67
16 123 70
52 115 52
74 94 74
10 64 64
20 34 70
16 31 70
20 28 28
106 116 116
5 69 69
112 126 112
31 84 70
33 113 113
10 58 58
6 106 106
23 91 70
54 62 70
20 30 30
29 67 29
18 100 18
47 52 47
118 121 121
84 92 70
35 109 109
49 128 128
83 94 83
1 99 1
57 62 57
93 110 110
18 48 48
24 36 24
1 115 1
18 107 107
45 86 86
28 95 28
11 68 11
83 95 83
25 115 25
19 84 19
57 69 69
62 126 126
16 87 87
63 97 70
23 38 70
69 101 69
19 70 19
64 80 64
67 112 112
33 120 120
16 38 70
40 126 126
19 71 71
44 105 70
23 39 70
43 97 70
55 125 55
15 83 83
27 90 90
30 77 30
10 16 70
112 113 112
28 71 28
47 102 47
84 101 70
61 122 61
38 93 70
56 75 75
87 127 127
63 95 70
20 77 77
63 73 73
91 93 70
65 78 78
53 114 114
70 72 72
87 89 89
42 51 42
25 125 25
25 46 25
6 30 30
49 52 52
4 69 69
56 126 126
107 114 107
84 105 70
50 52 50
66 92 66
9 37 9
94 122 122
55 119 55
44 115 115
40 52 52
36 111 70
9 69 69
14 114 114
65 92 70
14 38 70
10 61 61
12 105 70
63 93 70
93 124 124
20 23 70
31 107 107
20 69 69
85 120 120
46 115 46
43 117 70
7 65 7
4 35 4
3 45 45
14 65 70
38 121 121
6 83 83
9 16 9
68 123 70
47 115 47
67 111 67
30 78 78
41 58 58
120 123 120
22 81 81
63 102 70
20 25 25
32 110 32
3 19 19
36 116 116
1 60 1
39 53 53
5 94 94
4 66 66
29 60 29
63 86 86
20 107 107
50 122 50
34 105 70
64 69 69
96 122 122
22 34 22
27 124 124
72 104 104
5 82 70
27 94 94
39 82 70
96 115 115
20 63 70
80 90 90
44 121 121
52 65 52
4 89 89
42 67 42
9 121 121
88 94 88
22 59 22
50 116 116
91 92 70
44 95 70
75 76 76
38 97 70
76 103 76
3 23 70
104 115 104
42 125 42
12 51 51
14 118 118
92 95 70
52 58 52
68 121 121
62 63 70
27 100 70
109 121 121
33 63 33
59 111 59
74 87 74
3 54 70
20 115 115
63 108 70
32 50 32
120 125 120
56 98 98
5 71 71
43 104 104
10 122 122
37 121 121
31 33 33
25 88 88
8 123 8
3 53 53
50 120 50
14 73 73
26 46 46
68 101 70
18 83 83
21 87 87
62 97 70
2 75 2
65 118 118
86 87 86
83 100 83
27 75 75
12 54 70
3 29 29
39 120 120
82 98 98
14 68 70
20 76 76
55 80 55
3 67 67
26 82 26
5 23 70
12 120 120
68 105 70
35 40 35
11 121 121
4 112 112
59 64 59
77 112 77
73 90 90
23 117 70
15 50 50
12 72 72
37 56 70
122 126 126
68 90 90
2 125 2
18 96 18
60 76 60
20 24 24
11 116 116
29 39 29
59 72 59
67 108 67
48 101 48
33 125 125
29 72 29
103 128 128
69 72 69
67 97 67
45 83 83
13 76 76
91 110 110
75 125 125
21 68 70
81 95 81
1 37 1
17 37 70
22 64 22
43 91 70
40 54 70
70 110 110
41 80 41
66 123 66
20 118 118
14 45 45
115 125 115
44 45 45
27 39 70
62 128 128
2 20 2
40 125 125
3 56 70
68 120 120
42 75 42
11 64 11
1 36 1
18 114 114
45 122 122
8 122 122
15 88 88
71 103 71
88 124 88
104 126 104
35 114 114
40 111 70
23 66 66
98 123 98
56 80 80
67 116 116
19 47 47
81 107 107
35 83 83
30 47 30
34 35 35
31 121 121
8 44 8
78 102 78
32 88 32
47 123 47
32 44 32
28 65 28
20 50 50
48 81 81
56 123 70
31 68 70
13 107 107
11 110 11
1 18 1
54 81 81
57 81 81
68 103 103
14 69 69
6 120 120
14 24 24
3 14 70
38 71 71
79 100 79
54 119 70
17 93 70
50 86 50
21 92 70
6 124 124
31 103 103
18 20 18
20 44 70
23 99 99
55 82 55
78 80 78
80 93 80
38 91 70
90 102 90
61 64 61
30 93 30
26 41 41
78 120 78
44 90 90
17 102 70
60 96 60
8 69 69
36 56 70
3 106 106
27 44 70
21 78 78
1 43 1
55 126 55
42 104 104
91 119 70
95 108 70
46 124 124
73 114 114
21 90 90
83 106 83
40 97 70
1 26 1
121 123 121
46 118 46
59 124 124
24 32 32
10 108 70
101 117 70
31 59 59
64 117 64
2 92 2
11 52 52
10 104 104
15 46 46
20 82 70
12 43 70
17 82 70
82 92 70
7 22 22
58 126 126
86 95 86
67 80 67
41 83 83
5 49 49
19 102 19
77 94 77
53 126 53
34 63 70
38 63 70
22 87 22
63 84 70
18 101 18
3 68 70
42 68 42
23 32 32
70 98 98
1 66 1
53 71 71
93 100 70
9 98 98
38 66 66
72 83 83
68 111 70
79 112 112
5 59 59
11 78 78
99 105 99
107 112 107
82 89 89
45 100 45
51 107 107
36 50 50
65 101 70
39 41 41
24 43 24
36 108 70
5 9 9
2 57 2
66 93 66
12 103 103
18 70 18
70 122 122
44 117 70
13 27 70
43 46 46
99 120 99
9 46 46
27 105 70
35 68 35
15 74 15
35 117 35
20 21 70
42 70 42
1 24 1
13 42 42
11 24 11
48 92 48
82 115 115
34 55 55
5 44 70
23 34 70
34 64 64
6 110 110
2 48 2
49 65 49
38 95 70
27 28 28
21 26 26
78 93 78
76 120 120
69 90 69
14 43 70
52 100 52
10 47 47
127 128 127
5 97 70
24 91 24
101 108 70
49 110 110
105 128 128
45 62 45
2 94 2
69 96 69
5 83 83
82 119 70
11 112 11
5 24 24
90 126 90
28 47 28
43 74 74
54 117 70
44 46 46
29 58 29
87 128 128
25 71 71
110 118 110
107 124 107
85 126 126
28 30 28
40 100 70
28 109 28
101 114 114
15 103 15
103 121 121
30 91 30
34 91 70
41 116 116
53 82 53
54 100 70
65 123 70
48 97 48
21 95 70
68 88 88
44 92 70
86 103 86
54 87 87
42 83 42
38 85 85
20 60 60
110 124 124
31 109 109
61 98 61
62 95 70
11 75 11
40 55 55
13 65 70
19 81 81
32 99 32
78 128 78
35 119 35
34 119 70
52 81 81
58 86 86
20 124 124
23 84 70
22 42 42
50 99 99
77 102 77
38 39 70
7 67 7
35 84 35
125 128 128
53 77 77
22 56 22
2 79 2
5 56 70
73 113 73
65 119 70
24 76 76
21 57 57
5 30 30
38 117 70
39 54 70
92 97 70
88 101 88
50 53 50
41 68 41
34 37 70
28 99 99
53 69 69
53 66 66
50 119 50
61 73 61
20 73 73
116 124 116
1 83 1
6 51 51
14 109 109
13 80 80
83 115 83
12 102 70
2 4 2
88 104 88
32 101 32
112 118 112
39 84 70
31 93 70
37 106 106
9 59 59
20 111 70
7 13 7
98 106 98
86 112 86
68 97 70
79 101 79
71 122 71
71 76 71
30 122 30
32 80 32
27 59 59
53 98 98
38 111 70
35 70 35
3 117 70
20 86 86
52 107 107
107 115 107
64 88 88
68 98 98
71 127 127
53 112 53
2 39 2
31 82 70
39 101 70
79 89 79
20 125 125
53 123 53
13 122 122
10 128 128
36 93 70
25 40 25
115 119 115
37 71 71
8 95 8
39 92 70
10 39 70
59 71 71
36 109 109
69 119 69
19 117 19
5 42 42
76 106 76
116 119 116
38 102 70
1 81 1
87 101 87
47 88 88
38 101 70
113 124 124
83 101 83
44 112 112
5 62 70
98 104 104
3 40 70
37 105 70
54 104 104
10 82 70
9 117 9
40 127 127
46 103 46
34 112 112
16 111 70
14 52 52
43 58 58
82 97 70
50 60 60
15 115 115
72 78 78
58 116 116
77 83 77
68 110 110
15 43 15
2 26 2
42 57 42
2 115 2
91 117 70
78 113 78
8 81 81
74 93 74
44 100 70
29 89 29
70 126 126
16 54 70
38 43 70
81 91 81
49 80 49
44 56 70
73 112 112
7 19 7
62 89 89
11 124 124
18 90 90
11 33 11
96 110 110
21 63 70
87 109 109
34 39 70
76 86 86
36 107 107
86 128 128
21 102 70
6 35 6
77 98 77
31 65 70
13 108 70
54 94 94
61 84 61
12 123 70
102 108 70
103 105 103
22 103 22
27 102 70
34 122 122
58 117 58
89 112 112
10 97 70
65 91 70
36 62 70
46 69 69
14 115 115
3 35 35
28 53 28
62 70 70
41 53 53
75 93 75
108 123 70
28 41 28
33 93 33
30 44 30
50 51 50
60 80 60
3 88 88
62 93 70
7 115 115
38 100 70
16 57 57
13 40 70
46 74 46
90 95 90
41 48 48
5 15 15
58 108 58
51 114 51
70 128 128
63 76 76
50 117 50
65 95 70
67 127 127
62 100 70
67 101 67
77 124 124
11 29 29
42 90 42
20 32 32
47 109 47
37 96 96
28 123 28
56 88 88
29 123 29
47 101 47
88 90 88
46 108 46
93 102 70
16 105 70
6 19 6
99 101 99
32 87 32
38 119 70
24 114 114
37 81 81
39 127 127
52 127 127
29 102 29
39 98 98
57 111 57
36 117 70
95 113 113
68 74 74
65 112 112
62 85 85
82 108 70
4 82 4
8 29 29
49 75 75
49 79 79
94 110 110
20 121 121
19 30 30
2 45 2
56 95 70
39 65 70
63 82 70
23 56 70
40 101 70
49 112 112
32 70 32
12 70 70
78 108 78
34 50 50
94 103 103
51 73 51
10 21 70
54 68 70
35 86 86
64 79 64
68 95 70
21 30 30
50 109 50
29 74 29
73 106 106
98 121 121
56 78 78
6 122 122
29 99 29
52 98 52
37 57 57
48 99 99
71 125 71
13 20 70
19 87 87
39 56 70
21 32 32
112 127 127
10 66 66
59 109 59
47 116 116
71 106 71
38 123 70
22 94 22
31 123 70
67 119 67
20 90 90
40 82 70
39 111 70
10 50 50
60 122 60
41 112 112
78 88 88
27 82 70
8 78 78
35 103 103
24 74 24
43 92 70
32 48 32
36 38 70
46 77 77
15 112 112
16 65 70
85 107 107
89 114 114
12 16 70
2 16 2
37 116 116
13 46 46
73 74 74
60 127 60
15 109 15
27 113 113
5 98 98
74 103 74
50 123 50
2 128 128
112 119 112
32 109 32
25 32 32
63 91 70
91 105 70
37 95 70
6 125 125
17 43 70
26 124 124
16 101 70
5 40 70
11 109 11
34 40 70
42 91 42
89 90 90
63 112 112
12 24 24
14 125 125
80 120 120
38 44 70
77 128 128
28 50 50
94 108 94
49 74 74
83 89 83
10 42 42
40 99 99
51 115 51
76 79 76
10 127 127
15 45 15
48 50 50
5 13 70
44 79 79
1 116 1
9 122 122
73 83 83
63 81 81
47 68 47
111 123 70
44 125 125
68 82 70
1 47 1
13 59 59
50 115 50
2 6 2
65 102 70
103 109 109
53 88 88
83 93 83
34 53 53
55 69 55
61 107 107
22 92 22
38 90 90
19 35 19
7 51 51
27 92 70
57 88 88
22 106 22
36 57 57
32 62 32
45 116 116
105 114 114
31 97 70
25 26 25
96 101 96
48 124 124
35 127 127
36 91 70
3 34 70
38 41 41
83 114 114
72 108 72
77 111 77
63 125 125
63 92 70
36 110 110
26 104 104
18 127 127
35 63 35
12 37 70
15 114 114
20 72 72
22 57 22
36 127 127
59 99 99
30 72 30
17 27 70
113 117 113
82 116 116
55 102 55
24 62 24
12 36 70
29 88 29
123 127 127
84 95 70
3 62 70
6 11 11
40 93 70
102 117 70
74 108 74
39 122 122
17 70 70
69 104 104
37 78 78
24 47 47
1 41 1
8 53 53
28 49 28
31 37 70
10 98 98
4 49 4
44 101 70
57 58 57
32 128 32
11 125 11
76 94 76
71 85 71
41 114 114
2 58 2
104 120 104
20 81 81
101 128 128
75 102 75
54 97 70
41 43 41
89 95 89
12 127 127
74 123 74
28 58 28
104 123 104
34 109 109
62 119 70
64 85 64
3 58 58
71 84 71
53 56 53
45 52 52
48 52 52
36 87 87
50 126 50
26 30 30
37 88 88
116 122 116
81 90 81
27 111 70
2 43 2
42 81 42
17 88 88
106 115 115
11 88 88
63 68 70
30 83 30
7 97 7
86 125 86
14 62 70
25 123 25
42 49 42
6 71 71
20 100 70
13 28 28
69 109 69
61 92 61
3 93 70
16 79 79
30 88 88
48 62 48
100 105 70
23 64 64
67 114 114
45 77 77
18 30 30
105 108 70
31 62 70
86 97 86
60 82 60
54 123 70
19 32 32
2 8 2
26 125 125
74 99 99
20 56 70
52 61 61
5 20 70
103 124 124
104 125 104
14 39 70
48 59 59
3 31 70
73 87 73
72 105 72
18 117 18
23 26 26
40 61 61
79 114 114
13 37 70
22 47 47
71 119 71
16 37 70
17 56 70
43 70 70
95 126 126
28 45 28
85 101 85
52 70 52
9 62 9
31 128 128
5 33 33
39 68 70
33 123 33
95 111 70
40 118 118
1 77 1
10 93 70
106 111 106
29 103 29
2 71 71
49 99 99
19 123 19
12 20 70
43 125 125
19 38 19
2 82 2
114 115 114
14 119 70
10 43 70
85 122 122
5 31 70
1 30 1
21 70 70
121 124 121
99 116 99
29 71 29
43 51 51
36 55 55
98 115 98
10 38 70
2 89 2
18 32 32
55 78 78
79 124 124
52 77 52
122 128 128
11 79 11
5 22 22
34 98 98
31 105 70
35 111 35
14 93 70
65 104 104
74 122 122
84 114 114
47 111 47
43 116 116
39 113 113
119 123 70
28 29 29
43 50 50
4 8 4
41 124 124
55 87 55
20 57 57
8 75 75
52 101 52
14 51 51
22 62 22
90 111 90
67 115 115
3 46 46
9 119 9
13 58 58
6 104 104
28 33 28
27 70 70
71 96 71
38 55 55
29 80 29
17 54 70
28 82 28
4 109 109
16 28 28
52 126 52
78 83 78
109 119 109
64 66 66
16 67 67
66 95 66
30 52 30
64 114 114
23 44 70
107 122 107
42 56 42
41 105 41
108 111 70
45 59 59
54 92 70
63 117 70
16 68 70
71 78 78
72 82 72
99 113 99
8 92 8
28 57 28
65 108 70
9 55 55
13 47 47
46 53 46
19 86 86
12 78 78
30 68 30
2 66 2
11 86 86
28 124 28
5 92 70
18 51 51
36 92 70
13 60 60
110 116 116
21 97 70
32 124 32
13 44 70
14 21 70
61 121 121
80 81 81
36 88 88
44 75 75
13 62 70
98 122 98
65 124 124
58 73 73
13 53 53
3 95 70
45 89 89
19 60 60
29 95 29
32 122 32
25 31 25
29 52 29
2 121 121
90 104 104
50 124 50
86 121 121
6 117 6
113 127 127
36 126 126
41 74 74
34 65 70
26 54 26
70 74 74
21 61 61
93 120 120
58 115 115
77 87 77
24 102 24
35 121 121
60 97 60
114 117 114
116 118 116
2 73 2
40 108 70
12 13 70
74 101 74
19 91 19
99 126 99
55 85 55
77 107 107
34 57 57
89 101 89
17 31 70
78 107 107
59 95 59
70 114 114
99 128 99
117 123 70
31 106 106
84 117 70
57 99 99
44 97 70
1 8 1
22 126 22
90 125 90
12 114 114
5 126 126
46 87 46
16 27 70
38 46 46
63 101 70
32 76 32
110 121 121
92 105 70
30 108 30
52 59 52
33 55 55
60 86 60
16 120 120
117 122 122
86 90 86
110 126 110
55 59 55
57 113 57
74 127 127
113 114 114
50 71 50
10 112 112
38 40 70
56 62 70
54 106 106
63 64 64
35 90 90
50 78 50
60 66 60
21 38 70
32 116 32
62 82 70
8 116 116
85 91 85
56 100 70
22 83 22
98 127 127
18 26 26
54 60 60
38 68 70
32 119 32
62 69 69
68 117 70
97 120 120
21 82 70
50 111 50
1 117 1
18 85 85
16 26 26
17 87 87
6 123 6
13 21 70
79 126 79
14 122 122
20 31 70
45 87 87
32 102 32
2 99 99
16 109 109
12 38 70
92 112 112
33 57 57
73 92 73
76 99 99
34 93 70
93 105 70
77 125 77
56 68 70
27 38 70
92 117 70
12 111 70
12 65 70
23 82 70
18 43 18
71 91 71
6 32 32
21 119 70
27 49 49
52 92 52
4 123 4
27 73 73
48 64 64
34 71 71
14 36 70
64 72 64
56 87 87
42 46 42
63 107 107
21 39 70
34 45 45
13 52 52
19 69 69
46 55 55
11 28 28
34 90 90
68 96 96
51 64 51
76 116 116
44 114 114
11 57 11
33 104 104
41 106 106
85 112 112
1 125 1
33 83 83
83 86 86
62 81 81
104 107 107
9 112 112
25 104 104
20 95 70
55 73 55
29 78 29
30 41 30
107 128 107
20 38 70
70 93 70
28 46 28
25 99 99
31 46 46
25 120 120
37 63 70
7 52 52
6 67 6
27 68 70
77 122 77
29 41 29
42 128 42
14 117 70
66 102 66
26 73 73
33 112 112
34 128 128
85 124 124
36 95 70
23 106 106
13 51 51
25 54 25
16 82 70
75 85 75
66 119 66
44 82 70
33 84 33
17 121 121
33 42 42
11 40 11
70 119 70
51 83 51
28 39 28
38 127 127
7 36 7
96 107 107
71 90 71
77 108 77
6 23 6
72 92 72
37 108 70
22 71 71
38 103 103
54 95 70
109 128 128
70 120 120
2 52 2
5 55 55
20 117 70
43 110 110
15 17 15
7 64 64
25 56 25
19 109 109
99 104 99
43 63 70
5 84 70
29 125 29
41 102 41
45 60 60
65 85 85
95 123 70
41 51 51
28 88 88
14 105 70
61 112 61
81 101 81
78 101 78
14 87 87
41 123 41
26 33 33
13 14 70
44 124 124
60 95 60
56 58 58
1 84 1
35 49 49
37 92 70
25 77 77
106 119 106
10 56 70
77 88 88
39 63 70
25 34 25
22 73 22
3 105 70
73 119 73
86 88 88
43 105 70
41 77 77
18 24 24
31 102 70
51 84 51
49 114 114
69 125 69
58 92 58
109 112 112
37 127 127
46 121 121
16 51 51
12 33 33
8 65 8
9 94 94
103 126 126
2 107 107
38 54 70
65 71 71
22 99 99
36 100 70
38 47 47
66 86 86
11 54 11
11 25 11
32 33 32
17 47 47
10 15 15
42 85 42
29 126 29
69 107 107
14 91 70
9 71 71
20 64 64
8 51 51
1 61 1
3 101 70
12 121 121
10 62 70
2 109 2
14 123 70
58 101 58
71 77 71
10 102 70
15 84 15
33 97 33
61 75 61
20 61 61
114 125 114
54 77 77
36 43 70
22 37 22
15 61 61
62 91 70
55 111 55
6 49 6
54 113 113
6 80 6
23 119 70
84 93 70
74 91 74
25 116 116
29 87 29
32 34 32
40 88 88
61 127 127
22 105 22
19 20 19
11 118 11
43 123 70
8 22 22
60 104 60
75 82 75
7 25 25
57 122 122
71 121 121
44 89 89
47 61 47
67 125 125
8 79 79
37 41 41
3 109 109
16 62 70
51 78 78
55 107 107
48 55 55
29 81 29
49 84 49
60 119 60
79 116 116
22 118 22
33 128 128
10 18 18
9 36 9
42 69 42
26 79 79
93 122 122
20 99 99
7 95 7
77 106 77
86 96 86
32 91 32
74 119 74
27 80 80
15 92 15
68 102 70
55 75 55
6 90 90
27 84 70
95 97 70
8 113 113
59 88 88
23 54 70
36 48 48
12 100 70
44 74 74
103 108 103
61 86 86
55 106 55
112 122 112
85 98 98
63 111 70
58 85 85
62 108 70
37 102 70
70 94 94
19 75 75
10 36 70
62 68 70
23 97 70
18 124 124
3 100 70
92 107 107
105 119 70
20 52 52
43 79 79
60 124 60
38 57 57
27 93 70
100 108 70
10 63 70
13 68 70
23 105 70
33 118 33
66 128 128
60 63 60
18 58 58
13 36 70
91 106 106
75 89 89
43 54 70
73 98 98
49 64 64
16 97 70
37 111 70
47 69 47
74 76 76
11 80 11
28 77 28
55 77 77
10 70 70
72 87 72
32 107 32
32 126 32
27 97 70
70 99 99
72 116 116
71 89 71
78 122 78
83 109 83
27 34 70
46 78 78
121 128 121
98 105 98
17 65 70
8 101 8
70 112 112
23 109 109
67 126 126
81 124 124
51 124 124
18 54 18
26 112 112
68 83 83
2 3 2
14 104 104
52 124 124
4 46 46
14 63 70
56 81 81
99 112 99
17 40 70
4 76 76
40 103 103
7 101 7
72 93 72
82 112 112
40 95 70
37 119 70
10 53 53
9 113 113
88 110 88
19 41 41
12 50 50
27 101 70
95 117 70
44 65 70
5 54 70
14 92 70
22 41 22
74 82 74
32 84 32
74 121 121
37 66 66
86 120 86
13 123 70
7 60 60
43 122 122
27 121 121
40 66 66
30 61 30
21 42 42
108 117 70
35 91 35
81 86 86
22 66 22
63 65 70
66 78 78
33 115 115
27 79 79
29 38 29
61 88 88
96 120 120
63 119 70
5 89 89
10 20 70
81 118 81
20 33 33
27 36 70
17 101 70
4 45 4
36 63 70
33 94 33
29 57 29
42 54 42
41 67 41
48 106 106
40 79 79
44 78 78
73 110 110
32 83 32
59 112 59
24 29 29
15 65 15
92 103 103
30 43 30
17 91 70
13 24 24
25 65 25
34 44 70
51 70 51
41 99 99
5 85 85
42 120 42
7 31 7
10 13 70
106 123 106
105 117 70
24 63 24
105 120 120
20 51 51
8 109 109
18 75 75
124 126 124
17 95 70
10 111 70
16 106 106
47 121 121
106 107 107
32 89 32
1 93 1
25 101 25
88 118 88
1 17 1
34 106 106
8 118 118
1 126 1
63 85 85
45 113 113
37 84 70
5 117 70
75 105 75
31 66 66
82 91 70
24 86 86
1 106 1
88 127 88
5 12 70
59 105 59
60 99 99
35 97 35
24 94 24
12 56 70
32 104 32
68 94 94
70 100 70
50 81 50
30 96 30
42 127 127
58 74 74
56 108 70
37 39 70
17 105 70
104 121 121
85 118 85
69 124 124
53 61 61
44 87 87
80 122 122
1 78 1
39 79 79
92 104 104
104 127 127
92 100 70
92 118 118
79 122 79
42 95 42
15 23 15
39 119 70
93 101 70
91 123 70
34 62 70
6 55 55
59 66 59
78 111 78
60 117 60
28 40 28
40 71 71
28 87 28
96 118 118
7 30 30
52 93 52
17 60 60
17 39 70
41 71 71
89 118 89
71 113 71
5 63 70
26 93 26
22 72 22
122 124 124
9 44 9
106 120 120
50 112 50
4 57 57
86 98 86
13 38 70
97 116 116
37 65 70
6 47 47
19 80 19
101 103 103
8 37 8
70 125 125
12 91 70
4 124 124
13 114 114
59 96 59
65 127 127
84 97 70
97 123 70
2 53 2
23 92 70
35 61 61
60 61 60
24 48 24
4 11 11
75 87 75
17 38 70
87 107 107
34 68 70
34 38 70
38 113 113
21 62 70
13 45 45
71 101 71
33 81 81
57 87 57
18 104 104
49 85 85
45 125 125
50 67 50
40 105 70
71 107 107
13 101 70
41 109 109
35 62 35
71 88 88
23 95 70
73 86 86
26 121 121
55 76 76
46 71 71
76 122 76
21 88 88
47 53 47
8 124 124
27 54 70
27 65 70
89 96 89
44 49 49
60 110 60
93 114 114
15 76 76
39 112 112
8 40 8
32 57 32
11 77 11
34 82 70
42 112 42
59 67 59
36 39 70
16 91 70
18 76 76
109 120 120
92 123 70
1 119 1
25 95 25
63 80 80
55 112 55
51 71 71
20 29 29
13 85 85
65 93 70
40 62 70
17 44 70
1 73 1
3 43 70
69 88 88
14 71 71
31 99 99
20 47 47
33 50 50
93 123 70
69 99 99
57 89 89
33 48 48
54 56 70
108 113 113
126 127 127
29 30 29
36 79 79
74 117 74
22 43 22
11 76 11
57 93 57
52 125 52
48 65 48
114 122 114
2 42 42
43 95 70
34 74 74
96 126 126
5 65 70
92 94 94
31 43 70
1 90 1
49 113 113
32 40 32
75 120 120
88 96 88
33 34 33
12 62 70
50 70 50
40 64 64
67 88 88
90 122 90
116 121 116
31 79 79
56 82 70
54 111 70
32 72 32
43 44 70
23 27 70
19 98 98
62 102 70
42 94 42
7 98 98
38 70 70
44 88 88
28 73 28
31 56 70
48 61 61
56 84 70
56 76 76
6 15 15
19 116 116
65 69 69
25 61 61
20 49 49
57 79 79
82 95 70
60 102 60
62 83 83
47 82 47
14 108 70
13 84 70
20 112 112
32 56 32
28 83 28
30 33 30
27 63 70
49 50 50
66 98 66
17 100 70
6 66 66
27 33 33
32 42 32
22 39 22
47 79 47
88 109 88
40 92 70
1 109 1
75 106 106
24 105 24
4 17 4
24 77 77
24 122 24
56 67 67
92 102 70
16 39 70
20 119 70
10 94 94
61 81 81
30 32 32
94 128 128
65 67 67
12 39 70
23 29 29
36 84 70
95 112 112
33 85 85
54 84 70
6 54 6
67 84 67
74 118 74
37 62 70
28 66 28
50 63 50
20 74 74
31 111 70
100 119 70
43 93 70
64 127 127
40 73 73
47 99 99
52 55 52
12 17 70
13 118 118
40 123 70
39 59 59
39 117 70
79 84 79
11 104 104
6 31 6
32 120 32
20 101 70
9 100 9
13 66 66
50 98 50
47 86 86
38 108 70
19 57 57
49 93 49
47 62 47
4 79 79
20 70 70
103 106 106
24 93 24
60 64 60
68 100 70
3 38 70
40 43 70
85 108 85
86 113 86
57 106 106
26 42 42
30 81 30
88 103 88
10 27 70
102 124 124
9 73 73
24 119 24
8 105 8
47 83 47
62 80 80
93 127 127
32 81 32
17 109 109
3 84 70
48 69 69
26 60 60
27 74 74
48 60 60
10 37 70
68 93 70
47 106 47
107 123 107
61 99 99
18 112 112
22 82 22
91 100 70
47 100 47
44 111 70
81 87 81
65 77 77
87 90 90
39 46 46
2 106 2
86 109 86
114 124 124
82 110 110
38 48 48
12 101 70
25 45 25
3 5 70
9 20 9
35 106 106
41 119 41
20 78 78
25 53 25
50 66 50
59 98 59
50 89 50
37 44 70
32 127 32
2 90 2
10 67 67
38 88 88
9 39 9
64 107 107
10 23 70
22 38 22
83 120 120
54 102 70
93 97 70
20 48 48
46 120 120
41 85 85
11 20 11
39 74 74
3 65 70
20 88 88
53 99 99
29 48 29
3 39 70
46 89 46
16 70 70
29 46 29
16 93 70
55 61 61
23 101 70
9 108 9
41 78 78
71 79 71
13 16 70
96 125 125
27 62 70
86 114 86
40 117 70
86 107 107
28 32 32
40 65 70
86 93 86
61 69 61
23 123 70
111 119 70
52 111 52
12 34 70
43 48 48
16 117 70
4 31 4
61 120 61
1 95 1
76 117 76
63 100 70
28 104 104
20 123 70
32 115 32
10 80 80
19 127 127
25 76 76
27 91 70
39 51 51
97 108 70
9 35 9
87 112 112
37 101 70
3 82 70
41 122 122
43 55 55
72 114 114
3 98 98
89 107 107
111 114 114
74 90 90
34 84 70
25 106 25
5 38 70
103 116 116
47 110 47
9 86 86
7 127 127
4 21 4
105 123 70
67 109 109
20 108 70
13 43 70
72 98 98
66 116 116
28 64 28
37 45 45
24 123 24
58 99 99
64 83 83
32 98 32
78 124 78
14 97 70
86 115 86
71 75 71
97 105 70
29 98 29
20 94 94
1 12 1
66 115 66
9 38 9
41 87 87
10 117 70
14 67 67
80 126 126
21 84 70
2 63 2
1 96 1
14 25 25
85 106 106
63 96 96
45 70 45
71 123 71
61 118 61
37 97 70
18 72 72
47 103 47
37 46 46
31 81 81
8 62 8
35 88 88
12 84 70
28 67 28
43 101 70
32 114 32
10 106 106
4 54 4
63 103 103
2 74 2
47 125 47
64 120 120
46 68 46
11 16 11
43 64 64
94 97 94
43 77 77
40 124 124
38 60 60
4 30 30
24 112 112
20 39 70
69 115 69
32 106 32
35 78 78
2 31 2
3 12 70
20 106 106
110 115 110
2 122 2
50 94 50
45 107 107
63 88 88
1 101 1
62 96 96
24 124 124
120 121 121
51 59 51
68 126 126
30 98 30
4 72 72
100 117 70
34 126 126
91 125 125
31 54 70
13 117 70
64 106 64
43 85 85
66 77 77
16 100 70
88 120 88
24 41 24
4 74 74
24 66 66
5 105 70
14 95 70
75 112 112
27 119 70
9 58 58
12 116 116
96 102 96
14 20 70
33 100 33
7 38 7
84 123 70
6 14 6
42 65 42
53 74 53
85 88 88
75 115 115
7 61 61
48 98 98
16 89 89
36 40 70
22 26 22
23 75 75
37 48 48
9 104 104
37 82 70
32 61 32
23 111 70
97 127 127
6 107 107
19 112 112
22 127 127
12 40 70
54 85 85
30 101 30
25 86 86
99 119 99
77 127 127
37 40 70
10 91 70
43 68 70
55 58 55
28 91 28
31 117 70
26 92 26
5 95 70
61 70 61
47 55 47
57 90 90
4 65 4
14 82 70
15 19 15
12 45 45
19 33 33
109 122 109
35 45 35
66 106 66
3 121 121
54 67 67
32 118 32
3 97 70
86 108 86
10 126 126
1 11 1
86 111 86
4 118 118
32 54 32
67 74 74
83 126 83
14 96 96
14 111 70
66 96 66
31 108 70
84 125 125
6 7 6
29 64 29
52 71 71
3 30 30
103 112 112
4 71 71
26 80 26
82 101 70
18 77 77
46 67 46
63 120 120
15 62 15
69 73 69
20 83 83
82 109 109
22 28 28
56 119 70
23 102 70
101 124 124
41 104 104
27 95 70
43 84 70
12 117 70
81 110 81
72 96 72
68 106 106
62 123 70
77 103 77
15 73 15
62 90 90
18 73 73
36 65 70
58 94 58
2 81 81
16 95 70
32 92 32
33 122 122
42 88 88
2 116 116
62 72 72
91 111 70
72 85 72
17 92 70
44 84 70
59 76 76
12 60 60
44 108 70
43 61 61
56 72 72
93 111 70
30 119 30
31 101 70
36 73 73
117 124 124
5 110 110
16 88 88
5 127 127
47 122 47
11 73 11
25 57 25
70 75 75
15 126 15
22 68 22
87 120 120
25 72 25
21 116 116
45 80 80
61 102 61
65 100 70
59 118 59
34 115 115
41 101 41
20 126 126
11 58 11
34 123 70
5 58 58
56 65 70
63 74 74
47 51 51
10 25 25
15 67 15
45 65 45
37 38 70
21 123 70
75 116 116
90 106 90
56 70 70
66 88 88
59 104 104
26 103 103
71 73 71
88 106 88
61 125 61
60 126 60
74 105 74
38 76 76
9 28 28
28 62 28
27 42 42
59 74 59
98 103 98
16 40 70
106 114 114
15 70 15
81 128 128
44 81 81
3 91 70
89 122 89
5 86 86
17 117 70
9 11 11
2 124 124
85 87 85
101 111 70
94 123 94
11 99 99
15 77 77
1 107 1
68 75 75
79 113 79
23 67 67
36 123 70
23 31 70
53 89 53
48 107 107
94 117 94
84 104 104
14 31 70
23 74 74
50 110 50
49 60 60
71 87 71
38 50 50
18 71 71
7 46 46
40 86 86
39 97 70
57 67 57
4 113 113
2 112 2
7 54 7
14 100 70
38 92 70
68 91 70
36 103 103
46 48 46
50 77 50
32 82 32
25 89 25
2 65 2
83 127 127
12 29 29
69 108 69
6 39 6
27 60 60
56 86 86
2 86 86
69 77 77
41 121 121
59 87 59
17 67 67
84 102 70
55 120 120
17 62 70
21 27 70
1 65 1
65 111 70
31 44 70
36 82 70
118 119 118
90 109 90
20 128 128
30 82 30
43 119 70
93 118 118
8 30 30
1 13 1
91 99 99
81 96 81
98 118 98
90 105 90
2 46 2
85 128 128
60 79 60
56 93 70
17 116 116
79 85 79
8 106 106
23 93 70
17 108 70
33 47 47
76 100 76
10 68 70
56 109 109
10 31 70
62 71 71
99 121 99
18 120 120
90 101 90
97 117 70
52 66 52
105 124 124
20 102 70
20 62 70
20 54 70
30 60 60
32 49 32
23 28 28
28 96 28
40 75 75
95 101 70
3 60 60
85 114 114
101 105 70
88 99 88
70 104 104
51 55 51
20 67 67
3 20 70
82 106 106
99 127 99
14 16 70
29 55 29
30 51 30
46 112 46
77 110 77
20 26 26
21 91 70
41 128 128
60 88 88
94 105 94
42 59 42
21 40 70
17 20 70
81 115 81
67 68 67
71 112 71
81 103 81
48 91 48
8 80 80
31 61 61
80 124 124
49 104 104
12 19 19
23 62 70
24 85 24
3 110 110
73 108 73
57 126 126
69 112 69
7 111 7
1 98 1
29 106 29
55 123 55
33 77 77
33 59 59
97 111 70
105 106 106
57 80 57
12 94 94
11 22 11
10 119 70
5 17 70
2 69 2
48 104 104
40 45 45
55 92 55
108 114 114
29 109 29
42 117 42
5 43 70
107 127 107
13 119 70
50 68 50
28 85 28
91 94 94
61 104 104
2 78 78
13 34 70
79 94 79
10 35 35
40 78 78
15 105 15
33 37 33
43 71 71
69 122 69
32 111 32
3 76 76
32 97 32
39 40 70
59 69 69
10 12 70
49 55 55
40 85 85
12 69 69
42 74 42
50 127 127
43 57 57
46 126 46
7 117 7
5 99 99
3 123 70
83 90 83
42 86 42
23 116 116
8 70 8
25 90 25
43 115 115
106 122 106
20 59 59
3 17 70
52 91 52
38 82 70
21 37 70
9 91 9
39 121 121
84 115 115
20 53 53
30 106 30
30 102 30
93 109 109
4 92 4
15 55 55
7 62 7
16 56 70
49 101 49
104 122 104
39 69 69
47 84 47
20 91 70
7 107 107
61 128 128
93 119 70
90 107 107
10 101 70
39 43 70
33 41 41
21 101 70
13 48 48
22 70 22
80 87 87
59 79 59
24 51 51
84 107 107
12 64 64
13 55 55
25 58 25
12 14 70
10 83 83
25 60 60
24 88 88
33 124 124
1 20 1
2 23 2
46 123 46
27 30 30
88 95 88
47 78 78
113 116 116
7 12 7
62 65 70
63 66 66
80 118 118
34 97 70
102 106 106
22 121 121
42 63 42
54 88 88
1 124 1
13 69 69
54 82 70
2 118 2
20 87 87
5 100 70
2 18 2
11 123 11
65 97 70
30 46 30
1 50 1
98 113 98
38 65 70
30 128 128
28 42 28
53 97 53
28 102 28
24 73 24
21 86 86
77 79 77
38 128 128
17 111 70
35 105 35
60 111 60
17 36 70
99 107 99
17 23 70
18 33 33
73 97 73
16 103 103
51 76 51
79 115 115
39 66 66
96 124 124
56 97 70
39 103 103
7 78 78
42 113 42
21 105 70
2 100 2
87 98 98
48 118 48
44 62 70
26 69 69
1 127 1
67 122 122
76 88 88
24 25 25
83 110 110
30 40 30
35 53 53
36 124 124
54 91 70
21 125 125
12 74 74
26 81 81
20 93 70
31 53 53
8 20 8
43 75 75
13 77 77
30 94 30
28 51 28
71 126 71
33 69 69
37 100 70
13 92 70
84 111 70
34 101 70
20 46 46
15 111 15
8 12 8
16 77 77
44 113 113
14 50 50
57 75 57
77 91 77
38 105 70
85 99 99
40 69 69
51 68 51
89 104 104
22 123 22
31 34 70
46 47 47
52 121 121
20 55 55
105 121 121
40 91 70
18 52 52
55 71 71
29 82 29
113 120 120
6 128 128
102 123 70
67 73 73
1 58 1
91 104 104
9 125 125
62 120 120
31 113 113
80 117 80
16 49 49
111 117 70
17 63 70
4 86 86
57 65 57
64 73 64
11 43 11
8 99 99
20 58 58
2 49 2
56 63 70
101 113 113
17 58 58
59 107 107
27 125 125
39 90 90
93 126 126
104 124 104
100 123 70
85 92 85
15 66 66
3 26 26
93 103 103
24 98 98
37 73 73
76 97 76
31 38 70
102 128 128
61 109 61
52 86 86
82 114 114
60 85 60
33 86 86
67 90 90
94 124 124
17 61 61
54 70 70
67 102 67
44 59 59
14 15 15
4 25 25
71 114 71
75 108 75
20 66 66
43 69 69
109 125 109
8 117 8
83 124 124
42 109 42
1 87 1
61 65 61
10 92 70
115 116 116
44 119 70
21 94 94
41 47 47
4 53 53
105 109 109
9 72 72
107 118 107
46 98 46
8 64 64
59 65 59
47 94 47
15 79 15
58 65 58
2 29 29
90 121 121
29 32 29
51 117 51
13 63 70
87 124 124
15 95 15
31 40 70
3 21 70
91 95 70
69 89 69
40 119 70
91 102 70
20 42 42
15 87 15
71 83 71
91 101 70
26 101 26
41 72 72
25 119 25
25 29 29
64 94 64
16 119 70
59 127 127
101 123 70
1 105 1
15 28 28
26 51 51
39 105 70
5 37 70
35 59 59
51 77 51
14 34 70
84 96 96
9 87 87
25 66 25
88 121 88
36 37 70
14 44 70
3 36 70
51 79 51
21 31 70
39 96 96
116 117 116
44 63 70
66 81 81
49 126 126
12 92 70
12 119 70
28 110 28
31 39 70
8 111 8
23 96 96
8 19 19
24 125 24
78 86 78
93 117 70
107 109 107
34 95 70
48 127 127
9 51 51
82 100 70
71 100 71
73 84 73
7 32 32
51 56 51
12 93 70
24 95 24
11 71 71
50 62 50
85 111 85
23 37 70
23 120 120
41 88 88
7 93 7
45 92 45
8 77 77
92 111 70
37 117 70
5 87 87
78 116 116
5 50 50
6 74 74
5 106 106
33 108 33
36 97 70
68 119 70
16 102 70
3 33 33
16 108 70
65 68 70
62 117 70
36 102 70
8 52 52
30 121 121
18 121 121
34 43 70
54 96 96
72 122 72
12 113 113
58 64 64
73 101 73
3 126 126
38 126 126
55 118 55
95 100 70
68 108 70
42 102 42
76 82 76
26 113 113
6 82 6
30 70 30
65 99 99
18 81 81
24 58 24
52 110 52
45 79 79
56 79 79
91 128 128
1 55 1
11 32 32
47 95 47
20 122 122
8 43 8
30 79 30
40 107 107
72 79 79
62 92 70
36 94 94
84 108 70
1 121 1
3 13 70
51 121 121
57 78 78
24 71 71
20 79 79
8 38 8
34 127 127
14 102 70
66 122 66
5 21 70
34 48 48
18 89 89
62 105 70
79 82 79
33 72 72
10 95 70
83 113 83
112 121 121
51 108 51
12 85 85
59 113 59
3 128 128
33 39 33
69 76 76
42 87 42
26 127 127
11 100 11
18 66 66
98 116 116
70 88 88
34 92 70
100 111 70
48 123 48
81 109 81
92 110 110
10 34 70
69 86 86
68 122 122
85 93 85
60 106 60
44 54 70
32 113 32
106 118 106
84 91 70
2 119 2
18 88 88
5 75 75
20 114 114
22 24 22
56 111 70
20 89 89
12 44 70
12 68 70
30 116 116
120 128 128
42 116 116
10 86 86
30 117 30
49 125 125
30 50 50
46 109 46
2 117 2
79 90 90
94 102 94
53 115 53
55 84 55
31 114 114
74 75 74
75 128 128
33 116 116
51 105 51
29 119 29
61 110 61
47 128 128
47 64 47
8 97 8
69 120 120
46 80 46
31 92 70
26 118 26
56 112 112
9 41 41
29 121 29
15 18 15
47 48 47
36 51 51
24 64 64
53 70 53
13 17 70
24 46 46
2 55 2
86 127 127
88 107 88
22 27 22
92 121 121
49 107 107
37 91 70
61 68 61
12 61 61
12 63 70
12 47 47
65 70 70
6 46 46
5 119 70
33 35 33
5 10 70
55 96 55
6 24 24
78 104 78
30 99 99
38 87 87
82 93 70
6 36 6
115 128 128
19 61 61
30 111 30
45 49 49
12 125 125
34 52 52
36 44 70
17 103 103
29 116 29
56 102 70
40 90 90
5 67 67
97 119 70
38 79 79
29 128 29
120 127 127
6 84 6
68 116 116
65 90 90
76 123 76
68 80 80
76 85 76
60 112 60
37 110 110
71 116 116
66 69 69
102 103 103
67 83 83
36 125 125
11 63 11
45 98 98
37 75 75
20 36 70
98 110 110
52 85 52
30 62 30
73 102 73
1 2 1
78 99 99
10 54 70
99 115 99
15 26 15
46 60 60
55 100 55
10 88 88
115 121 121
13 102 70
95 110 110
70 103 103
42 71 71
43 62 70
5 120 120
1 33 1
65 117 70
72 121 121
5 14 70
12 95 70
39 50 50
85 86 86
50 103 50
21 54 70
16 36 70
40 44 70
7 20 7
22 74 22
86 100 86
4 9 4
72 94 72
6 58 6
1 59 1
67 70 67
2 56 2
57 64 64
91 115 115
5 39 70
56 105 70
68 112 112
36 104 104
72 117 72
2 9 2
66 120 120
16 23 70
47 81 81
3 7 7
57 114 114
49 120 120
62 111 70
121 122 121
68 127 127
3 48 48
14 27 70
46 50 50
13 15 15
21 93 70
43 114 114
59 114 114
19 128 128
54 93 70
15 113 15
100 112 112
36 70 70
2 64 2
59 94 59
56 85 85
76 110 76
39 93 70
40 68 70
59 116 116
62 112 112
12 66 66
6 20 6
22 79 22
20 75 75
115 124 124
55 99 99
5 16 70
1 71 1
4 48 48
44 91 70
50 121 121
38 84 70
20 85 85
21 44 70
10 14 70
99 110 99
2 27 2
36 42 42
11 55 11
65 84 70
49 103 103
16 17 70
20 37 70
55 94 55
16 63 70
29 115 29
30 71 71
28 61 28
40 63 70
58 72 72
64 98 98
16 84 70
82 122 122
10 75 75
34 118 118
78 98 78
81 104 104
3 108 70
58 69 69
41 89 89
38 56 70
5 101 70
20 103 103
97 102 70
47 98 47
107 121 107
48 95 48
19 55 55
51 127 127
44 103 103
31 95 70
17 46 46
43 126 126
100 114 114
22 115 22
22 23 22
33 103 33
13 64 64
3 50 50
27 43 70
79 104 104
1 32 1
11 34 11
3 102 70
43 111 70
23 68 70
56 101 70
11 53 11
78 119 78
81 105 81
116 128 116
10 30 30
67 106 106
22 113 22
15 124 124
13 93 70
21 111 70
75 122 122
55 88 88
45 114 114
92 101 70
117 119 70
74 107 107
11 26 11
94 101 94
53 124 124
55 81 81
53 57 53
92 109 109
23 63 70
10 90 90
28 121 121
96 104 104
6 81 81
78 118 78
31 98 98
38 51 51
51 116 116
16 34 70
75 81 81
44 126 126
42 50 50
72 75 72
19 43 19
3 111 70
91 118 118
36 68 70
92 93 70
67 121 121
37 55 55
29 49 29
62 84 70
11 83 11
36 119 70
26 48 48
51 65 51
87 125 125
30 115 30
72 84 72
78 112 78
41 91 41
47 97 47
84 112 112
5 93 70
60 109 60
73 99 99
65 82 70
35 73 73
10 114 114
85 113 85
37 54 70
20 97 70
60 107 107
25 51 51
24 72 24
47 114 47
20 116 116
58 122 122
1 29 1
20 35 35
26 126 126
38 58 58
73 89 89
99 124 99
93 108 70
18 36 18
52 72 52
29 68 29
24 35 24
95 119 70
33 46 46
79 87 79
23 79 79
28 54 28
40 94 94
63 126 126
71 115 71
13 56 70
2 25 2
27 123 70
54 101 70
89 109 109
29 85 29
2 47 47
10 100 70
81 122 81
34 61 61
74 83 83
27 64 64
17 34 70
104 105 104
8 28 28
60 91 60
12 124 124
66 71 71
66 100 66
67 98 98
24 55 55
10 107 107
33 40 33
79 88 88
14 101 70
8 23 8
25 127 127
86 119 86
87 96 87
86 92 86
44 94 94
34 102 70
104 111 104
12 27 70
86 104 104
78 125 78
12 86 86
51 69 51
39 123 70
17 84 70
83 98 98
84 100 70
20 109 109
53 101 53
26 37 26
1 82 1
22 52 52
27 83 83
20 127 127
51 85 51
39 62 70
51 60 60
7 40 7
20 68 70
87 121 121
10 40 70
40 112 112
16 115 115
37 104 104
24 104 104
19 51 51
7 85 85
23 65 70
66 108 66
49 81 81
44 98 98
34 116 116
34 108 70
59 89 59
7 16 7
39 104 104
65 89 89
25 121 121
82 113 113
14 37 70
29 104 29
71 86 71
36 64 64
54 105 70
97 100 70
8 13 8
62 87 87
25 70 25
17 125 125
108 119 70
12 108 70
21 56 70
57 83 83
22 116 116
43 82 70
64 76 76
35 54 35
61 76 61
4 20 4
111 113 113
97 114 114
27 37 70
34 117 70
6 105 6
3 44 70
13 71 71
10 76 76
7 110 110
24 33 24
53 81 81
5 73 73
25 112 25
55 105 55
56 118 118
17 68 70
77 114 77
20 27 70
69 87 69
16 35 35
109 114 114
76 81 81
100 121 121
46 86 86
79 86 86
20 43 70
10 65 70
30 118 30
47 96 47
67 78 78
31 91 70
28 115 28
33 91 33
30 90 30
11 91 11
10 44 70
105 126 126
102 105 70
52 89 52
65 105 70
46 110 110
61 62 61
46 66 66
13 111 70
56 91 70
38 73 73
55 121 121
64 126 64
32 117 32
64 128 128
42 122 42
101 119 70
69 97 69
46 96 46
20 22 22
28 59 28
14 84 70
16 29 29
32 125 32
29 110 29
90 96 90
60 77 60
1 67 1
32 86 32
52 94 52
34 77 77
47 112 47
18 44 18
35 100 35
20 40 70
20 41 41
34 100 70
13 73 73
50 125 50
75 83 83
53 127 127
82 102 70
5 91 70
17 110 110
21 65 70
15 127 127
80 92 80
5 102 70
69 110 110
68 128 128
68 92 70
18 113 113
15 44 15
20 65 70
27 118 118
42 110 42
49 51 51
74 104 104
79 110 110
39 95 70
30 48 30
16 114 114
21 100 70
17 21 70
66 76 76
10 46 46
5 57 57
102 110 110
43 78 78
87 103 87
23 127 127
102 111 70
23 36 70
12 35 35
12 128 128
30 55 30
119 124 124
81 125 81
35 122 122
77 99 99
17 123 70
17 97 70
2 7 2
105 111 70
89 94 89
13 57 57
29 50 29
6 61 61
12 23 70
36 101 70
22 86 86
21 36 70
22 60 60
1 88 1
2 35 2
57 91 57
60 113 60
11 97 11
5 108 70
77 82 77
82 117 70
40 89 89
72 74 72
37 43 70
34 36 70
75 78 78
23 43 70
22 120 120
14 23 70
50 95 50
18 56 18
14 17 70
88 116 88
13 31 70
21 43 70
60 89 60
23 40 70
42 103 42
10 78 78
52 114 52
82 105 70
14 76 76
58 110 110
4 40 4
11 51 51
71 81 71
26 27 26
19 36 19
82 84 70
82 123 70
23 55 55
44 123 70
10 123 70
39 110 110
117 121 121
29 107 29
59 91 59
3 37 70
16 20 70
31 63 70
82 111 70
2 60 60
60 116 60
13 97 70
7 58 58
102 114 114
59 122 59
99 106 99
34 114 114
81 120 81
34 94 94
39 102 70
121 126 121
42 107 107
5 123 70
3 10 70
80 111 80
39 88 88
51 89 51
18 64 64
100 101 70
27 117 70
34 111 70
46 88 88
68 115 115
6 101 6
23 59 59
35 71 71
54 114 114
9 111 9
73 94 73
22 98 22
90 115 115
