256 6806
30 235 1
97 178 178
225 235 227
37 93 1
143 205 173
22 77 1
106 118 195
107 129 147
56 224 110
185 220 91
56 73 1
57 217 208
170 249 1
65 115 1
37 54 54
190 224 1
114 120 197
110 136 1
185 247 247
20 160 152
25 239 89
6 9 208
47 191 1
32 58 208
72 245 208
99 227 227
118 192 208
60 104 1
8 37 54
28 232 232
35 125 156
47 114 197
175 227 227
28 93 27
43 160 150
137 230 208
87 159 208
39 224 208
100 184 208
117 205 227
70 79 142
14 215 1
227 232 227
79 112 112
192 197 1
172 196 196
19 96 1
1 61 1
1 23 1
165 223 227
42 231 1
80 135 83
36 94 114
82 139 91
126 130 1
71 133 253
11 227 227
211 237 151
36 222 197
54 185 1
14 247 247
110 116 110
13 211 227
1 88 1
77 140 114
56 166 112
71 229 229
53 142 208
78 130 1
3 162 1
180 201 89
155 204 227
60 111 208
110 186 1
101 143 173
86 251 1
27 81 27
166 217 147
84 208 208
138 157 1
26 54 156
77 127 127
10 55 95
38 160 227
95 133 1
220 256 194
178 248 151
208 254 208
2 55 227
143 199 127
80 95 1
63 210 208
48 238 27
21 95 151
132 252 252
71 218 156
4 225 1
5 179 156
103 147 147
1 107 1
109 200 114
19 164 227
134 174 142
91 185 91
204 212 212
48 128 227
147 168 147
57 204 1
170 213 1
93 119 27
155 213 127
71 202 208
15 39 3
156 159 156
75 134 147
142 228 147
20 64 227
178 252 1
99 124 1
194 228 1
59 120 120
195 241 195
201 242 89
224 245 169
110 112 112
214 219 1
154 167 227
206 239 1
26 72 83
188 204 227
97 245 1
1 158 1
174 216 174
25 209 209
92 147 1
38 118 1
56 109 1
142 161 142
93 107 1
63 147 147
107 181 147
64 227 227
18 23 208
110 244 1
120 249 197
27 186 27
159 241 156
159 228 208
60 197 1
35 159 54
93 201 1
9 106 208
38 43 227
36 245 1
2 143 173
20 196 227
40 208 208
40 115 1
202 248 1
53 240 3
126 164 1
19 227 227
58 132 147
171 238 193
19 247 247
51 175 193
20 36 127
7 205 227
131 216 147
107 147 147
1 239 1
1 99 1
141 237 98
1 53 1
206 248 95
142 169 112
110 181 110
41 189 1
115 241 1
38 244 227
69 122 122
5 176 1
63 75 63
114 243 127
64 167 227
95 119 95
147 169 147
144 187 178
38 84 1
52 166 147
70 201 208
104 206 151
85 223 247
162 232 178
24 102 127
79 147 147
1 214 1
1 19 1
24 212 227
53 156 156
184 227 1
34 128 114
17 65 1
40 65 89
81 204 247
176 185 27
123 129 147
27 133 1
66 179 208
96 236 208
45 218 83
172 227 227
25 199 1
1 207 1
1 227 1
54 83 156
40 242 80
205 234 227
1 30 1
4 47 1
147 184 147
51 115 193
132 146 1
84 212 1
109 124 1
4 31 255
111 147 147
26 217 208
21 107 1
104 211 104
49 227 227
69 70 208
1 89 1
121 163 1
8 229 253
36 214 127
3 197 1
3 203 54
88 122 122
140 167 127
198 246 1
3 45 156
32 230 195
123 248 1
141 185 27
175 249 227
220 231 227
194 204 194
53 202 208
86 89 156
59 189 182
159 246 1
118 240 156
214 252 1
199 244 199
43 63 1
95 222 227
29 231 227
1 135 1
33 35 1
49 223 227
74 75 30
102 113 213
1 68 1
7 108 1
157 212 27
88 187 1
64 118 1
87 215 215
1 234 1
86 145 145
38 218 1
24 190 127
179 194 1
44 248 227
101 146 213
198 236 147
113 127 127
97 149 27
13 59 127
110 208 208
55 146 227
66 174 112
128 165 127
93 192 1
122 199 1
172 185 82
66 245 110
69 126 54
49 67 127
136 222 127
151 164 227
93 207 1
63 208 208
49 127 127
166 255 147
129 233 1
26 231 1
91 224 1
152 246 213
56 169 110
164 254 1
183 215 215
189 244 182
109 231 114
234 251 227
89 201 89
23 245 208
63 161 147
113 214 165
33 223 247
104 187 104
64 236 1
76 86 208
116 147 147
104 178 178
91 212 91
9 187 1
72 208 208
12 172 247
26 211 1
2 152 173
109 189 197
241 254 195
65 114 1
1 119 1
60 105 1
31 198 147
1 216 1
149 236 1
1 163 1
58 72 208
22 195 195
79 126 208
66 236 147
180 230 83
39 91 1
149 172 82
113 189 127
50 162 227
44 136 246
8 42 54
11 191 1
72 236 208
1 60 1
155 226 114
74 108 215
94 132 1
109 164 197
40 145 156
14 91 91
67 182 182
68 255 255
167 247 227
171 221 1
66 132 147
101 211 227
110 222 1
36 106 1
105 209 1
74 194 1
114 227 227
112 221 147
63 216 147
28 56 1
11 226 127
68 87 255
89 160 1
22 53 156
9 221 221
2 225 227
13 184 1
69 220 1
153 225 1
191 202 252
3 134 208
121 220 227
20 188 213
36 224 1
139 237 27
48 85 27
15 161 208
1 123 1
39 89 156
5 69 5
104 154 151
112 152 1
66 173 1
40 188 1
49 187 227
1 244 1
122 162 1
129 188 1
141 203 1
38 53 1
20 146 213
160 188 213
3 240 3
9 217 215
9 103 221
45 254 195
65 125 89
94 227 227
151 253 1
89 135 83
20 100 1
18 83 208
55 227 227
15 242 156
61 183 215
105 217 1
172 234 247
1 252 1
136 167 246
71 180 156
204 247 247
101 190 213
69 256 1
10 88 1
131 240 208
148 248 1
222 256 227
10 96 1
123 147 147
102 172 227
54 208 208
21 176 104
7 40 1
112 169 112
210 230 83
66 181 58
18 198 112
24 100 1
152 189 127
16 208 208
72 209 83
15 254 156
146 199 127
1 205 1
149 154 27
21 243 227
38 247 27
92 214 227
70 107 147
58 216 112
118 156 156
126 138 54
73 124 1
36 116 1
1 55 1
57 78 208
43 194 227
135 247 1
46 251 197
178 254 1
73 127 127
187 207 1
53 230 156
167 190 50
94 130 197
70 227 1
9 161 147
38 95 95
30 167 1
176 227 227
102 250 127
133 140 1
127 140 127
8 25 156
117 151 151
49 184 1
82 238 247
48 256 27
127 249 127
165 227 227
8 90 1
40 239 239
213 214 213
26 210 65
172 215 1
94 155 114
10 18 1
41 79 62
36 71 1
31 60 208
6 145 253
6 93 1
44 130 127
88 160 1
78 215 215
33 83 1
38 119 38
189 251 235
1 106 1
1 46 1
216 224 112
125 198 208
54 221 208
28 178 178
56 84 110
108 137 255
125 238 1
7 27 27
3 98 1
1 70 1
116 254 208
13 204 227
109 123 1
21 225 178
97 158 27
44 243 246
102 199 127
113 227 227
30 212 1
154 248 141
49 209 1
121 198 1
35 253 253
11 246 246
26 140 1
54 72 156
70 198 112
197 215 1
142 147 147
29 48 95
101 213 213
202 249 1
149 193 247
11 120 127
120 140 197
148 251 1
193 230 1
170 181 112
17 153 1
214 244 127
170 245 112
114 233 127
215 236 215
31 132 215
3 219 3
146 188 246
34 155 114
59 231 197
22 45 195
15 151 1
14 98 27
185 199 227
85 194 247
41 181 112
136 178 227
33 103 1
250 251 235
10 48 95
10 73 227
151 225 151
201 237 1
2 251 127
120 199 120
208 219 208
129 216 112
59 200 197
201 226 1
223 231 227
220 247 247
66 211 1
59 67 182
94 162 227
177 240 54
168 201 208
140 200 200
78 181 147
134 147 147
212 241 1
119 145 1
119 197 227
8 123 208
43 51 227
125 157 1
6 229 229
7 236 1
118 224 208
88 148 208
2 71 1
135 217 208
41 242 208
28 87 1
155 157 227
67 134 1
95 151 151
3 42 3
67 250 235
26 180 89
82 227 227
42 122 3
16 108 208
98 103 1
32 135 254
9 92 1
34 67 197
125 210 89
89 239 89
114 160 127
140 146 127
182 184 1
67 189 235
67 244 182
95 206 95
127 130 127
118 163 83
24 52 1
85 238 93
105 167 213
37 245 208
219 230 156
146 246 246
154 187 151
44 50 50
131 227 1
234 237 27
56 179 208
75 145 208
33 92 27
4 247 1
226 255 1
80 99 1
190 227 227
14 113 227
11 73 50
58 121 1
34 187 227
1 209 1
37 122 3
115 247 247
152 200 127
183 221 252
115 198 1
57 177 156
55 206 92
49 195 1
62 66 112
117 173 227
167 173 213
176 179 1
216 250 1
147 181 147
59 196 227
107 224 147
66 176 1
70 118 208
144 184 1
156 208 208
117 133 1
46 128 114
159 229 54
12 14 247
158 220 247
169 233 1
101 248 227
88 143 1
86 101 1
26 157 1
145 241 156
221 223 1
153 203 54
81 188 227
134 226 1
103 252 252
42 142 208
77 121 155
83 89 83
108 256 1
139 152 227
137 188 1
61 68 68
4 184 147
149 186 247
156 213 1
53 236 208
37 48 1
28 180 1
13 246 246
49 126 1
29 153 1
44 163 1
12 27 27
239 241 83
114 191 1
46 173 127
1 169 1
60 174 208
73 155 127
74 156 208
166 208 208
84 132 147
127 155 127
160 216 1
101 179 1
64 87 1
41 151 1
9 76 221
14 160 227
56 161 112
24 164 182
59 165 127
99 253 1
140 203 1
202 221 221
27 187 27
19 252 1
24 235 235
87 134 147
60 231 1
147 189 1
174 200 1
27 234 27
76 158 1
223 228 1
105 138 1
45 77 1
13 88 1
102 222 127
91 247 247
33 137 1
151 182 227
15 133 54
146 244 127
31 217 217
83 145 156
96 224 208
21 157 104
151 177 1
84 205 1
9 252 252
208 237 1
146 233 213
188 214 213
61 128 1
13 110 1
22 29 1
23 133 156
40 125 80
104 151 151
50 78 1
153 154 1
114 155 114
115 196 247
48 250 227
103 187 1
158 238 193
70 113 1
184 214 1
102 167 246
15 53 53
48 197 227
186 245 1
24 241 1
47 161 1
94 175 227
78 107 108
140 201 1
9 131 215
222 250 235
95 104 151
37 229 54
116 124 112
98 206 95
70 233 1
12 31 1
203 209 156
205 242 1
77 120 197
45 100 100
33 75 1
83 180 83
147 217 147
40 42 156
203 219 54
100 254 195
23 116 208
50 115 227
22 31 208
217 252 215
1 226 1
187 222 227
83 187 1
20 233 150
14 173 227
16 119 1
1 82 1
85 124 1
94 246 127
116 242 208
153 221 208
176 237 151
183 207 147
32 122 156
95 97 151
15 119 1
112 199 1
113 231 127
9 31 215
44 99 246
127 229 1
41 215 147
122 200 1
62 174 62
18 62 142
110 129 110
183 191 191
26 236 208
24 222 235
120 187 227
14 194 91
24 234 227
97 162 178
46 226 200
233 253 1
133 178 1
52 215 215
135 156 156
23 107 208
73 205 213
97 127 227
150 214 173
110 184 110
78 139 1
95 227 227
9 168 147
67 164 182
64 93 93
23 34 1
1 22 1
20 194 227
30 232 1
35 156 156
77 179 1
81 193 193
25 136 1
112 229 208
106 201 83
63 116 147
58 171 1
124 184 112
54 241 156
7 223 27
85 93 93
129 245 110
4 109 1
38 211 151
89 195 83
174 192 142
11 209 1
143 213 213
71 125 156
61 78 255
18 84 112
103 231 1
46 155 114
64 186 193
115 186 186
127 167 127
76 132 221
31 124 147
22 71 156
162 204 27
87 208 208
7 232 151
67 128 197
2 105 165
37 156 156
81 161 1
106 204 1
61 208 208
199 255 1
46 200 200
63 124 147
91 223 91
27 139 27
122 240 5
68 251 1
24 226 197
111 245 116
175 229 1
82 213 227
121 226 114
123 210 208
86 96 253
218 230 83
8 232 1
144 152 227
59 113 127
16 145 253
143 158 227
21 151 151
39 71 54
56 119 1
36 160 127
44 61 1
18 208 208
72 118 254
1 73 1
43 154 227
17 188 246
50 239 1
42 219 153
59 250 182
169 173 1
36 250 197
12 81 193
17 89 1
132 208 208
74 126 208
43 227 227
2 94 127
73 110 1
189 220 227
95 98 95
131 207 147
161 190 1
189 240 1
31 147 147
34 136 127
175 185 247
112 116 112
59 157 227
22 179 254
72 107 208
134 161 170
83 241 83
1 13 1
102 212 227
16 229 229
180 242 242
223 227 227
85 140 227
1 253 1
90 178 178
77 122 1
86 249 1
68 154 1
20 206 227
43 150 150
29 174 1
88 139 1
12 226 227
66 68 147
133 202 208
174 184 112
121 130 197
54 240 54
129 206 1
150 188 213
1 217 1
28 75 1
93 169 1
20 61 1
130 239 1
32 40 83
44 167 44
47 91 227
56 198 56
199 251 182
125 239 80
27 248 27
90 214 227
41 110 112
132 211 1
94 127 127
109 144 227
43 71 1
86 216 208
1 100 1
33 40 1
20 150 150
245 255 147
104 123 1
94 121 114
53 69 3
127 188 127
35 40 156
26 107 208
12 194 247
88 169 208
71 126 253
181 216 112
51 204 247
92 193 27
53 138 3
90 96 1
88 159 3
20 152 152
172 212 91
1 210 1
89 214 1
18 79 142
35 117 1
121 249 155
34 144 227
154 203 1
45 106 57
22 251 1
34 140 200
118 125 83
174 222 1
79 216 174
33 115 186
129 211 1
30 221 252
186 233 227
1 48 1
132 158 1
18 177 208
251 256 227
40 174 208
238 246 227
241 244 1
19 146 227
94 182 197
89 109 1
222 235 235
119 204 27
20 33 227
21 199 227
107 209 208
53 192 208
63 183 63
168 212 1
81 175 193
51 92 27
110 163 208
42 82 1
11 215 1
110 169 110
22 111 208
47 197 197
171 184 1
52 142 147
171 192 1
82 126 1
33 111 1
151 220 27
46 123 1
54 59 1
42 133 54
212 220 212
112 129 112
133 169 208
66 146 1
66 251 1
166 224 112
26 46 1
58 192 112
63 243 1
129 168 168
115 133 1
9 215 215
164 186 227
91 139 91
131 234 1
41 56 112
1 28 1
27 212 27
109 197 197
32 137 208
50 146 246
49 213 213
21 255 1
160 194 227
61 217 255
30 168 147
148 160 1
190 243 246
92 95 95
51 142 1
109 125 1
11 105 213
161 194 1
24 227 227
26 116 208
22 229 156
97 193 27
1 120 1
52 236 215
92 218 1
171 186 171
72 254 254
6 86 253
1 149 1
64 253 1
111 135 208
213 243 213
124 150 1
97 189 227
162 227 227
44 190 50
53 122 3
139 160 227
55 80 1
198 206 1
35 216 208
81 171 193
171 177 1
1 184 1
56 116 110
78 214 1
35 84 208
82 232 27
22 140 1
2 128 127
45 65 83
59 235 182
8 105 1
17 77 127
34 73 127
1 246 1
105 127 127
122 173 1
174 245 112
5 107 208
163 242 80
156 167 1
40 179 83
99 213 213
98 189 227
70 83 208
97 176 178
49 160 213
124 208 208
95 218 1
74 234 1
52 66 147
202 204 1
54 203 54
127 128 127
15 192 208
156 218 156
6 17 1
101 227 227
29 92 95
2 43 173
13 76 1
15 209 156
44 246 246
8 44 1
65 128 1
182 213 127
182 227 227
92 124 1
86 179 156
118 135 254
14 204 91
8 159 54
209 240 156
108 127 1
35 181 208
25 54 156
31 191 215
112 207 112
168 204 1
48 133 1
20 101 173
56 60 208
90 174 1
20 127 127
86 133 145
32 177 156
1 140 1
109 199 197
70 208 208
88 238 1
90 243 227
78 192 147
188 230 1
119 159 1
30 52 63
135 185 1
61 174 147
118 179 118
31 109 1
139 238 247
79 232 1
42 55 1
18 158 1
76 113 1
108 231 1
68 233 1
1 178 1
51 64 93
81 238 93
109 249 155
18 242 208
118 159 156
130 195 1
163 248 1
74 136 1
11 160 213
24 217 1
3 39 3
170 207 170
72 171 1
90 176 178
14 256 91
38 232 151
53 54 54
67 99 127
127 138 1
31 92 1
41 156 208
17 251 127
92 126 1
43 171 227
21 187 21
134 245 112
87 202 215
225 250 227
22 108 208
115 132 1
14 161 1
71 156 156
37 211 1
24 98 227
82 90 27
47 231 197
1 108 1
201 249 1
123 158 1
20 105 173
69 140 1
31 107 217
44 188 44
70 123 147
172 223 91
234 253 1
142 223 1
167 252 1
1 9 1
161 241 208
59 124 1
162 223 27
9 185 1
1 171 1
33 175 171
1 39 1
83 139 1
13 102 246
49 54 1
41 147 147
177 198 208
54 214 1
10 168 1
108 131 255
203 256 1
17 214 213
83 84 208
142 216 142
140 197 197
174 176 1
129 224 110
79 219 208
222 244 182
204 229 1
28 90 97
63 163 208
196 197 227
197 249 197
64 170 1
86 153 54
28 136 227
69 106 156
75 190 1
86 232 1
3 233 1
14 78 1
68 215 215
193 204 247
157 169 1
176 232 178
69 76 208
77 89 1
164 197 197
34 121 114
40 241 83
51 223 247
7 151 151
152 192 1
147 161 147
116 181 110
8 60 253
91 113 227
1 247 1
85 144 27
77 104 227
102 188 246
81 220 247
37 38 1
149 256 91
59 175 227
19 160 227
28 177 1
20 43 150
24 199 182
34 143 127
167 243 246
104 157 104
46 207 1
113 173 173
9 169 147
23 228 208
27 178 27
206 225 151
131 212 1
160 168 1
29 116 1
77 247 227
82 193 247
239 242 80
103 128 1
68 91 1
15 77 1
185 194 91
17 148 1
48 206 38
48 117 151
1 141 1
51 227 227
62 198 112
13 33 227
226 240 1
111 169 169
36 126 1
89 210 89
7 28 151
10 141 98
21 248 151
19 82 82
26 240 156
120 200 197
14 175 247
32 83 83
143 211 227
57 79 208
146 237 227
14 185 185
146 178 227
163 230 83
149 196 82
38 86 1
96 156 156
56 168 168
72 135 22
176 208 1
129 132 147
81 110 1
59 155 197
87 153 208
143 165 173
5 191 208
61 134 147
48 176 151
2 19 227
212 256 194
31 255 255
98 138 1
63 252 252
194 220 194
15 194 1
151 157 151
110 125 208
34 200 200
12 217 1
1 14 1
181 233 1
158 181 1
20 158 227
132 197 1
11 151 227
2 58 1
100 208 208
121 251 197
46 95 227
64 104 27
138 227 1
140 227 227
80 138 156
26 38 1
112 248 1
184 188 1
150 160 150
34 174 1
156 177 156
201 241 83
130 237 227
107 255 255
107 215 215
43 162 227
1 21 1
148 255 255
51 106 1
164 200 197
51 82 247
215 224 147
65 209 65
1 64 1
69 195 156
17 244 127
191 221 252
59 119 227
8 156 156
46 94 200
24 173 127
120 250 182
104 150 227
34 47 197
105 112 1
11 124 1
193 254 1
11 143 213
73 152 213
8 93 1
4 217 255
43 208 1
59 226 197
63 180 208
49 196 227
60 202 208
45 135 195
103 132 221
91 229 1
4 61 131
53 55 1
4 108 255
126 224 208
181 246 1
198 209 208
209 230 83
4 132 215
74 79 147
186 238 193
26 31 208
5 142 208
152 215 1
102 197 127
47 152 127
139 231 227
122 250 1
94 165 127
118 218 83
99 185 227
46 49 127
195 206 1
204 228 1
6 111 208
38 121 227
95 162 151
84 110 110
157 232 178
33 123 1
32 145 156
129 181 168
47 207 1
21 145 1
186 193 193
69 207 208
135 220 1
29 90 151
57 239 83
147 252 147
87 148 148
109 176 227
135 234 1
132 242 208
113 142 1
107 148 108
166 192 142
236 243 1
51 185 247
51 100 1
127 213 127
125 218 89
105 188 213
132 194 1
85 219 1
4 200 1
59 182 182
55 119 38
141 156 1
177 250 1
72 198 208
25 133 156
204 245 1
238 239 1
59 104 227
54 156 156
163 232 1
188 199 127
40 91 1
27 203 1
20 189 127
1 153 1
11 104 227
1 201 1
48 187 151
49 136 136
165 214 165
90 117 117
140 169 1
61 79 147
89 242 89
65 242 89
13 216 1
70 174 142
51 228 1
125 212 1
27 154 27
48 227 227
145 255 208
131 235 1
155 173 127
39 243 1
43 91 227
224 226 1
67 190 127
31 162 1
132 133 208
132 202 132
111 157 1
112 192 112
37 208 208
233 246 213
89 243 1
26 166 208
93 193 193
7 248 95
164 215 1
80 210 89
58 92 1
1 143 1
1 168 1
54 88 54
1 150 1
52 127 1
110 124 112
10 198 1
25 215 208
75 147 147
1 175 1
171 175 171
33 81 193
12 171 171
29 211 151
152 220 227
74 196 1
95 175 27
161 216 142
150 208 1
114 235 197
17 144 227
99 144 227
36 57 1
91 135 1
76 200 1
66 82 1
145 252 208
11 64 227
75 164 1
137 215 215
215 255 215
167 188 44
1 133 1
223 250 227
11 134 1
72 130 1
159 249 1
19 55 27
15 181 208
168 226 1
206 234 27
122 126 54
67 227 227
9 143 1
48 125 1
103 215 215
245 254 208
54 177 54
140 249 114
97 173 227
55 65 1
42 196 1
62 224 112
38 226 227
1 16 1
154 175 27
76 252 252
135 254 254
104 232 178
126 133 126
156 229 156
1 57 1
60 131 208
112 198 112
183 208 208
206 240 1
84 129 110
27 191 1
35 113 1
19 131 1
180 241 83
48 55 38
187 227 227
22 252 208
13 34 127
139 173 227
197 231 197
16 86 253
3 172 1
50 123 1
212 216 1
127 136 127
7 233 227
1 218 1
20 67 127
56 204 1
127 145 1
114 164 197
29 55 95
66 239 208
50 100 1
204 256 194
165 186 227
153 193 1
79 189 1
30 43 1
167 199 127
173 188 213
7 112 1
2 203 1
156 242 156
208 213 1
64 141 27
100 192 208
31 171 1
168 245 110
69 189 1
32 244 1
24 256 227
4 147 147
104 117 178
121 190 127
52 248 1
2 206 227
92 229 1
189 195 1
1 79 1
101 243 213
135 237 1
1 208 1
23 65 83
162 241 1
141 162 151
155 158 227
116 224 169
1 125 1
12 128 227
24 180 1
181 208 208
54 97 1
87 251 1
70 246 1
37 203 54
113 172 227
39 209 156
6 188 1
225 232 232
48 130 227
153 156 156
199 240 1
64 238 93
38 117 151
128 250 197
93 171 193
136 202 1
30 51 1
65 107 208
70 155 1
204 225 27
160 214 173
1 223 1
96 215 208
94 114 114
14 81 247
20 145 1
6 222 1
73 234 227
226 241 1
1 182 1
125 182 1
195 208 208
101 223 227
137 138 208
140 152 127
1 233 1
11 174 1
127 146 127
8 236 208
66 134 112
118 189 1
27 112 1
78 160 1
25 30 208
47 247 227
44 124 1
75 140 1
99 156 1
178 235 227
126 186 1
52 63 63
57 72 195
22 63 208
1 213 1
35 48 1
1 66 1
81 231 227
65 180 89
112 124 112
78 221 215
119 181 1
7 66 1
147 207 147
135 153 156
133 156 156
68 147 147
79 110 112
19 129 1
8 32 156
75 123 252
61 116 147
24 218 1
62 207 142
156 181 208
79 116 112
57 255 208
129 208 208
19 101 227
2 20 173
105 162 227
227 256 227
85 158 193
213 234 227
29 193 27
105 177 1
41 223 1
86 187 1
1 224 1
62 79 62
186 204 247
105 148 1
145 235 1
97 227 227
24 80 1
31 245 147
246 255 1
101 160 173
27 92 27
109 227 227
143 246 213
190 247 227
44 117 227
110 234 1
23 45 100
102 133 1
112 157 1
5 122 5
1 181 1
92 151 151
153 174 208
143 162 227
164 225 227
10 154 98
174 208 208
56 181 168
11 237 227
182 249 197
51 116 1
101 207 1
102 105 213
46 244 197
148 215 215
152 243 213
100 112 208
71 116 208
229 240 54
51 238 238
83 134 208
27 225 27
100 118 195
186 212 247
5 252 208
153 243 1
14 35 1
164 250 182
117 187 178
62 146 1
226 227 227
89 238 1
22 100 195
155 200 114
96 152 1
101 105 165
230 254 195
118 242 83
113 225 227
70 110 112
14 65 1
21 38 151
173 174 1
145 207 208
1 36 1
28 157 178
59 246 127
17 127 127
14 51 247
24 137 1
191 215 215
116 129 110
197 241 1
130 172 227
59 199 120
4 228 68
83 106 83
75 96 208
117 225 97
165 225 227
34 219 1
76 155 1
44 219 1
225 227 227
33 171 171
26 130 1
49 52 1
96 103 208
163 173 1
101 219 1
242 245 208
67 177 1
8 117 1
75 177 208
3 149 1
66 184 110
79 117 1
47 218 1
25 210 209
120 235 182
19 202 1
208 255 208
132 170 147
32 240 156
101 110 1
44 57 1
19 194 91
13 194 227
102 146 136
30 123 252
23 32 195
238 247 247
15 226 1
10 75 1
151 223 27
45 201 83
110 245 110
147 221 147
26 223 1
190 205 213
24 127 127
118 206 1
100 234 1
62 215 147
11 116 1
173 192 1
50 194 227
69 104 1
22 106 195
86 105 1
147 249 1
33 252 1
15 75 208
34 106 1
110 142 112
112 216 112
87 213 1
53 225 1
98 157 151
54 123 208
26 254 83
1 5 1
33 238 193
165 248 227
114 149 227
72 83 83
98 99 227
154 252 1
90 104 178
94 207 1
31 116 147
182 248 227
5 169 208
89 225 1
68 252 215
31 78 108
61 150 1
13 49 246
66 198 168
58 75 147
211 217 1
128 179 1
174 204 1
75 245 147
89 234 1
41 112 112
45 108 208
89 141 1
128 249 155
43 252 1
64 232 27
211 227 227
29 38 95
160 193 227
119 243 227
2 18 1
119 210 1
53 253 54
18 166 142
88 145 54
132 186 1
239 245 208
2 11 213
88 244 1
153 159 153
72 229 156
82 86 1
72 219 156
117 162 178
32 38 1
13 65 1
7 145 1
99 190 246
99 150 213
142 170 142
31 100 208
38 98 95
140 232 227
227 230 1
3 158 1
65 152 1
94 218 1
232 242 1
44 213 213
86 203 126
91 194 91
74 215 215
42 153 153
88 124 208
71 96 229
46 208 1
124 176 1
41 129 112
27 38 27
46 127 127
60 203 253
40 100 83
155 235 197
139 204 194
181 198 168
169 237 1
103 245 147
32 39 156
46 227 227
154 241 1
63 128 1
152 233 150
91 143 227
19 149 82
30 203 208
47 249 197
202 236 215
186 213 227
61 203 208
25 149 1
27 73 227
130 249 197
179 239 83
143 241 1
168 219 208
39 191 208
113 165 165
54 219 54
70 116 112
71 95 1
88 208 208
95 171 27
53 123 208
129 149 1
129 243 1
82 98 27
210 239 89
64 132 1
48 245 1
114 251 197
27 193 27
27 91 27
35 86 253
21 100 1
147 251 1
59 127 127
139 149 91
143 224 1
100 106 57
72 106 195
15 217 208
3 19 1
22 220 1
123 161 147
11 212 227
5 161 208
160 213 213
14 33 247
112 170 112
182 235 182
18 21 1
158 183 1
115 255 1
29 84 1
14 220 91
70 216 142
175 234 193
109 155 155
8 75 208
61 231 1
18 124 142
16 153 54
211 221 1
78 194 1
179 195 195
51 171 193
85 164 227
37 181 208
101 130 127
34 248 227
30 54 208
83 100 83
75 183 63
24 121 197
37 153 153
178 218 1
63 174 147
122 188 1
151 176 151
82 172 82
41 70 142
84 245 169
32 254 254
48 107 1
66 246 1
1 240 1
66 78 147
241 248 1
27 256 27
208 217 208
147 208 208
98 243 227
172 218 1
6 122 54
93 223 247
64 75 1
107 188 1
69 168 208
36 55 227
10 27 27
44 59 127
142 208 208
4 196 1
92 180 1
104 254 1
53 80 156
60 194 1
34 115 227
51 149 247
74 83 208
119 217 1
33 194 247
91 101 227
55 85 27
40 212 1
42 240 3
93 191 1
3 15 3
35 212 1
224 251 1
131 245 147
65 89 89
161 207 170
150 225 227
105 128 127
190 223 227
113 138 1
42 92 1
138 208 208
63 148 215
17 25 1
197 200 197
77 100 1
167 213 213
27 105 227
1 40 1
24 243 127
28 104 178
161 192 161
18 194 1
206 228 1
128 248 227
155 193 227
1 183 1
131 236 68
78 102 1
33 85 193
11 252 1
40 89 89
37 60 54
66 168 168
66 108 147
35 126 253
42 72 156
46 222 197
10 203 1
55 239 1
160 163 1
80 239 80
120 226 197
97 157 178
205 219 1
81 104 27
67 79 1
173 197 127
189 199 182
55 198 1
54 222 1
105 227 227
119 141 95
14 82 82
84 169 169
145 254 156
32 192 208
48 179 1
92 248 95
150 236 1
140 175 227
107 132 215
123 221 221
231 235 197
10 233 227
173 243 213
164 244 199
48 67 227
45 219 156
126 240 54
36 140 114
33 151 27
196 220 91
100 179 195
78 217 108
8 254 156
48 141 95
126 153 54
58 101 1
105 212 227
92 237 95
4 30 215
33 134 1
43 117 227
27 85 27
131 208 208
15 228 208
145 219 54
81 144 27
65 230 83
33 119 27
52 107 215
17 131 1
11 241 1
35 37 54
51 243 227
1 62 1
34 36 114
156 179 156
42 53 153
100 110 208
30 165 1
47 255 1
32 224 208
76 254 208
178 222 227
48 98 95
124 192 142
103 241 208
89 163 89
14 149 185
44 54 1
5 181 208
11 213 213
17 234 227
73 161 1
8 145 126
200 256 227
75 92 1
39 231 1
50 187 227
44 143 213
62 204 1
209 210 209
20 229 1
74 225 1
37 119 1
98 234 27
117 228 1
40 228 208
60 217 208
170 223 1
2 156 1
172 194 91
14 63 1
1 50 1
196 247 247
131 249 1
34 149 227
29 35 1
94 226 34
32 210 83
110 167 1
105 173 173
98 124 1
28 97 97
80 201 89
3 52 208
127 243 127
88 97 1
70 112 112
178 225 178
110 243 1
88 248 1
7 98 95
26 213 1
45 105 1
5 208 208
1 122 1
33 207 1
59 242 1
54 138 54
115 242 1
180 202 208
90 238 27
238 241 1
6 195 156
12 160 227
15 244 1
223 248 27
112 141 1
48 237 95
87 137 255
34 216 1
194 250 227
1 191 1
147 245 147
13 127 127
42 177 54
39 178 1
74 81 1
25 208 208
164 189 182
178 236 1
38 196 27
31 174 147
120 169 1
16 39 54
148 228 255
6 137 208
70 95 1
99 143 213
30 45 208
13 213 213
1 84 1
121 147 1
48 150 227
131 221 215
81 139 247
64 204 247
105 213 213
157 176 162
158 197 227
177 201 156
67 94 197
202 215 215
100 173 1
15 153 153
179 210 83
57 155 1
44 146 246
11 251 127
7 228 1
7 169 1
52 208 208
61 215 215
10 95 95
10 227 227
4 78 255
109 213 127
140 182 197
164 169 1
28 115 27
38 68 1
229 238 1
145 253 253
27 144 27
139 176 27
56 58 168
205 243 213
117 211 178
75 148 215
114 237 227
6 203 253
1 18 1
101 102 213
9 39 208
23 156 156
91 193 247
90 227 227
4 126 208
92 252 1
13 80 1
120 244 120
110 224 110
119 131 1
68 116 147
17 187 227
1 104 1
150 220 227
96 126 253
169 204 1
88 116 208
24 88 1
209 242 89
166 170 142
196 246 227
1 145 1
43 155 127
16 45 156
18 66 112
177 235 1
8 49 1
158 223 247
8 237 1
79 107 147
30 252 252
57 179 195
105 165 165
219 240 3
109 226 114
18 20 1
32 79 208
153 253 54
57 83 83
76 120 1
103 190 1
65 131 208
36 128 155
74 123 252
96 177 253
55 232 151
21 249 227
102 190 246
161 254 208
222 251 67
142 224 112
18 107 147
73 228 1
34 46 200
92 103 1
58 190 1
126 157 1
76 167 1
140 156 1
42 234 1
21 90 178
74 253 208
60 146 1
207 217 147
65 201 65
28 255 1
242 254 83
43 233 143
14 105 227
9 174 147
44 126 1
8 215 208
83 208 208
143 233 143
89 143 1
12 65 1
127 197 127
83 163 83
59 83 1
43 127 127
22 83 83
1 142 1
74 236 215
15 69 3
72 125 83
51 78 1
59 139 227
3 180 156
113 117 227
231 249 114
60 208 208
15 240 3
243 251 127
1 127 1
144 165 227
79 170 142
90 194 27
27 167 227
160 221 1
128 215 1
51 85 93
8 144 1
91 236 1
22 244 1
19 91 91
129 143 1
103 175 1
39 40 156
18 111 112
224 240 208
25 123 208
30 208 208
12 115 171
85 139 247
182 205 127
135 179 254
183 236 215
148 253 208
9 66 147
15 219 53
16 54 54
41 81 1
11 101 213
108 217 108
133 145 145
147 210 208
38 49 227
227 236 1
83 206 1
47 166 1
122 246 1
81 234 93
201 209 65
30 83 208
58 84 110
70 214 1
6 42 54
114 226 114
40 177 156
42 175 1
4 97 1
119 124 1
64 110 1
33 227 227
62 135 208
54 108 208
91 243 227
132 171 1
210 254 83
180 218 89
152 244 127
85 193 193
1 87 1
212 240 1
46 182 197
130 164 120
44 109 127
4 124 147
79 237 1
51 207 1
42 216 208
147 215 147
166 249 1
4 158 1
1 179 1
141 161 1
114 231 114
129 137 147
119 180 1
143 243 213
116 156 208
103 170 147
2 227 227
89 182 1
9 52 252
32 102 1
58 117 1
17 190 246
9 246 1
117 157 178
53 153 153
151 227 227
213 253 1
33 162 27
79 133 208
236 255 255
194 247 247
93 249 227
149 220 91
3 156 156
50 218 1
202 251 1
218 253 156
4 137 68
1 180 1
111 188 1
166 207 142
86 126 126
32 126 156
93 147 1
110 212 1
152 222 127
19 223 91
166 240 208
3 153 3
102 231 127
67 243 127
159 236 208
98 192 1
37 42 42
110 209 208
89 241 83
26 32 83
131 255 255
179 230 195
27 143 227
211 229 1
116 153 208
208 209 208
124 216 62
1 132 1
29 149 27
87 108 108
19 46 227
16 71 229
101 238 227
166 178 1
49 64 227
35 154 1
124 142 142
31 61 255
30 108 215
150 165 173
110 216 112
92 98 95
113 249 127
187 256 27
123 130 1
27 247 27
16 32 156
56 163 208
16 243 1
15 57 156
121 227 227
221 231 1
36 244 197
145 178 1
58 208 208
56 104 1
125 151 1
171 216 1
92 223 27
110 172 1
155 170 1
132 191 252
167 233 213
76 139 1
1 121 1
54 70 208
1 54 1
160 165 173
37 57 156
163 253 156
1 81 1
253 256 1
31 208 208
135 221 208
1 92 1
54 60 54
22 241 195
123 229 208
65 246 1
99 221 1
137 168 147
196 199 227
160 249 127
111 198 110
178 223 27
1 155 1
148 153 208
137 160 1
119 178 151
128 140 114
130 222 182
105 143 173
159 171 1
98 248 98
29 47 227
7 139 27
78 216 147
208 245 208
142 174 142
140 250 197
7 119 119
162 183 1
7 56 1
134 149 1
142 252 147
11 210 1
98 207 1
35 71 71
72 131 208
142 250 1
1 114 1
230 240 156
8 122 54
84 86 208
59 232 227
99 250 127
109 114 114
71 209 156
143 253 1
181 189 1
116 118 208
158 162 27
190 222 127
114 224 1
158 217 1
139 201 1
11 17 246
2 99 213
142 172 1
172 238 247
12 55 27
196 222 227
60 96 60
4 139 1
153 229 54
7 88 1
174 249 1
126 177 126
160 208 1
187 232 178
4 236 68
114 121 114
110 151 1
190 214 213
84 209 208
53 185 1
54 86 54
62 166 62
168 221 147
62 179 208
133 173 1
79 134 142
36 83 1
220 223 194
84 154 1
227 247 227
56 70 112
179 189 1
82 185 82
2 64 227
162 243 227
16 126 253
76 202 221
29 30 1
44 159 1
145 159 54
10 248 98
100 245 208
196 233 227
19 196 196
168 169 110
124 214 1
55 95 95
75 191 63
33 190 227
85 240 1
50 128 127
93 247 247
157 172 27
197 250 197
23 198 208
206 237 95
12 157 27
64 91 247
40 97 1
208 239 208
34 226 34
83 159 156
5 177 54
196 212 91
99 160 213
104 255 1
5 163 156
193 220 247
226 246 127
1 245 1
92 165 227
34 118 1
90 206 151
35 170 208
200 235 197
12 144 27
36 127 127
132 159 208
143 242 1
148 214 1
142 198 112
12 238 193
51 75 1
17 27 227
162 246 227
90 201 1
1 157 1
39 138 240
13 227 227
57 241 57
73 190 190
42 187 1
89 198 208
222 252 1
96 254 156
197 204 227
52 103 252
1 78 1
119 227 227
68 76 215
3 88 3
187 211 21
228 250 1
17 136 136
201 256 1
64 234 93
162 221 1
143 150 150
163 210 89
119 140 227
31 148 108
10 160 227
13 70 1
94 189 197
147 183 147
166 241 208
116 179 208
42 211 1
25 157 1
32 208 208
32 106 195
127 200 127
42 126 54
53 133 54
137 214 1
89 245 208
199 205 127
12 182 227
24 166 1
100 232 1
94 204 227
11 146 246
136 199 127
134 166 142
121 140 114
93 115 193
9 179 208
21 138 1
29 256 27
135 230 195
83 239 83
96 178 1
227 250 227
22 161 208
202 252 252
27 255 1
25 126 156
50 166 1
136 233 213
81 252 1
1 12 1
156 219 156
1 65 1
145 196 1
44 234 227
22 180 83
42 156 156
131 137 68
36 103 1
142 195 208
183 255 215
24 246 127
2 53 1
66 204 1
51 138 1
134 243 1
8 203 8
244 248 227
97 117 97
65 83 83
48 241 1
86 167 1
58 239 208
85 186 193
93 254 1
83 218 83
25 220 1
112 226 1
50 155 127
38 67 227
161 239 208
193 196 247
44 183 1
185 196 82
138 233 1
107 250 1
33 163 1
79 210 208
64 115 193
95 141 95
13 50 50
14 134 1
26 183 208
70 90 1
6 197 1
92 101 227
82 154 27
7 46 227
13 116 1
130 251 182
30 76 252
115 231 227
188 223 227
139 157 27
102 127 127
184 190 1
166 233 1
5 79 208
57 106 57
40 80 80
93 188 227
129 177 208
105 205 113
107 183 215
1 195 1
29 250 227
127 193 227
117 227 227
47 235 182
5 68 208
16 60 60
199 250 182
149 189 227
9 248 1
77 183 1
21 178 178
21 22 1
221 225 1
65 85 1
99 145 1
101 256 227
107 163 208
206 236 1
172 195 1
129 144 1
25 83 83
114 131 1
157 225 178
141 238 27
50 233 213
140 168 1
161 175 1
156 238 1
156 253 156
2 137 1
25 125 89
111 213 1
90 142 1
95 214 227
92 117 151
95 231 227
167 227 227
57 192 208
145 227 1
157 204 27
51 94 227
23 188 1
8 151 1
66 116 110
1 232 1
223 256 223
1 235 1
75 185 1
131 148 255
23 114 1
123 135 208
13 56 1
5 88 5
1 17 1
231 237 227
85 171 193
39 87 208
133 190 1
78 148 148
182 222 182
18 207 207
36 137 1
97 104 178
41 104 1
151 171 27
221 252 252
11 165 213
159 190 1
11 130 127
98 200 227
47 227 227
15 42 153
52 151 1
176 225 178
193 210 1
54 253 54
1 154 1
46 98 227
29 225 151
172 241 1
160 247 227
21 130 227
1 63 1
5 42 3
12 102 227
6 139 1
43 152 150
61 147 147
44 100 1
5 48 1
152 181 1
34 203 1
80 131 208
110 250 1
29 246 227
21 180 1
25 188 1
33 206 27
224 246 1
71 246 1
127 235 127
176 223 27
147 170 147
168 176 1
23 33 1
53 222 1
41 250 1
13 42 1
49 159 1
17 167 246
80 134 208
30 75 30
6 8 253
83 102 1
11 13 50
8 33 1
97 187 178
8 70 208
47 135 1
3 140 1
19 120 227
91 115 247
11 44 44
146 171 227
53 60 54
229 231 1
51 186 193
113 255 1
197 244 197
26 218 218
66 155 1
98 119 95
147 198 147
19 130 227
42 246 1
127 187 227
63 146 1
151 217 1
225 248 151
62 163 208
97 154 151
70 103 147
175 194 247
65 157 1
207 224 112
10 92 95
45 129 208
127 150 127
59 164 120
90 162 178
20 213 213
7 194 27
117 144 117
133 251 1
117 250 227
47 244 120
76 161 147
96 253 253
203 208 208
201 243 1
186 214 227
11 159 1
155 172 227
87 147 147
9 123 221
24 73 127
48 235 227
38 162 151
156 203 156
1 112 1
205 214 165
107 145 208
166 172 1
130 188 127
99 146 136
34 231 200
194 211 27
210 218 65
35 80 156
1 44 1
93 189 227
163 231 1
39 170 208
135 201 83
223 225 27
93 154 27
66 166 112
213 233 213
96 209 156
14 172 82
139 186 247
53 159 153
32 72 254
83 141 1
9 30 252
205 227 227
93 224 1
114 200 114
19 52 1
129 170 112
186 205 227
6 35 71
138 145 54
120 227 227
27 90 27
139 148 1
41 124 41
43 187 227
96 114 1
108 132 215
16 23 156
1 118 1
78 116 147
193 227 227
43 239 1
50 211 227
79 161 142
19 26 1
196 200 227
104 137 1
19 81 247
15 63 208
182 190 127
17 88 1
136 246 246
19 27 27
15 138 3
51 206 27
41 144 1
120 198 1
102 124 1
53 244 1
138 255 208
39 190 1
85 169 1
9 113 1
43 203 1
84 243 1
55 236 1
98 217 1
24 130 182
8 147 208
191 252 252
148 217 108
4 229 208
44 229 1
8 177 8
103 236 215
83 230 83
193 208 1
94 252 1
79 208 208
154 246 227
17 68 1
101 195 1
109 128 109
95 242 1
105 160 173
195 216 208
17 49 136
75 238 1
12 50 227
128 210 1
37 232 1
58 116 110
49 99 136
17 101 213
164 253 1
41 78 147
58 135 208
52 205 1
56 158 1
84 167 1
26 182 1
116 208 208
7 179 1
92 227 227
173 227 227
44 102 246
2 52 1
99 117 227
93 183 1
73 226 127
40 158 1
44 73 50
223 247 247
219 224 208
118 207 208
8 138 54
91 149 91
12 64 193
112 147 147
34 255 1
9 132 132
51 154 27
97 153 1
67 221 1
145 163 156
67 213 127
193 200 227
105 134 1
189 248 227
205 233 173
1 196 1
115 127 227
110 168 110
15 67 1
71 177 253
15 106 156
68 228 68
73 214 213
5 54 54
113 207 1
123 171 1
158 237 27
56 188 1
126 147 208
113 177 1
31 236 255
61 91 1
22 231 1
22 118 254
12 227 227
38 223 27
189 242 1
76 127 1
61 223 1
157 183 1
138 156 156
106 218 83
37 88 3
66 203 208
53 91 1
25 26 65
29 189 227
32 163 83
70 72 208
200 236 1
30 63 63
24 162 227
125 136 1
189 231 197
182 250 182
1 229 1
3 256 1
140 183 1
68 78 255
200 249 114
1 75 1
1 74 1
14 19 82
183 241 208
142 233 1
100 219 156
187 225 178
2 214 101
174 252 147
79 236 147
6 118 156
38 134 1
131 147 147
13 87 1
106 195 195
120 126 1
61 137 68
23 230 57
25 201 65
99 130 127
126 156 156
126 131 208
8 133 126
175 238 193
34 94 34
2 189 127
114 140 114
35 133 253
18 40 208
196 227 227
37 166 208
124 131 147
72 100 195
23 57 57
19 121 227
181 217 147
107 204 1
2 127 127
106 127 1
1 200 1
77 243 127
190 246 246
10 79 1
64 153 1
64 89 1
16 233 1
93 175 193
46 164 197
156 193 1
163 180 80
61 191 215
14 53 1
192 208 208
18 235 1
88 245 208
131 186 1
1 34 1
11 231 127
79 128 1
158 199 227
38 61 1
25 45 83
155 231 114
108 185 1
26 47 1
121 199 197
210 216 208
61 95 1
12 51 193
135 223 1
13 240 1
175 193 193
136 150 213
95 122 1
85 134 1
90 99 227
11 113 213
26 227 1
80 227 1
22 156 156
40 162 1
54 153 54
63 250 1
97 248 151
59 142 1
24 158 227
55 92 92
66 112 112
29 121 227
172 190 227
112 180 208
207 216 142
6 138 54
72 183 208
78 255 255
78 254 208
20 44 213
39 153 3
97 246 227
34 183 1
41 62 62
193 219 1
146 161 1
12 72 1
37 133 54
170 209 208
76 183 252
77 231 114
226 235 197
105 113 113
25 102 1
96 110 208
1 136 1
52 78 215
5 108 208
20 52 1
10 113 227
58 111 110
131 217 255
71 145 253
124 166 41
97 211 178
106 178 1
130 197 197
40 194 1
113 219 1
38 216 1
82 212 91
32 243 1
178 191 1
37 138 3
23 231 1
1 71 1
97 216 1
199 203 1
113 235 127
17 243 136
152 211 227
134 212 1
55 141 95
2 173 173
123 191 252
1 130 1
224 243 1
54 85 1
80 132 208
7 8 1
145 249 1
47 200 197
148 190 1
102 155 127
1 113 1
78 233 1
145 240 54
138 231 1
186 216 1
63 233 1
28 204 27
179 256 1
10 204 27
93 220 247
173 235 127
145 175 1
54 127 1
38 135 1
157 170 1
31 237 1
7 10 95
231 250 197
51 126 1
176 202 1
14 227 227
22 164 1
107 184 147
12 167 227
108 252 215
144 157 178
147 246 1
188 190 50
20 113 173
117 196 27
132 182 1
16 35 229
65 239 89
102 246 246
56 112 112
108 113 1
78 120 1
36 135 1
41 218 208
107 139 1
197 226 197
43 165 173
80 251 1
171 225 27
50 214 213
38 92 38
7 97 151
103 208 208
227 233 227
138 170 208
136 213 213
71 79 208
232 245 1
5 240 5
94 176 227
151 194 27
4 87 255
141 187 151
41 46 1
13 146 246
93 237 27
175 247 247
36 255 1
108 169 147
59 130 59
104 128 227
42 138 3
46 224 1
190 233 213
11 98 227
106 157 1
85 200 227
4 54 208
61 75 215
13 101 213
92 184 1
74 235 1
13 190 190
92 119 38
97 151 151
89 91 1
63 191 63
11 137 1
150 186 227
152 203 1
153 206 1
115 206 27
45 50 1
46 137 1
19 66 1
41 42 208
66 75 147
24 224 1
178 227 227
78 87 148
29 99 227
50 101 213
39 110 208
6 179 156
18 91 1
80 199 1
54 135 156
23 241 57
146 205 213
38 91 27
60 71 229
37 69 3
41 131 147
16 166 208
191 216 147
84 112 112
125 209 89
11 109 127
33 98 27
34 63 1
168 170 112
31 214 1
119 255 1
54 145 54
82 124 1
6 16 229
209 252 208
157 205 227
69 83 156
90 187 178
79 186 1
19 172 196
147 226 1
32 191 208
87 236 255
35 224 208
11 243 246
148 200 1
32 78 208
49 188 246
24 120 182
49 108 1
99 127 127
127 231 127
168 208 208
75 221 252
108 166 147
127 233 127
61 86 208
80 208 208
84 237 1
7 174 1
170 174 142
102 103 1
169 224 169
53 75 208
26 92 1
150 177 1
1 222 1
67 197 197
6 193 1
64 102 227
11 202 1
43 206 227
159 250 1
75 141 1
183 190 1
56 175 1
119 146 227
10 206 95
61 81 1
53 208 208
31 81 1
83 242 83
4 39 208
21 104 104
49 243 243
14 86 1
22 204 1
140 187 227
144 248 151
128 155 155
220 253 1
108 183 215
151 180 1
108 214 1
71 253 253
101 132 1
232 235 227
205 250 127
74 252 252
1 193 1
15 79 208
13 256 227
142 209 208
25 75 208
142 207 142
184 216 112
28 225 232
119 214 227
18 248 1
1 248 1
149 184 1
196 204 91
47 222 182
37 85 1
33 136 227
65 254 83
160 173 173
24 69 1
117 237 151
29 176 151
223 235 227
209 214 1
77 191 1
3 29 1
189 197 197
25 68 208
27 93 27
74 202 252
83 91 1
99 210 1
15 208 208
169 219 208
151 206 151
152 205 173
223 233 227
60 162 1
129 198 56
74 221 252
6 153 54
41 137 147
8 89 156
5 153 3
26 156 156
105 211 227
39 254 156
139 172 91
58 176 1
106 179 195
58 96 208
29 142 1
77 78 1
7 206 38
223 244 227
186 250 227
148 170 147
42 183 208
139 210 1
139 179 1
134 254 208
53 183 208
85 206 27
13 36 127
44 202 1
135 180 83
30 202 252
116 240 208
75 248 1
67 235 235
22 74 208
124 228 147
173 190 213
154 220 27
185 227 227
79 214 1
98 209 1
113 205 113
94 205 127
222 237 227
47 133 1
57 115 1
13 167 50
212 226 227
6 55 1
46 201 1
93 146 227
18 104 1
124 224 112
119 248 95
7 55 38
40 206 1
38 248 95
147 224 147
123 213 1
95 100 1
79 193 1
148 208 208
119 237 95
1 20 1
204 211 27
2 140 127
30 228 215
173 213 213
42 69 3
55 214 227
82 104 27
6 177 253
69 234 1
70 207 170
61 160 1
33 186 186
150 233 150
17 227 227
121 215 1
69 153 3
102 177 1
5 6 54
11 167 44
1 152 1
83 245 208
121 197 197
22 136 1
92 212 27
172 247 247
1 58 1
47 93 227
29 124 1
157 234 27
75 143 1
56 186 1
40 209 89
172 248 27
91 172 91
4 43 1
27 224 1
213 246 213
84 210 208
112 123 147
82 93 247
107 245 147
101 164 127
48 146 227
49 121 127
60 150 1
96 229 229
48 93 27
92 141 95
2 90 227
201 239 89
197 227 227
35 236 208
15 19 1
125 181 208
123 132 221
193 194 247
125 156 156
57 82 1
127 173 127
58 236 147
182 206 227
111 159 208
22 98 1
62 192 142
37 107 208
5 93 1
1 199 1
81 93 93
99 178 227
14 18 1
146 248 227
1 124 1
109 130 197
154 237 98
106 156 156
94 197 197
104 114 227
210 219 156
138 186 1
147 202 147
1 186 1
3 243 1
128 147 1
1 190 1
127 204 227
18 142 142
13 219 1
136 158 227
179 217 208
39 73 1
29 71 1
47 173 127
57 231 1
9 130 1
56 145 208
50 215 1
176 177 1
20 141 227
39 69 5
110 122 208
61 205 1
20 103 1
58 147 147
9 182 1
99 104 227
62 217 147
122 177 54
9 147 147
198 224 110
40 247 1
1 255 1
178 230 1
41 169 112
20 163 1
156 230 156
73 79 1
189 250 250
28 162 178
32 138 156
87 98 1
73 229 1
5 82 1
68 131 68
148 177 208
82 204 91
26 65 65
114 115 227
176 248 151
98 160 227
22 57 195
60 62 208
70 244 1
165 196 227
108 215 215
52 147 147
94 241 1
55 195 1
164 251 182
73 160 213
4 107 255
214 247 227
156 240 156
197 251 197
27 104 27
9 82 1
58 162 1
67 210 1
99 155 127
7 249 227
209 249 1
76 123 103
140 174 1
162 176 162
148 221 215
137 228 137
90 157 178
176 178 178
73 197 127
64 175 193
119 143 227
1 254 1
125 184 208
34 164 197
203 253 253
84 111 169
1 91 1
19 71 1
138 219 3
182 202 1
100 212 1
204 226 227
54 235 1
177 197 1
71 247 1
147 243 1
32 86 156
45 111 208
69 172 1
191 224 147
10 31 1
194 196 91
112 134 112
221 250 1
52 221 252
52 156 208
81 115 193
145 185 1
157 208 1
74 191 63
121 196 227
117 234 27
48 154 95
11 178 227
10 13 227
65 75 208
35 148 208
178 242 1
1 139 1
189 222 235
16 203 253
17 110 1
13 141 227
193 244 227
74 138 208
130 221 1
73 188 50
193 229 1
76 231 1
59 171 227
169 248 1
17 112 1
68 225 1
102 181 1
77 249 77
26 239 89
150 167 213
56 66 168
32 144 1
36 43 127
187 202 1
50 167 50
215 232 1
124 174 62
3 56 208
79 167 1
70 241 208
93 200 227
161 166 142
1 7 1
97 148 1
64 158 193
86 248 1
50 245 1
132 147 147
63 123 252
179 186 1
19 210 1
104 168 1
139 162 27
139 199 227
127 160 127
186 196 247
48 170 1
49 167 246
8 253 253
5 15 3
9 77 1
209 239 89
23 108 208
17 211 227
29 201 1
29 228 1
25 156 156
4 7 1
58 86 208
101 172 227
115 214 227
61 107 255
36 227 227
101 208 1
102 136 136
2 120 127
8 249 1
8 118 156
139 187 27
148 249 1
76 141 1
169 222 1
49 51 227
87 217 108
73 99 246
127 237 227
95 250 227
33 51 193
118 157 1
65 135 83
71 208 208
58 115 1
76 94 1
67 90 227
187 251 227
74 243 1
81 158 193
79 158 1
117 171 27
8 57 156
49 224 1
1 220 1
27 158 27
2 172 227
161 167 1
75 208 208
15 200 1
65 66 208
84 184 224
141 245 1
179 254 254
105 145 1
9 208 208
1 29 1
20 205 173
151 167 227
74 115 1
114 122 1
127 246 127
179 228 208
77 226 114
117 166 1
82 247 247
188 243 246
3 225 1
42 90 1
5 19 1
129 174 112
27 237 27
186 234 193
1 256 1
218 255 208
134 252 147
4 148 255
1 187 1
162 178 178
139 185 91
213 227 227
6 252 208
56 245 110
223 234 247
164 235 182
1 101 1
148 227 1
32 171 1
209 216 208
209 218 65
116 148 147
33 176 27
53 88 3
109 177 1
70 170 170
173 246 213
88 239 156
171 247 247
73 178 227
74 134 147
143 160 150
30 142 147
171 211 27
61 242 208
45 56 208
199 242 1
86 220 1
25 131 208
147 164 1
118 195 195
75 235 1
210 242 89
136 210 1
92 156 1
72 74 208
57 118 195
75 229 208
113 213 213
18 169 112
30 87 215
15 122 3
1 238 1
47 120 120
63 73 1
23 86 156
11 127 127
68 132 215
55 165 227
40 106 83
112 231 1
82 113 227
161 200 1
78 242 208
169 250 1
215 222 1
6 204 1
70 197 1
76 209 208
67 109 197
139 208 1
8 53 54
19 64 247
64 147 1
211 247 27
134 135 208
151 187 151
28 127 227
168 195 208
135 170 208
111 154 1
115 185 247
174 207 142
186 237 27
108 190 1
120 251 182
83 174 208
54 57 156
88 209 156
133 253 253
155 247 227
73 158 227
54 232 1
105 152 173
2 27 227
178 220 27
13 103 1
69 212 1
24 129 1
114 126 1
173 189 127
8 26 156
27 46 227
115 161 1
182 239 1
89 211 1
33 234 193
14 206 27
138 206 1
164 228 1
85 123 1
38 142 1
1 59 1
55 152 227
1 162 1
38 237 95
149 185 185
21 68 1
1 117 1
147 192 147
6 79 208
64 185 247
1 170 1
251 253 1
81 135 1
74 111 147
3 13 1
140 149 227
119 251 227
69 237 1
109 241 1
3 148 208
15 159 153
42 43 1
1 10 1
43 221 1
120 121 197
185 206 27
34 127 127
110 252 147
192 219 208
19 122 1
106 247 1
34 120 197
130 143 127
176 222 227
136 179 1
127 222 127
153 212 1
27 204 27
75 230 208
24 197 197
68 148 255
69 204 1
10 197 227
170 208 208
111 225 1
12 233 227
23 208 208
23 239 83
147 241 208
131 171 1
1 188 1
71 164 1
82 198 1
62 208 208
31 130 1
115 119 27
80 231 1
27 227 227
144 197 227
218 242 89
130 204 227
181 200 1
149 223 91
102 243 136
158 171 171
15 25 156
15 54 54
94 135 1
113 191 1
1 2 1
80 160 1
129 244 1
45 141 1
32 158 1
16 18 208
6 212 1
11 50 50
73 146 246
9 68 215
204 223 194
232 234 27
160 222 127
93 172 247
1 51 1
122 221 208
28 76 1
147 255 147
55 237 95
134 170 170
155 249 155
163 171 1
135 219 156
138 177 54
69 156 156
43 143 143
121 136 127
50 222 127
36 157 227
134 209 208
221 222 1
153 248 1
16 52 208
61 176 1
235 250 235
120 127 127
12 184 1
85 175 193
204 233 227
1 236 1
70 87 147
5 81 1
172 199 227
1 156 1
178 232 178
16 144 1
20 125 1
41 216 62
94 173 127
1 3 1
18 26 208
4 248 1
125 201 89
189 219 1
227 238 227
111 249 1
181 224 110
26 237 1
39 65 156
22 167 1
98 113 227
124 147 147
47 250 182
1 47 1
101 127 127
18 70 170
189 252 1
72 201 83
148 183 215
13 17 246
177 208 208
127 199 127
133 177 126
111 207 112
216 241 208
96 242 156
82 171 247
28 176 178
185 217 1
156 195 156
2 213 213
111 158 1
63 76 252
134 208 208
37 116 208
172 256 91
182 199 182
147 166 147
137 201 208
179 182 1
93 227 227
1 86 1
52 213 1
29 190 227
21 27 27
54 154 1
18 41 142
40 180 80
77 223 227
45 110 208
124 197 1
38 120 227
2 155 127
17 143 213
128 202 1
103 221 221
2 148 1
1 242 1
111 116 116
156 210 156
52 76 252
53 229 54
1 37 1
158 208 1
136 185 227
12 186 171
139 196 91
70 181 112
174 202 147
130 224 1
127 164 127
178 204 27
155 167 127
173 232 227
48 95 95
93 234 93
51 245 1
157 187 104
55 186 27
67 255 1
80 133 156
18 119 1
116 122 208
160 200 127
98 229 1
139 232 27
253 254 156
62 216 62
50 116 1
93 230 1
14 196 82
84 172 1
195 237 1
33 93 193
138 153 3
132 177 208
87 149 1
19 188 227
126 188 1
185 222 227
56 111 110
45 188 1
93 196 247
199 218 1
55 204 27
124 161 142
4 24 1
71 153 54
32 218 83
128 191 1
138 221 208
33 149 247
182 256 227
12 220 247
112 245 112
1 83 1
54 159 54
7 87 1
136 169 1
23 142 208
182 233 127
137 195 208
147 227 1
28 149 27
85 247 247
111 166 112
11 84 1
25 180 89
1 176 1
80 89 89
102 143 213
86 147 208
192 217 147
101 134 1
132 183 252
205 247 227
225 242 1
161 232 1
165 173 173
114 249 114
140 155 114
11 172 227
72 191 208
112 161 112
30 161 147
33 109 227
18 224 112
122 159 3
125 230 83
122 181 208
50 228 1
3 16 54
63 74 63
127 245 1
15 111 208
56 147 147
109 134 1
123 208 208
84 151 1
238 253 1
98 148 1
92 253 1
149 200 227
49 118 1
24 114 197
86 156 156
90 136 227
124 132 147
93 238 93
96 226 1
1 137 1
7 129 1
24 67 235
32 118 118
84 207 112
1 212 1
98 151 151
76 174 147
129 232 1
27 147 1
217 228 255
117 172 27
22 178 1
156 239 156
206 231 227
15 128 1
2 142 1
14 177 1
6 54 54
51 226 227
37 159 42
139 167 227
161 240 208
111 251 1
21 154 151
109 195 1
13 228 1
75 202 252
1 243 1
125 179 83
39 240 240
51 91 247
60 246 1
52 139 1
21 197 227
106 208 208
125 208 208
58 154 1
15 93 1
83 254 83
1 85 1
7 33 27
82 147 1
2 165 165
9 62 147
210 248 1
94 231 200
146 213 213
110 147 147
212 223 194
10 42 1
5 223 1
42 208 208
12 196 247
230 233 1
39 175 1
43 210 1
152 227 227
124 141 1
29 154 98
7 191 1
15 156 156
48 193 27
84 174 112
25 77 1
23 117 1
201 255 208
28 151 151
45 178 1
16 51 1
24 82 227
90 151 151
179 209 83
115 157 27
49 125 1
1 251 1
226 256 227
40 199 1
94 250 197
151 178 151
10 33 27
187 206 151
26 89 89
139 212 194
57 232 1
48 151 151
96 200 1
121 128 109
42 168 208
189 217 1
137 255 255
24 112 1
104 174 1
54 160 1
84 239 208
15 115 1
172 252 1
30 122 208
186 247 247
85 88 1
202 219 208
1 76 1
110 193 1
44 152 213
81 121 227
13 164 127
169 190 1
81 213 227
123 190 1
180 210 89
197 222 197
227 234 227
124 181 112
156 226 1
41 252 147
143 197 127
94 249 114
157 226 227
160 233 150
79 174 174
38 65 1
224 235 1
91 158 247
115 215 1
68 235 1
6 133 253
120 125 1
61 182 1
54 133 54
68 254 208
205 213 213
149 242 1
5 159 3
48 248 95
86 177 126
130 167 127
62 218 208
168 239 208
244 251 182
58 245 110
240 253 54
94 229 1
74 166 147
161 228 147
123 167 1
55 97 151
212 232 27
99 243 136
139 181 1
162 169 1
72 195 195
119 206 38
6 174 208
103 112 147
158 186 171
147 228 147
161 174 142
105 149 227
43 92 227
149 207 1
103 141 1
96 127 1
153 181 208
130 202 1
51 81 93
21 189 227
182 212 227
141 151 151
129 147 147
20 88 1
194 223 194
79 137 147
29 110 1
58 64 1
78 207 147
10 208 1
110 130 1
79 84 112
29 157 151
9 228 215
98 163 1
17 134 1
230 237 1
17 246 246
24 250 250
47 245 1
77 210 1
136 243 136
178 237 151
81 186 193
136 215 1
27 175 27
127 183 1
56 248 1
66 185 1
91 220 91
105 233 173
149 227 227
24 28 227
18 170 170
77 189 197
21 74 1
102 253 1
62 203 208
178 249 227
111 128 1
85 115 193
15 94 1
97 208 1
196 228 1
77 155 155
126 253 253
58 129 168
111 181 110
9 74 252
106 109 1
1 115 1
17 29 227
28 92 151
127 250 127
127 226 127
96 145 253
35 95 1
22 23 195
39 159 3
60 80 156
46 114 114
70 188 1
46 193 227
34 57 1
82 149 82
2 212 227
1 103 1
56 208 208
82 196 82
21 82 27
32 57 195
106 225 1
81 149 247
31 120 1
102 137 1
115 193 193
49 153 1
49 73 246
92 157 151
12 103 1
124 248 1
111 143 1
129 159 208
12 175 158
88 138 5
115 171 171
6 126 253
102 213 213
132 189 1
154 238 27
123 215 215
185 219 1
26 40 89
1 215 1
6 232 1
168 224 110
208 253 208
37 182 1
2 236 1
18 152 1
64 189 227
199 247 227
153 240 3
103 247 1
105 120 127
112 183 147
35 54 54
60 156 156
30 176 1
26 209 65
8 152 1
186 240 1
14 237 27
199 234 227
1 11 1
4 208 208
69 241 156
104 213 227
112 200 1
176 239 1
148 240 208
46 231 231
60 126 253
46 112 1
1 52 1
111 248 1
101 113 165
87 103 215
57 130 1
42 203 54
115 233 227
141 227 227
36 46 114
20 74 1
62 134 142
130 148 1
116 184 169
208 241 208
48 184 1
108 141 1
169 174 112
156 178 1
2 166 1
6 39 54
1 172 1
80 177 156
69 193 1
18 147 147
8 72 156
111 224 169
111 240 208
163 235 1
61 149 1
71 128 1
49 59 127
152 232 227
101 115 227
84 224 224
37 242 156
144 151 151
107 137 255
18 134 207
59 244 120
3 53 3
64 111 1
18 116 112
7 208 1
36 249 77
215 221 215
157 200 227
2 190 213
208 230 208
153 219 153
150 243 213
66 76 147
106 254 195
92 192 1
167 200 127
27 249 227
104 144 178
47 52 1
108 249 1
36 197 197
172 176 27
39 102 1
99 247 227
40 201 89
17 50 246
98 238 27
27 55 27
181 245 110
38 55 38
59 138 1
120 133 1
150 173 173
60 86 253
89 156 156
49 254 1
62 194 1
18 112 112
167 215 1
3 210 156
25 242 89
112 233 1
47 50 127
18 164 1
1 159 1
7 199 227
60 159 54
47 199 120
7 111 1
58 66 58
95 139 27
5 210 156
56 184 110
28 114 227
67 69 1
23 72 195
188 227 227
94 97 227
34 114 114
149 163 1
1 206 1
198 245 110
146 167 246
6 34 1
28 227 227
8 169 208
52 225 1
6 253 253
57 254 195
123 202 221
109 243 127
11 107 1
42 140 1
37 167 1
76 143 1
43 90 227
24 38 227
33 158 171
95 121 227
82 223 91
78 108 108
43 86 1
25 35 156
108 158 1
26 85 1
104 176 104
15 139 1
7 164 227
72 162 1
2 30 1
52 214 1
114 246 127
212 227 227
50 113 213
65 156 156
64 107 1
227 243 227
77 113 127
108 228 255
107 131 255
8 69 54
86 246 1
94 200 200
127 190 127
80 218 89
158 168 1
30 132 252
103 124 147
50 126 1
53 254 156
121 236 1
179 241 195
1 230 1
25 189 1
94 232 227
123 234 1
14 135 1
65 184 208
78 228 255
27 58 1
98 227 227
80 96 156
134 185 1
1 225 1
154 233 227
214 236 1
171 193 193
179 233 1
140 231 231
23 195 195
81 181 1
95 154 95
161 227 1
134 192 170
56 226 1
169 236 147
110 166 112
89 240 156
144 190 227
158 244 227
92 196 27
80 245 208
127 182 127
110 254 208
1 38 1
88 108 208
116 230 208
93 228 1
12 232 27
39 156 156
1 8 1
75 161 147
123 187 1
165 177 1
115 118 1
55 248 95
175 226 227
75 196 1
113 250 127
57 92 1
13 97 227
53 140 1
177 254 156
236 238 1
187 200 227
82 183 1
27 232 27
87 223 1
123 131 215
200 244 197
57 110 208
8 82 1
177 253 253
95 237 95
8 212 1
150 152 150
98 115 27
11 150 213
133 203 126
77 248 227
6 216 208
73 167 50
16 96 60
57 208 208
197 242 1
184 231 1
148 205 1
238 256 247
115 234 193
194 212 194
122 152 1
1 177 1
83 195 83
117 159 1
189 235 235
246 254 1
112 187 1
67 231 197
165 197 127
11 39 1
125 180 242
123 137 215
42 220 1
1 15 1
1 211 1
246 247 227
59 197 197
150 231 127
163 209 89
74 255 215
62 200 1
61 228 68
72 214 1
78 133 208
218 227 1
47 83 1
113 233 173
178 210 1
160 253 1
92 106 1
14 50 227
130 199 120
75 215 215
211 224 1
79 111 112
150 205 173
27 95 27
59 168 1
16 250 1
97 197 227
14 75 1
109 140 114
211 236 1
80 226 1
25 241 83
204 238 247
37 162 1
3 209 156
73 199 127
73 213 213
13 107 1
122 156 156
43 186 227
21 144 178
56 167 1
159 208 208
161 199 1
6 7 1
10 129 1
145 177 126
29 62 1
198 230 208
22 65 83
67 199 182
115 218 1
45 209 83
38 151 151
183 252 252
130 232 227
1 94 1
227 235 227
11 188 11
204 220 212
116 256 1
19 140 227
81 247 247
77 114 114
148 182 1
76 97 1
157 227 227
36 242 1
79 144 1
29 241 1
35 123 208
156 165 1
65 208 208
77 84 1
13 232 227
32 95 1
7 39 1
127 165 127
98 220 27
24 36 197
31 194 1
13 79 1
57 117 1
14 99 227
36 123 1
21 211 21
36 77 77
95 158 27
7 122 1
139 175 247
14 66 1
52 110 147
9 101 1
27 176 27
100 230 57
67 133 1
70 192 161
135 232 1
145 162 1
83 135 83
113 256 227
14 21 27
184 250 1
1 98 1
193 238 193
107 175 1
45 213 1
78 202 215
19 218 1
1 228 1
113 202 1
50 227 227
96 144 1
8 255 208
89 153 156
180 240 156
41 211 1
27 98 27
74 149 1
30 180 208
208 216 208
5 23 156
216 246 1
27 157 27
93 186 193
29 237 10
119 242 1
70 124 142
20 153 1
205 236 1
52 131 215
134 231 1
95 152 227
131 183 215
60 182 1
76 191 252
71 122 54
90 98 151
30 191 63
99 134 1
146 173 213
87 142 147
158 247 247
31 199 1
20 136 213
124 129 112
50 243 246
21 117 178
60 79 208
190 232 227
166 186 1
22 166 208
144 211 178
136 209 1
45 230 57
69 219 3
143 198 1
38 217 1
100 174 208
86 208 208
109 121 109
9 108 215
163 218 89
34 163 1
200 227 227
194 256 194
2 24 127
226 250 197
116 173 1
115 188 227
126 215 208
11 156 1
166 213 1
145 237 1
53 189 1
183 202 252
40 183 208
107 217 217
61 103 215
51 60 1
112 184 112
11 25 1
196 223 91
115 227 227
32 195 195
97 126 1
49 110 1
52 188 1
71 191 208
1 174 1
178 245 1
65 124 208
25 245 208
59 102 127
80 242 80
1 204 1
37 53 153
117 119 151
6 230 156
20 165 173
1 93 1
101 214 101
89 208 208
50 232 227
131 231 1
140 180 1
69 170 208
85 146 227
1 147 1
8 219 54
68 138 208
177 200 1
70 128 1
143 146 213
36 200 114
90 213 227
54 126 54
67 146 127
24 249 197
196 251 227
166 216 62
45 229 156
125 137 208
112 135 208
42 117 1
184 198 110
148 180 208
123 218 208
177 190 1
202 220 1
70 236 147
41 185 1
41 207 142
42 165 1
62 186 1
1 6 1
62 142 142
50 124 1
140 207 1
6 108 208
188 195 1
46 214 127
2 219 1
167 211 227
124 221 147
15 45 156
98 141 98
87 114 1
21 236 1
145 208 208
56 72 208
82 99 227
12 185 247
12 152 227
104 251 227
75 132 252
18 43 1
159 163 156
32 229 156
36 121 155
129 189 1
8 108 208
141 191 1
34 199 197
1 241 1
55 128 227
66 70 112
82 236 1
14 73 227
90 169 1
64 125 1
131 173 1
137 183 215
110 242 208
208 242 208
19 204 91
166 226 1
25 218 65
164 230 1
34 86 1
8 162 1
73 74 1
27 48 27
69 247 1
73 102 246
26 201 218
160 227 227
143 214 173
73 246 246
25 53 156
83 209 83
38 141 95
173 181 1
2 61 1
128 209 1
67 108 1
49 115 227
21 247 27
208 218 208
184 200 1
46 131 1
120 245 1
108 148 108
12 33 171
227 246 227
55 162 151
91 99 227
6 208 208
143 169 1
150 227 227
30 255 215
16 27 1
52 73 1
210 252 208
114 197 197
163 236 208
122 208 208
7 107 1
198 208 208
73 172 227
95 232 151
57 205 1
41 224 112
28 117 97
59 227 227
161 185 1
44 67 127
48 144 151
79 166 62
54 96 54
151 232 151
4 255 255
139 256 223
38 227 227
70 184 112
132 215 215
45 179 195
149 201 1
15 143 1
21 148 1
1 161 1
120 221 1
92 175 27
20 214 173
92 243 227
99 171 227
1 77 1
9 236 215
1 203 1
3 112 208
1 80 1
38 83 1
109 161 1
48 92 38
173 178 227
121 139 227
128 231 114
150 207 1
69 109 1
69 208 208
167 236 1
128 203 1
9 178 1
62 112 112
95 187 151
120 239 1
3 41 208
80 156 156
95 228 1
45 54 156
249 251 197
2 205 165
180 197 1
100 156 156
53 148 208
128 198 1
86 241 156
89 209 89
222 227 227
44 127 127
50 74 1
79 249 1
96 239 156
100 195 195
157 211 104
31 74 215
83 118 83
84 116 169
143 240 1
70 154 1
126 203 126
196 237 27
135 208 208
101 152 173
16 177 253
184 224 224
70 169 112
52 229 208
15 17 1
84 177 208
3 23 156
1 144 1
65 210 65
36 155 155
19 185 82
81 227 227
1 221 1
36 109 155
36 173 127
156 180 156
47 146 127
72 152 1
80 124 208
134 207 207
62 237 1
29 51 27
90 225 97
73 82 227
22 88 156
22 72 22
80 197 1
10 19 27
50 118 1
2 113 165
177 203 8
64 171 193
41 192 142
68 149 1
2 182 127
45 210 83
162 187 104
21 216 1
114 209 1
203 229 253
63 134 147
8 149 1
15 225 1
30 238 1
16 113 1
64 194 247
47 209 1
1 237 1
1 24 1
11 54 1
166 174 62
47 59 59
32 182 1
51 167 227
15 255 208
12 247 247
201 253 156
127 189 127
25 60 156
200 222 197
110 155 1
34 141 227
144 225 97
1 97 1
107 171 1
84 251 1
185 226 227
35 122 54
206 220 27
11 199 127
33 94 227
101 118 1
62 181 112
237 249 227
153 172 1
40 73 1
185 256 91
47 130 59
115 212 247
27 152 227
80 83 83
35 208 208
158 212 247
38 101 227
31 112 147
54 65 156
24 140 197
194 237 27
112 174 112
29 232 151
127 143 127
207 214 1
35 85 1
57 225 1
149 194 91
47 164 120
109 126 1
59 146 127
54 69 54
139 194 194
51 193 193
36 235 197
7 95 95
97 190 227
133 170 208
9 83 208
17 195 1
125 163 80
76 148 215
7 154 95
70 131 147
207 208 208
109 244 197
217 236 255
13 55 227
25 57 83
139 227 227
85 234 93
48 242 1
29 119 95
5 39 5
7 73 227
139 247 247
121 219 1
42 88 3
77 128 155
81 244 227
1 148 1
65 234 1
96 213 1
116 239 208
71 92 1
136 148 1
87 107 108
154 168 1
152 160 152
55 155 227
4 182 1
150 235 127
17 99 17
177 239 156
4 207 147
1 126 1
19 48 27
1 198 1
137 156 208
40 153 156
98 225 151
154 183 1
29 248 98
9 137 215
64 193 193
101 165 165
40 41 208
51 195 1
73 141 227
53 104 1
89 230 83
106 147 208
128 199 197
50 127 127
32 133 156
34 99 127
103 161 147
102 108 1
201 250 1
46 247 227
62 124 62
106 255 208
7 48 119
43 140 127
30 115 1
9 255 215
178 231 227
199 222 182
178 244 227
13 46 127
41 225 1
79 192 142
27 238 27
37 106 156
19 156 1
23 54 156
40 207 208
16 204 1
8 86 126
81 208 1
8 67 1
192 195 208
75 87 215
19 139 91
25 144 1
23 118 195
14 56 1
44 55 227
192 250 1
208 221 208
28 139 27
144 234 27
122 247 1
211 223 27
211 218 1
73 105 213
108 255 255
31 108 108
36 199 197
18 161 170
146 227 227
131 225 1
68 217 255
35 203 253
2 63 1
33 70 1
109 196 227
156 209 156
1 32 1
11 248 227
4 105 1
47 127 127
51 164 227
30 206 1
38 183 1
127 244 127
10 210 1
121 150 127
45 156 156
21 226 227
115 175 171
112 137 147
72 179 254
150 209 1
105 202 1
44 164 127
63 221 252
26 57 83
19 212 91
187 203 1
192 226 1
106 172 1
7 30 1
113 121 127
51 133 1
116 168 110
78 175 1
91 186 247
154 188 227
64 136 227
3 37 3
77 94 114
43 173 173
128 226 114
67 80 1
94 109 114
65 215 208
36 62 1
198 226 1
146 190 246
74 160 1
51 217 1
162 190 227
26 83 83
13 64 227
106 217 208
40 142 208
108 195 208
65 78 208
181 209 208
3 169 208
97 139 27
70 134 170
64 101 227
66 217 147
1 134 1
56 160 1
156 201 156
10 131 1
65 159 156
84 103 147
208 252 208
129 161 112
26 242 89
7 17 227
60 253 253
100 136 1
21 129 1
55 98 95
62 184 112
188 233 213
30 74 30
154 190 227
58 198 168
59 251 182
146 223 227
37 145 54
91 198 1
118 175 1
116 169 169
68 219 208
152 238 227
50 102 246
1 109 1
103 223 1
69 211 1
160 202 1
12 146 227
46 109 114
25 48 1
173 229 1
144 232 97
48 155 227
25 138 156
49 197 127
46 179 1
152 218 1
12 76 1
87 255 255
144 246 227
140 226 200
247 248 27
111 168 110
102 173 213
2 233 173
44 192 1
57 187 1
17 181 1
97 101 227
176 187 104
124 188 1
192 216 142
122 146 1
41 58 112
113 155 127
145 229 253
47 90 227
173 183 1
22 122 156
50 145 1
60 245 208
6 114 1
32 134 208
143 221 1
86 88 54
33 54 1
20 227 227
78 128 1
71 120 1
56 110 110
1 111 1
102 210 1
131 228 68
93 151 27
32 201 83
79 124 62
11 19 227
19 175 247
24 182 182
84 191 147
38 48 38
62 232 1
18 181 112
4 131 131
173 233 173
99 228 1
114 245 1
5 219 3
77 200 114
95 164 227
27 97 27
107 223 1
61 222 1
43 205 173
18 165 1
151 236 1
229 253 253
119 232 151
77 227 227
26 179 83
69 246 1
130 182 182
133 208 208
66 67 1
126 170 208
11 102 246
49 102 136
110 198 110
4 188 1
87 111 147
228 236 137
134 140 1
33 229 1
1 164 1
138 155 1
23 254 195
51 247 247
133 152 1
164 182 182
22 130 1
1 185 1
82 211 27
7 220 27
83 153 156
11 190 50
193 195 1
60 88 54
89 124 208
62 161 142
55 94 227
10 238 27
125 242 242
39 168 208
208 215 208
195 209 83
39 53 3
171 195 1
153 208 208
154 225 151
42 247 1
60 92 1
104 181 1
11 99 246
16 88 54
115 148 1
60 152 1
62 168 112
107 236 255
220 227 227
174 225 1
77 254 1
210 251 1
123 252 252
48 90 151
104 218 1
19 40 1
16 40 156
13 193 227
220 241 1
170 216 142
69 210 156
130 150 127
86 229 253
66 170 112
74 152 1
121 200 114
68 198 147
6 159 54
68 112 147
1 151 1
45 118 195
131 200 1
53 239 156
113 160 173
27 194 27
52 75 63
156 207 208
143 190 213
63 137 215
193 218 1
64 149 247
129 251 1
26 154 1
66 242 208
6 128 1
13 44 50
126 145 126
17 33 227
35 96 229
69 107 208
69 88 122
48 97 151
23 80 83
108 213 1
120 218 1
28 144 97
142 245 112
26 125 89
195 231 1
73 115 227
69 123 208
150 213 213
33 247 247
24 189 250
46 140 231
31 87 108
163 196 1
19 87 1
79 242 208
43 214 173
138 142 208
122 138 5
144 166 1
70 168 112
99 136 136
8 52 208
104 227 227
129 148 147
72 156 156
184 245 169
60 108 208
27 64 27
1 110 1
17 73 246
5 137 208
123 193 1
208 224 208
189 227 227
194 227 227
5 34 1
109 148 1
27 220 27
215 252 215
188 203 1
36 96 1
56 240 208
41 168 112
113 152 173
29 126 1
29 185 27
149 226 227
139 223 223
98 213 227
23 83 83
163 186 1
193 232 27
12 139 247
74 122 208
124 170 142
133 218 156
98 237 98
47 80 1
188 209 1
1 250 1
66 147 147
72 94 1
77 199 197
180 209 89
105 190 213
53 201 156
234 247 247
123 217 215
82 218 1
40 218 89
139 234 247
45 72 195
35 63 208
120 164 120
59 84 1
91 204 91
137 163 208
32 241 195
98 230 1
31 209 208
29 60 1
115 158 171
115 144 27
183 219 208
135 195 195
169 230 208
11 29 227
167 244 127
134 171 1
72 99 1
27 141 27
47 223 227
112 149 1
121 231 114
74 158 1
41 166 41
76 208 208
10 188 227
26 112 208
25 109 1
84 147 147
120 215 1
141 250 227
43 181 1
78 208 208
112 208 208
186 198 1
49 142 1
95 108 1
50 188 50
178 201 1
37 204 1
100 127 1
42 110 208
13 173 213
43 213 213
51 158 193
27 119 27
30 215 215
202 224 147
33 72 1
118 249 1
35 229 229
60 89 156
105 224 1
165 178 227
13 188 50
54 162 1
83 197 1
146 235 127
67 254 1
32 123 208
88 153 3
25 40 89
1 43 1
9 34 1
36 52 1
234 239 1
194 221 1
16 241 156
101 244 127
66 215 147
211 240 1
132 249 1
244 249 197
201 210 65
128 232 227
3 138 3
30 147 147
46 75 1
243 252 1
7 92 38
11 74 1
13 160 213
90 97 97
88 240 5
1 45 1
13 137 1
184 220 1
113 141 227
102 244 127
158 216 1
57 184 208
33 212 247
101 209 1
53 113 1
50 121 127
30 183 63
84 198 110
129 156 208
64 256 247
27 82 27
15 27 1
241 242 83
93 131 1
10 47 227
92 162 151
12 131 1
230 241 230
75 112 147
1 189 1
3 208 208
33 105 227
107 208 208
227 251 227
1 138 1
55 172 27
98 131 1
92 182 227
153 163 156
135 252 208
90 144 117
67 173 127
156 254 156
1 194 1
29 151 151
64 81 85
183 216 147
108 221 215
82 92 27
2 81 227
146 220 227
27 205 227
7 157 151
214 233 173
23 42 156
55 218 1
76 207 147
38 154 95
32 176 1
13 68 1
32 128 1
8 171 1
235 238 227
191 199 1
32 203 156
119 239 1
40 72 83
58 169 110
188 220 227
205 217 1
212 238 247
14 27 27
90 177 1
28 71 1
21 128 227
105 214 165
131 152 1
80 143 1
24 33 227
58 168 168
8 54 54
136 241 1
24 145 1
213 217 1
111 184 169
7 141 95
1 27 1
100 241 57
45 57 57
89 181 208
202 216 147
53 215 208
36 56 1
64 85 85
61 111 147
184 192 112
165 213 213
10 244 227
175 186 171
11 244 127
80 125 80
27 162 27
10 60 1
130 210 1
41 174 62
14 93 247
49 192 1
124 203 208
21 141 151
8 113 1
18 168 112
201 238 1
58 254 208
154 206 95
37 150 1
10 29 10
46 77 114
84 232 1
9 202 132
17 56 1
4 60 208
23 160 1
182 197 197
67 98 227
113 143 173
91 227 227
161 208 208
103 123 103
156 172 1
23 25 83
1 26 1
22 32 254
24 185 227
217 230 208
31 216 147
8 121 1
2 101 101
77 213 127
128 251 197
81 214 227
73 227 227
1 72 1
29 133 1
21 220 27
141 165 227
151 233 227
21 160 227
32 161 208
215 228 215
59 225 227
5 239 156
15 249 1
124 134 142
66 110 110
102 227 227
14 85 247
24 228 1
108 236 255
23 44 1
109 246 127
78 186 1
97 232 97
61 66 147
31 215 215
75 115 1
101 205 165
6 240 54
29 212 27
5 215 208
68 208 208
49 50 246
22 135 22
168 181 168
154 164 227
6 110 208
47 109 197
110 137 147
80 149 1
21 232 178
166 215 147
80 206 1
158 193 193
170 253 208
6 156 156
139 220 194
155 169 1
45 241 57
16 225 1
35 145 253
14 126 1
151 162 151
117 232 97
82 166 1
14 189 227
50 67 127
18 153 208
15 50 1
136 216 1
108 147 147
94 140 200
156 163 156
67 139 227
39 122 5
132 148 215
208 240 208
15 30 208
22 101 1
128 200 114
74 142 147
4 215 215
92 118 1
35 153 54
14 219 1
159 206 1
24 160 127
112 224 112
91 140 227
4 179 208
15 218 156
47 224 1
83 179 83
159 219 153
123 183 252
166 198 112
54 122 54
130 140 197
178 187 178
179 192 208
75 105 1
146 152 213
65 213 1
44 227 227
169 208 208
23 61 208
36 114 114
217 231 1
63 142 147
147 216 147
5 156 156
40 233 1
57 195 195
148 161 147
78 80 208
5 133 54
156 216 208
12 148 1
162 213 227
27 117 27
74 183 63
5 75 208
104 237 151
92 149 27
38 212 27
85 136 227
1 25 1
72 241 195
118 254 254
15 37 153
64 199 227
215 217 215
21 126 1
34 227 227
162 211 104
8 16 253
86 201 156
110 111 110
89 180 89
110 190 1
16 202 208
127 227 227
28 131 1
76 129 147
185 202 1
112 171 1
188 213 213
1 173 1
36 226 114
139 206 27
48 159 1
95 125 1
63 215 215
141 225 151
7 37 1
5 248 1
56 86 208
33 47 227
36 164 197
12 228 1
66 111 110
101 150 173
36 131 1
67 120 182
96 208 208
115 147 1
48 209 1
58 102 1
151 154 151
73 133 1
114 117 227
185 223 91
122 153 3
57 100 57
168 198 168
52 74 63
30 178 1
59 202 1
24 251 235
50 207 1
81 85 85
82 160 227
3 69 3
34 251 197
120 246 127
108 191 215
90 211 178
15 98 1
153 234 1
1 197 1
24 215 1
9 191 252
186 227 227
2 160 173
102 162 227
61 236 68
99 165 213
114 236 1
133 223 1
52 134 147
1 41 1
30 148 215
117 178 178
106 135 195
19 220 91
60 69 54
3 5 3
82 251 227
62 137 147
72 159 156
230 239 83
124 207 142
67 132 1
182 189 182
48 119 119
73 242 1
83 108 208
61 148 255
165 207 1
78 171 1
38 105 227
5 111 208
29 129 1
78 131 255
171 212 247
109 214 127
159 239 156
119 162 151
125 145 156
4 183 215
7 192 1
37 244 1
185 212 91
48 164 227
1 95 1
143 173 173
93 111 1
20 121 127
132 221 221
107 206 1
82 256 91
143 154 227
66 202 147
210 236 208
17 113 213
68 165 1
17 54 1
100 103 208
28 187 178
34 109 114
32 179 118
119 187 151
20 173 173
136 162 227
169 245 169
23 135 195
139 216 1
1 102 1
5 63 208
1 165 1
103 202 221
32 45 195
117 247 27
180 208 208
66 98 1
50 213 213
25 142 208
168 192 112
171 187 27
72 122 156
169 209 208
168 234 1
16 125 156
93 178 27
199 239 1
1 42 1
107 180 208
107 157 1
126 208 208
1 192 1
92 256 27
12 158 158
90 219 1
227 244 227
161 164 1
22 173 1
63 103 252
76 215 215
54 68 208
63 126 208
24 47 182
47 233 127
105 171 227
52 93 1
92 242 1
45 226 1
29 104 151
39 249 1
127 225 227
66 104 1
199 235 182
112 142 112
23 106 57
7 84 1
53 100 156
1 128 1
91 133 1
129 169 110
110 127 1
137 236 137
5 120 1
63 112 147
127 152 127
41 132 147
31 221 215
234 238 238
124 243 1
136 177 1
49 246 246
108 182 1
69 240 5
149 239 1
72 230 195
77 109 155
90 232 97
190 213 213
133 225 1
166 238 1
55 185 27
80 180 80
58 181 58
14 221 1
31 85 1
86 253 253
56 200 1
123 185 1
47 182 182
72 173 1
66 127 1
98 134 1
22 248 1
127 205 127
101 233 173
57 89 83
42 120 1
103 169 147
117 197 227
154 176 151
6 60 229
80 230 83
109 127 127
90 109 227
22 154 1
143 152 150
21 79 1
71 112 208
194 254 1
120 197 197
1 166 1
49 65 1
3 241 156
98 149 27
173 256 227
82 91 91
109 118 1
136 146 136
58 112 112
53 65 156
99 113 213
91 206 27
130 192 1
159 201 156
52 255 215
215 239 208
159 175 1
73 162 227
5 117 1
46 197 197
75 76 252
65 203 156
90 203 1
50 136 246
84 189 1
141 206 95
227 249 227
187 246 227
93 164 227
141 154 141
92 93 27
27 196 27
81 223 247
97 235 227
179 203 156
175 232 27
32 154 1
156 228 208
31 89 208
3 67 1
169 181 110
37 188 1
33 145 1
3 126 54
40 248 1
95 248 95
106 242 83
161 170 170
125 185 1
18 210 208
6 96 229
1 56 1
137 208 208
36 100 1
32 147 208
35 249 1
142 181 112
103 213 1
6 99 1
52 132 252
167 169 1
58 161 112
87 150 1
78 137 255
180 181 208
167 212 227
163 239 239
130 134 1
74 208 208
145 244 1
211 225 178
55 109 227
27 149 27
57 230 57
35 79 208
26 69 156
133 159 54
142 214 1
219 226 1
116 207 112
244 250 182
81 131 1
31 166 147
14 222 227
192 207 170
62 167 1
40 156 156
26 80 89
27 33 27
179 255 208
66 192 112
122 133 54
28 31 1
85 220 247
84 180 208
71 135 156
67 127 127
89 196 1
34 197 197
83 201 83
156 244 1
7 59 227
34 250 197
162 205 227
37 209 156
132 224 147
169 225 1
171 227 227
2 150 173
16 187 1
35 60 229
12 93 193
34 168 1
91 176 27
145 203 126
136 227 227
32 100 195
8 13 1
13 27 227
125 129 208
161 168 112
38 191 1
157 162 162
99 102 17
9 75 252
106 233 1
111 112 112
94 242 1
68 137 68
59 223 227
51 191 1
69 138 5
197 235 197
225 238 27
71 132 208
95 200 227
235 251 235
32 156 156
3 237 1
114 212 227
10 84 1
37 40 156
63 256 1
10 54 1
165 202 1
53 130 1
38 193 27
160 212 227
105 131 1
117 182 227
50 221 1
175 233 227
56 129 56
103 183 252
62 147 147
66 206 1
204 227 227
11 219 1
198 252 147
37 46 1
85 180 1
92 206 92
192 252 147
41 138 208
25 251 1
42 230 156
124 167 1
40 163 239
14 228 1
252 254 208
147 174 147
114 127 127
130 227 227
46 194 227
17 146 136
54 229 54
110 192 112
60 212 1
115 240 1
20 204 227
45 220 1
196 256 91
76 188 1
58 79 112
72 85 1
78 105 1
83 256 1
119 151 151
52 183 191
95 211 151
165 205 165
60 133 253
28 78 1
64 203 1
192 198 112
17 213 213
228 255 255
72 155 1
37 219 153
29 86 1
115 128 227
107 134 147
78 245 147
27 28 27
237 248 98
53 219 53
103 216 147
21 227 227
212 213 227
40 117 1
33 36 227
117 189 227
186 222 227
31 220 1
18 231 1
79 202 147
66 129 168
48 225 151
219 234 1
2 106 1
13 201 1
73 100 1
92 225 151
79 207 142
60 140 1
119 135 1
217 255 255
11 205 213
135 241 195
83 156 156
136 188 246
72 86 156
17 43 213
28 247 27
194 243 227
20 143 150
122 195 156
99 138 1
42 174 208
111 199 1
137 217 255
83 177 156
69 147 208
25 166 208
71 148 208
53 172 1
111 208 208
13 31 1
49 146 243
195 239 83
76 138 208
79 92 1
3 221 208
15 58 208
2 102 213
130 244 120
66 255 147
193 234 193
5 200 1
45 194 1
163 201 89
113 192 1
3 122 3
35 197 1
227 248 227
59 222 182
161 184 112
160 205 173
25 250 1
155 197 197
166 252 147
108 208 208
30 204 1
135 164 1
39 45 156
72 242 83
36 213 127
65 163 89
179 208 208
180 239 80
69 176 1
40 223 1
94 221 1
73 208 1
51 103 1
99 167 246
171 245 1
62 119 1
58 73 1
42 159 42
79 142 142
13 73 190
65 218 65
166 181 112
80 88 156
4 238 1
49 155 127
3 64 1
173 214 173
118 230 195
164 170 1
71 240 54
30 210 208
60 229 229
104 200 227
176 211 104
157 178 178
52 202 252
112 168 112
128 144 227
90 163 1
182 210 1
226 231 200
79 159 208
89 132 208
208 236 208
51 234 238
41 170 142
213 232 227
74 242 208
11 81 227
96 170 208
219 253 54
122 219 3
1 31 1
58 246 1
54 143 1
26 126 156
76 162 1
44 141 227
117 183 1
148 237 1
40 230 83
71 163 156
42 157 1
133 201 156
125 195 83
175 210 1
45 208 208
45 63 208
149 204 91
128 189 197
124 168 112
29 227 227
128 212 227
19 31 1
67 92 227
113 140 127
121 127 127
228 239 208
113 246 213
197 199 197
195 207 208
58 253 208
3 54 54
156 241 156
47 251 182
44 132 1
152 164 127
100 149 1
106 241 230
191 207 147
43 176 227
45 92 1
129 160 1
29 141 98
27 206 27
127 141 227
100 158 1
119 186 27
36 179 1
28 83 1
120 224 1
137 221 215
66 205 1
182 244 182
18 136 1
113 150 173
39 54 54
234 244 227
39 88 5
59 106 1
8 214 1
27 137 1
18 174 142
18 192 170
1 146 1
71 203 253
59 212 227
90 189 227
145 156 156
103 191 252
103 122 208
104 141 151
106 173 1
23 180 83
95 156 1
247 256 247
27 151 27
180 185 1
9 59 1
166 247 1
64 184 1
50 190 50
1 4 1
92 97 151
46 121 114
97 225 97
64 65 1
115 222 227
21 162 104
144 227 227
