256 6710
37 74 37
224 231 28
3 127 3
7 106 3
37 146 18
174 178 5
22 174 5
2 87 2
5 21 5
159 222 1
77 79 19
34 69 34
67 183 2
95 185 23
122 247 61
91 138 2
6 229 3
29 232 29
87 90 5
98 145 1
99 199 99
7 25 3
1 66 1
132 256 16
20 188 5
14 112 14
44 239 1
63 148 1
1 67 1
7 92 1
144 162 2
130 159 4
83 139 2
7 115 7
71 143 71
206 220 6
62 254 31
93 98 1
188 227 1
179 199 1
143 176 2
1 155 1
110 249 3
122 244 122
185 224 1
64 151 4
75 249 1
113 150 1
200 220 6
32 220 1
68 238 1
187 202 1
25 106 6
21 163 10
36 73 36
166 167 83
14 250 7
109 220 27
165 236 1
106 228 3
22 132 2
13 249 3
4 8 4
175 198 1
31 124 31
24 33 1
85 93 5
224 238 14
2 73 2
100 203 50
161 254 1
194 198 24
38 39 19
131 213 1
74 148 74
149 226 1
217 238 3
120 242 60
176 215 1
121 190 1
194 214 6
176 223 1
86 100 1
64 256 64
13 222 13
85 200 1
127 199 3
37 208 1
122 193 3
74 149 74
24 198 24
57 117 14
225 237 14
153 249 1
1 42 1
147 223 1
80 138 2
165 217 1
4 23 2
167 231 1
12 230 3
48 137 1
61 76 1
89 216 1
36 232 1
73 254 1
141 146 4
224 247 7
104 222 13
95 189 47
133 247 1
108 195 6
162 183 5
138 141 17
50 182 1
83 174 10
217 237 3
10 223 1
83 213 1
20 184 5
142 150 4
43 96 1
56 231 28
36 55 1
31 66 1
3 201 3
77 134 4
110 193 6
100 137 1
10 194 1
109 110 27
11 168 5
113 115 28
99 103 12
230 238 14
225 228 28
54 104 13
191 241 1
130 136 8
15 167 1
136 239 1
89 207 1
166 247 1
123 137 1
18 85 2
51 100 25
12 69 1
46 187 46
1 10 1
115 225 28
85 140 2
169 174 21
247 252 15
96 196 24
88 167 5
35 78 4
80 189 5
89 116 1
60 63 15
114 254 7
128 221 1
1 96 1
36 126 1
117 152 1
117 165 1
57 77 1
162 177 5
13 98 6
18 130 4
68 139 34
19 150 9
168 253 1
1 122 1
34 247 1
32 150 4
114 128 1
189 203 1
109 184 1
38 82 2
72 182 2
44 188 11
1 226 1
159 221 1
134 153 4
9 13 1
86 173 86
64 119 1
4 17 4
63 76 1
2 7 1
1 153 1
30 144 1
249 256 1
220 245 3
53 106 53
3 5 1
102 201 25
166 236 1
145 244 1
65 129 32
56 161 1
212 228 3
54 175 1
34 134 8
3 251 3
30 217 3
25 97 12
23 183 11
224 255 7
52 76 1
68 73 4
13 103 6
184 188 23
28 112 28
163 232 1
98 158 1
4 68 4
198 199 99
95 161 5
176 232 1
39 156 39
224 240 7
99 195 24
184 191 23
228 229 114
166 242 1
40 164 20
47 93 23
96 205 12
5 89 5
96 105 6
14 217 3
61 71 1
25 61 3
119 239 119
1 212 1
161 164 20
75 107 1
28 119 14
116 140 1
168 251 1
114 221 3
249 253 31
37 84 2
81 87 10
97 106 6
21 71 2
189 242 1
25 192 12
20 170 10
99 100 12
20 92 5
60 99 3
84 85 42
31 126 31
146 195 1
3 227 3
196 198 49
73 252 1
5 10 5
73 103 1
50 57 3
189 212 1
13 108 13
55 168 1
212 215 53
149 201 1
17 192 1
42 68 2
9 176 2
194 227 3
54 86 1
62 235 7
202 214 6
162 169 10
15 224 7
130 131 65
39 160 2
167 176 5
79 241 1
119 154 1
89 91 22
173 239 1
196 218 6
5 22 5
90 129 2
53 247 3
109 225 3
134 203 1
124 252 31
51 55 6
18 24 1
16 252 1
179 191 11
180 230 1
195 197 24
29 155 1
112 118 14
55 213 13
196 199 49
4 64 4
50 69 1
31 162 1
10 177 5
62 102 3
61 162 1
49 198 49
39 77 19
102 179 1
160 164 20
84 174 21
101 203 101
13 205 6
201 252 3
150 178 2
54 219 54
55 206 6
3 241 3
17 33 8
37 147 18
81 154 2
64 155 4
154 199 1
121 126 15
145 192 1
86 169 21
90 183 45
114 149 1
70 144 4
2 181 2
1 106 1
131 133 16
115 120 7
36 149 18
198 224 3
79 153 19
103 207 103
6 230 3
34 143 17
127 202 3
22 85 5
82 85 10
160 166 20
4 152 4
160 200 1
144 174 2
112 230 28
146 149 18
94 223 1
145 165 2
84 170 42
3 108 3
67 157 4
75 182 2
32 34 8
116 119 29
208 243 3
37 104 1
38 155 38
30 242 30
77 222 1
63 126 63
40 80 40
99 215 6
28 87 1
48 87 1
108 223 27
19 200 1
7 31 7
65 71 8
71 128 8
72 73 36
4 150 4
235 236 29
179 213 1
40 78 2
106 240 3
136 159 4
30 72 1
104 122 3
100 249 3
29 222 3
206 235 3
207 222 6
169 179 5
57 112 28
194 199 24
93 163 5
167 186 5
152 154 38
239 252 7
227 232 14
63 252 63
21 106 1
87 172 43
131 163 2
70 138 17
57 163 1
58 176 1
99 146 1
23 134 2
119 252 7
120 158 1
203 224 3
242 250 15
156 193 1
220 243 3
95 105 1
86 110 1
138 222 1
7 56 7
155 159 19
131 235 1
82 136 2
5 245 1
56 57 28
13 55 13
68 210 1
177 206 1
94 189 94
4 63 1
88 174 5
3 119 3
78 111 1
120 183 1
45 90 45
74 80 2
1 21 1
54 238 3
89 156 2
2 18 2
248 251 62
146 204 1
208 214 26
52 95 1
70 199 1
13 90 1
36 144 36
128 134 16
24 50 12
151 170 2
132 239 1
5 88 5
227 246 7
31 180 1
6 156 1
90 155 2
49 80 1
5 177 5
1 237 1
174 199 1
57 231 57
9 20 2
29 225 14
65 222 1
132 212 1
6 54 6
96 98 24
17 209 1
7 30 7
51 132 1
88 194 1
34 112 1
161 200 1
81 175 10
10 233 1
46 110 1
13 84 1
174 228 1
64 130 32
71 95 2
152 171 2
28 230 28
55 121 3
48 197 24
207 245 3
43 159 2
245 246 61
10 201 1
74 75 37
6 96 6
150 151 75
206 236 3
135 228 1
1 108 1
101 256 1
128 131 32
104 247 3
74 237 1
51 87 1
7 121 7
10 228 1
165 187 5
25 186 1
128 191 2
240 244 30
22 45 22
65 256 32
79 155 19
175 233 1
120 245 30
63 149 1
1 15 1
89 176 44
24 118 3
6 195 6
158 222 1
148 149 74
81 149 2
16 144 4
65 113 1
212 222 13
62 196 3
18 249 1
12 103 12
1 175 1
181 245 1
54 55 27
41 163 20
137 176 2
98 148 1
45 175 5
190 209 1
150 202 1
103 129 1
13 105 13
197 243 3
200 202 50
15 247 15
1 178 1
108 214 13
57 176 1
1 246 1
17 59 1
29 231 14
6 219 6
7 223 3
23 188 23
46 109 1
177 213 1
82 177 5
142 168 2
105 109 13
89 186 11
139 144 4
19 157 19
23 176 11
67 95 2
227 240 7
1 70 1
128 233 1
80 190 5
81 161 40
14 223 3
168 212 1
20 168 10
1 143 1
25 62 3
150 174 2
181 224 1
103 127 3
223 256 1
99 192 24
78 149 9
36 92 2
51 91 1
73 210 1
1 170 1
186 232 1
220 231 3
14 225 14
136 243 1
9 15 1
79 234 1
113 114 28
143 157 4
209 244 3
63 248 31
77 187 2
55 87 1
34 213 1
42 88 5
187 236 1
112 132 1
57 145 1
150 157 9
107 208 26
23 94 23
10 38 2
222 238 3
114 203 3
67 81 2
14 29 14
3 131 1
47 83 5
33 222 1
92 161 5
228 238 14
126 242 15
56 228 28
57 90 1
4 28 1
9 79 9
17 151 4
6 129 1
25 50 25
95 186 23
170 175 21
109 222 27
97 239 3
32 141 8
136 138 34
166 244 1
6 48 6
158 177 2
71 138 17
109 219 109
243 255 15
120 243 60
13 223 13
47 131 2
10 87 10
1 46 1
5 167 5
5 234 1
43 91 5
86 177 5
17 43 2
119 147 1
15 248 15
7 221 3
123 245 61
46 141 2
172 223 1
82 86 10
10 164 10
206 219 6
33 129 16
10 170 10
80 206 1
57 242 7
216 222 27
127 196 3
60 243 60
156 212 1
12 145 1
147 178 2
7 113 7
15 187 1
1 113 1
43 234 1
19 148 9
142 143 71
184 255 1
123 189 1
55 222 55
4 32 4
75 146 18
4 47 2
170 171 85
126 196 3
145 190 2
40 48 1
69 71 17
30 205 3
47 188 47
36 194 1
31 247 15
106 126 3
38 153 38
144 157 9
226 243 7
126 127 63
119 161 1
207 216 6
53 221 13
130 245 1
42 188 5
39 171 2
119 249 7
204 236 3
1 192 1
202 236 3
125 249 62
2 160 2
158 249 1
52 146 1
128 153 4
70 137 17
78 84 2
127 153 1
70 174 2
43 85 21
254 255 127
50 51 25
122 205 3
209 214 26
3 218 3
43 124 1
126 171 1
139 140 17
10 168 10
125 195 3
185 187 46
10 221 1
7 114 7
181 183 45
46 94 23
51 85 1
20 181 5
95 168 5
99 115 3
221 230 3
63 253 63
71 91 2
177 180 22
32 212 1
39 157 39
164 212 1
28 148 1
114 145 1
132 247 1
45 179 22
9 39 9
115 236 14
10 82 10
89 204 1
48 99 24
13 213 13
11 160 5
76 110 1
47 69 2
125 140 1
36 221 1
112 197 3
12 96 12
135 154 4
97 99 24
3 255 3
47 181 11
20 72 2
87 160 10
181 222 1
27 105 13
139 236 1
2 146 2
210 238 3
69 80 2
14 126 7
61 151 1
17 34 17
38 207 1
162 164 20
99 251 3
56 69 1
121 187 1
63 208 3
88 210 1
1 182 1
54 208 13
67 135 67
33 241 1
18 67 4
209 210 52
216 219 54
166 169 10
73 80 2
24 201 12
43 51 1
15 169 1
41 246 1
20 42 10
57 67 1
41 81 20
146 162 2
46 107 1
105 198 6
40 82 20
44 173 5
102 129 1
1 158 1
39 79 39
229 248 7
121 173 1
103 201 25
61 215 3
137 138 34
200 241 3
133 225 1
7 256 1
15 231 7
14 239 14
11 166 5
84 206 1
43 224 1
1 243 1
10 167 10
200 206 25
100 233 3
85 205 1
141 171 2
157 173 2
130 218 1
129 246 1
33 72 4
52 89 1
65 172 2
32 245 1
51 155 1
43 77 2
43 130 2
103 125 3
3 194 3
27 110 27
14 138 1
100 206 25
54 218 54
27 218 27
237 239 59
45 103 1
30 51 3
75 156 9
51 201 25
15 246 15
200 208 6
32 199 1
11 188 11
192 242 3
97 166 1
195 206 12
73 108 1
162 178 5
48 98 24
9 146 9
242 244 30
37 158 9
126 198 3
122 194 3
123 178 1
45 133 2
1 196 1
19 162 2
44 184 11
40 242 1
20 240 1
39 131 4
135 162 2
105 142 1
4 148 4
11 48 1
6 80 1
74 150 37
145 150 18
139 149 4
43 164 10
48 238 3
96 208 6
126 247 15
139 246 1
109 223 27
184 187 46
22 44 22
37 75 37
178 250 1
28 51 3
1 30 1
51 101 25
6 97 6
112 233 14
36 161 2
145 202 1
43 191 5
28 116 14
62 100 3
85 182 5
178 179 89
1 71 1
19 154 19
17 216 1
95 222 1
9 78 9
118 236 118
160 244 1
40 107 1
41 77 2
110 125 3
14 248 7
77 156 19
39 221 1
10 171 10
16 41 2
68 141 17
25 155 1
179 233 1
17 129 8
122 240 30
175 194 1
192 195 48
110 170 1
155 178 2
170 212 1
31 210 3
183 223 1
73 76 9
191 193 1
2 4 2
228 233 14
90 106 1
151 234 1
34 222 1
55 230 3
7 247 7
97 246 3
160 183 5
33 182 2
160 197 1
98 229 3
233 238 29
123 242 30
26 255 3
33 151 4
102 199 12
7 213 3
49 103 12
10 121 1
38 122 1
95 232 1
19 78 19
220 222 55
39 155 19
43 209 1
97 248 3
2 69 2
27 55 27
71 83 2
72 159 9
112 191 1
1 195 1
161 222 1
104 117 3
71 215 1
51 136 1
106 208 26
68 132 8
73 229 1
33 134 33
65 228 1
34 136 34
201 202 50
54 200 6
51 154 1
145 224 1
207 221 6
54 210 13
1 222 1
88 91 22
59 202 3
198 215 6
29 237 29
27 222 27
97 249 3
14 135 1
226 244 7
7 124 7
145 151 18
89 212 1
66 138 8
206 232 3
81 166 20
132 235 1
26 142 1
185 188 23
75 181 2
22 185 11
122 167 1
77 155 77
4 36 4
61 230 7
6 27 6
52 92 1
163 230 1
181 255 1
4 72 4
6 206 6
40 90 5
226 237 14
71 162 2
94 228 1
2 23 2
1 17 1
72 76 9
64 66 16
31 106 3
139 225 1
24 195 24
7 38 1
163 179 5
73 148 18
184 214 1
182 191 11
45 88 22
78 180 2
70 133 8
158 159 79
33 156 4
67 103 1
161 225 1
10 80 10
157 158 39
33 65 16
28 32 1
50 139 1
58 205 3
134 176 2
106 196 6
2 222 1
98 100 12
1 4 1
111 220 55
96 149 1
51 240 3
119 226 14
117 170 1
14 187 1
66 75 4
6 253 3
159 160 2
48 131 1
65 217 1
76 155 38
12 61 3
156 161 2
47 195 1
102 203 25
55 201 6
11 90 11
57 142 1
133 234 1
241 245 30
130 215 1
122 251 15
64 134 16
140 251 1
15 61 15
35 224 1
9 38 9
49 218 6
3 245 3
232 243 7
46 177 11
89 149 2
203 207 25
70 148 4
203 208 6
134 187 2
222 245 3
75 149 37
151 241 1
69 137 34
1 19 1
91 132 2
242 245 30
84 105 1
79 236 1
154 225 1
55 218 27
13 245 3
39 200 1
80 224 1
26 189 1
80 119 1
7 243 7
86 162 10
60 214 3
70 136 17
50 102 25
40 50 1
123 211 3
99 163 1
2 188 2
141 142 35
148 151 37
119 202 3
86 210 1
29 60 7
26 170 1
90 176 22
67 206 1
1 240 1
167 177 5
43 170 21
60 245 30
56 118 14
26 105 26
62 247 15
83 111 1
193 207 12
131 143 8
64 89 2
102 195 12
217 220 27
120 163 1
134 136 8
2 79 2
96 146 1
72 98 1
106 210 26
5 249 1
137 139 34
4 204 1
73 90 2
72 107 1
69 177 2
131 186 2
21 237 1
94 209 1
5 131 2
194 200 12
1 252 1
245 248 15
74 76 9
4 18 4
29 203 3
209 249 3
186 213 1
16 133 16
13 157 1
2 41 2
41 231 1
155 163 2
84 171 42
81 103 1
35 123 1
173 236 1
134 256 16
105 107 26
146 202 1
110 194 6
45 219 1
25 221 6
217 218 54
216 223 27
218 221 27
18 244 1
63 179 1
9 144 9
45 250 1
133 180 2
5 140 2
86 117 1
109 253 3
103 206 103
54 221 27
31 154 1
230 231 115
128 133 16
90 196 1
16 62 1
59 255 7
58 100 3
126 241 15
160 234 1
10 64 2
143 148 4
55 221 55
85 175 21
127 130 1
29 180 1
215 225 3
88 92 11
62 73 1
61 242 30
61 244 61
231 234 14
57 224 28
69 141 17
1 235 1
27 111 27
116 144 1
52 208 52
52 254 3
99 255 3
15 242 15
71 132 8
41 150 2
2 154 2
74 245 1
122 253 15
15 125 15
72 154 9
39 173 2
7 42 1
108 204 6
100 109 6
21 168 21
30 31 15
39 75 9
114 228 114
104 173 1
11 187 11
9 85 2
100 222 6
103 154 1
7 61 7
42 143 2
18 203 1
6 49 6
140 141 70
6 69 1
82 151 2
137 143 17
113 224 56
28 200 3
80 122 1
94 146 2
42 171 42
4 14 1
2 40 2
22 245 1
183 191 11
134 236 1
148 150 37
99 218 6
30 122 30
21 43 21
128 189 2
2 182 2
74 159 9
98 206 12
2 11 2
114 165 1
90 210 1
116 233 116
4 67 4
77 122 1
23 190 23
86 94 5
233 235 58
99 134 1
127 176 1
29 227 14
100 207 25
135 153 4
107 167 1
98 227 3
68 138 34
185 186 46
241 251 15
122 199 3
10 40 10
101 108 6
99 207 12
92 186 46
66 67 33
4 116 1
9 145 9
35 219 1
97 208 6
1 133 1
11 47 11
9 18 9
8 145 4
210 214 26
175 241 1
112 227 56
48 200 12
29 99 3
56 232 14
85 112 1
20 245 1
214 217 13
27 214 13
186 190 23
34 61 1
64 100 1
54 102 6
47 119 1
9 17 4
65 134 16
170 186 5
161 174 10
7 207 3
1 115 1
223 241 3
167 189 5
86 92 5
3 244 3
244 247 61
171 173 21
125 210 3
147 150 18
148 210 1
218 250 3
39 67 4
27 74 1
78 175 2
174 203 1
68 239 1
123 207 3
100 205 25
1 36 1
21 247 1
12 192 12
133 197 1
128 245 1
2 138 2
43 139 2
29 117 29
85 169 42
102 205 102
7 198 3
185 243 1
2 72 2
98 228 3
196 224 3
35 136 17
138 149 4
86 241 1
175 187 5
22 203 1
2 75 2
20 96 1
32 256 32
60 181 1
31 120 15
63 120 15
164 247 1
83 161 20
4 49 1
161 167 20
70 158 4
82 237 1
165 172 10
25 200 25
2 22 2
30 239 7
1 87 1
94 147 2
139 214 1
229 230 57
74 241 1
112 113 56
6 179 1
57 86 1
229 243 7
240 255 15
50 194 12
201 207 25
197 200 12
81 138 2
145 219 1
135 185 2
17 62 1
7 141 1
88 180 22
132 219 1
115 116 14
151 168 2
69 134 8
142 156 4
188 191 47
2 82 2
1 136 1
109 116 3
165 178 5
55 208 13
96 99 24
133 154 4
51 192 12
187 226 1
59 249 7
70 78 4
15 70 1
67 185 2
17 99 1
99 206 12
73 114 1
76 241 1
32 164 2
46 184 46
147 155 9
211 255 3
116 165 1
143 241 1
141 150 4
121 164 1
29 72 1
84 163 10
20 41 20
113 117 14
93 116 1
112 115 28
122 161 1
91 177 22
31 148 1
21 47 5
22 251 1
55 216 27
24 104 6
113 227 113
250 252 31
59 116 29
108 120 3
124 153 1
34 105 1
89 175 5
48 226 3
67 167 2
216 218 54
27 210 13
95 250 1
10 149 2
81 193 1
127 191 1
171 225 1
5 244 1
6 205 6
245 250 15
86 171 21
68 107 1
234 239 29
4 144 4
11 186 11
121 242 121
72 157 9
66 134 33
8 190 2
122 220 3
71 172 2
23 130 2
15 245 15
161 226 1
122 127 15
185 228 1
30 118 7
1 139 1
133 203 1
117 232 58
45 181 45
143 245 1
60 123 30
11 92 11
154 157 19
213 247 3
45 231 1
70 183 2
15 205 3
131 135 16
167 178 5
199 216 6
23 132 2
52 211 52
79 145 9
134 140 8
20 148 2
42 168 42
98 234 3
7 244 7
26 130 1
12 75 1
24 94 1
104 211 52
38 151 9
21 231 1
2 145 2
3 223 3
112 224 112
233 237 29
10 131 2
94 171 5
97 243 3
2 137 2
98 199 49
1 229 1
130 148 4
151 200 1
179 182 22
144 219 1
130 235 1
61 237 7
87 162 10
31 216 3
39 214 1
59 84 1
224 230 28
48 186 1
98 102 12
50 221 6
88 181 22
55 219 27
99 197 49
136 143 17
14 235 14
121 243 121
168 246 1
97 197 24
108 136 1
74 249 1
45 170 5
111 116 3
1 105 1
52 53 26
153 169 2
4 235 1
4 134 4
8 134 8
83 165 41
54 196 6
82 230 1
62 113 7
20 89 5
35 209 1
20 171 10
68 226 1
174 240 1
74 152 9
15 83 1
30 126 15
42 87 21
25 116 3
140 145 4
57 237 14
129 175 2
1 79 1
114 235 14
94 95 47
195 240 3
97 199 24
79 83 2
1 88 1
44 139 2
188 201 1
39 132 4
12 214 6
66 121 1
129 167 2
1 49 1
59 78 1
4 79 4
37 86 2
3 200 3
161 165 20
9 19 9
81 170 10
1 47 1
46 204 1
193 239 3
166 225 1
10 69 2
49 192 24
222 225 3
134 167 2
115 201 3
61 81 1
22 176 22
32 66 16
73 89 2
80 213 1
176 240 1
208 212 26
18 153 9
33 235 1
80 179 5
134 160 2
45 115 1
138 195 1
134 212 1
15 101 3
31 105 3
94 97 1
4 139 4
58 237 29
78 134 4
193 227 3
49 250 3
5 191 5
225 232 14
144 165 2
139 206 1
13 214 13
105 210 105
27 122 3
27 34 1
38 98 1
61 66 1
112 206 3
121 193 3
3 216 3
124 159 1
192 224 3
116 221 3
90 108 1
7 126 7
117 135 1
218 219 109
6 150 1
150 201 1
127 250 31
42 172 21
103 234 3
55 211 13
89 130 2
13 216 13
82 135 2
8 32 8
71 140 35
83 162 20
162 171 10
55 161 1
10 89 5
101 159 1
184 206 1
89 225 1
2 62 1
1 216 1
209 211 52
121 125 15
182 213 1
2 45 2
3 205 3
11 228 1
3 246 3
94 143 2
176 231 1
92 195 1
12 195 12
118 204 3
92 199 1
128 212 1
3 192 3
167 172 10
47 190 47
34 138 34
150 237 1
26 28 3
187 220 1
30 47 1
134 249 1
181 198 1
18 72 18
16 56 1
2 93 2
113 235 14
144 218 1
71 139 17
115 232 14
60 241 60
13 206 6
41 42 10
35 187 2
177 179 44
242 256 1
185 191 23
141 243 1
24 166 1
14 218 3
91 140 2
67 129 16
97 159 1
106 119 3
160 162 40
33 34 8
35 179 2
179 190 11
162 180 5
54 170 1
21 84 21
1 118 1
43 142 2
205 213 6
93 184 46
143 207 1
230 242 7
118 232 29
96 217 6
85 254 1
95 214 1
248 253 31
122 123 61
66 155 4
227 229 28
73 120 1
51 205 51
13 191 1
81 160 40
163 177 5
232 246 7
28 227 28
38 200 1
42 240 1
110 128 1
47 67 2
63 155 1
53 241 3
187 191 23
200 227 3
46 183 11
66 136 8
32 77 4
134 239 1
121 231 7
119 227 14
89 136 2
21 88 5
5 63 1
70 71 35
6 214 6
22 168 5
175 236 1
7 239 7
26 249 3
52 210 52
48 195 48
224 232 14
154 156 19
1 123 1
32 101 1
23 143 2
72 217 1
182 252 1
2 151 2
110 192 6
72 81 2
199 235 3
43 168 21
85 245 1
62 255 31
106 171 1
87 165 10
116 171 1
149 150 37
104 213 26
75 89 2
97 204 12
220 223 55
41 94 5
3 138 1
203 206 25
15 193 3
47 89 11
135 142 8
1 157 1
207 223 6
227 228 28
16 33 16
30 189 1
2 149 2
37 143 4
9 76 9
70 156 4
6 202 6
24 48 24
64 65 32
196 239 3
30 244 30
72 242 1
121 131 1
60 120 60
6 211 6
211 252 3
47 94 47
5 178 5
15 119 7
16 158 4
75 151 75
4 190 2
30 167 1
116 229 14
48 50 12
11 84 5
154 233 1
108 243 3
49 77 1
28 251 7
7 62 7
5 175 5
7 248 7
69 231 1
21 199 1
99 177 1
1 102 1
31 178 1
134 229 1
220 226 3
74 158 9
216 227 3
42 157 2
14 56 14
49 72 1
66 142 8
15 81 1
2 142 2
2 76 2
3 51 3
8 143 8
34 79 4
73 177 2
89 100 1
18 146 18
58 122 7
35 217 1
46 106 1
10 175 10
219 223 27
35 134 8
3 239 3
2 173 2
3 12 3
11 214 1
144 168 2
224 244 7
55 244 3
145 148 18
52 147 1
6 52 6
10 184 5
166 193 1
37 78 9
26 118 3
32 195 1
219 255 3
51 56 3
212 227 3
47 184 23
111 244 3
76 217 1
102 130 1
21 52 1
204 214 6
53 67 1
123 161 1
253 254 63
189 230 1
1 228 1
8 33 8
84 160 10
214 216 13
20 244 1
4 35 4
44 190 11
66 233 1
67 155 4
35 59 1
28 117 14
164 222 1
76 78 19
34 175 2
94 104 1
177 182 22
1 61 1
17 137 17
82 112 1
4 115 1
33 71 8
2 157 2
21 85 21
4 153 4
10 98 1
7 242 7
97 115 3
12 24 12
7 236 7
136 211 1
74 169 2
137 172 2
195 245 3
55 59 3
45 91 45
203 242 3
96 173 1
27 241 3
42 85 42
96 100 12
100 200 100
1 35 1
178 183 22
3 6 3
121 122 30
13 107 13
97 253 3
63 222 3
1 32 1
5 84 5
7 228 7
15 122 15
89 222 1
149 192 1
94 140 2
3 121 3
99 204 12
73 214 1
36 64 4
27 243 3
159 214 1
2 185 2
154 229 1
87 243 1
32 156 4
84 181 5
89 199 1
3 48 3
3 107 3
121 208 3
172 209 1
27 149 1
54 111 27
88 184 11
130 152 4
118 143 1
30 163 1
58 245 7
24 71 1
59 118 59
117 200 3
142 189 2
75 152 9
188 249 1
70 141 70
98 197 98
42 173 21
90 162 5
129 256 64
86 170 21
1 198 1
162 166 20
18 37 18
26 208 26
192 199 24
185 189 23
6 114 3
1 164 1
7 48 3
20 135 2
107 210 26
218 239 3
38 251 1
16 145 4
41 173 10
96 112 3
180 199 1
106 209 26
107 214 107
112 254 7
53 104 26
6 217 6
1 135 1
104 208 104
178 229 1
109 165 1
14 226 14
181 249 1
105 212 26
110 220 110
19 79 19
130 209 1
11 60 1
25 52 6
16 140 8
77 145 9
116 169 1
46 86 5
24 209 6
103 235 3
37 130 4
77 144 9
126 255 63
29 118 29
34 120 1
75 230 1
1 219 1
41 172 10
45 230 1
215 222 13
86 130 2
75 215 1
147 149 18
63 212 3
124 200 3
39 220 1
105 208 52
209 212 26
124 253 31
36 158 9
103 202 25
129 241 1
49 153 1
147 240 1
10 135 2
76 232 1
114 231 57
139 160 2
144 148 18
2 32 2
140 207 1
28 93 1
86 197 1
114 225 28
186 209 1
143 153 4
93 139 2
19 146 9
206 242 3
65 93 2
225 235 14
107 241 3
120 252 15
13 152 1
120 212 3
86 111 1
1 166 1
225 240 7
232 235 58
55 212 13
44 183 22
90 220 1
106 107 53
164 248 1
155 156 19
77 152 38
139 156 4
19 138 4
9 190 2
17 41 2
183 247 1
19 143 4
20 112 1
32 143 8
9 49 1
54 213 13
80 108 1
79 205 1
29 239 29
2 67 2
12 122 3
1 239 1
7 120 7
12 44 1
95 99 1
13 34 1
180 181 90
205 214 6
63 118 7
36 247 1
199 246 3
13 219 13
74 253 1
10 24 1
56 226 56
69 78 4
15 249 15
133 178 2
45 78 2
186 245 1
52 212 26
12 149 1
3 211 3
146 214 1
27 217 27
41 92 5
97 144 1
61 101 3
64 145 4
244 254 15
24 197 24
38 73 9
1 9 1
2 103 1
56 114 28
48 220 6
128 256 128
164 205 1
16 160 2
211 213 26
36 116 1
227 251 7
139 174 2
114 243 7
137 205 1
24 35 1
59 130 1
57 113 28
56 160 1
121 161 1
124 146 1
171 175 21
3 217 3
131 134 16
65 182 2
110 243 3
4 256 4
202 206 25
102 206 51
1 116 1
19 164 2
9 238 1
42 77 2
5 174 5
177 212 1
213 214 53
183 187 11
146 147 73
86 124 1
127 188 1
17 136 17
14 191 1
66 256 16
32 173 2
24 223 6
108 205 6
236 240 7
86 160 10
109 252 3
98 207 12
7 225 7
8 67 8
57 225 28
62 117 7
82 251 1
196 235 3
52 224 3
102 183 1
116 117 58
75 167 2
95 190 95
75 228 1
115 223 3
48 138 1
81 243 1
25 122 3
230 235 14
90 161 5
117 118 29
55 234 3
167 221 1
40 145 2
69 132 8
177 188 11
9 116 1
87 173 43
154 248 1
14 67 1
125 248 62
45 95 11
11 93 11
11 95 11
56 181 1
64 80 2
20 80 20
183 205 1
104 199 6
130 192 1
81 98 1
121 251 15
127 236 7
4 140 4
106 215 53
96 102 12
2 148 2
226 235 14
249 254 31
1 125 1
4 156 4
71 134 8
112 226 56
1 120 1
35 199 1
3 56 3
7 253 7
17 72 4
70 218 1
232 237 29
30 125 15
30 165 1
121 153 1
58 243 7
42 161 10
207 208 6
28 235 14
165 182 5
27 123 3
100 141 1
132 241 1
95 196 1
110 221 110
100 111 6
184 189 23
146 150 18
176 184 11
150 240 1
192 214 6
115 178 1
76 158 19
218 227 3
44 177 44
52 226 3
177 224 1
2 179 2
21 160 10
95 179 11
75 200 1
3 21 1
91 182 91
60 142 1
2 84 2
71 129 8
105 106 26
125 234 7
161 231 1
213 217 13
46 174 5
35 120 1
70 79 4
136 181 2
226 231 28
12 77 1
43 101 1
72 125 1
126 252 126
195 202 12
41 226 1
82 147 2
83 94 5
71 103 1
76 177 2
59 220 3
120 244 30
27 96 6
18 144 18
5 80 5
16 73 4
111 211 13
66 254 1
46 191 23
124 248 124
34 82 2
33 67 33
9 159 9
23 221 1
32 239 1
92 176 11
119 238 119
128 204 1
34 80 2
6 24 6
9 156 9
3 193 3
31 164 1
39 56 1
41 49 1
77 109 1
5 184 5
159 254 1
49 224 3
153 196 1
168 172 21
100 197 12
64 131 32
123 233 7
93 254 1
113 238 14
119 235 29
105 218 13
2 174 2
48 149 1
6 103 6
21 170 21
12 238 3
79 117 1
104 147 1
59 117 29
15 240 15
68 69 34
33 181 2
111 139 1
192 202 12
12 150 1
98 99 49
117 234 117
72 146 36
21 151 2
186 218 1
110 218 27
123 231 7
12 49 12
29 162 1
184 247 1
128 200 1
111 210 13
18 149 18
164 167 41
192 208 6
8 130 8
51 200 25
59 238 59
70 117 1
55 217 27
83 87 10
37 150 37
158 180 2
73 129 4
11 164 5
3 118 3
33 233 1
207 230 3
5 7 1
219 251 3
55 245 3
182 215 1
146 178 2
153 154 38
193 196 24
105 185 1
8 140 8
53 190 1
11 170 5
66 85 2
181 182 45
10 183 5
64 154 4
57 108 3
13 46 1
62 252 31
29 153 1
137 245 1
2 202 1
205 207 51
86 229 1
142 174 2
25 117 3
124 227 7
9 84 2
6 110 6
107 128 1
42 247 1
2 256 2
122 246 61
5 110 1
3 113 3
51 213 6
64 210 1
219 243 3
13 138 1
137 159 4
141 153 4
227 244 7
66 131 16
68 137 68
243 246 30
99 172 1
244 245 122
101 202 101
13 54 13
7 191 1
156 211 1
64 84 2
213 240 3
48 193 48
100 126 3
51 198 12
128 130 32
125 151 1
1 109 1
58 239 29
29 59 29
20 161 20
29 135 1
1 130 1
79 222 1
64 182 2
137 140 17
151 159 9
27 248 3
226 236 14
13 211 13
241 242 60
53 85 1
63 141 1
221 242 3
17 152 4
36 45 2
138 143 17
21 173 21
165 254 1
193 194 48
134 228 1
65 67 16
9 194 1
140 248 1
55 143 1
94 191 47
2 68 2
1 144 1
104 209 104
22 27 1
72 150 18
50 68 1
63 176 1
62 225 7
70 142 35
8 86 2
242 243 121
58 88 1
7 117 7
3 62 3
9 169 2
92 132 2
240 245 30
211 214 26
48 165 1
170 237 1
119 205 3
4 226 1
10 240 1
192 193 96
34 137 34
190 220 1
143 229 1
102 103 51
170 178 5
184 186 46
194 224 3
94 153 2
22 91 22
104 106 26
17 91 2
144 238 1
77 157 19
61 216 3
45 182 45
124 255 31
1 169 1
91 146 2
166 184 5
24 63 3
16 131 16
72 82 2
247 250 15
96 198 24
94 188 94
106 146 1
1 145 1
3 215 3
58 192 3
13 32 1
198 235 3
1 94 1
130 176 2
127 251 31
20 162 20
153 241 1
84 147 2
116 211 3
3 249 3
241 253 15
75 105 1
45 178 22
9 77 9
24 216 6
30 121 30
97 255 3
25 193 12
151 224 1
4 124 1
50 253 3
19 71 4
118 233 29
6 100 6
168 182 5
77 195 1
130 191 2
2 249 1
132 148 4
40 238 1
109 215 13
51 102 51
108 254 3
123 152 1
184 185 92
22 57 1
67 215 1
98 196 98
74 222 1
2 64 2
20 174 10
72 233 1
30 227 7
29 147 1
218 245 3
104 221 13
7 119 7
154 245 1
24 203 12
51 58 3
80 238 1
129 134 16
58 232 58
154 177 2
39 148 9
10 48 1
1 255 1
2 191 2
216 239 3
73 101 1
109 155 1
103 200 25
44 178 44
131 172 2
29 113 14
114 233 14
120 254 15
67 98 1
129 182 2
87 123 1
143 170 2
29 236 29
19 87 2
127 193 3
203 243 3
218 229 3
65 103 1
106 212 106
138 199 1
137 153 4
21 57 1
101 206 25
166 171 10
3 24 3
74 209 1
13 24 6
138 152 4
221 232 3
188 190 47
83 126 1
188 204 1
77 176 2
143 186 2
32 43 2
170 242 1
208 224 3
7 229 7
57 115 57
1 163 1
37 72 18
2 107 1
3 120 3
193 198 24
8 109 1
146 209 1
39 78 39
151 196 1
33 170 2
50 207 25
43 171 21
65 136 8
90 188 11
83 173 10
158 213 1
110 117 3
85 171 85
61 62 15
144 196 1
155 179 2
186 188 23
6 98 6
103 164 1
44 181 22
16 182 2
163 219 1
15 71 1
7 176 1
69 130 8
12 152 1
210 223 13
44 237 1
143 205 1
102 159 1
42 166 10
17 21 2
249 250 62
116 239 29
176 201 1
242 247 30
77 227 1
3 202 3
23 78 2
17 225 1
85 161 10
48 97 48
53 215 53
23 62 1
20 23 5
117 214 3
169 203 1
141 235 1
64 67 16
94 184 23
126 239 7
37 152 9
34 238 1
93 113 1
13 27 13
85 168 42
56 162 1
8 185 2
66 129 16
8 132 8
118 218 3
89 108 1
79 168 2
110 223 55
65 79 4
10 91 5
2 89 2
124 231 7
3 195 3
14 16 1
2 35 2
2 70 2
184 256 2
35 107 1
35 135 8
84 98 1
115 131 1
93 229 1
109 117 3
41 203 1
5 40 5
30 120 30
16 176 2
162 210 1
157 251 1
22 178 22
106 111 13
98 176 1
105 126 3
184 237 1
38 76 38
187 188 23
131 210 1
70 186 2
229 242 7
11 158 2
21 234 1
68 212 1
21 165 10
29 104 3
201 205 25
44 88 44
1 154 1
211 215 26
182 247 1
172 237 1
53 63 3
10 160 10
11 152 2
144 150 18
25 201 25
216 229 3
86 168 21
175 186 5
78 109 1
6 203 6
108 109 54
123 244 61
153 159 19
65 234 1
252 255 63
5 95 5
195 244 3
104 195 6
123 136 1
19 35 4
10 21 10
128 129 64
59 166 1
187 189 23
90 94 11
136 179 2
3 188 1
12 100 12
169 250 1
125 233 7
1 43 1
59 234 29
48 217 6
88 201 1
183 244 1
197 202 12
144 154 9
157 199 1
58 118 29
55 120 3
74 151 37
220 238 3
18 36 18
56 115 28
63 112 7
22 180 22
178 190 11
8 226 1
170 250 1
104 105 52
7 240 7
4 145 4
1 156 1
114 127 7
10 84 10
153 158 19
178 199 1
62 126 31
77 158 19
7 58 7
76 204 1
5 47 5
111 186 1
1 225 1
154 159 19
9 227 1
101 116 3
35 130 8
28 59 14
42 131 2
4 88 2
144 233 1
3 222 3
40 166 20
117 196 3
44 180 22
248 250 62
26 29 3
24 152 1
138 251 1
82 152 2
36 37 18
1 186 1
84 172 21
108 110 27
105 160 1
3 182 1
4 146 4
25 161 1
66 239 1
68 130 8
72 115 1
33 131 16
6 210 6
10 237 1
29 142 1
107 250 3
2 134 2
80 162 40
15 123 15
152 156 19
2 8 2
13 104 13
164 165 82
29 229 14
71 141 35
75 163 2
3 124 3
52 188 1
164 238 1
28 164 1
79 149 9
96 140 1
160 161 80
50 140 1
80 81 40
57 226 28
152 159 19
50 59 3
16 174 2
93 123 1
4 31 1
31 107 3
8 254 1
104 108 13
1 41 1
124 250 62
112 256 1
113 154 1
246 255 15
78 209 1
204 234 3
22 130 2
103 172 1
114 208 3
21 107 1
7 112 7
2 166 2
12 50 12
29 233 29
1 149 1
133 139 8
114 224 28
70 219 1
11 40 5
98 244 3
23 238 1
108 160 1
29 79 1
42 214 1
10 23 5
158 168 2
99 132 1
253 255 63
245 247 61
199 224 3
7 245 7
156 247 1
21 213 1
75 135 4
27 255 3
100 103 25
12 210 6
164 225 1
1 100 1
27 219 27
19 76 19
34 109 1
70 216 1
32 71 8
147 252 1
62 141 1
123 252 15
62 127 31
81 210 1
42 43 21
29 228 14
17 145 4
103 106 6
132 166 2
152 181 2
120 135 1
1 241 1
38 192 1
46 256 2
24 116 3
5 160 5
136 137 68
50 103 25
160 165 20
17 226 1
50 196 12
21 40 10
214 219 13
32 125 1
40 154 2
135 237 1
207 214 6
153 184 2
132 169 2
193 217 6
159 243 1
113 201 3
118 166 1
2 164 2
144 226 1
92 221 1
102 251 3
25 96 12
23 142 2
129 157 4
1 200 1
146 237 1
66 118 1
118 238 59
2 147 2
73 150 18
26 52 26
31 101 3
144 177 2
43 140 2
195 207 12
16 173 2
3 28 3
69 209 1
34 185 2
34 142 17
22 88 22
134 139 8
90 203 1
13 69 1
198 244 3
5 83 5
29 224 14
8 139 8
66 84 2
67 136 8
59 242 7
11 154 2
4 142 4
94 176 11
25 105 6
149 206 1
41 174 10
60 168 1
92 187 46
96 110 6
33 35 8
19 81 2
12 156 1
15 126 15
53 165 1
48 196 24
115 150 1
25 198 12
21 175 21
33 135 33
23 167 5
196 204 12
65 66 16
89 143 2
109 216 54
50 100 50
36 110 1
46 161 5
66 135 33
24 146 1
145 232 1
225 230 28
41 238 1
58 236 29
57 229 57
132 209 1
1 188 1
140 143 35
1 53 1
168 236 1
163 171 10
35 150 4
203 248 3
116 195 3
20 82 20
144 186 2
54 109 54
26 220 13
129 152 4
50 202 50
218 246 3
143 192 1
147 177 2
10 81 10
86 216 1
137 154 4
244 253 15
8 70 8
3 176 1
35 109 1
11 248 1
13 123 3
47 103 1
11 183 11
14 242 7
76 85 2
93 95 23
117 176 1
186 216 1
29 110 3
84 175 21
60 126 15
98 241 3
145 212 1
2 94 2
213 224 3
83 196 1
59 171 1
82 227 1
137 236 1
75 80 2
72 74 18
24 196 24
145 154 9
73 171 2
8 135 8
42 56 1
34 200 1
35 99 1
106 213 106
61 102 3
174 255 1
56 153 1
101 207 25
86 189 5
213 223 13
120 130 1
182 187 11
60 140 1
50 62 3
80 166 20
21 157 2
164 166 41
1 234 1
1 89 1
5 173 5
97 193 48
158 205 1
20 40 20
1 146 1
3 256 1
169 211 1
115 154 1
190 230 1
92 112 1
85 170 85
193 221 6
177 181 22
3 55 3
31 229 7
146 151 18
40 127 1
93 187 93
128 135 16
1 218 1
2 115 1
130 212 1
133 173 2
59 165 1
169 171 42
26 113 3
116 226 14
79 248 1
176 178 44
22 255 1
165 225 1
50 199 12
51 59 3
100 202 50
167 188 5
48 135 1
25 211 6
126 250 31
61 243 30
83 247 1
96 218 6
48 121 3
131 145 4
3 208 3
34 50 1
145 226 1
165 240 1
62 156 1
174 232 1
58 106 3
225 234 14
56 64 1
84 249 1
172 182 5
14 137 1
181 211 1
51 99 12
27 236 3
51 251 3
153 245 1
78 154 19
80 92 5
4 143 4
226 233 14
41 162 20
11 180 11
25 151 1
130 161 2
131 256 32
121 244 30
29 68 1
103 205 51
1 68 1
58 228 14
3 210 3
120 150 1
49 157 1
156 256 4
178 246 1
81 164 20
66 130 16
119 246 7
88 221 1
33 132 33
62 160 1
28 60 7
3 49 3
165 223 1
115 245 7
47 189 47
119 195 3
148 212 1
19 119 1
154 155 77
174 209 1
95 184 23
47 78 2
48 212 6
55 112 3
72 153 9
50 119 3
36 131 4
6 95 1
37 101 1
142 162 2
109 217 54
75 216 1
47 92 23
23 177 11
40 76 2
123 251 15
3 26 3
19 156 19
44 121 1
111 217 27
163 199 1
52 109 13
41 146 2
165 167 41
111 185 1
150 163 2
55 231 3
100 201 100
56 229 28
75 82 2
137 201 1
218 254 3
162 165 20
18 73 18
23 138 2
74 145 18
115 157 1
44 65 2
16 134 16
90 122 1
105 216 13
1 54 1
111 218 27
10 93 5
1 176 1
72 229 1
69 150 4
205 245 3
33 130 16
2 175 2
6 26 6
231 233 14
8 74 4
48 198 24
76 156 19
117 252 7
8 65 8
56 225 56
7 83 1
155 158 19
78 177 2
43 86 43
24 175 1
90 182 45
38 71 4
67 237 1
128 143 8
122 177 1
43 167 10
24 29 3
133 191 2
180 182 45
68 159 4
58 116 58
77 159 19
13 111 13
39 129 4
38 158 19
114 118 14
6 137 1
64 75 4
40 246 1
56 224 56
20 185 5
95 131 2
86 237 1
55 179 1
139 204 1
48 221 6
151 236 1
136 145 4
152 155 38
21 123 1
79 151 9
58 233 58
3 25 3
90 186 11
104 250 3
110 111 55
105 235 3
170 172 21
80 173 10
23 242 1
72 151 18
60 69 1
72 175 2
73 74 18
47 68 2
75 183 2
109 210 13
52 59 3
52 217 13
1 152 1
138 212 1
1 97 1
52 184 1
150 158 9
95 216 1
10 172 10
30 78 1
53 92 1
18 151 18
156 164 2
220 234 3
23 245 1
148 193 1
142 198 1
138 233 1
131 179 2
85 223 1
163 166 20
8 60 1
117 195 3
73 216 1
2 130 2
123 234 7
54 64 1
89 220 1
74 256 4
134 193 1
25 93 1
64 199 1
22 153 2
61 140 1
41 198 1
121 123 30
81 171 10
21 82 10
192 197 24
54 197 6
6 221 6
88 183 22
72 148 18
1 199 1
65 80 2
24 202 12
240 241 120
76 221 1
24 97 24
66 177 2
79 158 79
35 97 1
1 150 1
65 196 1
72 178 2
138 238 1
3 207 3
64 194 1
91 193 1
137 178 2
124 240 15
113 198 3
109 251 3
132 134 33
52 215 26
37 184 2
19 152 19
196 200 12
59 236 59
102 200 25
5 87 5
138 140 17
34 195 1
43 82 10
94 187 23
12 28 3
6 19 1
53 107 53
194 196 24
55 130 1
26 134 1
1 72 1
114 205 3
44 50 1
76 98 1
179 214 1
4 176 2
186 247 1
61 65 1
55 220 55
61 165 1
6 25 6
81 119 1
38 149 9
10 129 2
15 174 1
2 176 2
59 235 29
65 150 4
169 170 42
165 241 1
155 204 1
59 119 59
105 129 1
127 162 1
111 182 1
133 142 8
11 178 11
180 189 11
67 230 1
87 170 21
166 185 5
3 212 3
1 28 1
51 103 51
117 206 3
80 252 1
37 117 1
40 121 1
3 52 3
115 161 1
57 73 1
12 202 12
140 178 2
112 129 1
57 87 1
80 126 1
142 148 4
116 246 7
200 201 100
224 225 112
221 223 55
109 163 1
1 58 1
59 150 1
47 218 1
1 221 1
35 143 35
35 69 17
176 181 22
1 211 1
32 247 1
38 72 9
226 229 28
76 167 2
176 182 22
80 102 1
5 166 5
22 50 1
123 229 7
8 35 8
16 66 16
60 253 15
192 210 6
70 256 8
246 247 123
20 253 1
186 252 1
93 186 93
29 195 3
222 226 3
166 187 5
131 236 1
13 160 1
75 176 2
14 230 14
119 123 7
168 171 42
44 241 1
133 140 8
22 238 1
2 44 2
100 204 25
8 99 1
89 248 1
55 209 13
37 140 4
33 66 33
129 169 2
48 102 12
115 174 1
166 200 1
19 210 1
195 205 12
157 195 1
1 27 1
80 161 80
5 181 5
104 214 26
12 127 3
2 131 2
84 161 10
97 160 1
208 245 3
25 124 3
116 235 58
200 252 3
58 115 14
38 159 19
55 214 13
46 188 23
43 80 10
59 154 1
5 123 1
128 166 2
44 90 22
129 131 32
4 93 2
56 249 7
155 228 1
67 256 16
11 22 11
10 190 5
139 143 17
179 247 1
32 33 16
40 161 40
134 148 4
28 231 28
18 19 9
73 201 1
203 205 25
11 46 11
171 190 5
41 82 41
169 225 1
20 166 20
47 185 23
70 143 35
96 240 3
19 80 2
3 57 3
82 95 5
214 241 3
123 195 3
49 196 49
48 203 12
71 88 2
53 169 1
64 73 4
6 102 6
176 180 22
7 123 7
192 239 3
5 33 2
147 233 1
160 168 10
63 198 3
52 100 6
29 58 29
113 156 1
31 248 31
105 211 105
48 107 6
161 163 40
36 38 9
160 163 40
126 200 3
136 233 1
47 151 2
4 59 1
148 216 1
119 140 1
42 196 1
138 221 1
28 127 7
122 203 3
153 195 1
1 217 1
159 223 1
92 189 23
80 149 2
149 151 37
18 255 1
9 221 1
9 248 1
24 228 3
49 90 1
99 236 3
1 8 1
11 69 2
195 200 12
148 153 9
224 226 56
36 72 36
29 119 29
19 131 4
61 239 7
8 142 8
15 184 1
1 236 1
82 161 20
33 83 2
61 122 61
75 159 9
96 193 96
20 36 2
173 210 1
2 177 2
9 148 9
245 253 15
157 210 1
10 102 1
16 248 1
3 198 3
16 203 1
2 218 1
105 215 26
44 211 1
26 223 13
12 106 6
5 82 5
114 248 7
82 155 2
125 254 31
99 196 49
179 180 22
135 204 1
137 252 1
125 251 125
204 252 3
145 184 2
63 250 31
124 251 62
106 205 6
172 174 43
149 180 2
75 195 1
6 246 3
138 139 69
178 238 1
1 251 1
67 131 16
45 185 11
3 105 3
1 119 1
36 157 9
96 236 3
63 237 7
76 152 76
156 217 1
14 78 1
141 240 1
105 112 3
125 247 15
79 156 39
4 128 4
146 233 1
128 236 1
173 238 1
47 91 11
53 70 1
46 189 23
82 167 41
41 254 1
25 82 1
204 231 3
8 59 1
80 146 2
140 146 4
14 207 3
129 132 16
71 170 2
25 130 1
156 240 1
52 223 13
84 169 84
119 165 1
93 154 2
53 234 3
1 59 1
235 239 29
189 250 1
136 238 1
90 171 5
38 157 19
1 187 1
78 159 39
126 207 3
140 171 2
2 74 2
104 132 1
5 179 5
118 119 59
91 187 11
46 235 1
187 190 23
171 245 1
51 98 12
232 239 29
43 210 1
129 218 1
144 249 1
11 45 11
9 152 9
98 101 12
83 176 5
203 211 6
20 73 2
139 141 17
234 254 7
83 98 1
8 138 8
6 42 1
31 181 1
48 231 3
199 232 3
1 249 1
69 143 17
116 118 29
136 164 2
84 182 5
199 217 6
189 191 47
138 181 2
102 192 12
196 205 12
174 175 87
120 199 3
3 109 3
1 23 1
30 129 1
19 51 1
204 254 3
178 182 22
93 94 23
70 185 2
95 114 1
37 255 1
38 240 1
97 183 1
134 156 4
6 111 6
99 194 24
99 203 12
162 239 1
209 221 13
79 211 1
23 91 11
76 191 2
136 139 34
103 124 3
131 137 8
116 218 3
23 239 1
65 78 4
196 243 3
116 240 7
189 221 1
70 155 4
219 254 3
97 130 1
33 256 16
231 236 14
32 133 16
14 183 1
27 106 13
2 81 2
21 180 5
36 75 18
176 187 11
97 104 6
30 97 3
136 180 2
50 147 1
67 138 8
55 251 3
5 113 1
91 181 45
10 41 10
109 206 6
195 251 3
131 238 1
139 194 1
179 223 1
1 38 1
169 209 1
30 123 30
9 36 9
106 155 1
9 157 9
3 123 3
145 149 18
31 119 7
240 246 30
17 114 1
45 180 45
204 206 51
72 132 4
235 242 7
25 209 6
112 229 28
100 101 50
38 77 38
62 250 62
202 211 6
88 124 1
63 125 31
117 138 1
75 162 2
14 118 14
29 255 7
225 229 28
13 106 13
82 236 1
97 198 24
78 239 1
39 44 2
28 105 3
60 91 1
130 256 32
27 223 27
47 90 11
136 188 2
126 215 3
7 77 1
25 100 25
10 202 1
2 5 2
83 160 20
66 110 1
83 229 1
13 137 1
96 97 48
145 217 1
209 216 13
50 201 50
205 240 3
1 5 1
70 139 17
78 143 4
108 218 54
241 247 30
56 112 56
4 78 4
78 153 19
63 95 1
104 191 1
65 130 65
108 198 6
234 256 1
187 216 1
69 149 4
98 106 6
137 218 1
108 219 54
81 163 81
23 28 1
4 19 4
25 205 25
107 228 3
4 154 4
30 170 1
80 105 1
2 143 2
106 164 1
13 221 13
85 102 1
155 255 1
36 146 36
81 111 1
42 175 21
107 202 6
113 225 56
164 170 10
86 195 1
15 30 15
24 30 3
68 222 1
233 234 58
108 150 1
1 18 1
39 212 1
50 216 6
162 235 1
1 14 1
24 130 1
75 79 9
17 20 2
155 245 1
16 201 1
24 122 3
85 227 1
81 179 5
250 251 125
106 221 13
91 180 45
192 256 1
111 195 6
136 246 1
18 102 1
88 177 88
30 246 30
96 202 12
14 88 1
31 151 1
79 157 39
30 115 7
69 101 1
97 110 6
85 214 1
166 174 10
80 129 2
43 156 2
84 244 1
38 54 1
2 43 2
201 204 25
173 189 5
63 239 7
207 238 3
2 65 2
25 250 3
8 133 8
4 9 4
144 175 2
78 181 2
28 68 1
37 157 9
108 149 1
163 236 1
22 95 11
20 83 20
123 196 3
124 128 1
9 14 1
171 208 1
111 221 55
92 149 2
16 72 4
32 120 1
37 38 9
196 197 98
50 198 12
51 151 1
134 205 1
113 231 28
229 233 14
154 163 2
45 85 5
25 79 1
6 209 6
2 17 2
3 135 1
20 111 1
36 159 9
59 127 7
67 139 8
1 73 1
67 128 16
25 103 25
6 201 6
29 98 3
16 129 16
58 172 1
166 175 10
9 23 2
108 220 27
14 163 1
23 117 1
85 174 21
208 213 26
19 155 19
64 106 1
50 188 1
118 217 3
1 60 1
17 138 17
176 183 22
1 180 1
83 166 83
132 189 2
232 234 58
46 148 2
8 45 2
3 15 3
214 221 13
83 155 2
211 222 13
149 193 1
8 179 2
103 210 6
88 207 1
117 145 1
73 199 1
135 165 2
115 227 28
174 220 1
44 91 22
196 220 6
2 192 1
125 127 31
191 251 1
71 131 8
43 69 2
1 103 1
60 252 15
140 160 2
229 246 7
127 226 7
13 56 3
19 74 9
26 108 13
90 137 2
6 197 6
98 194 24
111 162 1
121 225 7
3 213 3
96 253 3
83 164 41
30 204 3
1 151 1
8 64 8
154 158 19
109 243 3
1 111 1
160 175 10
118 237 118
1 194 1
6 192 6
38 128 4
164 217 1
82 205 1
117 131 1
180 183 45
24 27 6
194 209 6
101 162 1
5 90 5
106 117 3
95 201 1
83 152 2
137 185 2
5 186 5
96 192 96
50 52 6
3 31 3
2 170 2
102 194 12
3 204 3
241 249 15
95 181 11
28 225 28
71 207 1
225 242 7
6 182 1
69 122 1
5 190 5
80 188 5
17 156 4
73 145 36
102 207 51
187 213 1
46 154 2
22 183 22
241 246 30
134 137 8
1 247 1
7 116 7
31 253 31
53 210 26
209 217 13
148 256 4
107 199 6
21 229 1
50 183 1
1 50 1
180 209 1
152 208 1
207 224 3
176 179 44
148 183 2
159 174 2
91 224 1
75 177 2
173 174 43
102 216 6
2 86 2
40 118 1
22 90 22
3 235 3
48 69 1
177 233 1
100 241 3
140 165 2
133 135 33
38 221 1
55 111 55
6 144 1
96 209 6
154 161 2
157 225 1
241 243 60
39 230 1
7 250 7
43 247 1
67 211 1
50 248 3
116 198 3
81 89 5
12 211 6
83 186 5
19 49 1
192 196 24
15 241 15
12 79 1
35 94 2
88 202 1
61 232 7
49 194 24
39 235 1
141 212 1
245 249 15
125 255 31
86 134 2
54 222 27
5 180 5
102 252 3
25 99 12
13 215 13
27 90 1
41 122 1
88 182 22
35 189 2
141 186 2
103 197 12
120 161 1
1 86 1
154 192 1
185 204 1
107 222 13
192 203 12
26 123 3
206 237 3
226 230 28
65 166 2
70 87 2
88 168 5
21 134 2
1 112 1
185 190 23
193 238 3
38 93 2
214 215 107
151 211 1
22 89 22
57 58 14
156 185 2
31 204 3
1 33 1
123 159 1
19 47 2
110 201 6
118 158 1
5 235 1
56 75 1
180 211 1
7 122 7
100 117 3
71 154 4
170 188 5
36 74 18
8 256 8
155 162 2
36 66 4
134 196 1
190 198 1
56 173 1
233 242 7
8 90 2
22 26 1
136 256 8
21 42 21
81 82 20
61 120 30
3 125 3
195 228 3
34 256 8
121 245 30
86 176 5
3 163 1
221 224 3
41 251 1
127 249 31
99 193 24
219 220 27
2 52 1
111 135 1
103 126 3
89 226 1
55 78 1
8 71 8
79 214 1
14 95 1
165 173 10
85 156 2
6 76 1
52 117 3
36 218 1
68 156 4
14 238 14
161 166 20
111 255 3
7 34 1
94 141 2
96 188 1
82 191 5
14 116 14
34 140 17
124 238 7
121 194 3
66 162 2
76 170 2
19 39 19
129 170 2
96 207 12
65 230 1
93 247 1
206 207 103
140 142 35
33 163 2
35 171 2
144 152 9
78 199 1
179 193 1
156 187 2
78 155 19
3 232 3
73 149 18
75 211 1
6 208 6
82 104 1
95 188 47
59 178 1
3 13 3
193 247 3
103 118 3
222 223 111
157 159 39
137 158 4
2 100 1
1 147 1
165 189 5
66 133 66
1 20 1
91 244 1
41 207 1
7 15 7
149 184 2
123 191 1
209 228 3
27 108 27
218 223 27
48 194 48
58 103 3
77 148 9
100 253 3
7 224 7
82 223 1
140 154 4
81 167 20
1 128 1
28 45 1
7 82 1
201 203 50
81 101 1
172 189 5
89 132 2
107 115 3
67 226 1
16 188 2
26 106 26
28 107 3
15 201 3
32 40 2
168 169 84
47 191 47
96 195 48
182 244 1
2 36 2
9 149 9
200 204 25
1 185 1
59 87 1
16 32 16
89 140 2
4 73 4
147 148 18
142 243 1
202 203 101
185 199 1
84 108 1
20 216 1
132 136 8
88 190 11
117 229 14
35 176 2
102 198 12
34 181 2
118 216 3
110 216 27
123 153 1
3 99 3
55 204 6
119 250 7
184 217 1
5 41 5
179 181 22
52 98 6
113 241 7
100 220 6
145 216 1
176 191 11
74 133 4
194 197 24
190 204 1
89 181 22
190 191 95
71 124 1
2 39 2
1 55 1
5 164 5
185 254 1
164 184 5
23 126 1
88 140 2
6 51 6
190 229 1
61 252 15
96 158 1
36 141 4
110 184 1
7 24 3
170 218 1
138 157 4
25 256 1
81 194 1
94 190 47
11 179 11
64 129 64
115 183 1
18 69 4
92 139 2
8 22 2
32 130 32
86 198 1
92 108 1
123 132 1
112 120 7
84 179 5
169 172 21
96 109 6
44 118 1
13 203 6
22 67 2
130 138 8
165 213 1
83 178 5
245 251 15
136 202 1
116 255 7
5 46 5
51 197 12
162 246 1
114 253 7
121 255 15
123 216 3
115 224 28
161 162 40
179 251 1
102 153 1
20 81 20
26 107 26
18 79 9
229 231 57
156 205 1
18 87 2
4 141 4
145 256 4
35 141 35
13 41 1
120 241 120
74 153 9
18 139 4
18 120 1
71 201 1
123 173 1
125 242 15
1 160 1
40 249 1
2 150 2
55 107 13
8 137 8
49 163 1
249 252 31
60 124 15
126 232 7
6 109 6
109 213 13
29 207 3
29 238 29
50 124 3
77 143 4
138 164 2
20 241 1
28 35 1
114 171 1
152 153 76
139 165 2
40 197 1
65 114 1
37 138 4
61 125 15
123 129 1
89 198 1
114 200 3
54 177 1
186 191 23
93 174 5
9 158 9
11 176 11
79 99 1
122 150 1
47 156 2
198 209 6
2 71 2
3 97 3
130 195 1
12 72 1
91 183 91
19 196 1
1 13 1
58 121 7
54 220 27
1 26 1
1 140 1
40 73 2
37 137 4
1 74 1
155 161 2
137 157 4
157 232 1
93 253 1
23 86 5
2 187 2
185 252 1
113 229 28
160 221 1
119 233 29
46 250 1
250 254 31
13 162 1
76 153 76
33 64 16
75 193 1
13 226 3
183 202 1
22 177 22
4 158 4
136 201 1
61 189 1
38 156 19
107 217 13
46 185 46
39 152 19
116 205 3
1 203 1
251 252 31
170 180 5
61 115 7
63 157 1
196 250 3
201 243 3
69 136 34
40 41 20
2 78 2
25 204 25
167 175 10
3 18 1
160 176 5
23 113 1
41 160 20
16 128 16
80 160 80
68 172 2
189 198 1
5 42 5
11 185 11
53 212 53
117 213 3
224 239 14
109 118 3
14 18 1
85 203 1
248 255 31
104 192 6
7 199 3
43 158 2
58 185 1
93 160 5
149 157 9
1 189 1
48 100 12
1 98 1
201 206 25
150 218 1
15 251 15
187 247 1
81 162 81
7 118 7
63 241 15
211 227 3
210 231 3
24 131 1
51 68 1
206 213 6
205 223 6
226 227 113
62 124 62
128 190 2
133 136 8
50 206 25
8 89 2
34 63 1
107 209 26
60 256 1
88 220 1
12 247 3
208 210 52
49 82 1
40 213 1
52 55 13
72 89 2
10 85 10
9 154 9
132 140 8
57 150 1
77 161 2
38 210 1
76 238 1
24 56 3
49 219 6
12 197 12
56 70 1
124 145 1
48 79 1
75 90 2
28 49 3
101 204 25
20 68 2
90 189 11
138 172 2
107 175 1
24 86 1
54 110 27
234 241 7
2 184 2
178 188 11
83 116 1
85 153 2
105 205 6
150 222 1
16 78 4
118 122 7
50 114 3
14 97 3
76 117 1
30 206 3
173 175 43
10 125 1
84 203 1
237 238 59
113 158 1
10 173 10
45 196 1
242 254 15
62 106 3
81 139 2
56 239 14
12 101 12
45 254 1
81 102 1
55 109 27
236 239 59
144 247 1
155 242 1
8 131 8
163 212 1
58 230 14
173 205 1
208 209 104
149 176 2
100 250 3
65 251 1
198 226 3
68 152 4
58 68 1
105 114 3
144 149 18
7 226 7
85 172 21
223 248 3
102 154 1
57 63 7
91 160 5
89 221 1
67 88 2
157 167 2
95 243 1
90 184 11
44 149 2
147 181 2
66 170 2
34 70 17
52 157 1
92 126 1
1 82 1
18 55 1
74 77 9
194 252 3
137 142 17
41 165 41
235 245 7
60 240 60
54 135 1
116 224 14
163 164 20
178 184 11
160 186 5
105 128 1
42 195 1
212 217 13
48 199 24
88 164 5
182 253 1
78 152 19
8 69 8
161 179 5
19 244 1
101 102 25
1 91 1
15 73 1
75 78 9
40 81 40
39 120 1
17 71 17
97 195 97
88 198 1
3 81 1
45 207 1
68 71 17
54 115 3
125 244 15
156 208 1
1 210 1
34 141 17
123 200 3
9 56 1
70 140 70
82 91 5
121 238 7
162 199 1
178 240 1
100 102 25
126 160 1
38 70 4
85 241 1
4 117 1
49 127 3
53 211 26
14 231 14
44 131 2
110 222 55
156 171 2
13 109 13
45 79 2
12 224 3
25 203 25
165 201 1
206 246 3
15 132 1
132 225 1
112 228 28
122 126 15
49 96 24
116 130 1
149 197 1
197 204 12
42 231 1
8 201 1
107 168 1
145 181 2
80 164 20
15 31 15
13 26 13
166 188 5
65 139 8
4 22 2
29 208 3
227 231 28
4 164 2
85 235 1
71 253 1
165 256 2
79 217 1
32 121 1
57 234 14
118 239 59
15 124 15
54 217 54
35 70 35
76 159 19
35 198 1
72 195 1
40 167 20
214 251 3
50 137 1
54 171 1
37 201 1
121 247 30
33 133 33
156 196 1
92 184 92
1 90 1
92 150 2
18 199 1
48 104 6
233 236 29
9 113 1
158 209 1
12 198 12
24 28 3
44 45 22
129 137 8
35 251 1
16 136 8
57 191 1
26 38 1
18 147 18
92 183 11
177 185 11
38 68 4
147 158 9
249 251 62
212 241 3
39 140 4
103 147 1
76 246 1
4 76 4
114 227 28
80 83 20
169 231 1
6 107 6
31 146 1
152 163 2
22 115 1
122 245 122
5 210 1
181 242 1
75 150 75
51 230 3
149 152 9
31 74 1
11 16 2
175 225 1
121 233 7
71 137 17
79 232 1
77 181 2
81 121 1
66 234 1
29 70 1
76 245 1
19 77 19
12 99 12
96 166 1
4 131 4
1 16 1
59 145 1
138 226 1
38 80 2
122 254 15
2 61 1
170 234 1
42 92 5
101 200 50
80 183 5
2 90 2
90 178 22
93 111 1
23 65 2
98 252 3
97 209 6
32 182 2
166 178 5
2 136 2
105 172 1
103 208 6
89 184 11
4 129 4
94 194 1
29 114 14
251 253 31
82 130 2
1 62 1
61 127 15
25 215 6
6 117 3
89 180 22
105 221 13
106 214 53
1 224 1
199 202 12
70 202 1
5 163 5
66 143 8
235 251 7
33 70 8
53 206 6
22 147 2
3 103 3
34 151 4
88 178 44
53 177 1
10 245 1
37 76 9
16 130 16
126 235 7
1 165 1
94 128 2
48 242 3
82 83 41
89 179 89
70 104 1
103 181 1
128 225 1
36 40 2
146 157 9
94 238 1
83 253 1
108 222 27
12 200 12
76 236 1
93 189 23
101 201 50
3 100 3
132 221 1
206 215 6
196 221 6
12 187 1
2 163 2
136 140 17
14 57 14
244 246 61
233 245 7
4 34 4
65 185 2
43 84 21
1 7 1
157 188 2
15 39 1
11 91 11
84 164 10
78 157 78
1 63 1
82 164 82
230 243 7
129 192 1
14 117 14
135 203 1
6 188 1
2 16 2
10 162 10
194 203 12
67 68 8
84 156 2
110 210 13
66 252 1
26 216 13
111 157 1
35 215 1
79 142 4
35 83 2
63 101 3
156 157 78
48 248 3
16 125 1
93 178 11
60 127 15
4 42 2
162 182 5
234 238 29
163 172 10
4 188 2
4 119 1
62 125 62
168 175 21
165 166 41
50 136 1
209 215 26
90 255 1
49 199 49
86 213 1
10 37 2
66 246 1
6 37 1
175 237 1
38 214 1
40 165 20
103 211 6
18 178 2
78 79 39
68 128 8
252 254 63
195 250 3
64 147 4
37 144 18
71 187 2
13 52 13
18 64 4
187 211 1
30 241 30
68 98 1
41 86 10
198 202 12
35 229 1
16 68 8
72 253 1
59 177 1
34 132 8
183 214 1
15 96 3
88 179 44
6 216 6
119 237 59
19 33 4
87 194 1
181 239 1
15 107 3
90 169 5
4 16 4
124 126 31
6 240 3
64 140 8
1 220 1
31 227 7
59 246 7
120 123 30
28 253 7
79 154 19
119 138 1
71 244 1
129 212 1
52 207 6
4 137 4
24 224 3
212 248 3
13 53 13
93 207 1
113 217 3
216 217 108
130 185 2
84 185 5
107 213 53
32 58 1
125 126 31
73 197 1
6 199 6
1 34 1
71 178 2
82 166 41
196 214 6
62 253 31
161 230 1
62 170 1
1 12 1
35 139 17
44 68 2
45 155 2
5 170 5
35 147 4
202 256 1
160 204 1
62 95 1
148 238 1
216 221 27
88 227 1
57 120 7
147 151 18
5 188 5
95 101 1
41 190 5
96 226 3
82 93 5
66 71 8
31 125 31
1 191 1
109 192 6
62 134 1
64 103 1
17 48 1
70 131 8
5 204 1
32 225 1
6 50 6
122 138 1
102 202 25
100 154 1
59 81 1
174 176 5
8 66 8
53 213 53
67 158 4
3 106 3
141 165 2
92 154 2
20 22 5
21 137 2
61 250 15
63 255 63
182 217 1
21 169 21
12 25 12
122 195 3
107 215 107
82 162 20
4 132 4
209 213 26
105 181 1
1 37 1
12 51 12
204 205 102
106 152 1
105 161 1
2 80 2
1 48 1
132 188 2
56 121 7
61 240 30
62 90 1
34 89 2
104 142 1
189 219 1
172 250 1
42 145 2
1 206 1
193 249 3
86 175 43
26 238 3
129 133 16
67 79 4
8 153 4
12 229 3
154 256 4
49 84 1
82 221 1
53 232 3
107 146 1
200 203 50
239 250 7
2 9 2
116 234 58
5 43 5
49 197 49
145 146 36
88 170 5
82 116 1
36 127 1
18 159 9
5 187 5
9 251 1
84 103 1
8 159 4
140 236 1
75 148 37
56 98 3
125 253 31
64 120 1
29 234 29
152 158 19
210 250 3
38 249 1
83 84 10
11 94 11
220 221 110
98 200 12
23 180 11
112 114 28
91 173 5
39 53 1
91 186 11
84 86 21
73 146 73
28 57 28
6 212 6
213 215 53
35 91 2
41 95 5
60 147 1
14 34 1
9 122 1
155 181 2
2 141 2
60 96 3
77 91 2
9 82 2
163 165 20
2 139 2
25 194 12
64 133 16
166 233 1
138 191 2
24 98 24
148 158 9
235 249 7
30 223 3
77 84 2
208 256 1
95 97 1
118 184 1
44 89 44
147 219 1
56 182 1
16 143 8
175 243 1
45 167 5
45 104 1
10 79 2
96 252 3
15 220 3
26 210 26
224 233 14
113 116 14
131 232 1
50 170 1
78 146 9
19 62 1
233 247 7
46 104 1
52 107 26
80 168 10
96 129 1
114 115 57
13 174 1
58 119 29
135 157 4
43 127 1
87 168 21
6 75 1
10 169 10
115 192 3
57 97 3
105 234 3
12 205 12
39 61 1
10 83 10
109 113 3
170 190 5
151 176 2
119 156 1
1 3 1
59 224 14
21 29 1
60 178 1
89 191 11
60 237 7
61 96 3
54 224 3
5 20 5
97 194 97
141 163 2
138 146 4
231 232 14
145 187 2
176 188 11
31 190 1
113 123 7
24 46 1
30 73 1
164 253 1
28 228 28
49 106 6
91 115 1
117 224 14
105 124 3
72 147 36
65 239 1
22 38 2
69 172 2
14 122 7
21 108 1
47 95 47
212 218 13
1 81 1
102 148 1
59 74 1
5 129 2
206 241 3
19 153 19
20 74 2
113 191 1
22 191 11
167 248 1
122 243 30
3 29 3
56 221 3
45 176 22
6 55 6
32 46 2
216 220 27
85 173 21
127 149 1
27 66 1
31 250 31
76 77 38
63 70 1
59 232 29
18 248 1
48 60 3
132 167 2
1 22 1
235 238 29
28 113 28
18 34 4
138 192 1
106 201 6
38 190 2
115 226 28
34 66 8
38 78 19
43 160 10
210 211 105
10 199 1
2 217 1
2 38 2
13 96 6
135 137 8
18 187 2
68 79 4
19 256 4
118 227 14
188 195 1
111 214 13
3 111 3
126 248 31
1 215 1
52 78 1
6 53 6
180 185 11
98 195 24
9 205 1
95 183 11
2 129 2
3 254 3
41 113 1
49 75 1
92 165 5
104 210 52
67 132 33
84 165 10
6 152 1
21 240 1
131 206 1
28 179 1
42 46 5
225 244 7
58 120 7
17 130 8
4 151 4
77 191 2
12 203 12
86 106 1
61 123 61
94 186 23
238 250 7
81 134 2
124 217 3
52 87 1
116 219 3
135 146 4
74 147 18
83 239 1
91 172 5
74 144 18
195 218 6
14 228 14
107 143 1
21 236 1
232 236 29
49 98 49
33 159 4
202 205 25
90 91 45
153 155 38
3 27 3
40 160 40
117 187 1
2 167 2
51 209 6
140 162 2
178 232 1
93 191 23
69 70 17
25 254 3
53 209 26
23 217 1
135 187 2
73 75 18
127 246 15
205 219 6
93 185 46
198 212 6
44 175 5
38 152 38
67 218 1
192 201 12
66 251 1
71 197 1
154 202 1
117 248 7
96 123 3
46 190 23
141 219 1
6 91 1
64 201 1
235 237 29
1 201 1
226 228 28
6 193 6
18 212 1
18 145 18
216 240 3
27 114 3
160 181 5
178 180 22
26 53 26
52 241 3
155 195 1
87 253 1
129 222 1
122 249 15
225 253 7
132 133 66
22 215 1
134 226 1
1 148 1
6 101 6
59 233 29
122 207 3
97 98 24
131 226 1
98 225 3
113 119 14
148 199 1
216 230 3
43 58 1
41 83 41
71 144 4
240 243 60
33 54 1
102 133 1
62 248 62
73 144 36
97 254 3
1 233 1
74 123 1
79 148 9
213 220 13
176 235 1
53 105 26
77 177 2
5 85 5
71 142 71
15 63 15
99 241 3
41 212 1
37 70 4
141 143 35
72 245 1
26 75 1
77 153 38
115 216 3
101 243 3
134 211 1
5 221 1
183 212 1
15 255 15
114 234 14
93 223 1
193 195 48
157 171 2
76 154 38
99 198 99
195 199 24
164 226 1
112 251 7
130 223 1
30 230 7
47 177 11
194 195 97
16 225 1
11 128 2
140 239 1
1 75 1
211 219 13
1 104 1
25 196 12
123 241 30
1 244 1
125 166 1
47 217 1
69 115 1
31 212 3
148 165 2
2 92 2
95 123 1
17 142 17
52 127 3
199 231 3
55 90 1
190 205 1
25 83 1
47 74 2
3 117 3
62 230 7
224 245 7
43 110 1
68 105 1
62 136 1
127 228 7
36 145 36
38 177 2
11 142 2
16 233 1
50 84 1
87 148 2
7 29 7
25 102 25
50 101 50
193 225 3
211 229 3
7 246 7
36 99 1
7 235 7
243 244 30
199 214 6
156 192 1
73 158 9
164 175 10
62 89 1
182 254 1
173 186 5
45 177 22
70 250 1
63 214 3
113 226 113
116 230 14
6 82 1
72 231 1
21 167 10
2 233 1
34 67 8
64 168 2
6 227 3
12 221 6
153 242 1
41 43 10
84 190 5
88 176 88
31 62 31
78 211 1
5 183 5
52 81 1
32 64 32
16 113 1
10 65 2
74 182 2
118 139 1
33 143 8
11 23 11
84 241 1
132 155 4
36 136 4
12 48 12
221 222 55
31 246 15
197 198 49
148 170 2
200 207 25
26 237 3
5 94 5
24 211 6
170 174 21
203 204 25
1 242 1
1 181 1
55 232 3
158 224 1
16 64 16
20 163 20
51 204 51
38 143 4
135 166 2
182 199 1
5 220 1
242 246 30
4 159 4
28 215 3
163 208 1
34 76 4
211 234 3
59 229 14
125 197 3
33 112 1
117 233 58
53 214 53
171 180 5
46 125 1
48 49 24
9 153 9
42 109 1
121 240 60
180 187 11
155 189 2
87 226 1
117 253 7
92 95 23
8 128 8
245 252 15
21 70 2
13 151 1
30 182 1
17 143 17
3 248 3
5 241 1
181 203 1
59 217 3
62 232 7
214 236 3
41 152 2
25 115 3
149 190 2
97 203 12
8 193 1
49 170 1
38 126 1
56 91 1
115 135 1
50 200 50
105 141 1
42 152 2
30 240 30
106 169 1
64 90 2
139 248 1
17 178 2
3 231 3
149 217 1
110 219 27
29 32 1
13 39 1
34 71 17
44 150 2
21 87 21
50 193 12
36 41 2
57 230 57
3 101 3
2 10 2
79 112 1
43 147 2
28 115 28
16 101 1
1 83 1
100 254 3
1 141 1
52 221 13
12 144 1
84 205 1
126 234 7
2 161 2
31 255 31
93 164 5
76 97 1
101 103 25
12 95 1
96 197 24
141 145 4
32 160 2
64 207 1
52 106 26
104 131 1
64 165 2
60 103 3
102 149 1
2 91 2
172 193 1
1 85 1
49 149 1
15 27 3
14 129 1
32 91 2
15 88 1
90 230 1
62 122 15
29 136 1
241 244 30
240 242 60
26 71 1
63 98 3
76 218 1
195 196 24
125 165 1
3 14 3
112 231 28
89 182 22
60 247 30
43 181 5
33 44 2
103 111 6
67 243 1
179 252 1
54 140 1
90 205 1
207 253 3
21 244 1
15 92 1
6 222 6
219 221 27
121 246 30
78 122 1
163 241 1
192 200 12
47 154 2
172 210 1
177 183 22
48 250 3
67 133 33
32 129 32
120 121 60
45 93 11
7 14 7
95 219 1
129 135 16
170 214 1
84 215 1
117 168 1
31 242 15
72 224 1
79 249 1
48 126 3
149 243 1
132 154 4
64 135 16
14 204 3
75 132 4
148 159 9
46 186 46
130 211 1
1 177 1
113 228 28
6 104 6
105 195 6
9 142 4
103 165 1
155 169 2
122 202 3
24 215 6
130 137 8
2 165 2
46 173 5
52 105 52
117 236 29
116 238 29
85 87 21
9 72 9
4 155 4
63 206 3
199 205 12
123 239 7
127 135 1
2 144 2
123 172 1
77 146 9
77 120 1
41 200 1
32 59 1
113 222 3
5 44 5
188 189 94
18 95 2
86 166 10
81 83 20
236 238 59
16 122 1
90 127 1
2 21 2
68 91 2
193 234 3
62 107 3
251 255 31
48 192 48
3 61 3
15 62 15
193 213 6
190 227 1
200 210 6
56 113 56
47 176 11
16 58 1
50 205 25
31 99 3
90 228 1
131 132 16
177 178 44
6 213 6
14 206 3
110 241 3
81 84 10
79 146 9
73 152 9
46 63 1
153 219 1
130 190 2
34 129 8
181 248 1
3 206 3
26 88 1
25 38 1
116 164 1
89 177 44
9 131 4
127 242 15
27 221 27
4 39 4
33 98 1
164 173 10
123 232 7
68 187 2
60 70 1
17 35 17
101 114 3
1 232 1
69 179 2
18 78 9
33 68 8
46 111 1
57 235 14
133 134 33
111 207 6
25 92 1
92 93 46
32 131 32
162 163 81
30 229 7
80 163 40
133 194 1
13 220 13
135 141 8
93 175 5
1 51 1
73 156 9
88 255 1
46 163 5
149 158 9
126 254 63
53 208 26
176 177 88
1 52 1
190 214 1
121 253 15
49 195 24
149 154 9
55 73 1
114 117 14
181 191 11
79 201 1
81 229 1
126 174 1
101 198 12
207 250 3
22 181 22
135 245 1
19 158 19
15 121 15
226 253 7
88 166 5
82 240 1
5 23 5
103 247 3
12 98 12
1 174 1
105 214 26
177 228 1
184 190 23
3 247 3
103 119 3
27 63 3
68 140 17
1 248 1
27 249 3
56 230 28
75 144 18
101 165 1
8 152 4
121 226 7
103 167 1
77 219 1
23 47 23
56 210 3
22 209 1
93 156 2
18 75 18
113 167 1
112 122 7
47 96 1
139 142 17
95 137 2
166 196 1
146 185 2
3 126 3
86 174 43
50 60 3
170 241 1
160 256 2
192 228 3
93 213 1
97 164 1
16 181 2
164 203 1
38 134 4
134 206 1
2 155 2
80 98 1
223 227 3
224 228 28
7 8 1
246 250 15
183 221 1
56 60 7
73 113 1
46 77 2
14 59 14
123 203 3
91 166 5
11 71 2
83 95 5
82 113 1
1 173 1
131 223 1
76 187 2
51 206 51
102 204 102
192 229 3
27 125 3
46 67 2
76 88 2
236 256 1
131 194 1
1 6 1
161 187 5
149 168 2
193 240 3
166 181 5
196 236 3
101 213 6
38 142 4
208 211 52
40 169 10
60 200 3
55 91 1
5 68 2
133 256 16
57 175 1
206 209 6
5 81 5
23 187 23
3 196 3
14 113 14
83 92 5
6 200 6
144 145 72
17 132 8
84 173 21
37 151 37
133 230 1
8 173 2
106 180 1
73 249 1
67 171 2
44 182 22
4 214 1
134 135 67
26 95 1
91 206 1
3 30 3
29 254 7
96 194 48
11 85 5
79 165 2
45 147 2
215 230 3
65 135 16
30 63 15
23 111 1
51 107 6
46 95 23
47 122 1
41 164 41
109 171 1
17 124 1
85 224 1
198 204 12
11 254 1
229 238 14
111 248 3
31 141 1
131 171 2
50 95 1
227 247 7
123 171 1
66 128 16
132 145 4
24 199 24
162 217 1
118 127 7
182 183 91
54 132 1
29 112 14
44 253 1
217 242 3
87 179 5
28 56 28
124 246 15
60 102 3
144 159 9
13 237 3
65 158 4
51 211 6
58 224 14
164 218 1
58 117 58
2 54 1
99 104 6
74 119 1
124 249 124
220 241 3
85 86 21
58 114 14
83 175 10
9 35 4
4 138 4
71 93 2
80 84 10
14 77 1
148 157 9
32 132 16
243 253 15
26 213 26
220 237 3
41 161 20
17 135 8
145 147 36
7 232 7
142 209 1
225 226 56
63 124 31
129 193 1
132 243 1
169 191 5
143 223 1
168 189 5
117 231 14
16 65 16
153 238 1
14 224 14
214 248 3
183 222 1
144 147 36
19 63 1
2 42 2
47 209 1
30 243 30
27 174 1
119 234 29
26 62 3
1 193 1
189 190 47
150 250 1
192 194 48
75 174 2
11 44 11
64 161 2
50 90 1
63 190 1
106 211 26
26 214 26
11 253 1
38 222 1
179 241 1
196 207 12
175 222 1
90 224 1
3 59 3
97 175 1
52 104 52
1 39 1
228 231 57
232 238 29
93 179 11
227 252 7
2 20 2
88 165 5
90 197 1
68 136 68
49 107 6
44 243 1
54 243 3
1 121 1
39 64 4
233 239 29
9 65 4
92 190 23
209 247 3
21 127 1
26 124 3
105 213 26
30 84 1
144 146 36
1 256 1
4 240 1
47 187 23
79 124 1
95 180 11
30 61 30
34 35 17
224 227 56
140 234 1
98 205 12
226 241 7
200 215 6
163 174 10
36 147 36
155 207 1
194 251 3
4 65 4
97 205 12
122 142 1
7 10 1
213 254 3
82 242 1
104 107 26
90 95 11
80 174 10
69 142 17
31 163 1
223 243 3
171 194 1
70 132 8
240 248 15
42 44 5
120 122 30
67 254 1
19 203 1
127 172 1
60 194 3
127 255 127
146 148 18
144 221 1
2 56 1
116 236 29
153 156 19
14 236 14
81 159 2
35 138 17
163 178 5
129 136 8
1 190 1
175 242 1
52 219 13
3 63 3
183 241 1
66 226 1
5 176 5
72 122 1
1 11 1
6 194 6
39 154 19
172 173 86
19 172 2
32 74 4
128 203 1
83 255 1
47 163 5
169 175 21
59 253 7
130 238 1
81 146 2
3 98 3
9 161 2
104 193 6
26 119 3
86 217 1
12 207 12
111 219 27
172 175 43
105 241 3
2 180 2
16 153 4
87 174 87
3 104 3
74 160 2
4 37 4
27 220 27
81 183 5
232 244 7
225 227 56
1 172 1
23 87 5
7 254 7
60 121 60
18 155 9
150 175 2
23 42 5
22 144 2
117 237 29
124 127 31
3 229 3
16 195 1
6 99 6
11 21 5
95 177 11
77 78 19
104 207 6
9 40 2
172 221 1
3 225 3
96 103 12
132 139 8
7 18 1
67 101 1
24 32 1
12 102 12
28 229 28
22 46 11
210 215 26
35 183 2
82 224 1
10 207 1
209 246 3
13 210 13
176 222 1
3 209 3
33 88 2
72 149 18
24 26 6
46 155 2
212 231 3
120 169 1
40 67 2
35 235 1
3 7 3
248 249 124
28 114 28
41 87 10
6 248 3
124 244 15
38 129 4
46 172 5
13 209 13
71 238 1
22 93 11
6 108 6
17 68 17
58 235 58
35 151 4
187 218 1
20 160 20
143 179 2
42 222 1
200 209 6
94 199 1
236 237 118
7 125 7
130 199 1
12 36 1
34 131 8
74 146 18
205 210 6
4 147 4
31 215 3
197 244 3
121 241 60
153 203 1
25 48 12
21 96 1
37 77 9
15 120 15
243 250 15
118 235 29
213 245 3
171 172 21
98 198 49
30 100 3
144 215 1
31 86 1
3 233 3
13 251 3
49 209 6
30 173 1
15 127 15
3 136 1
87 175 87
165 181 5
3 197 3
3 115 3
8 129 8
3 102 3
43 169 21
11 190 11
80 167 20
83 220 1
175 245 1
37 61 1
199 206 12
114 152 1
162 189 5
1 2 1
227 230 28
32 107 1
2 168 2
186 187 93
10 165 10
21 207 1
150 246 1
28 226 28
108 221 27
211 249 3
72 137 4
13 217 13
1 171 1
14 232 14
1 202 1
57 227 28
122 144 1
28 207 3
67 117 1
108 211 13
4 133 4
161 178 5
71 165 2
1 31 1
160 178 5
194 205 12
2 190 2
71 106 1
53 251 3
115 229 57
65 128 32
76 157 19
228 230 57
32 67 16
46 152 2
92 180 11
62 155 1
88 115 1
17 148 4
3 58 3
36 183 2
218 220 27
227 255 7
85 165 10
103 203 25
80 82 20
17 182 2
26 104 26
64 195 1
47 167 5
89 178 89
45 46 11
113 248 7
19 40 2
49 243 3
18 223 1
22 182 22
39 76 19
35 163 2
77 201 1
31 63 31
144 256 4
90 163 5
132 135 33
92 188 23
1 183 1
18 45 2
65 143 8
146 153 9
120 170 1
155 175 2
82 106 1
148 175 2
61 245 61
21 141 2
1 44 1
14 237 14
109 201 6
136 229 1
22 79 2
123 255 15
72 93 2
3 114 3
23 163 5
1 197 1
21 159 2
43 87 43
15 60 15
21 55 1
110 195 6
251 254 31
232 233 116
9 12 1
16 138 8
72 167 2
140 192 1
120 209 3
64 136 8
197 211 6
7 249 7
67 214 1
104 252 3
1 134 1
49 131 1
178 248 1
24 99 24
67 189 2
172 249 1
31 254 31
49 247 3
56 62 7
8 114 1
70 96 1
8 61 1
12 89 1
30 62 15
43 240 1
98 193 24
236 255 7
4 38 4
60 244 30
16 67 16
90 185 11
31 136 1
120 207 3
150 189 2
15 162 1
127 253 63
63 127 63
128 199 1
127 229 7
217 221 27
79 159 79
129 204 1
91 179 22
21 171 21
15 155 1
57 179 1
121 252 15
208 216 13
18 205 1
24 84 1
94 175 5
128 184 2
26 135 1
7 237 7
91 92 11
3 253 3
127 252 63
9 37 9
150 226 1
89 161 5
127 231 7
32 139 8
212 213 106
183 211 1
44 179 44
204 219 6
14 92 1
22 75 2
26 209 26
48 142 1
156 159 39
5 8 2
193 231 3
50 203 50
33 175 2
25 199 12
6 13 6
58 222 3
40 106 1
182 202 1
71 156 4
89 118 1
138 142 17
61 231 7
94 205 1
1 99 1
44 95 11
2 178 2
1 127 1
70 246 1
61 203 3
27 216 27
70 244 1
28 201 3
8 211 1
1 253 1
136 141 17
14 201 3
3 53 3
230 236 14
114 230 57
159 193 1
2 189 2
144 212 1
159 194 1
23 106 1
93 171 5
94 157 2
78 158 39
22 145 2
165 204 1
51 89 1
11 26 1
23 182 11
50 230 3
130 170 2
92 217 1
48 122 3
119 152 1
108 183 1
62 120 15
234 235 117
2 46 2
21 195 1
88 89 44
130 244 1
27 109 27
18 184 2
42 174 21
60 179 1
1 80 1
96 177 1
34 118 1
78 253 1
71 136 17
53 77 1
3 238 3
27 78 1
31 57 7
68 221 1
58 59 29
118 142 1
157 198 1
78 254 1
80 165 20
1 65 1
23 155 2
59 126 7
23 85 5
40 51 1
64 112 1
74 248 1
97 103 12
217 219 54
214 233 3
7 251 7
63 94 1
5 51 1
2 19 2
115 146 1
123 240 30
70 170 2
1 124 1
1 29 1
1 93 1
2 33 2
12 194 12
88 171 5
70 198 1
39 158 39
25 182 1
169 173 21
248 252 31
112 255 7
8 17 8
94 142 2
136 210 1
9 74 9
200 213 6
26 203 6
120 189 1
14 114 14
20 43 10
11 184 11
1 114 1
128 149 4
86 87 43
204 207 51
48 108 6
54 149 1
144 179 2
71 102 1
210 212 26
74 129 4
8 87 2
60 134 1
248 254 31
52 213 26
2 66 2
49 64 1
141 157 4
100 171 1
108 217 108
12 116 3
16 91 2
74 141 4
113 134 1
3 203 3
113 210 3
38 181 2
69 171 2
1 69 1
38 112 1
58 227 14
91 229 1
39 159 39
164 174 10
18 42 2
30 238 7
39 228 1
13 21 1
16 180 2
68 147 4
117 151 1
181 187 11
188 192 1
30 60 30
195 198 24
51 203 25
11 201 1
1 204 1
158 178 2
162 205 1
39 153 19
36 77 9
16 132 16
9 155 9
45 144 2
35 140 35
55 108 27
1 107 1
5 168 5
68 142 17
10 16 2
14 233 14
179 183 22
23 170 5
36 56 1
7 127 7
42 170 42
9 75 9
139 163 2
26 139 1
35 142 35
246 252 15
31 139 1
35 133 8
160 167 20
93 135 2
34 231 1
73 116 1
186 189 23
187 235 1
11 80 5
127 225 7
65 151 4
28 224 28
83 204 1
87 233 1
75 77 9
23 89 11
114 229 114
132 178 2
167 184 5
50 185 1
41 108 1
28 245 7
207 242 3
1 110 1
139 181 2
31 249 31
89 153 2
156 252 1
11 72 2
147 204 1
24 142 1
52 162 1
180 188 11
135 176 2
43 174 43
46 175 5
56 184 1
12 199 12
84 210 1
15 222 3
99 202 12
27 129 1
77 185 2
201 223 6
215 220 13
240 247 30
120 247 30
3 224 3
1 137 1
21 196 1
96 104 6
250 253 31
103 204 51
23 92 23
48 251 3
5 118 1
56 100 3
139 184 2
53 218 13
61 220 3
221 234 3
166 218 1
93 172 5
41 168 10
134 151 4
5 208 1
23 198 1
12 67 1
70 74 4
58 169 1
21 172 21
19 32 4
37 88 2
97 192 48
35 67 8
125 169 1
197 251 3
46 142 2
87 131 2
122 219 3
96 113 3
115 228 57
16 162 2
124 125 62
109 121 3
32 134 16
50 204 25
26 98 6
168 170 42
188 233 1
10 20 10
86 108 1
224 234 14
12 97 12
102 152 1
5 64 2
119 180 1
31 75 1
30 247 30
2 85 2
92 135 2
2 183 2
11 251 1
23 46 23
189 236 1
119 240 7
153 204 1
52 178 1
73 159 9
50 209 6
97 217 6
1 245 1
106 242 3
25 234 3
85 179 5
130 160 2
60 165 1
118 157 1
4 220 1
138 230 1
49 100 12
84 247 1
194 201 12
205 206 51
66 168 2
49 231 3
196 233 3
63 254 63
59 225 14
58 229 14
90 181 90
154 173 2
51 180 1
50 106 6
154 218 1
53 125 3
1 207 1
47 182 11
242 248 15
9 86 2
107 129 1
49 73 1
14 234 14
28 48 3
130 133 16
107 212 53
60 74 1
136 142 17
171 207 1
146 247 1
69 256 8
58 254 7
187 254 1
66 190 2
117 119 29
52 252 3
130 132 16
206 217 6
18 215 1
13 25 6
57 114 57
252 253 126
212 214 53
119 236 59
24 49 24
89 217 1
123 247 123
126 251 31
15 75 1
156 158 39
93 190 23
66 224 1
146 173 2
24 101 12
111 118 3
168 209 1
133 155 4
225 231 28
101 110 6
67 130 16
67 234 1
95 110 1
2 169 2
29 235 29
91 95 11
157 204 1
105 209 52
2 153 2
129 130 32
83 112 1
89 188 11
145 156 9
97 117 3
17 69 17
174 239 1
153 157 19
25 206 25
18 105 1
8 16 8
30 124 15
13 212 13
101 196 12
22 179 22
140 150 4
92 191 23
95 175 5
197 201 12
64 128 64
27 58 3
2 83 2
197 199 49
7 238 7
3 230 3
6 12 6
72 199 1
61 249 15
25 217 6
5 11 5
50 98 12
24 192 24
153 233 1
7 63 7
106 131 1
92 185 92
20 167 20
9 150 9
31 199 3
231 237 14
73 111 1
19 250 1
227 253 7
4 74 4
168 174 21
60 224 7
238 239 119
