128 8128
29 103 29
41 114 114
26 123 26
56 93 93
86 128 128
22 86 86
99 107 99
11 46 11
41 46 46
36 79 79
52 75 52
89 91 89
50 113 50
71 124 71
17 82 17
16 104 104
74 92 74
79 88 88
48 110 110
36 120 120
34 94 94
14 78 78
96 103 103
70 87 87
32 64 32
16 17 17
13 87 87
29 56 29
46 89 46
19 55 55
75 91 75
102 125 125
8 98 98
41 66 66
3 25 25
55 120 120
28 74 28
90 113 90
1 118 1
15 26 15
64 93 64
41 68 41
42 65 42
1 41 1
10 75 75
40 101 101
122 124 124
21 74 74
115 116 116
38 55 55
16 71 71
58 72 72
14 116 116
72 113 72
81 117 81
56 73 73
39 51 51
85 103 85
2 7 2
2 57 2
57 85 57
93 98 98
21 63 21
68 78 78
11 124 124
9 37 9
42 48 42
36 77 77
1 124 1
9 86 86
5 41 41
18 119 18
15 92 15
48 69 69
31 57 57
18 66 66
35 85 85
22 100 22
33 83 83
65 116 116
11 18 11
21 28 28
116 124 116
78 106 78
42 85 42
2 109 2
83 127 127
8 73 73
86 108 86
4 47 47
82 120 120
48 123 48
49 116 116
2 9 2
24 31 24
54 118 118
4 6 6
44 86 86
43 73 73
20 122 122
29 71 29
40 53 53
43 90 90
20 127 127
103 125 125
71 81 71
4 22 22
57 99 99
24 113 24
26 96 26
9 61 61
33 109 109
90 104 104
33 106 106
53 63 53
15 40 15
28 56 28
35 78 78
84 99 99
11 109 11
29 54 29
16 78 78
71 88 88
30 45 30
34 45 45
10 113 113
61 63 61
57 116 116
60 126 60
86 115 86
86 87 86
5 100 100
24 111 24
29 44 29
36 66 66
62 106 106
58 119 58
3 8 8
2 25 2
48 99 99
63 120 120
70 91 70
31 56 56
44 105 105
47 50 50
36 105 105
65 85 85
4 115 115
5 48 48
115 122 115
30 92 30
62 65 65
22 104 104
46 95 46
16 81 81
7 54 7
55 110 55
43 72 72
34 78 78
32 92 32
64 72 64
102 123 123
58 108 58
11 56 11
34 46 46
60 109 60
10 106 106
98 101 98
78 98 78
17 53 53
34 116 116
67 99 99
69 115 69
2 110 2
37 91 37
35 100 35
53 82 53
27 46 46
73 83 83
1 100 1
59 118 59
35 80 80
96 123 96
3 33 33
8 101 8
102 120 120
37 56 37
10 45 45
89 115 115
20 81 81
79 121 121
81 98 81
11 73 11
2 49 2
84 96 96
16 23 23
71 86 71
18 64 64
4 48 48
86 116 116
2 52 2
86 101 86
68 111 111
35 46 46
23 103 103
47 68 47
7 57 57
47 109 47
21 48 48
23 119 23
26 84 26
32 78 32
10 96 96
81 101 81
39 124 124
23 81 81
50 114 50
45 90 90
28 89 28
41 125 125
21 42 42
46 111 46
83 88 88
46 63 46
39 68 68
38 89 89
2 93 2
4 108 4
19 51 51
46 79 46
96 120 120
16 47 47
77 124 124
38 65 65
39 52 52
86 114 86
115 126 115
65 107 107
43 128 128
17 77 77
80 122 122
1 95 1
15 99 99
2 23 2
36 72 72
49 69 69
43 101 101
18 57 57
50 73 50
33 88 88
10 69 69
7 32 32
36 44 36
46 102 46
85 126 126
5 6 6
5 57 57
38 57 57
5 65 65
6 107 107
6 38 6
28 71 28
31 93 93
109 124 124
69 87 69
89 96 89
36 89 89
102 127 127
20 92 20
5 79 79
22 76 76
66 118 66
67 72 72
109 121 121
22 73 22
36 101 101
80 119 80
92 93 93
14 122 122
27 108 108
96 107 107
88 121 88
64 94 64
42 123 42
5 73 73
43 74 74
28 126 28
56 117 117
80 99 99
27 106 106
7 48 48
12 127 127
9 42 42
64 68 64
80 96 80
3 109 109
49 112 112
21 104 104
87 104 104
92 99 99
33 122 122
52 85 52
17 59 59
44 54 54
52 102 52
16 26 26
23 76 76
55 62 55
27 30 30
29 34 29
75 122 122
28 33 28
38 39 38
4 117 4
86 97 86
70 92 70
56 61 61
15 63 15
5 25 25
1 24 1
31 126 126
84 109 109
32 61 32
98 112 98
89 107 107
67 74 74
1 18 1
42 127 127
3 113 113
12 116 116
56 121 121
36 92 36
110 125 110
56 89 89
1 26 1
14 106 106
41 61 61
110 128 128
26 59 59
59 121 121
3 9 9
27 32 32
2 86 86
32 38 32
54 69 69
65 89 89
21 54 21
73 105 73
80 94 94
13 106 106
89 94 89
67 85 85
85 90 90
64 87 64
30 35 30
15 57 15
54 81 81
24 117 24
113 121 121
38 69 69
65 99 99
41 54 41
59 116 116
5 81 81
37 119 37
56 75 75
93 126 126
30 78 78
83 117 83
11 26 11
55 73 55
43 75 75
51 80 51
90 105 90
11 100 11
13 62 13
76 119 76
27 65 65
66 122 66
37 105 37
87 102 87
17 21 17
31 50 50
49 121 121
7 30 30
62 108 108
36 118 118
3 30 30
38 123 123
17 55 55
19 102 19
79 123 79
63 116 116
17 45 45
16 75 75
103 119 103
61 103 61
21 95 21
53 101 53
13 73 73
95 118 118
80 102 80
33 123 33
30 99 99
37 82 37
14 23 23
72 77 77
31 88 88
35 127 127
63 73 73
7 106 106
29 75 29
91 94 94
22 84 22
42 72 42
21 124 124
34 48 48
23 37 37
15 70 15
10 101 101
23 56 23
69 120 120
78 87 78
74 119 74
60 125 60
21 43 21
48 118 48
117 121 121
59 60 60
24 92 24
13 120 120
110 119 110
28 86 28
18 125 125
104 122 104
65 88 88
44 74 74
35 69 69
37 55 55
3 16 3
15 20 15
18 97 18
24 108 24
3 17 17
78 116 116
27 118 118
37 94 94
8 20 8
20 110 110
99 117 99
42 87 42
33 65 33
14 69 69
24 88 88
31 35 35
2 5 2
71 101 71
20 65 20
11 74 11
34 60 60
69 74 69
5 74 74
8 92 8
36 87 87
14 18 18
19 21 19
47 121 121
2 99 99
61 80 61
71 75 71
90 100 90
54 106 106
2 21 2
32 111 32
52 105 52
33 90 90
46 85 46
39 90 90
15 90 15
29 98 29
34 82 82
117 126 126
50 126 50
47 118 47
9 40 9
69 125 69
116 121 116
113 125 125
17 122 122
48 127 127
27 45 45
5 86 86
19 88 88
24 109 109
18 89 89
2 127 127
59 115 59
47 77 47
35 59 59
47 113 47
17 111 17
46 128 128
78 102 78
69 82 69
17 35 35
31 46 46
30 111 30
19 70 19
72 74 72
36 63 63
16 79 79
62 114 114
72 79 79
33 74 74
63 97 63
8 14 8
92 105 105
27 71 71
7 43 7
46 77 77
81 88 88
51 101 51
60 100 60
6 42 42
69 126 69
5 124 124
25 110 110
110 117 110
92 103 103
49 106 106
37 126 126
76 126 76
66 125 66
49 87 87
60 66 60
60 80 60
41 44 41
11 128 128
92 111 111
56 86 86
17 44 17
24 67 24
6 71 71
46 74 46
55 127 127
84 85 85
73 100 73
4 76 76
81 94 81
88 105 88
38 109 109
9 104 104
85 106 106
49 126 126
6 68 6
121 124 121
95 107 107
2 119 2
43 76 76
67 128 128
33 119 33
53 126 53
40 62 40
6 95 6
35 75 75
45 123 45
8 42 42
13 30 30
46 84 46
16 109 109
19 56 19
69 101 69
65 96 96
54 60 60
27 49 49
41 70 41
48 79 79
59 80 59
27 100 100
29 96 29
33 126 126
62 103 103
13 18 18
83 107 107
7 88 88
61 128 128
30 37 30
9 68 9
77 113 77
86 98 86
47 116 116
40 46 46
119 125 125
29 118 29
72 128 128
36 84 84
22 23 22
12 51 51
33 55 55
77 87 77
86 110 86
85 94 85
2 6 2
36 64 64
37 42 42
6 37 6
71 107 107
122 127 127
12 14 12
18 124 124
97 109 109
9 127 127
42 108 42
76 81 81
50 79 50
47 98 47
49 125 125
7 71 71
28 105 28
97 114 114
67 119 67
20 93 20
61 70 61
36 71 71
4 103 103
22 52 52
42 59 42
10 71 71
47 59 47
37 48 48
59 99 99
84 124 124
76 124 124
34 114 114
73 87 73
60 122 60
4 119 4
28 46 28
86 93 86
86 106 86
1 19 1
95 128 128
113 122 122
101 104 104
4 78 78
108 123 108
62 110 110
42 101 42
28 107 107
35 40 35
117 120 120
14 83 83
22 94 22
37 116 116
59 69 69
24 123 24
33 34 33
88 114 88
78 118 78
13 126 126
76 105 76
35 52 52
71 92 71
5 93 93
18 117 18
3 64 64
65 104 104
91 119 91
44 97 97
34 89 89
21 23 23
105 109 109
18 109 109
34 57 57
6 82 6
19 62 19
89 123 89
28 124 28
14 22 22
56 94 94
10 111 111
5 24 24
75 79 79
97 103 103
52 88 88
49 59 59
71 85 71
99 112 99
2 82 2
39 75 75
33 68 33
3 43 43
13 44 13
42 55 42
69 70 69
117 128 128
40 88 88
1 11 1
9 13 9
15 28 28
48 117 48
23 75 75
35 126 126
15 17 15
42 112 42
49 107 107
60 76 60
23 111 111
7 73 73
8 72 72
22 49 22
49 61 61
13 122 122
20 114 114
43 107 107
28 104 104
35 63 35
6 27 6
24 54 24
22 45 22
65 68 65
69 90 69
3 15 15
32 53 32
63 103 103
71 103 71
15 53 53
78 90 78
13 34 13
68 102 68
2 24 2
54 122 122
79 117 79
50 119 50
29 83 29
15 120 120
24 99 99
55 103 55
65 112 112
23 112 112
65 82 82
91 114 114
107 117 107
51 121 121
31 127 127
34 84 34
23 27 23
3 68 68
72 112 112
59 97 59
28 106 28
82 102 82
46 107 107
21 125 125
12 76 76
30 115 30
17 91 17
78 101 78
6 28 28
102 124 124
86 102 86
110 115 110
40 71 71
4 126 126
99 109 99
75 117 75
81 113 81
6 128 128
15 77 77
67 89 89
72 82 72
30 71 71
27 59 59
12 32 32
17 46 46
50 84 50
63 87 87
1 106 1
14 34 14
4 56 4
40 125 125
55 102 55
33 37 33
93 116 116
94 119 94
10 59 59
26 115 115
83 91 83
47 88 88
63 67 67
10 70 70
98 106 98
7 89 89
12 57 57
15 50 50
80 81 81
71 125 71
90 93 90
87 116 116
3 115 115
36 90 90
27 84 84
44 82 82
61 90 61
15 24 15
34 103 103
93 125 125
12 63 12
33 61 61
21 51 51
53 97 53
52 110 52
5 33 33
69 111 69
28 115 28
67 96 67
23 79 79
8 91 8
39 55 55
22 105 22
93 120 120
107 123 107
108 116 116
87 105 87
60 94 60
9 47 47
44 60 60
5 91 91
9 97 9
41 93 41
37 101 37
5 80 80
38 48 48
25 47 47
19 50 50
87 100 87
69 119 69
23 117 23
54 121 121
26 105 26
1 57 1
75 90 90
34 37 37
2 105 2
53 95 53
69 79 69
14 15 15
90 119 90
53 86 86
17 117 17
66 74 66
76 113 76
67 84 67
19 92 19
26 68 26
3 124 124
23 51 51
81 86 86
74 117 74
1 68 1
30 85 30
37 110 110
64 102 64
42 45 42
44 100 100
35 77 77
6 93 6
3 26 26
85 95 85
46 100 46
71 98 71
20 88 88
22 81 81
50 104 50
17 29 29
57 123 57
38 67 67
79 124 124
44 104 104
40 90 90
1 125 1
54 55 55
63 84 84
35 123 35
92 109 109
16 68 68
106 118 106
48 107 107
61 96 61
34 39 34
47 108 47
14 31 14
97 101 101
24 128 128
40 127 127
16 70 70
40 107 107
46 117 46
55 91 55
58 100 58
15 47 47
56 105 105
15 91 15
20 25 25
50 82 50
43 96 96
65 84 65
3 71 71
57 87 57
20 113 113
13 41 41
21 93 21
21 58 58
90 96 90
51 79 51
84 104 104
31 89 89
55 98 55
96 126 126
59 108 59
122 126 126
50 103 50
20 37 20
11 122 11
65 74 74
66 68 66
59 103 59
95 123 123
35 92 35
45 92 45
58 124 124
7 28 28
27 28 28
109 115 115
71 76 71
110 123 110
38 126 126
60 90 60
18 72 72
17 126 126
9 19 9
9 31 9
62 75 75
64 103 64
72 93 72
58 82 58
5 96 96
103 118 103
33 53 53
11 125 11
15 18 15
20 24 24
20 89 89
27 47 47
40 61 61
59 68 59
7 29 29
9 89 89
46 101 46
125 127 127
30 117 30
79 119 79
18 54 18
6 9 6
69 98 69
19 115 115
13 88 88
77 109 77
21 36 21
40 74 74
47 103 47
52 120 120
31 61 61
21 78 78
17 27 17
44 83 83
32 120 32
45 61 61
4 110 110
21 47 47
20 123 20
62 68 68
56 113 113
14 124 124
40 128 128
29 125 29
1 108 1
5 83 83
73 92 73
6 97 6
29 76 29
49 50 50
97 128 128
8 59 59
10 61 61
5 29 29
43 55 55
23 116 116
3 87 87
38 125 125
45 128 128
7 83 83
69 105 69
26 83 83
20 75 75
26 47 47
7 17 7
38 40 40
104 127 127
1 36 1
26 62 26
30 113 30
35 50 50
20 99 99
56 71 71
29 80 29
1 51 1
15 113 15
16 72 72
91 113 113
12 39 12
26 108 26
57 86 86
9 84 9
12 82 12
26 103 103
3 110 110
68 125 125
18 58 58
30 76 30
3 5 3
31 45 45
38 118 118
12 25 25
12 104 104
59 96 59
39 74 74
33 76 76
13 125 125
33 125 125
31 128 128
39 105 105
46 78 78
13 92 13
2 116 116
34 58 58
56 74 74
25 94 25
6 118 6
49 54 49
54 107 107
14 45 45
22 107 107
4 50 50
55 79 55
1 44 1
55 118 55
19 127 127
8 39 8
26 104 104
2 92 2
53 106 53
31 111 111
5 71 71
58 89 89
21 73 73
18 24 24
69 86 86
47 63 47
28 40 28
11 111 11
11 116 116
40 81 81
60 63 60
2 104 104
85 127 127
73 119 73
51 85 51
37 76 76
44 69 69
4 44 4
35 87 87
18 111 18
96 106 106
116 125 116
41 52 52
94 126 126
28 117 28
9 123 9
104 111 104
20 40 20
89 101 89
56 68 56
56 97 56
39 61 61
91 117 91
38 102 38
9 128 128
51 91 51
2 111 2
37 58 58
85 116 116
4 90 90
8 53 53
17 38 17
8 120 120
60 102 60
43 99 99
6 15 15
10 124 124
28 93 28
88 104 88
14 114 114
27 99 99
105 112 112
51 117 51
27 115 115
96 101 96
11 112 11
69 96 69
49 100 49
21 40 21
110 126 110
30 89 30
84 110 110
55 112 55
65 67 67
62 95 62
35 54 35
23 74 74
19 61 61
87 117 87
52 111 52
53 79 53
8 93 8
47 74 47
6 111 6
25 30 30
3 36 36
47 104 104
105 117 105
29 37 29
21 92 21
15 42 42
10 25 25
10 95 10
54 66 66
13 25 25
16 126 126
48 106 106
55 94 55
9 71 71
31 86 86
22 35 22
48 96 48
50 99 99
50 91 50
1 97 1
80 85 85
33 128 128
33 47 47
19 57 57
22 109 22
26 128 128
21 127 127
95 108 108
37 87 87
31 81 81
22 43 22
20 108 20
82 83 83
57 95 57
44 58 58
56 91 91
15 31 15
60 127 60
99 121 99
47 120 47
29 81 29
29 105 29
78 111 78
44 92 44
8 77 77
9 106 106
18 37 18
2 69 2
6 48 48
84 89 89
77 80 77
14 70 70
12 75 75
41 92 41
108 109 109
31 79 79
13 52 52
12 61 61
88 122 88
62 115 115
20 104 104
52 103 52
45 84 45
90 117 90
31 34 34
64 110 110
81 103 81
77 93 77
67 123 67
8 50 50
26 30 30
45 67 67
46 57 46
1 6 1
47 57 47
31 77 77
15 75 15
45 107 107
31 116 116
20 85 85
31 107 107
86 123 86
71 115 71
42 71 71
41 124 124
2 26 2
37 89 89
34 121 121
42 52 42
13 74 74
13 31 13
83 86 86
40 43 43
70 82 70
27 117 117
103 105 103
13 47 47
2 35 2
33 35 33
65 123 65
10 120 120
16 88 88
57 110 110
15 78 78
63 105 105
40 121 121
8 99 99
78 105 78
20 67 67
57 118 57
14 26 26
34 128 128
37 78 78
11 90 11
41 122 122
17 107 107
71 111 71
31 84 84
50 121 121
76 88 88
124 128 128
48 102 48
36 80 80
32 101 32
94 112 112
20 121 121
38 76 76
21 126 126
1 115 1
11 41 11
29 110 29
26 100 26
74 82 74
4 73 73
13 95 13
76 80 76
45 119 45
65 124 124
120 124 124
18 67 67
8 83 83
39 107 107
60 115 60
31 70 70
77 118 77
10 51 51
65 77 77
24 119 24
32 50 32
28 67 28
105 113 113
101 107 107
8 108 8
62 92 92
98 102 98
39 95 39
83 93 83
117 127 127
24 75 24
22 61 61
3 65 65
18 86 86
13 53 53
6 63 6
24 27 24
81 128 128
45 55 55
21 59 59
38 72 72
64 107 107
85 124 124
50 118 50
6 49 6
22 96 22
45 97 45
68 112 112
77 99 99
27 73 73
16 32 32
57 127 127
108 110 110
8 37 8
18 110 110
96 121 121
74 85 74
26 118 26
17 97 17
66 100 66
16 44 16
66 85 66
58 105 58
24 29 29
11 43 11
86 119 86
82 106 106
83 94 83
103 108 103
12 87 87
49 122 122
63 75 75
21 35 35
14 111 111
47 124 124
40 118 118
68 124 124
2 45 2
106 116 116
99 123 99
20 94 94
11 37 11
75 115 115
22 67 22
6 26 6
22 114 22
4 124 124
7 122 122
61 105 61
60 78 60
48 86 86
4 87 87
61 85 61
48 83 83
64 115 115
56 79 79
20 77 77
3 40 3
46 123 46
37 66 66
48 76 76
5 68 68
45 106 106
75 109 109
85 87 85
25 76 76
76 85 76
97 122 122
68 79 79
8 88 88
89 122 89
59 61 61
13 60 60
44 117 117
17 125 125
6 56 6
83 84 83
1 63 1
17 86 86
45 120 120
9 10 9
12 112 112
9 90 90
8 17 8
116 123 116
3 29 29
59 84 59
23 123 23
70 76 76
100 113 113
7 38 7
84 112 112
30 81 30
5 107 107
15 117 15
1 46 1
64 112 112
35 65 35
118 119 118
46 65 46
45 124 124
1 31 1
83 109 83
26 34 26
88 99 88
53 116 116
42 60 60
48 49 48
4 91 4
32 96 32
27 105 105
70 85 85
105 111 111
53 65 53
17 123 17
4 57 57
19 76 76
3 37 37
36 75 75
32 127 32
61 92 61
5 72 72
39 41 41
28 73 28
78 121 121
81 119 81
33 36 33
47 55 47
53 118 53
49 118 118
45 116 116
50 120 50
24 51 51
5 105 105
25 80 25
35 81 81
6 104 104
35 44 35
89 114 114
2 79 2
91 103 103
43 110 110
49 70 49
48 111 48
38 121 121
37 69 69
14 48 48
4 10 4
82 128 128
58 69 69
16 30 30
29 52 29
59 65 59
26 45 26
38 68 68
107 108 107
82 99 99
23 44 23
69 94 69
28 49 28
22 41 22
25 103 25
11 66 11
2 37 2
64 111 64
22 75 22
11 20 11
28 122 28
60 85 60
41 42 42
15 97 15
4 122 122
67 77 77
53 117 53
19 123 19
10 81 81
44 72 72
10 13 13
45 109 109
32 89 32
3 79 79
25 56 25
4 8 4
74 79 79
61 93 61
91 112 112
27 80 80
4 92 4
103 117 103
17 22 22
58 60 60
109 119 109
74 116 116
81 95 81
21 97 21
33 104 104
94 107 107
44 93 93
41 99 99
24 98 98
98 124 124
91 115 115
20 48 48
49 92 49
16 45 45
3 121 121
80 90 90
11 96 11
35 68 35
32 76 32
34 65 34
10 12 12
33 78 78
75 112 112
106 112 112
16 69 69
104 107 107
37 81 81
31 125 125
63 65 65
34 125 125
22 42 42
73 94 73
64 66 66
10 102 10
42 125 42
41 119 41
38 90 90
2 85 2
32 114 32
100 112 112
29 88 29
51 98 51
33 92 33
72 99 99
3 84 84
19 122 122
33 41 41
37 71 71
29 40 29
10 116 116
56 104 104
66 111 66
24 96 24
94 97 94
19 90 90
21 64 64
82 104 104
97 100 100
86 94 86
33 45 33
46 59 59
15 88 88
23 87 87
3 94 94
63 95 63
19 39 19
26 81 81
3 6 6
68 82 82
14 53 53
26 52 52
31 33 33
41 88 88
97 126 126
6 51 51
17 31 17
19 103 103
82 88 88
77 123 77
47 115 47
24 121 121
86 99 99
43 58 58
17 23 17
62 99 99
1 85 1
23 30 30
42 93 42
31 82 82
31 78 78
113 124 124
35 125 125
47 111 47
62 96 96
10 91 91
108 117 108
67 108 67
93 111 111
102 106 106
7 107 107
19 125 125
55 86 86
5 114 114
100 126 126
104 105 104
64 96 64
2 58 2
99 100 99
77 89 77
36 95 36
38 45 45
45 79 79
32 69 32
9 43 9
8 107 107
9 81 81
4 7 7
5 116 116
96 124 124
63 96 96
68 128 128
25 114 114
65 70 70
76 100 76
14 118 118
6 120 120
115 125 115
68 93 93
38 120 120
27 102 27
37 84 37
10 28 28
45 98 98
50 83 50
8 48 48
38 62 38
70 89 89
14 59 59
59 111 59
17 48 48
109 128 128
32 90 32
13 82 82
52 128 128
8 33 33
4 5 4
80 123 80
59 78 78
25 125 25
63 110 110
35 115 115
48 70 48
79 89 79
96 127 127
86 109 86
7 124 124
56 103 103
34 100 34
17 108 17
11 30 30
36 125 125
56 65 65
34 119 34
66 90 66
11 101 11
84 98 98
7 75 75
37 64 64
12 68 12
39 81 81
10 29 29
34 35 35
96 117 96
55 96 55
18 49 18
29 66 29
49 117 49
109 113 109
18 91 18
76 98 76
12 97 12
63 91 91
59 119 59
72 111 72
13 115 115
86 96 86
28 98 28
44 94 94
76 77 77
61 69 61
83 128 128
51 100 51
21 121 121
29 33 29
68 127 127
125 126 126
44 47 47
57 114 114
48 122 48
8 67 67
49 95 49
12 94 94
9 34 9
61 91 61
69 76 76
47 96 47
60 97 60
2 36 2
62 117 117
75 105 75
59 126 59
24 35 24
78 81 78
32 103 32
53 59 59
31 85 85
68 87 87
64 117 64
116 117 116
1 23 1
18 59 59
26 119 26
44 45 45
58 103 58
37 125 125
4 72 72
24 61 61
92 100 100
83 115 83
3 41 41
56 115 115
10 60 60
71 84 71
11 35 11
52 114 52
53 100 53
55 56 55
13 57 57
47 72 47
50 58 50
101 102 101
74 97 74
86 90 86
75 100 75
114 122 114
2 59 2
2 31 2
67 97 67
66 115 66
13 22 22
8 125 125
49 108 49
31 103 103
60 67 60
16 91 91
65 78 78
66 86 86
46 108 46
21 105 105
35 45 35
8 34 8
6 22 22
92 126 126
27 109 109
40 69 69
105 115 115
18 93 18
40 82 82
42 128 42
56 128 128
10 108 108
34 106 106
32 35 32
112 120 120
2 63 2
40 114 114
56 82 82
52 53 52
33 95 33
13 83 83
51 53 51
76 110 76
39 49 49
35 76 76
96 99 99
41 48 48
70 117 70
40 68 68
23 90 90
82 93 82
1 82 1
83 123 83
27 54 54
109 126 109
40 85 85
31 104 104
9 65 9
77 108 77
36 48 48
20 96 96
70 127 127
38 73 73
21 118 118
62 89 89
27 52 52
23 118 118
60 110 60
50 74 50
52 123 52
68 77 77
19 22 22
4 71 71
19 98 98
87 113 113
19 105 19
38 77 77
108 126 126
90 97 90
54 77 77
99 101 99
4 65 4
22 29 29
84 107 107
21 123 21
26 65 26
31 91 91
15 22 22
8 85 85
43 116 116
91 97 91
2 97 2
28 69 28
53 60 60
23 70 70
50 64 50
84 105 105
57 108 57
21 85 85
31 97 97
24 73 24
16 55 55
40 87 87
25 74 25
11 85 11
82 108 82
1 83 1
54 61 61
4 20 4
19 79 79
14 127 127
25 85 25
2 62 2
112 115 115
68 70 70
79 86 86
32 56 32
18 61 61
12 109 109
20 60 60
49 74 74
99 111 99
9 100 9
111 121 121
14 97 14
19 31 19
96 116 116
13 128 128
27 119 119
6 100 6
23 128 128
34 47 47
13 72 72
68 122 122
50 109 50
8 65 8
61 73 61
80 95 80
10 41 41
27 113 113
15 115 115
10 57 57
77 103 77
90 103 90
56 125 125
49 64 64
21 29 29
24 66 66
32 73 32
45 71 71
17 58 58
59 66 59
21 76 76
66 112 66
15 112 112
13 69 69
43 64 64
55 69 55
53 92 53
12 106 106
46 49 46
49 98 98
20 79 79
29 115 29
11 72 11
4 94 94
100 116 116
13 111 111
80 98 98
3 126 126
47 62 47
4 27 4
90 118 90
22 101 22
51 97 51
49 75 75
1 55 1
83 101 83
89 109 109
4 89 89
111 112 112
16 99 99
58 81 81
25 72 25
81 126 81
58 67 58
32 41 32
4 127 127
25 60 60
61 81 81
34 85 85
24 124 124
72 90 90
49 82 49
25 126 25
99 114 99
39 54 54
88 103 88
37 107 107
4 37 4
4 128 128
15 98 98
49 51 51
43 65 65
86 92 86
78 112 78
106 124 124
58 83 83
3 95 3
107 115 107
99 124 99
39 87 87
28 39 28
36 104 104
16 29 29
9 79 79
66 102 66
51 55 51
33 118 33
89 97 89
79 125 79
102 112 112
9 103 103
27 87 87
72 100 72
31 69 69
49 78 78
17 105 17
42 56 42
61 107 107
43 49 49
1 77 1
24 57 24
85 104 104
67 104 104
32 126 32
54 114 114
45 111 45
29 89 29
12 43 12
91 121 121
17 34 17
33 46 46
80 109 109
82 91 82
60 75 60
40 72 72
86 100 86
13 50 50
3 127 127
32 47 32
4 17 4
56 81 81
48 78 78
2 78 78
62 123 123
52 97 52
38 74 74
14 89 89
21 98 98
27 120 120
23 101 23
27 44 44
1 13 1
49 56 49
17 73 73
86 91 86
95 97 97
108 128 128
69 73 69
7 92 7
14 28 28
41 64 64
60 120 60
41 116 116
27 69 69
52 92 52
48 114 114
68 108 108
47 70 47
64 119 64
99 115 99
6 64 64
27 67 67
38 128 128
21 122 122
59 98 59
73 115 115
50 92 50
7 108 7
54 85 85
11 39 11
13 75 75
24 116 116
39 66 66
37 95 37
72 127 127
56 107 107
108 121 121
4 13 4
16 94 94
87 119 87
29 53 29
24 102 24
13 123 13
7 33 7
3 58 58
32 72 32
102 109 109
31 83 83
17 112 112
54 116 116
29 86 29
16 116 116
5 113 113
35 119 35
29 91 29
6 44 6
7 125 125
65 72 72
97 102 97
61 66 61
52 90 52
28 65 28
59 79 59
28 41 28
24 43 24
25 128 128
39 120 120
48 128 128
56 87 87
68 86 86
2 117 2
61 110 61
61 124 124
44 95 44
33 85 85
34 105 105
21 75 75
25 71 71
92 108 108
42 70 42
5 103 103
60 84 60
43 103 103
2 41 2
64 91 64
23 43 23
46 112 46
47 76 47
33 89 89
37 67 67
39 73 73
67 69 69
58 111 58
59 101 59
3 4 4
4 15 15
109 114 114
1 14 1
35 57 57
55 92 55
9 26 26
40 75 75
24 107 107
3 19 19
6 50 50
38 44 44
25 73 25
17 118 118
18 43 18
74 99 99
71 87 71
32 44 32
23 60 60
54 74 74
18 41 41
36 100 100
38 110 110
46 120 120
15 59 59
76 118 76
57 61 61
7 20 7
54 59 59
44 99 99
2 118 2
23 105 105
7 109 109
2 88 88
94 113 113
78 107 107
5 82 82
13 96 96
19 96 19
76 92 76
74 93 74
55 76 76
30 80 30
11 115 11
62 85 85
105 124 124
106 120 120
88 95 88
34 90 90
71 93 71
17 42 42
22 110 22
119 127 127
32 100 32
22 62 22
22 28 28
4 29 29
58 120 120
26 73 73
70 100 70
56 123 56
50 61 50
22 51 51
72 118 72
55 111 55
70 111 70
67 98 98
61 101 61
103 127 127
105 110 110
26 90 90
14 24 24
7 42 42
14 90 90
88 109 88
61 115 61
50 68 50
40 64 64
9 15 15
23 57 57
2 120 120
106 115 115
19 41 41
77 111 77
14 40 14
59 67 59
36 121 121
79 94 79
25 116 116
41 65 41
30 118 30
113 123 113
29 63 29
42 117 42
50 80 50
11 33 11
99 110 99
7 45 7
36 55 55
64 101 64
16 58 58
46 54 46
35 37 35
8 75 75
11 76 11
11 119 11
10 84 84
17 69 69
16 110 110
110 121 121
10 17 17
109 125 109
54 117 117
27 123 27
48 89 89
63 114 114
60 106 60
24 101 24
40 110 110
14 42 42
56 64 64
60 128 60
37 38 37
100 118 118
63 64 64
31 94 94
88 113 88
1 86 1
118 124 124
111 114 114
48 113 48
104 126 104
95 102 102
36 116 116
9 51 51
6 77 77
111 126 126
7 53 53
74 90 90
25 52 52
28 64 28
56 102 56
29 35 29
34 68 34
68 94 94
83 100 83
41 73 73
42 104 104
7 60 60
73 77 77
40 51 51
18 81 81
7 128 128
22 122 22
34 107 107
46 70 46
31 51 51
54 79 79
82 116 116
33 52 52
62 82 82
16 92 16
12 40 12
28 37 28
17 70 70
78 119 78
99 113 99
15 101 15
69 108 69
30 91 30
55 71 71
59 71 71
28 92 28
50 110 50
52 113 52
29 82 29
82 113 113
14 112 112
52 104 104
36 106 106
68 92 68
8 80 80
18 83 83
3 23 23
10 24 24
63 118 118
61 72 61
63 93 93
90 92 90
4 99 99
71 89 71
34 124 124
35 111 35
40 57 57
26 75 75
43 88 88
7 59 59
38 63 63
43 115 115
2 47 47
23 72 72
20 35 35
35 121 121
5 54 54
43 45 45
17 32 32
27 70 70
84 106 106
94 128 128
75 106 106
52 91 52
66 126 66
26 42 42
27 37 37
40 79 79
30 61 30
1 39 1
19 114 114
15 56 15
9 85 85
43 56 43
19 24 24
21 103 103
2 67 2
5 123 123
33 121 121
104 116 116
8 10 8
63 77 77
8 123 8
55 126 55
35 95 35
50 86 50
80 104 104
112 127 127
3 104 104
11 57 11
67 110 110
51 106 51
19 64 64
23 55 55
60 101 60
9 48 48
53 108 53
40 111 111
8 55 55
10 20 20
45 51 51
33 80 33
63 85 85
96 109 109
84 126 126
36 109 109
42 115 42
2 17 2
93 102 93
51 120 51
45 88 88
59 93 59
72 110 110
30 65 30
64 84 64
57 117 57
14 95 14
23 120 120
41 60 60
111 127 127
35 79 79
12 80 80
82 121 121
66 101 66
65 105 105
32 77 32
45 91 45
46 116 116
51 114 51
25 50 50
11 38 11
12 115 115
6 72 72
19 54 19
6 121 121
59 86 86
52 55 52
37 102 37
74 126 126
83 97 83
22 44 22
30 123 30
5 17 17
50 60 60
105 107 107
26 109 109
47 61 47
17 25 25
74 124 124
37 52 52
26 51 51
46 98 46
45 54 45
18 115 115
57 60 60
35 113 113
76 86 86
51 75 51
35 109 109
73 117 73
9 101 9
63 83 83
76 90 76
52 125 52
100 119 100
38 42 42
90 125 90
92 118 118
56 95 56
57 128 128
55 57 55
15 21 15
24 69 69
23 109 109
11 32 32
54 87 87
1 90 1
88 96 88
3 18 18
65 110 110
3 55 55
39 114 114
45 118 118
7 37 7
80 115 115
37 45 45
24 90 90
36 98 98
16 56 56
33 116 116
62 63 63
6 124 124
62 126 126
87 94 87
87 106 106
24 120 120
104 110 104
73 125 125
34 62 34
87 101 87
5 77 77
94 108 94
45 65 45
50 127 127
67 106 106
7 126 126
70 97 70
22 79 22
43 84 43
36 39 36
19 67 67
29 58 29
14 76 76
7 117 7
88 124 88
68 71 71
29 68 29
62 83 83
15 111 15
14 20 20
39 109 109
61 88 88
20 84 20
10 80 80
72 115 115
25 119 25
46 87 46
29 42 29
27 74 74
46 60 60
113 116 116
19 63 19
10 31 10
1 98 1
6 98 98
3 47 47
6 109 109
41 96 41
22 113 22
14 47 47
47 119 47
49 60 60
51 57 51
29 119 29
28 114 28
49 113 113
112 125 112
18 35 18
27 42 42
29 78 29
26 41 41
92 102 92
66 97 66
3 66 66
19 119 19
47 60 60
19 43 19
27 58 58
98 105 98
55 59 55
35 105 35
5 42 42
5 20 20
42 76 42
6 25 25
22 95 22
41 85 85
89 95 89
57 65 57
7 13 7
32 83 32
17 66 66
60 70 60
6 39 6
36 113 113
85 128 128
104 115 104
62 112 112
30 52 30
23 124 124
5 75 75
2 34 2
51 104 104
46 68 46
85 86 86
4 39 4
14 87 87
31 124 124
57 69 69
93 95 93
13 59 59
37 44 37
66 108 66
20 100 20
80 116 116
45 114 114
11 58 11
33 91 33
15 64 15
35 53 53
48 91 48
86 88 88
85 118 85
24 104 104
16 46 46
66 109 66
73 96 73
6 29 29
33 120 120
41 67 41
125 128 128
45 100 45
124 125 124
64 120 120
6 106 106
20 115 115
48 95 48
53 120 120
14 128 128
10 72 72
21 81 81
30 95 30
95 113 113
47 75 47
34 112 112
21 67 67
7 52 52
49 81 81
11 105 11
17 101 17
8 117 8
64 65 64
1 59 1
94 117 94
48 52 52
55 117 55
64 78 78
26 107 107
14 93 14
95 115 115
54 92 54
76 107 107
13 100 13
67 82 67
40 42 42
8 31 8
57 100 57
19 78 78
81 121 121
102 116 116
18 46 46
81 127 127
17 93 17
69 97 69
2 112 2
17 68 17
73 82 73
21 86 86
2 48 2
40 52 52
11 121 121
89 92 89
78 91 78
55 85 55
54 110 110
119 122 122
16 20 20
53 105 53
43 60 60
22 59 22
5 87 87
30 34 30
14 84 14
29 72 29
4 40 4
15 66 66
24 44 24
44 126 126
75 80 75
107 114 107
83 98 98
61 111 61
41 104 104
55 87 55
1 101 1
41 79 79
16 87 87
11 51 51
28 97 28
61 98 61
6 46 46
13 118 118
60 88 88
27 97 97
47 73 47
82 119 82
15 104 104
30 96 30
31 54 31
29 90 29
61 71 71
5 108 108
103 126 126
20 119 20
39 93 93
93 103 103
12 73 73
73 127 127
11 47 47
39 43 43
3 85 85
38 80 80
37 74 74
50 100 50
112 113 112
69 107 107
7 90 90
79 114 114
65 117 65
24 70 24
63 100 100
42 83 42
68 85 85
10 117 117
22 124 124
72 91 72
51 95 51
3 31 31
37 92 37
36 86 86
8 110 110
46 66 66
8 27 8
18 77 77
56 114 114
3 88 88
31 68 68
4 55 55
101 110 110
48 120 120
52 79 52
13 86 86
53 94 53
11 103 11
10 54 10
64 116 116
49 110 110
28 116 116
8 105 8
27 60 60
15 41 15
13 117 13
93 94 94
35 67 67
52 68 52
33 124 124
36 91 91
28 84 28
58 68 58
47 95 47
36 53 53
12 62 12
4 69 69
98 104 104
26 125 125
89 104 104
112 114 114
12 22 22
27 79 79
2 107 107
71 77 71
74 91 74
54 109 109
71 110 71
13 93 13
42 68 42
26 127 127
73 90 90
36 69 69
22 47 47
18 113 113
4 61 61
82 124 124
40 98 98
9 24 24
58 92 58
64 99 99
68 120 120
84 115 115
25 46 25
5 63 63
44 68 68
30 125 30
112 126 112
87 107 107
77 102 77
55 128 128
35 94 94
16 35 35
40 104 104
17 65 17
16 108 108
37 62 37
103 128 128
39 40 40
36 97 97
32 75 32
70 115 115
33 39 33
118 127 127
87 96 87
39 101 101
48 115 115
70 121 121
1 28 1
26 114 114
3 12 12
19 110 110
49 86 86
7 9 7
3 78 78
56 127 127
10 103 103
13 105 105
57 91 57
8 115 115
53 74 53
77 104 104
17 81 81
11 17 11
79 100 79
80 118 118
2 13 2
44 107 107
6 47 47
19 47 47
51 70 51
102 114 114
36 73 73
2 22 2
47 122 47
26 66 66
51 81 51
97 127 127
31 102 31
89 90 90
19 118 118
122 125 122
40 112 112
12 91 12
3 20 20
29 48 29
38 60 60
58 106 106
26 101 26
24 100 24
60 74 60
81 99 99
53 57 53
16 121 121
54 120 120
40 45 45
6 122 122
5 50 50
69 102 69
65 80 80
97 118 118
93 112 112
101 103 103
17 78 78
11 82 11
81 85 81
13 81 81
45 56 45
96 118 118
9 52 52
12 16 12
55 60 60
107 109 107
110 127 127
21 39 21
90 121 121
59 107 107
8 81 81
91 110 110
29 55 29
31 110 110
52 63 52
43 78 78
29 92 29
62 98 98
24 58 24
6 103 6
35 73 73
45 63 45
22 71 71
15 52 52
42 62 42
31 109 109
1 114 1
12 36 12
79 103 79
7 12 7
55 58 55
78 79 78
120 125 120
52 82 52
60 104 60
14 66 66
14 72 72
21 72 72
40 105 105
53 56 53
80 82 80
42 61 42
76 122 76
62 120 120
10 126 126
37 121 121
84 122 122
40 103 103
11 89 11
38 115 115
32 48 32
102 108 108
25 81 81
22 111 22
73 91 73
11 36 11
51 103 51
111 115 115
60 114 60
119 120 120
58 102 58
16 82 82
14 113 113
7 19 7
11 40 11
32 40 32
22 126 22
22 102 22
42 120 42
92 123 92
98 126 98
73 112 112
6 89 89
13 16 13
3 77 77
10 68 10
16 115 115
6 21 6
2 80 2
70 122 122
9 69 69
44 121 121
82 94 94
107 111 107
4 109 109
79 99 99
62 104 104
32 43 32
62 93 93
37 90 90
38 114 114
18 82 18
11 110 11
54 89 89
19 89 89
39 84 84
1 127 1
12 46 46
28 79 28
13 17 17
51 116 116
25 127 127
8 63 8
56 70 70
28 34 28
33 102 33
65 90 90
40 80 80
67 102 67
17 67 67
22 24 22
7 101 7
33 82 33
9 111 9
12 45 45
34 92 34
90 123 90
11 91 11
2 20 2
76 108 76
6 126 126
9 17 9
48 98 98
111 125 125
52 80 52
14 115 115
83 116 116
32 118 32
6 54 6
74 88 88
115 121 121
23 59 59
9 59 59
34 40 34
33 99 99
44 51 51
62 127 127
14 33 33
14 30 30
20 54 20
49 80 49
34 93 34
12 126 126
34 108 108
30 31 30
12 60 60
47 51 51
103 109 109
11 114 11
48 109 109
51 52 51
63 123 63
18 74 74
29 97 29
41 82 41
57 97 57
32 87 32
52 126 52
9 44 9
15 80 15
105 126 126
106 127 127
21 69 69
52 106 52
91 95 91
39 48 48
60 98 60
69 122 69
11 24 11
10 23 23
8 109 109
4 53 53
21 53 53
21 27 21
51 60 60
54 75 75
45 49 49
8 76 76
119 128 128
41 77 77
47 92 47
93 106 106
27 64 64
9 16 9
78 83 78
47 110 47
10 27 10
35 39 35
70 108 70
42 50 50
61 117 61
97 99 99
85 107 107
43 95 43
11 15 11
11 126 11
62 74 74
45 85 85
32 54 32
105 116 116
20 101 20
24 45 24
33 110 110
63 88 88
78 82 78
29 51 29
45 113 113
14 35 35
23 93 23
23 125 125
11 102 11
23 97 23
15 37 15
30 102 30
45 53 53
78 80 78
49 72 72
52 99 99
64 67 64
31 92 31
66 98 66
100 128 128
10 36 10
4 60 60
103 123 103
47 90 47
103 115 115
6 36 6
35 120 120
70 96 96
18 123 18
20 102 20
44 71 71
12 17 17
110 111 110
45 121 121
19 45 19
36 123 36
64 100 64
34 61 61
8 103 103
62 91 91
54 83 83
46 56 46
3 123 3
35 55 55
10 67 67
29 106 29
32 108 32
35 42 42
31 63 63
38 51 51
79 82 79
55 90 55
22 30 30
41 76 76
84 113 113
43 97 43
56 72 72
24 122 24
15 61 61
77 82 77
57 82 57
21 37 37
42 69 42
61 84 61
28 35 28
5 49 49
100 108 108
25 101 25
83 95 83
65 103 103
16 107 107
101 109 109
70 71 71
78 127 127
35 102 35
58 114 114
121 128 121
92 101 101
67 118 67
24 126 24
88 115 88
26 31 26
34 59 59
86 122 86
78 95 78
1 12 1
28 44 28
27 110 110
10 44 10
52 112 52
14 32 32
62 116 116
16 114 114
83 103 83
84 97 84
17 119 17
54 128 128
52 94 52
43 81 81
3 38 3
104 124 104
7 63 7
9 112 112
54 98 98
3 73 73
46 109 46
52 108 52
51 83 51
42 92 42
39 92 92
41 117 41
20 61 61
6 45 6
38 58 58
25 62 25
34 126 126
66 127 127
52 96 52
81 116 116
72 124 124
48 77 77
6 87 6
7 68 7
82 89 89
26 40 26
15 121 121
9 109 109
83 108 83
76 116 116
16 128 128
19 77 77
8 118 118
25 26 25
52 70 52
47 127 127
57 109 109
37 111 111
4 106 106
25 32 32
13 98 98
88 117 88
25 39 25
12 70 70
84 108 108
66 92 66
5 119 119
44 66 66
4 46 46
108 115 115
20 33 33
24 48 24
44 109 109
60 62 60
8 41 41
9 73 73
45 104 104
42 109 42
104 109 104
80 125 125
60 65 60
107 119 107
5 13 13
10 77 77
43 82 82
49 53 53
85 89 89
75 123 75
85 109 109
80 92 80
44 48 48
42 89 42
13 79 79
78 97 78
21 41 41
44 110 110
51 68 51
19 49 49
97 112 112
39 71 71
33 105 33
5 37 37
67 109 109
53 72 53
36 102 36
83 112 83
15 107 107
10 115 115
67 76 76
83 99 99
32 84 32
8 21 8
88 108 88
79 111 79
10 90 90
92 120 120
6 58 6
82 105 105
22 63 22
2 123 2
3 108 108
11 113 11
46 96 46
83 114 114
111 118 118
13 110 110
9 54 9
26 29 29
26 88 88
85 102 85
83 85 83
57 83 83
33 77 77
35 60 60
100 117 100
70 106 106
88 118 88
1 121 1
72 101 72
12 56 12
50 90 50
2 28 28
73 116 116
26 44 26
121 123 121
87 128 128
32 112 32
30 33 30
3 62 3
74 103 74
70 93 70
23 77 77
18 73 73
116 122 116
39 113 113
4 16 4
64 75 64
93 117 93
20 34 20
41 111 41
55 99 99
36 67 67
42 77 42
77 121 121
58 64 64
15 105 15
8 119 8
24 63 24
15 30 30
26 38 26
19 34 19
93 97 93
91 106 106
49 103 103
40 120 120
2 40 2
115 124 124
20 70 70
12 95 12
84 111 111
100 103 103
38 43 43
1 105 1
28 50 50
1 71 1
4 81 81
19 52 52
34 53 53
53 69 69
11 97 11
71 108 71
33 107 107
47 102 47
7 74 74
4 33 33
62 73 73
23 50 50
1 111 1
6 24 24
9 107 107
45 75 75
40 96 96
26 32 32
8 113 113
30 101 30
47 49 47
90 95 90
38 82 82
46 125 46
10 85 85
40 109 109
72 87 72
56 92 56
26 110 110
56 118 118
13 54 13
3 27 3
3 82 82
7 64 64
9 119 9
11 27 11
54 126 126
77 125 77
30 112 30
21 24 24
25 75 25
24 85 24
4 105 4
12 66 66
23 92 23
76 109 76
2 3 2
19 83 83
59 128 128
27 50 50
26 37 26
34 38 34
64 121 121
34 73 73
43 67 67
78 84 78
95 120 120
18 34 18
65 81 81
18 62 18
69 85 69
91 124 124
15 74 15
14 49 49
11 62 11
24 68 24
98 111 98
18 55 55
42 95 42
75 97 75
6 19 6
21 22 22
36 108 108
127 128 127
58 61 61
28 78 78
5 98 98
7 56 7
109 112 112
5 56 56
4 84 4
30 56 30
46 115 46
1 2 1
13 32 32
76 102 76
2 46 2
17 115 115
91 93 91
75 116 116
79 107 107
36 54 36
42 124 42
21 117 21
21 77 77
43 111 111
45 82 45
16 48 48
42 57 42
63 92 63
12 90 90
27 86 86
14 64 64
102 118 118
21 60 60
4 14 4
104 118 104
102 105 105
9 66 66
43 86 86
90 110 110
23 61 61
59 94 59
55 66 55
23 35 35
62 118 118
2 66 2
14 110 110
14 54 14
14 25 25
29 70 29
114 118 114
73 93 73
59 105 59
40 47 47
52 60 60
38 95 38
90 111 90
20 57 57
42 78 78
15 35 15
33 49 33
21 71 71
26 94 26
85 98 98
77 105 77
71 96 71
50 124 50
34 63 34
63 86 86
20 44 20
29 85 29
36 93 93
84 118 118
94 114 114
91 104 104
5 94 94
10 22 22
14 27 14
30 106 30
37 70 70
42 98 42
96 128 128
3 67 67
38 116 116
80 120 120
13 67 67
99 105 99
43 123 43
41 45 41
52 67 52
17 90 90
6 92 6
58 75 75
10 82 82
28 85 28
94 122 122
13 21 21
8 94 94
46 114 114
36 85 85
101 123 101
30 44 30
60 103 60
41 75 75
16 90 90
114 115 114
54 112 112
37 104 104
1 65 1
22 87 22
36 65 65
6 102 6
25 65 25
36 38 36
4 118 118
124 126 124
72 114 114
1 15 1
11 29 29
43 125 125
13 76 76
4 104 104
31 53 53
69 123 69
24 115 115
7 116 116
11 28 28
60 105 60
25 120 120
72 89 89
46 48 46
6 94 6
26 71 71
13 51 51
110 124 124
65 100 100
51 102 51
54 84 84
11 64 11
38 113 113
98 115 98
52 119 52
27 56 56
1 7 1
26 126 126
95 106 106
76 115 76
19 69 69
1 74 1
44 96 96
23 84 23
79 90 90
81 124 124
20 30 30
85 110 110
77 95 77
113 127 127
79 87 79
48 124 124
52 76 52
28 61 28
30 103 30
45 76 76
25 31 25
75 104 104
70 112 112
43 127 127
81 104 104
41 59 59
10 49 49
23 36 23
1 40 1
12 79 79
36 45 45
32 34 32
49 88 88
34 127 127
117 124 124
15 46 46
11 98 11
35 117 35
32 36 32
66 107 107
66 119 66
114 125 114
8 124 124
57 119 57
20 23 20
68 110 110
5 22 22
35 98 98
14 92 14
59 62 59
92 127 127
61 77 61
96 112 112
33 40 33
48 75 48
97 106 106
34 66 66
105 128 128
48 65 48
19 20 19
57 58 57
54 58 58
28 100 28
63 89 89
111 119 111
43 106 106
54 115 115
16 76 76
58 99 99
104 128 104
20 82 20
15 44 15
72 105 72
25 93 25
92 125 125
7 14 7
48 74 48
84 119 84
85 123 85
18 19 18
12 50 50
26 124 124
13 63 13
33 50 50
74 77 77
59 104 104
75 84 75
27 88 88
75 124 124
47 81 81
81 91 81
1 102 1
99 125 99
10 16 10
55 101 55
52 100 52
43 71 71
64 98 98
81 82 81
15 125 15
19 91 19
23 91 23
27 91 91
23 121 121
33 59 59
13 37 37
50 94 50
15 33 15
21 46 46
32 62 32
58 115 115
57 84 57
65 95 65
92 98 98
23 65 23
52 127 127
25 27 25
71 95 71
74 105 74
11 12 11
31 58 58
76 114 76
79 118 79
63 122 122
29 84 29
14 21 21
16 54 16
40 91 91
8 64 64
20 32 32
92 117 117
11 25 11
5 15 15
80 87 87
51 82 51
12 81 81
5 92 92
14 81 81
70 78 78
7 67 7
9 45 9
28 83 28
18 78 78
62 97 97
35 116 116
89 128 128
17 89 89
24 77 77
53 124 124
104 120 104
75 121 121
5 18 18
21 70 70
79 126 79
37 98 98
71 114 71
24 74 24
91 102 91
87 103 87
23 28 28
3 74 74
49 120 120
1 4 1
82 103 103
78 126 78
34 67 67
9 76 76
45 78 78
77 100 77
82 122 122
116 119 116
10 46 46
42 51 42
23 40 23
114 128 128
60 117 60
1 62 1
30 62 30
44 84 84
18 33 33
82 109 109
28 52 28
109 116 116
53 93 53
17 83 83
33 115 115
9 113 113
62 122 122
32 51 32
10 18 18
70 88 88
2 53 2
10 11 11
1 5 1
68 99 99
51 126 51
61 76 61
29 102 29
75 119 75
6 12 6
29 41 29
4 79 79
14 99 99
11 59 11
114 127 127
78 114 78
106 122 106
31 108 108
29 73 29
51 99 99
102 115 115
66 105 66
39 125 125
85 96 85
84 91 91
6 96 6
49 67 67
39 104 104
30 86 30
26 89 89
27 51 51
5 64 64
67 117 67
4 95 4
33 112 112
51 74 51
40 95 40
28 99 99
22 60 60
42 126 42
45 101 45
17 56 17
67 83 83
17 60 60
58 107 107
25 86 86
50 89 50
1 119 1
12 120 120
25 99 99
27 77 77
70 103 103
61 126 61
102 113 113
12 37 37
5 46 46
62 76 76
3 96 96
7 50 50
20 71 71
15 38 15
15 32 32
40 41 41
16 98 98
47 100 47
33 64 64
28 55 28
38 100 100
84 101 101
81 115 81
18 50 50
78 117 78
43 46 46
13 48 48
36 110 110
46 92 46
41 57 57
91 118 118
17 79 79
80 84 80
69 91 69
9 35 9
34 72 72
38 71 71
7 70 7
54 95 54
74 87 74
59 114 114
49 114 114
33 54 33
41 113 113
39 70 70
5 120 120
20 26 26
30 79 30
13 104 104
113 115 115
1 79 1
42 94 42
44 55 55
51 122 51
8 13 8
34 83 83
108 111 111
56 83 83
24 46 46
12 20 20
68 72 72
25 91 25
18 27 18
8 15 15
29 36 29
39 99 99
37 39 37
69 99 99
101 128 128
13 65 13
24 30 30
74 127 127
85 88 88
11 19 11
1 107 1
89 119 89
25 53 25
13 97 13
73 74 74
60 77 60
90 122 90
82 107 107
9 64 64
40 86 86
58 88 88
89 121 121
82 85 85
46 121 121
22 88 88
11 44 11
20 45 45
99 119 99
80 121 121
86 112 86
35 122 122
66 81 81
92 110 110
18 87 87
34 115 115
59 83 59
11 99 99
87 90 90
32 91 32
71 120 71
11 54 11
66 124 124
73 89 89
31 121 121
9 95 9
27 55 55
7 21 7
42 119 42
67 107 107
45 69 69
18 128 128
89 99 99
62 124 124
24 60 60
1 32 1
6 10 6
67 127 127
39 44 44
17 30 30
71 74 71
7 46 46
53 76 76
80 103 103
122 123 122
37 72 72
34 104 104
15 87 15
105 106 106
44 75 75
30 84 30
63 102 63
73 106 106
14 73 73
28 127 127
2 124 124
10 86 86
2 38 2
38 112 112
56 98 98
23 108 23
5 26 26
38 108 108
93 119 93
62 77 77
88 101 88
57 81 81
107 121 107
29 74 29
10 21 21
25 35 25
63 79 79
30 108 30
3 44 3
69 78 78
47 83 47
43 93 93
12 42 42
14 65 14
3 61 61
37 57 57
22 89 22
53 77 77
45 60 60
18 98 98
22 57 22
81 109 81
58 98 98
44 70 70
37 75 75
6 108 6
71 94 71
13 55 55
98 116 116
63 98 98
19 101 19
49 89 89
45 70 45
10 58 58
43 114 114
4 45 4
34 54 34
79 81 81
4 64 64
26 113 113
44 91 91
38 92 92
21 128 128
8 38 8
47 125 47
8 106 106
32 88 32
64 114 114
56 96 96
7 40 7
90 116 116
13 107 107
38 49 49
26 48 48
95 127 127
52 86 86
47 107 107
1 120 1
75 98 98
58 123 58
111 124 124
2 90 2
22 121 121
24 56 24
62 86 86
7 98 98
39 89 89
87 95 87
18 75 75
19 112 112
81 112 81
75 96 75
12 119 12
15 124 124
21 34 21
55 81 81
56 80 80
30 36 30
14 126 126
21 80 80
1 103 1
16 51 51
12 13 12
20 117 20
112 119 112
52 95 52
30 42 42
50 51 50
67 105 67
34 87 87
113 114 114
1 43 1
77 97 77
6 23 6
13 56 13
53 128 128
48 84 48
24 37 24
16 59 59
40 76 76
29 123 29
7 85 85
73 104 104
2 68 2
2 4 2
5 23 23
68 84 84
57 72 72
77 83 77
91 98 98
16 89 89
64 128 128
98 120 120
87 89 89
2 27 2
4 30 30
36 124 124
38 59 59
19 42 42
22 92 22
114 123 114
29 43 29
39 111 111
21 94 94
35 97 35
11 50 50
30 120 30
32 85 32
56 106 106
3 93 93
46 104 104
101 125 125
107 110 107
11 75 11
102 117 117
60 89 60
93 110 110
4 125 125
93 105 105
13 94 94
42 46 42
16 96 96
91 125 125
18 42 42
28 118 28
44 46 46
36 78 78
22 33 22
107 128 107
42 111 42
39 121 121
29 120 29
21 55 55
22 58 22
6 32 32
64 127 127
22 77 77
1 56 1
81 118 81
13 78 78
43 126 126
57 113 57
29 65 29
71 82 71
54 72 72
66 106 66
3 10 10
6 81 81
3 125 125
14 68 14
16 18 18
69 106 69
42 64 42
3 90 90
61 114 61
18 36 18
82 118 118
39 69 69
66 89 66
41 118 41
10 87 87
12 65 12
9 117 9
48 59 59
44 103 103
15 82 15
30 57 30
90 114 114
4 67 67
73 79 79
27 112 112
9 92 9
33 103 33
27 34 34
51 115 51
123 126 126
51 73 51
55 119 55
1 30 1
71 83 71
36 117 117
39 94 94
15 29 29
83 113 83
59 87 59
98 103 98
27 76 76
15 73 15
72 117 72
23 88 88
12 113 113
7 18 7
3 118 118
86 111 86
27 66 66
75 107 107
61 89 61
5 85 85
78 96 78
7 78 78
6 90 90
10 99 99
1 16 1
20 43 20
52 109 52
114 120 120
16 117 117
32 104 32
62 88 88
67 79 79
38 46 46
70 101 70
64 109 64
17 100 17
28 77 28
22 78 78
25 67 25
54 56 56
69 127 127
45 64 64
8 116 116
78 109 78
66 78 78
14 75 75
81 108 81
46 64 46
1 48 1
47 87 47
5 7 7
3 52 52
14 61 61
65 73 73
98 99 99
22 25 22
8 111 8
35 91 35
74 109 109
2 18 2
123 128 128
11 70 11
76 120 120
39 97 97
25 88 88
31 99 99
51 78 78
35 90 90
44 87 87
62 109 109
57 93 57
43 69 69
43 100 100
73 111 73
35 99 99
51 65 51
52 73 52
13 26 26
60 95 60
31 38 31
94 95 94
68 69 69
50 70 50
70 109 109
48 100 48
36 99 99
75 120 120
8 71 71
39 47 47
94 98 98
79 128 128
32 49 32
73 110 110
38 61 61
7 24 24
111 128 128
81 92 81
36 127 127
25 111 25
10 104 104
2 101 2
2 89 2
4 74 74
38 124 124
50 76 50
31 118 118
30 68 30
12 74 74
7 119 7
2 76 2
48 94 48
3 120 120
28 103 28
80 89 89
33 100 33
74 115 115
6 55 55
115 117 115
63 69 69
82 111 111
64 105 64
95 112 112
20 105 20
42 66 42
29 109 29
49 127 127
72 103 72
39 58 58
41 55 55
116 127 127
95 125 125
105 127 127
94 96 94
18 105 18
69 88 88
27 111 111
67 124 124
2 51 51
73 108 73
79 102 79
52 58 52
11 77 11
58 70 58
104 112 104
32 109 32
66 88 88
58 117 58
13 46 46
57 76 76
56 119 56
9 105 9
39 103 103
26 33 33
55 108 55
46 51 51
8 36 8
28 70 28
41 128 128
14 88 88
26 92 26
87 111 87
18 68 18
72 96 72
98 114 114
69 80 69
54 63 63
92 104 104
37 93 37
83 126 83
27 104 104
57 98 98
36 107 107
100 120 120
11 83 11
3 106 106
51 88 88
13 70 70
47 126 47
49 90 90
31 43 43
28 53 28
48 62 48
51 105 51
33 51 51
52 74 52
34 76 76
10 127 127
67 78 78
16 50 50
29 121 29
61 65 61
25 38 25
19 72 72
52 56 52
70 99 99
43 94 94
23 110 110
17 92 17
15 45 15
16 21 21
64 106 64
17 85 85
53 87 53
11 68 11
16 36 36
4 97 4
45 59 59
39 119 119
82 84 82
83 106 83
20 68 20
17 74 74
72 120 120
48 125 48
8 74 74
78 99 99
14 63 14
16 77 77
3 56 56
29 60 29
18 39 18
16 118 118
100 124 124
67 115 115
63 66 66
92 97 97
73 122 122
8 11 11
74 94 74
61 119 61
20 72 72
27 81 81
23 29 29
29 49 29
92 106 106
109 111 109
111 116 116
100 109 109
6 119 6
73 86 86
7 123 7
9 83 83
35 106 106
58 80 58
39 116 116
70 126 126
59 76 76
84 114 114
72 123 72
52 84 52
6 40 6
10 73 73
40 50 50
2 32 32
74 110 110
118 121 121
47 80 47
34 110 110
60 71 60
25 89 25
12 28 28
81 105 81
18 20 18
84 100 100
65 94 94
25 124 124
67 125 125
48 68 48
107 118 107
1 75 1
103 114 114
71 123 71
35 72 72
15 118 15
4 21 4
43 92 43
29 114 29
59 127 127
25 61 61
12 47 47
31 36 36
79 113 79
2 70 2
49 71 71
29 128 29
35 86 86
11 55 11
36 50 50
74 111 74
2 10 2
17 19 19
49 77 77
39 46 46
33 38 33
34 99 99
44 49 49
20 22 22
9 82 9
48 61 61
44 77 77
92 95 92
25 58 25
55 83 55
98 125 98
15 58 15
50 72 50
85 91 85
63 111 111
59 112 59
86 126 86
21 88 88
51 109 51
31 120 120
38 96 96
1 122 1
6 8 6
7 104 104
5 11 11
10 114 114
21 116 116
13 15 15
20 29 29
22 34 22
42 81 42
83 124 124
51 63 51
65 119 65
58 127 127
72 75 72
32 81 32
44 112 112
69 75 69
26 49 26
50 52 50
80 108 80
10 100 100
15 76 76
100 115 115
17 52 52
1 94 1
26 61 61
26 35 26
46 73 46
19 23 19
11 21 11
31 100 100
15 79 15
18 63 18
113 118 113
126 127 127
19 97 19
29 45 29
98 123 98
76 84 76
77 127 127
59 75 59
43 59 59
42 91 42
93 127 127
23 94 94
38 91 91
76 89 76
84 125 125
27 85 85
38 50 50
44 53 53
58 118 58
42 121 121
18 94 94
13 14 13
73 84 73
2 128 128
42 118 42
95 119 119
11 108 11
3 105 105
33 60 60
54 108 108
27 29 29
107 122 107
4 11 11
7 87 87
44 50 50
81 122 81
53 83 83
10 26 26
77 101 77
22 127 127
63 68 63
1 10 1
98 108 98
104 123 104
91 108 108
12 19 19
74 78 78
16 65 65
26 87 87
6 18 6
64 80 64
91 120 120
30 83 30
1 49 1
5 76 76
6 7 6
79 93 79
15 96 15
7 66 66
74 95 74
5 45 45
41 121 121
40 92 40
2 19 2
56 90 90
57 105 57
44 114 114
87 93 87
29 104 29
25 105 25
81 120 81
106 109 109
34 102 34
12 111 111
27 121 121
34 64 64
19 84 19
38 81 81
24 53 53
25 84 25
25 117 25
54 76 76
46 75 46
77 115 77
38 53 53
74 101 74
36 114 114
17 33 33
43 54 43
20 69 69
5 62 5
73 107 107
50 106 50
13 124 124
16 64 64
60 69 60
28 38 28
43 87 87
7 121 121
4 120 120
25 109 25
47 78 78
10 64 64
65 115 115
83 111 83
23 47 47
12 27 12
34 52 52
5 30 30
53 110 110
4 82 4
15 67 15
33 66 66
50 63 50
24 28 28
9 20 9
41 63 41
31 41 41
102 119 119
89 103 89
102 104 104
5 59 59
3 86 86
27 48 48
28 95 28
40 78 78
46 81 81
64 79 64
29 30 29
8 26 26
19 48 48
23 53 53
1 35 1
10 107 107
26 46 46
34 98 98
52 62 52
83 90 83
33 56 33
7 110 110
85 125 125
99 128 99
15 84 15
63 78 78
57 103 57
97 125 125
49 128 128
20 27 20
68 109 109
48 53 53
34 122 122
13 127 127
21 62 21
2 125 2
117 119 117
3 48 48
35 103 103
85 111 85
5 97 97
39 106 106
29 62 29
110 112 110
77 81 81
5 40 40
64 123 64
14 71 71
46 76 76
19 93 19
62 121 121
8 44 8
72 102 72
35 104 104
36 57 57
12 117 12
34 49 49
3 111 111
6 35 6
9 62 9
41 98 98
19 32 32
54 82 82
19 107 107
3 76 76
57 63 57
49 68 49
1 126 1
9 67 67
51 71 71
106 107 107
62 90 90
39 108 108
7 11 11
44 90 90
76 99 99
56 99 99
8 114 114
59 77 77
34 56 34
7 61 61
60 118 60
85 119 85
23 107 107
61 108 61
91 107 107
58 79 79
25 28 28
1 52 1
1 37 1
57 68 57
18 120 120
13 101 101
77 91 77
21 61 61
25 34 25
58 78 78
43 51 51
47 67 47
91 127 127
82 125 125
56 76 76
5 58 58
111 122 122
109 117 109
69 93 69
45 52 52
72 95 72
94 104 104
4 96 4
19 86 86
89 105 89
66 117 66
57 121 121
91 111 111
3 39 3
65 113 113
88 92 88
15 128 128
9 87 87
120 121 121
27 90 90
19 109 109
34 96 96
78 128 78
37 100 37
10 52 52
51 96 51
68 119 119
5 128 128
54 90 90
10 35 35
37 123 37
71 119 71
33 114 114
13 102 13
63 109 109
67 81 81
111 117 111
70 110 110
31 80 80
17 121 121
13 116 116
47 93 47
11 16 11
101 126 126
17 51 51
69 100 69
2 60 60
9 102 9
95 116 116
66 73 66
13 103 103
11 42 42
94 102 94
11 87 11
103 104 104
37 83 83
26 117 26
77 116 116
79 96 79
75 126 126
31 67 67
89 112 112
50 101 50
56 108 108
45 47 47
4 24 24
81 87 81
55 61 61
90 120 120
5 101 101
1 38 1
40 59 59
40 48 48
50 105 50
31 65 65
57 112 112
16 105 105
65 121 121
13 68 13
52 78 78
18 118 118
25 45 25
76 103 76
33 127 127
38 97 97
24 38 24
29 94 29
39 118 118
106 111 106
11 117 11
41 69 69
27 36 36
25 37 25
53 91 53
65 87 87
40 100 100
7 49 7
72 94 72
15 72 15
13 109 109
43 121 121
8 23 8
59 124 124
2 39 2
8 19 19
118 125 125
63 124 124
9 33 33
55 70 55
82 117 82
50 96 50
98 121 121
48 56 48
78 125 78
12 86 86
12 108 12
80 117 80
21 109 109
38 54 54
35 47 47
4 85 85
76 112 76
110 118 110
27 38 27
1 92 1
16 27 16
53 109 53
95 105 105
59 90 59
24 81 81
42 43 42
1 84 1
47 89 47
31 37 37
24 125 24
57 59 59
4 34 4
6 69 69
63 76 76
15 51 51
18 114 114
20 124 124
57 62 57
65 91 91
23 24 24
17 50 50
78 93 78
43 119 43
59 89 59
26 97 26
74 121 121
43 104 104
35 49 49
68 113 113
19 100 19
5 112 112
120 123 120
44 116 116
76 127 127
9 53 53
46 103 46
8 121 121
54 68 68
26 95 26
7 81 81
7 79 79
46 50 50
77 92 77
22 27 22
32 59 32
26 116 116
42 100 42
53 55 55
16 112 112
34 81 81
31 101 101
3 14 14
88 111 88
45 86 86
65 98 98
37 120 120
87 112 112
88 127 88
47 82 47
58 94 58
5 8 8
37 99 99
7 55 55
32 86 32
61 102 61
26 76 76
18 126 126
20 41 41
74 76 76
57 102 57
8 61 61
27 122 122
70 119 70
79 104 104
70 114 114
8 16 8
55 123 55
4 59 59
6 17 6
8 102 8
32 128 32
54 124 124
64 82 64
5 53 53
12 55 55
75 110 110
26 28 28
78 104 78
70 107 107
98 128 128
72 106 106
12 52 52
15 106 15
106 123 106
29 127 29
49 115 115
45 103 103
9 39 9
19 81 81
10 112 112
50 102 50
28 57 28
62 70 70
34 95 34
61 87 61
16 41 41
1 27 1
28 72 28
56 59 59
29 100 29
27 43 43
26 93 26
18 101 18
99 126 99
37 63 37
9 124 124
43 113 113
42 103 42
52 72 52
102 110 110
110 122 110
34 77 77
32 124 32
3 70 70
67 80 67
114 124 124
60 124 60
111 113 113
5 44 44
19 128 128
7 10 7
81 83 81
48 66 66
61 113 61
6 86 86
12 77 77
79 120 120
9 29 29
67 87 87
20 120 120
7 96 7
91 126 126
108 125 125
68 95 68
39 126 126
105 120 120
51 56 51
53 98 98
101 122 122
37 46 46
27 41 41
33 96 33
63 113 113
21 91 21
86 118 86
26 112 112
107 112 107
22 112 22
90 106 90
64 83 83
66 128 128
112 116 116
12 58 58
80 124 124
32 102 32
50 108 50
21 33 33
14 105 105
42 99 99
27 72 72
28 32 32
95 98 98
29 116 29
86 120 86
61 104 104
16 93 93
40 99 99
17 76 76
17 124 124
24 97 24
57 115 115
7 111 7
21 99 99
44 64 64
60 87 60
23 95 23
83 118 83
77 122 77
58 71 71
69 77 77
1 112 1
3 91 91
6 117 6
86 89 86
1 117 1
55 68 55
69 109 69
77 126 77
123 127 127
17 57 57
44 118 118
42 73 42
61 121 121
79 115 115
29 112 29
50 115 50
11 63 11
57 79 79
46 72 46
18 23 18
23 113 113
26 54 26
3 107 107
113 126 126
31 98 98
48 67 48
37 40 37
55 114 55
124 127 127
7 118 7
12 92 12
28 123 28
29 126 29
5 125 125
79 122 79
91 123 91
95 117 117
79 85 79
73 114 114
6 65 6
5 52 52
16 124 124
54 123 54
25 104 104
54 127 127
36 61 61
60 123 60
55 75 55
9 75 75
38 122 122
88 128 88
47 71 71
51 93 51
35 108 35
87 98 98
19 106 106
10 62 10
5 9 9
68 75 75
40 66 66
51 90 51
25 115 25
43 62 43
68 90 90
25 41 25
40 89 89
121 126 121
104 114 104
40 93 93
10 88 88
26 67 26
32 79 32
71 80 71
67 95 67
11 22 11
100 121 121
23 67 67
38 79 79
19 37 19
43 68 43
62 105 105
9 36 9
48 126 126
16 97 97
7 127 127
45 62 45
27 114 114
51 67 51
73 128 128
70 77 77
48 50 50
27 127 127
106 110 110
31 119 119
41 106 106
48 104 104
4 36 4
40 123 40
4 111 4
66 113 66
58 76 76
22 103 22
48 80 48
62 71 71
60 91 60
40 55 55
35 71 71
66 76 76
79 108 79
69 116 116
43 79 79
6 123 6
28 45 28
15 27 15
3 42 42
119 123 119
123 124 124
12 71 71
52 61 61
53 115 53
53 125 53
50 122 50
18 102 18
38 105 105
2 77 2
50 67 50
10 56 56
20 28 28
12 72 72
56 63 56
37 106 106
76 94 76
36 47 47
12 118 118
31 72 72
53 103 53
54 102 54
42 53 42
11 48 11
49 101 49
10 30 30
33 73 73
84 123 84
72 116 116
4 70 4
56 57 57
41 120 120
74 75 74
48 60 60
93 114 114
3 114 114
88 116 88
84 88 88
16 25 25
12 93 12
18 28 28
55 122 55
20 31 20
30 53 30
22 72 22
70 123 70
58 66 66
50 78 50
65 106 106
25 70 25
2 16 2
76 117 76
45 99 99
4 63 4
66 103 66
19 25 25
10 63 63
107 120 107
3 45 45
38 117 117
114 119 114
49 57 57
12 85 85
16 86 86
9 11 11
46 94 46
73 118 73
53 99 99
39 86 86
21 56 21
56 67 67
57 120 120
53 122 53
13 112 112
18 69 69
9 22 22
9 72 72
1 42 1
11 23 11
7 95 7
23 66 66
2 29 29
40 83 83
82 90 90
73 109 109
43 61 61
104 119 104
5 35 35
49 84 49
45 46 46
95 122 122
35 82 35
89 110 110
85 105 85
5 32 32
58 65 58
24 33 24
26 111 26
30 32 32
106 128 128
9 80 9
8 9 9
21 45 45
34 117 34
46 126 46
39 110 110
7 86 86
63 94 94
24 39 24
110 113 110
22 74 22
84 127 127
67 71 71
96 119 96
73 97 73
43 57 57
116 128 116
73 99 99
88 125 88
21 26 26
31 106 106
40 73 73
81 106 81
53 61 61
38 104 104
8 52 52
30 64 30
64 71 71
8 122 122
44 63 63
29 47 29
47 105 47
33 67 33
67 114 114
15 43 15
108 118 118
97 123 97
39 57 57
88 123 88
7 27 7
91 100 91
16 40 16
6 20 6
80 100 80
26 78 78
126 128 128
38 88 88
109 127 127
72 121 121
77 98 77
34 55 55
51 64 51
103 121 121
41 105 41
67 91 67
2 65 2
41 115 115
2 103 2
68 101 101
23 122 122
41 49 41
21 102 21
37 115 115
39 96 96
44 102 44
32 117 32
9 116 116
106 114 114
5 55 55
44 76 76
21 84 21
16 19 19
32 99 32
71 73 71
70 75 75
66 99 99
2 91 2
46 106 46
13 20 20
65 122 122
70 95 70
86 104 104
21 114 114
101 115 115
32 46 32
59 122 59
15 55 55
1 3 1
2 75 2
46 80 46
18 48 48
81 107 107
55 72 55
80 111 80
41 102 41
22 32 32
67 101 67
3 54 3
18 121 121
57 78 78
14 123 14
35 107 107
92 113 113
32 116 32
109 120 120
85 122 122
120 122 120
27 96 96
108 120 120
22 68 22
43 89 89
41 127 127
13 89 89
18 60 60
39 79 79
44 101 101
13 77 77
22 115 22
5 28 28
85 101 85
63 128 128
16 66 66
12 99 99
70 79 79
54 64 64
13 42 42
23 25 25
69 113 69
9 49 9
79 91 79
58 125 125
22 66 22
52 54 52
39 88 88
56 122 122
42 106 42
99 122 99
21 25 25
31 48 48
25 97 25
24 78 78
64 92 64
52 115 52
71 100 71
108 112 112
58 96 58
40 54 54
46 97 46
28 102 28
26 63 26
66 75 66
50 65 50
74 108 74
65 126 126
58 59 59
17 71 71
18 26 26
31 123 31
8 112 112
17 127 127
35 112 112
71 122 71
2 100 2
82 95 82
20 58 58
86 124 86
30 60 60
90 98 98
10 55 55
32 37 32
91 116 116
37 124 124
10 128 128
87 97 87
1 81 1
83 92 83
45 115 115
40 65 65
28 66 28
30 100 30
60 108 60
28 58 28
24 25 25
28 59 28
11 34 11
103 110 110
12 48 48
65 69 69
18 56 18
55 115 55
59 100 59
32 68 32
22 39 22
23 99 99
46 52 52
28 75 28
53 104 104
17 95 17
6 70 6
103 113 113
5 38 38
47 85 47
25 82 25
104 106 104
24 26 24
32 113 32
85 97 85
39 60 60
38 78 78
65 120 120
3 63 63
78 88 88
52 87 52
112 121 121
2 121 121
59 110 110
38 41 41
77 117 77
6 105 6
59 117 59
54 103 103
49 79 79
71 112 71
6 13 6
12 38 12
9 60 60
53 114 114
11 67 11
43 53 53
36 119 119
14 85 85
9 30 30
92 121 121
28 47 28
11 49 11
25 36 25
30 82 30
73 102 73
92 119 119
65 127 127
72 92 72
14 51 51
13 71 71
65 108 108
5 61 61
93 115 115
25 33 25
27 35 35
36 59 59
58 91 58
85 92 85
31 95 31
52 66 52
44 123 44
29 57 29
82 100 82
8 24 24
47 65 47
55 113 55
29 61 29
63 117 117
93 109 109
49 102 49
41 123 41
53 84 53
35 114 114
90 112 112
6 88 88
27 103 103
2 114 2
62 80 80
72 81 81
20 106 106
78 108 78
12 67 67
15 108 15
115 118 115
83 96 83
17 41 41
4 19 4
27 61 61
57 64 64
84 87 87
32 106 32
3 112 112
19 74 74
1 58 1
72 122 72
27 128 128
2 108 2
36 111 111
69 95 69
60 68 60
17 84 17
2 81 81
46 118 46
54 86 86
96 104 104
42 49 42
85 121 121
101 112 112
5 121 121
73 123 73
101 114 114
33 69 69
65 118 118
33 63 33
38 85 85
23 41 41
47 112 47
35 89 89
23 106 106
20 52 52
41 53 53
43 112 112
7 114 114
45 125 125
13 90 90
73 120 120
31 62 31
48 64 64
15 65 15
2 71 71
5 67 67
40 126 126
50 85 50
61 109 61
37 60 60
26 56 26
85 108 85
21 82 21
27 93 93
82 126 126
6 43 6
27 53 53
43 109 109
65 71 71
44 56 56
45 93 45
80 114 114
4 35 4
1 25 1
48 82 48
99 127 99
54 62 54
1 45 1
101 111 111
11 107 107
14 19 19
78 92 78
8 25 25
25 55 55
39 115 115
38 83 83
1 22 1
74 80 74
68 117 117
57 70 57
37 73 73
74 86 86
20 125 125
12 101 12
5 36 36
58 73 73
31 49 49
30 77 30
92 115 115
53 123 53
13 121 121
96 98 98
32 94 32
23 54 23
66 93 66
2 12 2
43 63 43
14 17 17
74 118 74
64 124 124
31 96 96
61 95 61
88 120 88
14 39 14
113 120 120
20 80 80
52 64 52
24 110 110
32 74 32
28 43 28
36 58 58
8 79 79
45 122 122
94 109 109
14 46 46
98 100 98
33 84 33
51 86 86
74 112 112
27 68 68
6 61 61
9 114 114
77 96 77
20 103 103
40 70 70
42 74 42
35 41 41
9 63 9
26 36 26
21 89 89
32 93 32
88 100 88
12 110 110
32 121 32
44 115 115
8 40 8
4 41 41
13 29 29
41 90 90
19 75 75
20 97 20
53 73 53
17 103 103
100 122 122
72 84 72
67 70 67
66 77 77
92 124 124
28 90 28
3 122 122
30 109 30
28 128 28
40 44 44
46 47 47
15 68 15
26 60 60
7 97 7
22 65 22
20 46 46
88 110 88
4 9 4
22 123 22
58 93 58
89 108 89
36 40 36
20 78 78
52 121 121
26 91 26
105 125 125
19 124 124
53 64 53
41 91 41
24 47 47
22 70 22
17 64 64
34 123 34
33 42 42
14 56 14
10 79 79
53 121 121
55 106 55
56 62 56
100 104 104
4 62 4
23 45 45
43 98 98
25 48 25
16 100 100
23 102 23
39 112 112
72 97 72
16 38 16
75 102 75
18 29 29
81 125 81
43 44 43
46 62 46
59 64 59
14 55 55
5 19 19
74 114 114
43 118 118
14 77 77
12 83 83
61 83 61
62 128 128
49 91 49
47 54 47
48 72 72
78 120 78
10 19 19
49 97 49
17 114 114
32 110 32
68 100 100
28 87 28
61 97 61
40 113 113
79 92 79
3 81 81
35 43 35
18 53 53
68 114 114
27 107 107
7 120 120
38 98 98
39 100 100
40 102 40
87 123 87
83 89 83
40 63 63
53 113 53
20 90 90
14 50 50
11 65 11
61 67 61
79 116 116
13 24 24
41 107 107
85 113 85
77 94 77
16 33 33
35 51 51
64 95 64
8 56 8
49 111 49
100 102 100
63 82 82
6 84 6
30 114 30
15 95 15
54 57 57
2 8 2
70 104 104
109 118 109
58 112 112
20 126 126
34 71 71
23 58 58
56 78 78
42 54 42
37 103 103
20 73 73
25 77 77
5 110 110
20 109 109
90 102 90
48 55 55
74 96 74
17 43 17
85 115 115
83 110 110
5 115 115
1 66 1
43 85 85
67 88 88
4 38 4
71 105 71
71 127 127
19 126 126
44 108 108
106 117 106
8 30 30
81 100 81
30 105 30
57 66 66
80 127 127
79 127 127
38 101 101
21 38 21
29 111 29
4 58 58
35 70 35
9 12 9
11 79 11
19 29 29
10 125 125
103 116 116
17 80 80
20 56 20
41 62 41
82 127 127
37 114 114
25 98 25
10 15 15
64 113 64
27 101 101
39 91 91
24 91 24
12 64 64
112 117 112
61 86 86
99 118 99
59 88 88
58 122 122
93 100 100
2 122 2
28 54 28
93 118 118
63 108 108
75 111 75
32 42 32
21 32 32
7 113 113
90 115 115
50 53 50
21 49 49
11 86 86
31 87 87
86 103 86
94 111 94
76 106 76
32 58 32
25 121 121
60 79 60
30 73 30
32 66 32
28 91 28
57 106 106
56 116 116
78 113 78
91 109 109
17 110 110
7 112 112
31 117 117
14 101 101
95 103 103
5 126 126
30 67 30
17 49 49
67 93 67
67 126 126
53 111 53
69 84 69
36 70 70
3 49 49
54 111 111
39 85 85
55 116 116
91 99 99
60 121 60
14 117 14
44 111 111
3 60 60
17 128 128
53 85 53
30 119 30
25 57 25
74 120 120
99 120 99
13 85 85
51 89 51
6 101 6
79 109 79
71 116 116
88 90 88
1 9 1
34 91 34
85 117 85
28 96 28
73 76 76
76 104 104
25 79 25
10 78 78
48 105 48
17 24 24
84 103 103
81 102 81
7 80 7
20 47 47
7 23 7
28 88 88
14 37 37
100 125 125
17 120 120
7 44 7
2 126 2
47 58 47
10 119 119
88 107 88
6 53 53
11 53 11
39 64 64
18 47 47
70 80 80
43 102 43
108 122 122
14 80 80
41 71 71
37 54 37
31 76 76
56 111 111
115 120 120
67 103 103
14 121 121
43 91 91
33 71 71
37 112 112
79 95 79
113 128 128
32 55 32
33 72 72
33 44 33
45 74 74
44 113 113
46 83 46
8 45 8
18 45 18
21 101 21
97 121 121
10 97 10
122 128 128
38 66 66
26 57 57
47 117 47
33 117 33
14 38 14
10 118 118
28 109 28
8 87 87
116 120 116
46 82 46
52 65 52
14 44 14
77 110 77
46 122 46
47 114 47
38 52 52
24 86 86
12 69 69
35 83 83
17 54 17
43 120 120
42 84 42
15 62 15
45 110 110
12 34 12
51 123 51
78 123 78
50 55 50
31 60 60
72 73 72
88 91 88
41 126 126
81 111 81
96 100 96
24 49 24
41 83 83
51 119 51
20 91 20
19 60 60
63 90 90
1 88 1
41 94 41
12 105 105
92 128 128
50 87 50
6 60 60
25 54 25
15 48 15
37 128 128
12 44 12
75 81 81
16 61 61
48 73 48
53 127 127
15 81 81
15 49 15
19 94 94
90 127 127
103 124 124
15 114 114
61 118 61
90 124 124
62 101 101
18 92 18
105 123 105
52 124 124
91 101 101
101 106 106
1 34 1
49 123 49
37 109 109
101 119 101
104 113 104
26 122 122
50 66 50
64 89 64
21 30 30
64 81 81
45 73 73
97 116 116
7 77 77
62 111 111
36 49 49
40 84 84
25 66 25
100 107 107
27 40 40
43 47 47
45 72 72
20 38 20
68 115 115
35 66 66
57 80 57
31 114 114
112 128 128
15 39 15
71 79 71
51 84 51
13 80 80
15 71 71
87 120 120
69 89 69
13 91 13
3 59 59
14 58 58
47 86 86
47 123 47
31 113 113
9 115 115
113 119 113
34 50 50
62 67 67
79 98 98
31 90 90
16 53 53
72 119 72
6 74 74
9 108 9
3 80 80
16 34 34
1 93 1
8 96 96
24 114 114
4 77 77
26 74 74
6 52 52
65 114 114
2 84 2
42 63 42
55 77 77
75 92 75
26 58 58
101 105 105
5 34 34
29 69 29
30 54 30
52 98 52
49 99 99
121 122 121
73 103 73
70 102 70
18 96 18
9 120 120
99 104 99
21 65 21
22 80 22
24 36 24
19 68 19
11 60 60
1 70 1
12 15 15
18 88 88
20 66 66
87 109 109
75 128 128
22 31 22
38 94 94
11 80 11
21 68 21
54 125 125
102 107 107
41 81 81
2 95 2
12 29 29
1 78 1
23 114 114
16 22 22
104 117 104
12 33 33
37 97 37
53 70 53
68 98 98
31 42 42
71 128 71
31 64 64
12 89 89
9 78 78
16 120 120
55 63 55
30 70 30
42 79 42
16 57 57
89 120 120
106 108 106
1 73 1
42 116 116
45 105 45
34 75 75
60 112 60
29 50 29
55 64 55
18 108 18
14 120 120
9 55 55
18 44 18
41 74 74
118 128 128
50 98 50
32 67 32
63 81 81
4 100 4
37 108 37
92 112 112
29 46 29
30 124 30
72 76 76
100 105 105
16 63 63
107 125 107
3 128 128
32 52 32
78 110 78
48 58 48
34 120 120
30 75 30
19 99 99
35 58 58
7 102 7
14 125 125
10 14 14
43 70 70
60 96 60
34 42 42
77 84 77
71 99 99
31 75 75
7 8 7
44 128 128
57 74 74
16 39 16
19 113 113
63 104 104
50 81 50
24 84 24
31 74 74
44 89 89
57 67 57
34 111 111
20 62 20
40 56 56
66 120 120
49 109 109
5 89 89
8 47 47
16 122 122
36 60 60
21 100 21
25 63 25
81 96 81
58 85 85
15 19 15
16 84 84
46 105 46
27 126 126
49 105 49
56 109 109
34 86 86
23 48 48
83 119 83
61 64 61
98 122 98
75 76 76
14 108 108
27 98 98
54 94 94
12 100 12
56 101 101
56 110 110
109 110 110
20 107 107
41 72 72
23 32 32
70 98 98
76 125 76
82 92 82
30 116 116
81 123 81
50 111 50
7 76 76
13 119 13
49 73 73
68 96 96
64 85 64
68 105 105
75 103 75
56 77 77
30 49 30
7 84 7
3 11 11
11 88 88
57 122 122
18 84 18
39 78 78
15 94 15
119 124 124
15 110 110
48 63 48
95 114 114
53 54 53
79 97 79
41 87 87
34 88 88
11 123 11
68 81 81
40 115 115
53 107 107
18 112 112
76 96 76
48 103 48
14 98 98
68 97 68
7 103 7
32 122 32
64 122 64
86 117 86
95 111 111
24 55 55
45 102 45
29 79 29
48 87 48
75 118 75
95 126 126
4 121 121
90 108 90
70 90 90
89 116 116
77 79 77
22 93 22
72 107 107
55 104 104
40 60 60
32 39 32
63 126 126
14 29 29
64 90 64
37 41 41
47 66 47
64 108 64
61 74 61
77 86 86
8 57 57
93 101 101
9 91 9
54 91 91
9 122 122
30 94 30
62 119 119
9 50 50
123 125 125
118 120 120
18 25 25
17 113 113
87 124 124
7 26 7
118 123 118
8 95 8
36 43 43
88 94 88
12 21 12
109 122 109
55 124 124
75 94 75
23 38 23
119 126 126
22 91 22
30 97 30
62 64 64
108 114 114
12 23 12
50 57 50
29 64 29
59 109 59
69 72 69
61 123 61
89 102 89
6 115 115
87 99 99
25 78 78
68 116 116
44 124 124
30 128 128
18 122 122
47 106 47
52 122 52
107 124 107
66 114 114
3 103 103
49 76 76
5 106 106
43 122 122
62 113 113
22 38 22
95 99 99
23 62 23
41 56 41
75 101 75
103 112 112
57 89 89
1 50 1
14 119 14
24 95 24
101 124 124
2 94 2
19 36 19
69 128 128
13 64 64
85 99 99
14 109 109
31 112 112
18 100 18
35 124 124
8 97 8
28 62 28
105 121 121
74 89 89
94 115 115
11 118 11
60 111 60
16 95 16
58 84 58
77 114 77
87 114 114
75 78 78
117 123 117
4 52 52
23 71 71
105 119 105
112 118 112
25 43 25
23 115 115
3 117 117
12 41 41
105 114 114
66 69 69
15 69 69
24 62 24
37 127 127
15 54 15
42 107 107
10 37 37
19 120 120
24 103 24
26 86 86
63 127 127
19 111 19
56 100 100
50 77 50
14 91 14
4 98 98
8 46 46
3 102 3
52 59 52
61 82 61
19 53 53
66 71 71
2 83 2
58 97 58
63 107 107
75 88 88
74 122 122
46 55 55
9 21 9
29 39 29
10 109 109
77 88 88
17 63 17
94 127 127
102 103 103
24 32 32
26 43 26
111 123 111
58 121 121
69 103 69
106 126 106
14 43 14
116 118 116
30 46 30
55 95 55
13 35 35
4 68 4
13 61 61
11 78 78
13 108 108
43 80 80
83 105 83
8 29 29
25 90 25
9 88 88
52 77 52
56 120 120
32 71 32
84 121 121
40 97 97
32 33 32
44 120 120
7 22 22
29 38 29
62 125 125
68 104 104
36 96 96
5 95 5
48 112 112
9 41 41
10 65 65
99 102 99
80 112 112
78 103 78
15 102 15
46 71 71
8 70 8
46 67 46
16 101 101
29 124 29
44 61 61
2 115 2
16 106 106
13 33 33
22 40 22
27 39 27
7 15 15
5 122 122
65 92 65
40 124 124
59 72 59
35 96 96
55 97 55
46 90 46
79 101 79
92 94 94
51 66 51
37 118 118
39 80 80
20 63 20
23 64 64
56 85 85
90 126 90
47 64 47
67 94 94
13 84 13
31 105 105
30 38 30
38 107 107
42 47 42
97 111 111
117 122 122
57 104 104
71 78 78
18 52 52
12 59 59
99 116 99
79 80 79
54 80 80
63 80 80
70 73 73
73 98 98
10 33 33
54 93 93
23 127 127
48 121 121
10 53 53
57 77 77
75 125 125
5 99 99
32 65 32
51 92 51
51 94 51
42 67 42
19 117 19
55 100 55
26 79 79
30 121 121
30 110 30
10 74 74
51 124 124
57 75 57
119 121 121
31 59 59
8 127 127
38 47 47
45 94 94
70 86 86
44 127 127
53 89 53
3 28 28
6 85 6
58 126 126
71 121 121
87 108 87
50 128 50
96 125 125
31 44 31
3 116 116
53 88 88
32 60 32
71 126 71
28 101 28
51 118 51
120 127 127
66 84 66
4 54 4
67 112 112
26 102 26
4 23 4
91 92 91
6 91 6
106 119 106
45 127 127
19 65 19
121 127 127
12 96 96
18 40 18
12 49 49
53 66 66
76 91 76
101 127 127
67 120 120
54 88 88
61 112 61
59 74 59
48 85 48
50 93 50
5 21 21
3 57 57
21 107 107
53 102 53
48 81 81
100 101 101
20 39 20
19 46 46
70 116 116
45 68 45
59 82 59
16 62 16
99 103 99
97 105 105
22 56 22
33 62 33
37 43 37
37 61 61
22 125 22
5 12 12
103 122 122
8 35 8
69 118 69
33 108 33
66 80 66
47 53 47
19 26 26
17 88 88
5 14 14
102 121 121
4 93 4
51 62 51
21 106 106
30 98 30
20 111 20
7 35 7
24 34 24
93 104 104
48 71 71
99 108 99
96 122 122
25 108 25
67 73 73
25 87 25
79 83 83
68 107 107
2 54 2
1 72 1
73 113 73
3 50 50
78 89 78
50 54 50
33 75 75
6 83 83
86 125 86
67 100 67
22 99 99
39 128 128
120 128 128
53 90 53
3 83 83
96 97 96
11 84 11
39 82 82
43 50 50
3 101 101
23 33 33
61 120 61
36 46 46
50 123 50
46 127 127
36 42 42
30 63 30
20 51 51
6 76 76
6 114 114
41 51 51
7 82 7
22 118 22
1 80 1
70 84 70
44 57 57
86 113 86
27 62 27
27 116 116
29 107 29
26 82 26
90 109 90
71 109 71
33 93 33
14 107 107
49 85 85
20 49 49
21 119 21
88 98 88
50 59 50
64 69 69
43 66 66
72 125 72
5 27 27
26 53 53
23 96 96
26 50 50
29 32 29
42 110 42
55 125 55
118 126 126
8 32 32
57 90 90
90 101 90
4 102 4
18 30 30
5 66 66
40 94 94
71 90 71
30 74 30
19 44 19
23 78 78
56 58 58
38 86 86
62 69 69
24 94 24
45 89 89
22 69 22
65 66 66
1 54 1
74 113 74
23 69 69
85 100 85
6 33 6
25 96 25
26 77 77
95 110 110
73 101 73
69 104 104
5 109 109
46 99 99
120 126 120
66 67 66
24 112 112
57 73 57
2 64 2
16 24 24
42 86 42
44 81 81
23 26 26
81 93 81
55 107 107
18 22 22
90 107 107
63 112 112
10 66 66
9 126 126
98 127 127
45 95 45
39 56 56
53 81 81
52 116 116
91 96 96
56 88 88
18 90 90
51 72 51
80 86 86
24 41 24
97 113 113
83 125 83
61 99 99
13 38 13
28 29 29
70 118 118
74 106 106
30 72 30
7 36 7
10 94 94
10 32 32
101 121 121
22 50 50
80 93 80
23 100 23
26 27 26
16 119 119
5 70 70
14 62 14
29 108 29
89 100 89
65 86 86
24 42 42
30 40 30
67 86 86
59 123 59
75 113 75
2 87 2
2 61 61
10 39 10
7 99 99
38 75 75
82 112 112
89 111 89
11 120 120
77 120 120
18 21 18
41 103 41
14 102 14
42 80 42
33 48 48
12 53 53
3 21 21
27 63 63
13 99 99
44 98 98
15 34 15
9 98 98
66 110 110
8 22 22
14 104 104
14 86 86
70 120 120
20 86 86
16 113 113
28 110 28
52 118 52
11 69 11
49 58 58
69 83 69
33 81 81
36 41 41
46 124 124
89 118 89
80 88 88
114 121 121
21 111 111
16 111 111
65 101 101
40 117 117
55 67 55
7 47 47
101 116 116
62 66 66
6 113 6
38 84 84
28 36 28
19 58 58
61 68 61
76 79 76
4 75 75
100 127 127
22 26 22
18 116 116
42 97 42
91 105 105
21 50 50
38 93 93
13 43 13
9 121 121
69 117 69
23 46 46
44 79 79
2 50 50
114 126 114
29 31 29
11 13 11
8 78 78
4 107 107
9 57 57
69 110 110
28 60 60
93 121 121
78 122 78
27 92 27
59 95 59
49 55 55
25 29 29
89 126 89
68 91 91
11 81 81
96 105 96
114 116 116
89 127 127
39 72 72
34 97 34
22 83 22
75 83 83
1 67 1
51 59 51
10 42 42
19 38 19
33 86 86
62 81 81
30 104 104
18 31 18
43 124 124
13 114 114
80 105 80
14 82 82
55 105 55
25 95 25
22 116 116
73 95 73
1 21 1
82 98 98
88 97 88
48 54 48
40 67 67
16 123 16
3 97 97
32 95 32
39 123 123
52 93 52
93 113 113
15 103 15
18 51 51
72 85 72
17 104 104
34 74 74
58 63 58
12 26 26
60 86 60
45 87 87
20 42 42
94 120 120
4 28 28
4 51 51
57 124 124
16 60 60
92 114 114
44 59 59
17 99 99
39 77 77
24 59 59
78 115 78
26 80 26
80 106 106
25 69 69
44 65 65
54 96 96
41 58 58
1 89 1
4 112 112
3 13 13
4 25 25
32 98 32
50 95 50
37 49 49
75 85 75
24 50 50
72 80 72
77 106 77
52 83 52
18 71 71
15 36 15
17 98 98
13 39 13
12 128 128
3 92 3
47 69 47
16 83 83
30 90 30
37 51 51
44 62 44
65 93 65
49 52 52
60 64 60
29 87 29
38 127 127
94 116 116
66 83 66
56 69 69
27 89 89
55 78 78
16 80 80
77 78 78
20 64 64
19 104 104
87 122 122
24 87 24
4 18 18
19 80 19
21 113 113
9 14 9
49 94 94
31 122 122
73 75 73
47 79 47
57 71 71
58 86 86
37 85 85
54 78 78
57 107 107
15 119 15
90 94 90
19 28 28
45 80 80
100 123 100
66 96 66
20 112 112
48 116 116
46 88 88
74 125 125
5 10 10
38 106 106
54 104 104
37 113 113
30 47 30
84 102 84
94 110 110
52 101 52
41 84 41
88 112 88
33 57 57
19 85 85
93 124 124
77 107 107
65 109 109
72 88 88
54 100 100
18 38 18
1 29 1
20 53 53
50 71 50
34 109 109
36 94 94
3 75 75
37 59 59
47 128 128
23 31 23
24 52 52
45 48 48
58 116 116
9 99 99
50 97 50
6 16 6
6 112 112
76 95 76
19 73 73
59 63 59
7 65 7
19 27 19
55 80 55
15 122 15
10 76 76
66 70 66
96 102 96
79 110 110
72 104 104
80 126 126
90 91 90
17 37 17
36 76 76
48 101 48
66 87 66
65 111 111
64 70 64
23 73 73
35 36 35
110 114 110
51 108 51
14 60 60
47 56 47
58 128 128
56 124 124
48 51 51
60 82 60
10 92 10
87 121 121
33 94 33
20 50 50
53 71 71
18 99 99
64 126 64
70 128 128
37 122 122
24 79 79
93 99 99
102 111 111
5 104 104
108 119 108
84 94 94
81 90 81
98 110 110
57 101 57
5 84 84
24 118 24
36 82 82
29 59 29
61 94 61
33 101 33
6 41 6
69 71 71
39 83 83
17 39 17
102 126 126
5 16 16
51 54 51
34 118 118
79 105 79
2 14 2
46 61 61
45 126 126
96 108 96
1 104 1
39 67 67
91 128 128
5 78 78
38 64 64
6 67 6
26 55 55
18 104 104
7 39 7
9 46 46
36 88 88
71 104 104
31 66 66
108 113 113
1 99 1
20 76 76
121 125 121
97 98 98
88 93 88
74 84 74
36 126 126
61 125 61
20 74 74
11 94 11
36 122 122
23 104 104
4 123 4
62 102 102
76 123 76
96 113 113
23 85 85
59 85 59
49 93 49
12 124 124
27 31 31
11 52 52
35 62 35
45 50 50
76 83 76
8 62 8
98 113 98
67 116 116
5 31 31
82 96 96
41 89 89
62 79 79
35 118 118
7 31 7
46 113 46
54 71 71
60 119 60
90 99 99
71 102 71
28 94 28
9 94 94
25 112 25
9 93 9
101 118 118
46 58 46
29 99 29
18 32 32
83 87 83
8 104 104
25 64 25
81 114 81
25 113 25
23 98 98
61 78 78
21 87 87
28 120 28
36 112 112
38 119 119
7 94 7
45 83 83
44 67 67
5 69 69
31 55 55
63 115 115
21 44 21
70 72 72
25 118 25
48 88 88
19 33 33
96 111 96
8 69 69
9 23 9
36 56 56
69 92 69
21 120 120
35 84 35
49 104 104
48 93 48
86 127 127
20 87 87
66 121 121
4 80 4
65 128 128
55 74 55
19 66 66
24 93 24
82 97 82
81 97 81
17 20 20
5 43 43
87 115 115
50 116 116
60 83 60
82 101 82
59 70 59
7 93 7
25 40 25
15 100 15
100 111 111
2 113 2
15 23 15
30 127 127
67 122 122
38 87 87
35 38 35
73 80 73
5 60 60
30 93 30
9 96 9
20 128 128
23 52 52
25 92 25
29 122 29
3 32 32
18 127 127
49 65 49
25 102 25
94 105 94
25 123 25
36 128 128
44 106 106
63 70 70
17 18 18
30 50 50
15 16 15
45 117 45
35 56 35
69 114 69
104 125 104
30 88 88
98 118 98
106 121 121
21 110 110
4 31 4
34 44 34
70 124 124
51 128 128
21 108 21
70 74 74
4 49 4
3 35 35
88 119 88
10 89 89
58 101 58
39 122 122
18 107 107
16 52 52
42 105 42
78 100 78
30 59 30
78 124 78
21 83 83
27 57 57
10 83 83
43 77 77
8 128 128
65 102 65
4 26 26
65 79 79
63 99 99
5 88 88
90 128 128
28 51 28
17 61 61
59 113 59
41 80 41
12 103 103
26 106 106
6 78 78
49 63 49
31 32 32
107 113 107
75 127 127
22 106 22
67 113 113
55 89 55
23 126 126
39 117 117
85 120 120
41 100 41
7 72 72
94 118 94
39 62 62
25 106 25
51 127 127
19 30 30
71 97 71
115 119 115
88 126 88
77 128 128
58 109 109
7 69 69
28 113 28
94 100 94
82 115 115
53 58 53
63 125 125
70 113 113
8 126 126
29 95 29
8 18 18
103 111 103
22 117 22
72 78 78
51 87 51
55 121 121
50 125 50
85 112 112
3 7 7
21 96 96
1 53 1
94 106 106
118 122 122
24 127 127
51 125 51
14 94 94
6 31 6
76 93 76
103 106 106
84 90 90
72 86 86
13 28 28
94 101 94
39 50 50
26 70 26
42 58 42
6 110 110
20 55 55
51 76 51
51 107 107
15 85 15
68 88 88
30 58 30
9 110 110
45 77 77
44 80 80
63 71 71
54 101 101
71 72 71
12 31 12
70 81 81
40 116 116
49 119 49
24 105 24
117 125 125
35 74 74
77 90 77
18 79 79
34 69 69
45 108 45
87 91 87
12 24 24
18 95 18
63 72 72
18 76 76
46 119 46
28 125 28
41 108 41
11 93 11
6 80 6
19 59 59
108 127 127
58 77 77
33 58 58
49 83 83
63 74 74
1 109 1
23 63 23
22 46 22
115 127 127
68 80 80
22 120 120
32 115 32
66 91 66
39 98 98
54 70 70
98 109 98
67 92 67
11 106 11
54 65 65
3 53 53
33 97 33
51 111 51
30 87 30
117 118 118
81 84 81
22 108 22
2 102 2
50 112 50
48 119 48
51 77 51
33 87 87
24 65 24
17 116 116
97 119 119
52 107 107
83 102 83
23 86 86
55 109 55
12 54 12
7 62 7
15 83 83
52 81 81
54 113 113
1 17 1
97 115 115
12 84 12
4 114 114
2 96 2
26 98 98
1 47 1
40 108 108
67 111 67
12 35 35
58 74 74
115 128 128
1 69 1
34 70 70
24 76 76
99 106 99
107 126 107
44 122 122
81 110 81
4 12 4
82 114 114
34 43 34
21 52 52
28 48 28
34 113 113
89 124 124
63 106 106
48 97 48
10 40 10
8 28 28
48 90 90
8 68 8
60 81 60
57 92 57
74 81 81
5 39 5
16 85 85
67 90 90
26 69 69
39 42 42
31 71 71
84 117 117
11 61 61
55 93 55
114 117 114
34 36 34
77 85 77
16 43 43
30 41 30
1 123 1
101 113 113
29 117 29
12 98 98
51 61 51
97 117 117
74 83 83
1 33 1
10 123 10
97 104 104
35 64 64
3 100 100
7 91 7
89 125 89
53 119 53
37 47 47
10 50 50
12 102 12
6 34 6
6 14 6
73 124 124
76 87 76
20 21 20
104 121 121
100 106 106
96 110 110
37 68 37
71 118 71
59 120 120
1 96 1
22 36 22
64 97 64
66 116 116
73 81 81
43 52 52
22 53 22
9 74 74
30 122 30
46 86 86
4 88 88
80 107 107
92 116 116
23 42 42
30 66 30
32 123 32
50 69 50
32 107 32
2 56 2
45 96 96
45 57 57
75 114 114
109 123 109
12 88 88
12 122 122
42 44 42
46 69 69
15 60 60
1 110 1
19 40 19
87 127 127
25 51 51
2 30 30
54 99 99
62 72 72
59 91 59
40 119 119
3 119 119
95 104 104
25 68 25
97 107 107
36 83 83
9 25 25
10 110 110
19 35 19
76 78 78
41 50 50
22 128 128
6 73 6
80 83 83
70 105 70
58 113 113
100 110 110
4 116 116
28 82 28
33 111 33
33 113 113
50 117 50
74 104 104
75 89 89
5 127 127
29 101 29
60 93 60
97 108 108
31 40 31
31 47 47
15 86 86
35 128 128
44 88 88
25 100 25
9 18 18
35 88 88
9 70 9
26 85 85
33 79 79
56 66 66
50 75 50
7 100 7
9 77 77
60 73 60
97 120 120
34 80 80
42 96 42
112 124 124
37 65 37
14 16 14
87 92 87
17 87 87
55 65 55
47 99 99
86 107 107
26 39 26
94 121 121
30 126 30
9 32 32
30 43 30
97 110 110
37 86 86
8 12 8
8 82 8
16 49 49
5 118 118
21 115 115
65 83 83
1 64 1
53 68 53
40 58 58
18 65 18
68 73 73
69 121 121
61 116 116
59 106 59
39 45 45
98 119 98
39 76 76
54 67 67
43 117 43
102 122 122
40 77 77
34 51 51
101 120 120
95 121 121
57 96 57
82 110 110
28 30 28
74 107 107
48 92 48
87 125 125
14 103 103
17 36 17
58 104 104
20 116 116
12 123 12
32 45 32
55 82 55
44 125 125
68 74 74
35 93 35
108 124 124
68 106 106
12 107 107
61 122 61
77 119 77
14 36 14
39 63 63
12 114 114
6 116 116
14 79 79
21 79 79
1 8 1
59 92 59
75 93 75
14 96 96
61 62 61
76 111 76
13 58 58
59 73 59
66 82 66
31 52 52
70 94 94
82 86 86
12 121 121
28 63 28
53 78 78
22 119 22
63 121 121
101 117 101
95 96 96
14 41 41
27 124 124
51 58 51
80 110 110
2 106 2
94 123 94
21 31 21
65 76 76
6 99 99
78 94 78
72 126 72
11 14 11
115 123 115
56 112 112
4 86 86
6 30 30
104 108 104
9 28 28
36 62 36
62 100 100
5 117 117
51 110 51
13 27 13
96 115 115
94 124 124
14 100 14
94 125 125
83 122 83
51 69 51
68 123 68
33 98 98
105 118 118
23 34 23
95 124 124
25 83 25
43 108 108
15 123 15
18 70 18
58 110 110
22 37 22
13 36 13
1 20 1
29 67 29
13 45 45
88 89 88
44 119 119
95 109 109
50 56 50
46 110 110
10 47 47
28 80 28
10 122 122
15 93 15
31 115 115
39 53 53
32 70 32
84 93 93
71 113 71
52 89 52
37 80 80
17 109 109
57 111 57
47 101 47
83 120 120
8 54 8
30 107 107
6 66 66
22 90 22
73 85 73
35 101 35
16 31 31
75 77 77
13 66 66
102 128 128
2 55 2
66 79 66
60 92 60
33 70 33
14 74 74
27 82 82
61 79 61
64 125 64
9 38 9
71 117 71
75 95 75
65 75 75
6 62 6
68 103 103
3 22 22
30 55 30
9 58 58
3 89 89
39 59 59
24 71 71
3 99 99
87 88 88
58 62 58
73 88 88
19 116 116
86 121 121
29 93 29
74 128 128
11 104 104
78 86 78
3 98 98
83 121 121
57 88 88
3 34 34
50 107 107
34 79 79
98 117 98
73 78 78
51 113 51
93 108 108
22 48 22
28 42 28
60 107 107
71 91 71
7 25 25
52 71 71
49 124 124
98 107 107
53 67 53
7 115 115
52 117 52
38 56 56
72 83 83
4 113 113
75 86 86
62 87 87
41 109 109
30 51 30
23 83 83
5 90 90
19 108 19
46 93 46
64 88 88
1 91 1
7 105 7
86 105 86
4 83 83
20 98 98
7 51 51
24 83 83
1 76 1
71 106 71
42 122 42
14 52 52
11 71 71
12 125 125
84 95 84
62 107 107
43 48 48
10 34 34
16 125 125
23 80 80
4 42 42
24 80 24
1 60 1
94 103 103
28 76 28
1 87 1
112 123 112
15 127 127
63 101 101
37 50 50
66 123 66
44 52 52
66 94 66
97 124 124
6 125 125
79 106 79
14 67 67
70 125 125
93 107 107
76 82 76
60 61 60
4 43 4
42 114 42
11 31 11
79 84 79
6 127 127
20 95 20
84 128 128
41 110 110
61 127 127
45 58 58
37 77 77
60 113 60
19 87 87
110 116 116
87 118 87
53 96 53
21 66 66
18 80 18
41 78 78
35 61 61
93 128 128
26 121 121
19 82 19
23 82 23
62 84 84
43 83 83
87 126 126
47 94 47
96 114 114
37 53 53
42 90 42
75 99 99
34 41 41
42 82 42
2 33 2
86 95 86
69 124 124
25 42 42
16 73 73
48 108 48
41 97 41
7 58 58
67 75 75
92 122 122
41 95 41
47 48 47
10 43 43
38 111 111
39 65 65
95 100 100
72 109 109
24 89 24
78 85 78
92 107 107
36 74 74
81 89 81
17 62 17
32 125 32
64 73 64
116 126 116
42 88 88
3 69 69
14 57 57
89 93 89
30 48 30
74 123 74
56 126 126
20 83 83
53 62 53
113 117 113
1 113 1
68 83 83
26 64 64
18 106 106
10 121 121
21 57 57
28 112 28
74 98 98
75 87 75
95 101 101
29 77 29
17 47 47
49 66 66
46 91 46
21 90 90
106 125 106
2 74 2
8 89 89
27 78 78
80 101 80
63 119 63
17 96 96
13 19 19
3 72 72
83 104 104
7 16 7
26 120 120
40 122 122
59 102 59
67 68 67
27 94 94
74 100 74
80 97 80
28 119 28
31 73 73
112 122 112
32 119 32
16 127 127
20 59 59
13 23 23
73 121 121
37 96 96
11 92 11
36 115 115
8 84 8
3 46 46
32 63 32
5 102 102
60 72 60
15 89 15
37 88 88
16 67 67
68 89 89
40 49 49
93 96 96
3 51 51
23 39 23
32 57 32
10 38 10
32 80 32
82 123 82
10 48 48
68 118 118
24 106 106
15 126 15
8 86 86
93 123 93
25 44 25
27 75 75
2 98 2
17 72 72
36 52 52
16 102 16
36 51 51
8 43 8
2 42 42
91 122 122
3 24 24
28 68 28
8 100 8
8 51 51
89 113 89
36 81 81
38 103 103
28 121 121
16 42 42
60 116 60
17 102 17
1 116 1
73 126 126
23 68 23
74 102 74
72 98 98
69 81 81
8 90 90
107 116 107
22 98 22
12 18 18
37 79 79
9 27 9
52 57 52
76 97 76
100 114 114
47 97 47
55 88 88
13 40 13
16 103 103
64 118 64
48 57 48
57 126 126
62 94 94
1 61 1
30 39 30
92 96 96
15 25 25
8 60 60
66 104 104
25 49 25
84 116 116
64 74 64
56 60 60
60 99 99
8 66 66
7 41 7
66 95 66
21 112 112
44 73 73
19 121 121
9 56 9
45 112 112
22 64 22
25 59 25
10 93 93
9 125 125
22 97 22
6 79 79
50 88 88
6 59 59
62 78 78
13 49 49
28 108 28
80 128 128
89 98 98
28 81 28
49 62 49
34 101 101
28 111 28
35 110 110
35 48 48
57 125 125
54 97 97
47 91 47
68 126 126
41 43 41
72 108 72
2 44 2
68 121 121
103 107 107
64 104 104
41 47 47
88 102 88
12 78 78
39 102 102
26 72 72
43 105 105
57 94 57
89 106 106
10 105 105
41 101 41
22 54 22
45 66 66
38 99 99
82 87 87
36 103 103
1 128 1
58 87 87
88 106 88
24 64 64
17 94 94
65 125 125
53 80 53
105 122 122
7 34 7
52 69 52
20 36 20
8 58 58
4 66 66
23 49 49
32 82 32
26 99 99
15 109 15
27 125 125
11 127 127
76 101 76
22 55 55
11 45 11
17 106 106
54 105 105
2 15 2
41 86 86
4 32 32
5 47 47
25 107 107
80 113 113
101 108 101
42 102 42
84 92 84
44 85 85
18 85 85
85 93 85
68 76 76
58 95 58
36 68 68
30 69 30
53 75 53
75 108 75
106 113 106
41 112 112
25 122 25
50 62 50
58 90 90
2 11 2
107 127 107
15 116 116
53 112 53
11 95 11
59 81 81
69 112 69
40 106 106
110 120 120
19 71 71
77 112 77
37 117 37
17 75 75
16 28 28
66 72 66
93 122 122
44 78 78
59 125 59
46 53 46
84 86 86
6 11 11
23 89 89
33 43 33
47 52 47
18 103 103
65 97 65
27 95 27
5 111 111
54 119 119
28 31 28
64 86 86
56 84 56
42 75 42
49 96 49
17 26 26
13 113 113
64 76 76
2 73 2
22 82 22
10 98 98
8 49 49
16 74 74
51 112 51
76 128 128
2 43 2
24 40 24
94 99 99
12 30 30
87 110 110
75 82 75
89 117 89
29 113 29
111 120 120
61 100 61
16 37 37
4 101 4
2 72 2
79 112 112
6 57 57
22 85 22
24 72 24
24 82 24
85 114 114
9 118 118
31 39 31
61 75 61
19 95 19
54 73 73
80 91 80
103 120 120
27 83 83
32 105 32
36 37 37
17 28 28
32 97 32
67 121 121
76 121 121
5 51 51
47 84 47
45 81 81
17 40 17
64 77 77
6 75 6
39 127 127
84 120 120
61 106 61
105 108 105
70 83 83
27 33 33
20 118 118
42 113 42
55 84 55
38 70 70
