128 4105
90 118 90
108 112 102
50 112 50
19 96 14
115 128 110
110 118 110
5 59 1
46 71 46
23 70 18
114 116 110
28 57 22
14 81 14
28 87 22
71 86 66
24 44 18
1 10 1
72 124 66
113 118 106
21 97 14
26 96 26
43 128 38
7 115 2
32 75 26
60 70 54
48 73 42
63 74 58
31 85 26
37 118 30
58 89 58
36 101 30
13 120 6
50 70 50
5 126 1
13 100 6
20 81 14
5 74 1
100 107 94
122 124 118
114 117 110
50 64 50
10 83 10
77 89 70
20 85 14
89 110 82
5 119 1
85 121 78
14 47 14
22 44 22
36 118 30
120 121 114
104 113 98
14 36 14
7 90 2
58 101 58
20 89 14
22 102 22
49 112 42
36 47 30
33 68 26
103 104 98
14 76 14
117 126 110
42 81 42
103 107 98
1 67 1
83 98 78
8 90 2
85 106 78
68 112 62
6 104 6
75 87 70
93 116 86
74 83 74
5 116 1
29 99 22
10 113 10
68 124 62
102 117 102
41 96 34
89 116 82
50 59 50
3 18 1
89 91 82
16 124 10
78 81 74
9 29 2
50 121 50
16 105 10
99 100 94
14 34 14
54 55 50
70 115 70
100 105 94
7 94 2
46 107 46
78 90 78
36 66 30
4 110 1
58 75 58
28 51 22
70 108 70
7 86 2
54 57 50
46 103 46
33 119 26
2 30 2
120 124 114
44 102 38
10 42 10
32 106 26
85 107 78
44 88 38
80 105 74
107 125 102
10 53 10
55 65 50
71 113 66
86 127 86
10 21 10
106 117 106
102 110 102
13 110 6
41 51 34
25 34 18
99 112 94
49 71 42
35 49 30
26 81 26
58 96 58
85 125 78
3 90 1
3 21 1
68 87 62
59 119 54
6 45 6
1 30 1
30 95 30
88 128 82
2 75 2
11 115 6
16 39 10
65 90 58
36 56 30
26 72 26
75 88 70
10 25 10
108 109 102
64 105 58
68 86 62
14 97 14
6 76 6
1 121 1
97 116 90
21 63 14
30 36 30
6 73 6
84 108 78
10 27 10
25 62 18
2 77 2
2 60 2
82 127 82
42 49 42
22 62 22
61 71 54
91 109 86
94 113 94
14 40 14
27 62 22
6 68 6
82 119 82
31 97 26
59 118 54
108 118 102
83 90 78
9 124 2
101 128 94
110 125 110
13 97 6
31 106 26
69 70 62
101 119 94
93 123 86
8 68 2
59 80 54
45 50 38
19 78 14
14 100 14
1 35 1
36 38 30
106 119 106
104 127 98
77 125 70
116 126 110
99 101 94
14 29 14
22 59 22
72 121 66
1 26 1
83 88 78
2 107 2
46 50 46
18 56 18
46 122 46
22 85 22
8 99 2
45 100 38
48 95 42
42 101 42
35 85 30
40 107 34
30 72 30
50 88 50
46 77 46
7 29 2
55 57 50
59 73 54
45 54 38
53 106 46
34 74 34
38 101 38
6 70 6
19 27 14
93 114 86
83 96 78
2 88 2
83 119 78
40 105 34
18 103 18
1 45 1
24 51 18
44 47 38
58 126 58
41 76 34
70 71 66
74 88 74
43 69 38
26 48 26
22 65 22
14 109 14
30 108 30
65 123 58
80 95 74
96 126 90
106 120 106
93 97 86
22 42 22
56 123 50
58 62 58
70 94 70
70 112 70
41 104 34
57 82 50
45 77 38
14 103 14
34 107 34
106 123 106
43 105 38
87 110 82
16 25 10
22 91 22
10 39 10
62 89 62
20 99 14
26 113 26
65 80 58
34 122 34
2 6 2
95 121 90
31 39 26
50 103 50
44 98 38
6 17 6
11 46 6
83 111 78
6 39 6
54 89 54
24 79 18
106 118 106
88 98 82
31 49 26
15 126 10
44 97 38
34 51 34
46 91 46
6 21 6
11 26 6
80 100 74
35 89 30
28 48 22
29 93 22
106 125 106
61 62 54
80 115 74
78 115 78
97 108 90
69 124 62
40 115 34
48 49 42
45 84 38
43 115 38
6 106 6
50 65 50
30 32 26
77 78 70
8 110 2
40 52 34
47 97 42
46 70 46
83 107 78
26 42 26
48 111 42
48 118 42
86 121 86
39 90 34
36 120 30
68 92 62
107 117 102
49 83 42
38 63 38
111 116 106
18 63 18
11 103 6
79 114 74
90 113 90
66 102 66
14 15 10
1 104 1
67 94 62
109 119 102
27 79 22
36 70 30
10 50 10
73 119 66
96 118 90
10 37 10
66 90 66
7 9 2
23 56 18
13 31 6
57 120 50
36 89 30
79 97 74
59 63 54
30 117 30
55 70 50
91 101 86
77 83 70
42 71 42
49 85 42
7 77 2
37 91 30
50 63 50
19 110 14
113 126 106
53 126 46
36 64 30
46 48 42
6 11 6
71 74 66
34 105 34
105 112 98
26 44 26
78 122 78
54 86 54
14 120 14
2 35 2
1 37 1
2 68 2
1 117 1
10 111 10
10 78 10
14 65 14
38 109 38
6 37 6
73 92 66
1 25 1
13 54 6
52 63 46
106 124 106
1 8 1
1 2 1
94 115 94
14 117 14
7 75 2
76 97 70
55 113 50
7 104 2
25 38 18
18 53 18
8 64 2
69 126 62
92 95 86
35 63 30
81 108 74
57 106 50
22 63 22
63 103 58
66 76 66
95 110 90
43 71 38
59 66 54
51 61 46
30 53 30
17 121 10
98 100 94
26 110 26
59 117 54
19 111 14
119 123 114
47 112 42
35 54 30
33 88 26
82 99 82
69 109 62
54 98 54
88 106 82
65 78 58
76 80 70
48 53 42
81 101 74
50 60 50
70 78 70
39 68 34
53 82 46
72 88 66
80 84 74
4 59 1
30 125 30
86 126 86
10 31 10
56 125 50
110 127 110
94 96 90
5 66 1
9 73 2
118 126 118
104 115 98
37 75 30
21 79 14
4 55 1
112 124 106
57 108 50
78 83 78
87 111 82
35 56 30
35 59 30
42 108 42
69 77 62
6 47 6
5 49 1
42 98 42
40 62 34
56 70 50
88 90 82
38 126 38
43 113 38
18 46 18
15 45 10
34 96 34
13 66 6
43 82 38
57 103 50
43 102 38
26 116 26
48 64 42
22 41 22
57 83 50
18 61 18
39 62 34
1 13 1
19 107 14
55 116 50
77 88 70
110 114 110
2 112 2
14 95 14
115 124 110
54 83 54
31 75 26
55 87 50
8 95 2
30 91 30
50 93 50
4 9 1
98 104 98
14 23 14
12 16 6
48 61 42
24 104 18
34 123 34
10 121 10
56 126 50
5 31 1
96 123 90
12 76 6
52 116 46
50 81 50
5 13 1
10 49 10
9 126 2
86 100 86
2 63 2
10 86 10
68 91 62
26 57 26
6 8 2
112 122 106
1 76 1
41 95 34
90 107 90
24 37 18
57 94 50
68 83 62
113 121 106
52 106 46
41 97 34
25 98 18
36 42 30
48 52 42
36 110 30
71 118 66
11 68 6
88 103 82
56 95 50
30 58 30
27 72 22
108 119 102
72 94 66
65 112 58
19 79 14
30 71 30
22 37 22
72 75 66
75 92 70
58 117 58
75 81 70
42 70 42
95 106 90
5 41 1
2 24 2
96 108 90
57 73 50
10 94 10
58 99 58
4 128 1
46 72 46
37 117 30
2 8 2
22 112 22
41 52 34
113 119 106
81 122 74
43 119 38
71 120 66
75 112 70
9 42 2
21 105 14
1 80 1
99 102 94
7 19 2
37 71 30
11 104 6
7 65 2
2 109 2
85 124 78
18 114 18
62 79 62
93 118 86
46 111 46
59 123 54
62 86 62
32 125 26
1 100 1
17 90 10
58 93 58
14 38 14
18 29 18
29 85 22
67 105 62
84 125 78
49 52 42
21 110 14
101 123 94
29 31 22
79 100 74
37 119 30
1 18 1
114 115 110
2 47 2
1 19 1
15 83 10
1 21 1
6 28 6
56 62 50
121 125 114
112 117 106
88 126 82
1 60 1
88 109 82
28 55 22
118 120 114
89 128 82
56 91 50
20 111 14
7 8 2
69 86 62
63 67 58
22 40 22
39 87 34
36 77 30
107 121 102
34 111 34
64 68 58
13 115 6
86 107 86
87 126 82
71 110 66
45 119 38
54 66 54
62 126 62
52 73 46
1 50 1
103 125 98
94 98 94
23 100 18
66 68 62
33 103 26
49 73 42
21 65 14
27 69 22
108 111 102
77 90 70
74 95 74
20 54 14
51 98 46
44 84 38
23 25 18
28 44 22
6 95 6
22 117 22
111 126 106
89 97 82
6 38 6
78 121 78
1 114 1
14 126 14
92 93 86
64 90 58
19 94 14
46 58 46
72 108 66
123 128 118
45 69 38
41 84 34
19 97 14
109 111 102
35 36 30
116 122 110
70 113 70
30 63 30
49 72 42
16 45 10
18 24 18
58 65 58
44 99 38
83 117 78
14 70 14
50 97 50
66 79 66
10 15 10
19 125 14
82 83 78
7 13 2
74 76 70
74 87 74
32 58 26
32 77 26
84 111 78
23 54 18
7 95 2
97 105 90
50 52 46
19 58 14
51 52 46
93 101 86
2 67 2
35 105 30
31 64 26
88 110 82
45 94 38
51 65 46
4 83 1
1 38 1
70 97 70
52 126 46
56 122 50
6 115 6
10 95 10
45 123 38
41 68 34
27 47 22
36 122 30
74 118 74
81 89 74
38 92 38
44 76 38
34 125 34
69 111 62
9 43 2
26 58 26
87 100 82
56 64 50
22 69 22
28 65 22
38 114 38
50 74 50
91 93 86
9 59 2
38 49 38
23 59 18
1 103 1
1 84 1
36 85 30
46 61 46
74 100 74
62 118 62
50 89 50
105 115 98
104 121 98
75 121 70
46 96 46
50 79 50
120 127 114
4 124 1
13 98 6
51 56 46
91 104 86
83 124 78
72 114 66
28 73 22
89 94 82
22 45 22
71 101 66
6 82 6
38 89 38
45 102 38
2 15 2
40 42 34
50 67 50
75 126 70
72 78 66
10 77 10
4 71 1
30 61 30
36 68 30
96 110 90
27 126 22
82 101 82
83 122 78
5 114 1
7 100 2
72 112 66
39 53 34
14 80 14
30 31 26
4 43 1
37 88 30
38 103 38
26 60 26
57 99 50
13 125 6
21 98 14
51 108 46
17 128 10
87 89 82
25 108 18
50 66 50
12 40 6
25 83 18
21 123 14
48 86 42
6 100 6
23 34 18
10 23 10
7 116 2
73 105 66
71 78 66
27 28 22
18 118 18
113 120 106
119 121 114
36 43 30
28 76 22
41 62 34
70 103 70
81 128 74
106 112 106
42 74 42
69 121 62
77 124 70
2 123 2
15 121 10
24 85 18
17 37 10
30 106 30
68 89 62
14 61 14
76 79 70
43 63 38
6 121 6
22 60 22
20 66 14
7 69 2
73 117 66
99 113 94
72 104 66
41 61 34
42 105 42
50 105 50
53 55 46
10 30 10
61 85 54
2 85 2
20 126 14
16 38 10
19 71 14
37 121 30
80 128 74
56 115 50
99 110 94
46 78 46
63 108 58
19 46 14
56 78 50
96 107 90
36 102 30
60 72 54
20 63 14
85 126 78
49 119 42
117 128 110
8 102 2
16 24 10
12 123 6
36 111 30
46 101 46
75 104 70
2 51 2
33 89 26
41 111 34
54 81 54
2 87 2
115 119 110
98 127 98
104 123 98
17 117 10
54 111 54
80 87 74
70 82 70
46 124 46
92 103 86
1 62 1
43 99 38
34 98 34
2 62 2
69 80 62
35 76 30
15 56 10
51 113 46
67 114 62
6 30 6
54 97 54
61 104 54
35 47 30
94 120 94
7 82 2
60 110 54
2 70 2
10 38 10
90 128 90
52 91 46
46 104 46
65 105 58
20 21 14
54 64 54
43 85 38
63 105 58
6 13 6
46 94 46
36 61 30
47 58 42
40 93 34
25 52 18
20 55 14
1 44 1
15 91 10
28 49 22
75 99 70
120 128 114
40 77 34
118 123 118
41 112 34
26 90 26
83 116 78
15 116 10
109 126 102
21 103 14
12 98 6
63 85 58
75 79 70
2 21 2
103 109 98
41 42 34
26 92 26
11 48 6
9 17 2
18 100 18
110 123 110
115 126 110
108 110 102
74 102 74
30 54 30
20 73 14
105 110 98
44 83 38
19 61 14
5 103 1
103 113 98
76 92 70
28 64 22
17 24 10
34 89 34
61 84 54
39 73 34
1 14 1
45 106 38
60 89 54
70 96 70
49 124 42
50 92 50
38 57 38
9 106 2
68 118 62
6 79 6
100 106 94
65 87 58
45 72 38
62 113 62
59 120 54
44 128 38
109 117 102
34 104 34
58 82 58
21 49 14
18 124 18
43 77 38
12 38 6
89 93 82
101 108 94
42 80 42
18 33 18
6 78 6
33 98 26
34 35 30
18 32 18
109 114 102
2 13 2
107 116 102
23 64 18
58 70 58
45 82 38
57 93 50
15 79 10
4 116 1
56 108 50
24 91 18
3 19 1
2 34 2
75 113 70
75 95 70
11 80 6
17 97 10
97 118 90
42 56 42
18 22 18
60 63 54
8 54 2
10 87 10
91 118 86
2 115 2
28 42 22
50 51 46
62 117 62
36 69 30
91 110 86
31 81 26
22 75 22
47 66 42
71 126 66
76 93 70
62 121 62
13 95 6
47 76 42
52 101 46
31 47 26
57 77 50
104 105 98
36 76 30
25 42 18
31 74 26
60 119 54
65 119 58
74 110 74
15 22 10
61 92 54
93 112 86
22 100 22
51 77 46
90 101 90
9 33 2
51 83 46
91 119 86
1 49 1
38 59 38
1 22 1
86 113 86
45 62 38
47 98 42
109 118 102
30 84 30
42 79 42
67 74 62
64 119 58
52 72 46
16 42 10
47 77 42
99 124 94
22 29 22
42 114 42
30 35 30
8 63 2
108 115 102
38 53 38
35 114 30
85 87 78
100 115 94
34 80 34
85 127 78
3 96 1
60 98 54
74 89 74
45 95 38
30 34 30
6 53 6
5 44 1
2 53 2
2 43 2
11 35 6
50 122 50
1 55 1
42 111 42
11 57 6
70 81 70
30 47 30
46 81 46
31 101 26
71 73 66
14 105 14
26 120 26
2 83 2
5 76 1
96 114 90
75 123 70
30 124 30
70 126 70
30 45 30
66 128 66
87 117 82
14 17 10
95 102 90
46 83 46
8 101 2
29 71 22
105 120 98
26 45 26
95 126 90
70 84 70
81 112 74
98 126 98
9 76 2
5 92 1
92 98 86
3 54 1
23 24 18
102 122 102
18 98 18
70 88 70
100 101 94
7 126 2
58 86 58
96 112 90
9 38 2
14 71 14
80 89 74
9 105 2
4 37 1
66 107 66
6 35 6
94 125 94
2 45 2
104 128 98
12 25 6
38 61 38
16 103 10
46 74 46
33 93 26
37 49 30
6 7 2
82 102 82
52 71 46
30 81 30
39 54 34
27 50 22
2 11 2
117 124 110
10 81 10
58 72 58
14 87 14
11 40 6
15 53 10
27 93 22
14 56 14
50 71 50
93 107 86
45 70 38
36 126 30
71 123 66
24 26 18
71 104 66
13 93 6
42 50 42
30 80 30
42 95 42
47 127 42
104 111 98
12 52 6
32 101 26
58 111 58
1 16 1
6 59 6
2 12 2
7 44 2
35 83 30
10 114 10
14 119 14
74 90 74
6 51 6
1 15 1
62 69 62
15 77 10
5 32 1
3 47 1
2 5 1
111 113 106
1 3 1
114 128 114
3 107 1
43 44 38
100 116 94
9 128 2
3 10 1
44 117 38
7 79 2
53 68 46
62 90 62
8 9 2
37 61 30
45 126 38
41 88 34
47 96 42
93 110 86
21 44 14
2 23 2
28 29 22
15 128 10
44 120 38
48 66 42
2 9 2
18 78 18
89 120 82
37 39 30
1 4 1
46 110 46
60 113 54
38 39 34
14 68 14
33 81 26
58 106 58
43 81 38
1 69 1
4 5 1
69 98 62
50 127 50
58 73 58
67 123 62
72 113 66
111 118 106
30 114 30
15 35 10
1 102 1
21 122 14
12 23 6
10 73 10
63 115 58
60 108 54
80 126 74
33 50 26
62 71 62
69 122 62
44 124 38
52 61 46
125 128 118
9 78 2
41 74 34
6 19 6
49 122 42
40 106 34
18 94 18
30 122 30
110 117 110
32 81 26
39 46 34
46 95 46
28 50 22
70 75 70
24 30 18
30 90 30
108 127 102
19 63 14
25 68 18
78 82 78
68 123 62
70 89 70
11 34 6
56 84 50
12 34 6
103 118 98
111 112 106
52 115 46
32 76 26
87 121 82
79 84 74
55 56 50
64 92 58
64 72 58
51 110 46
67 99 62
61 77 54
76 98 70
41 47 34
67 68 62
23 117 18
34 40 34
3 99 1
111 128 106
92 125 86
73 75 66
32 85 26
60 104 54
22 113 22
32 43 26
96 124 90
34 39 34
14 88 14
30 38 30
78 98 78
50 101 50
58 88 58
80 103 74
56 72 50
28 93 22
59 61 54
64 65 58
29 73 22
69 71 62
71 125 66
60 94 54
23 118 18
38 79 38
37 56 30
77 92 70
15 24 10
12 53 6
22 98 22
71 82 66
58 68 58
2 79 2
10 101 10
12 124 6
62 65 58
33 43 26
32 107 26
72 128 66
36 99 30
26 52 26
70 106 70
123 124 118
12 24 6
8 35 2
10 54 10
47 54 42
2 93 2
43 65 38
77 115 70
66 123 66
6 16 6
71 84 66
45 63 38
33 72 26
86 123 86
7 51 2
22 64 22
48 110 42
44 85 38
17 34 10
42 54 42
8 84 2
83 85 78
18 66 18
7 120 2
118 121 114
82 89 82
37 107 30
14 19 14
29 74 22
109 120 102
68 126 62
46 100 46
48 92 42
15 118 10
14 60 14
56 102 50
30 104 30
58 61 54
14 72 14
3 121 1
35 65 30
47 51 42
7 117 2
81 92 74
3 14 1
92 127 86
85 123 78
22 126 22
4 8 1
94 122 94
77 100 70
85 112 78
21 104 14
86 96 86
112 123 106
41 119 34
94 101 94
36 127 30
10 29 10
68 101 62
32 66 26
20 29 14
74 77 70
89 106 82
30 49 30
68 106 62
31 54 26
60 109 54
6 27 6
14 96 14
37 79 30
82 86 82
9 85 2
1 70 1
26 119 26
37 41 30
101 111 94
16 68 10
27 103 22
105 125 98
26 27 22
1 5 1
36 115 30
45 110 38
9 44 2
14 106 14
110 113 106
53 114 46
39 61 34
53 104 46
20 119 14
48 89 42
2 84 2
83 109 78
55 85 50
10 56 10
22 28 22
72 84 66
97 109 90
46 65 46
116 117 110
45 98 38
2 100 2
5 53 1
29 50 22
34 112 34
21 39 14
106 109 102
18 110 18
17 73 10
45 60 38
10 35 10
33 80 26
50 83 50
116 125 110
122 128 122
19 101 14
70 109 70
95 113 90
83 114 78
112 116 106
78 110 78
51 97 46
90 124 90
72 93 66
14 27 14
21 95 14
47 50 42
21 51 14
106 107 102
83 112 78
14 84 14
99 123 94
2 14 2
86 99 86
10 55 10
7 67 2
22 92 22
11 81 6
41 99 34
86 97 86
14 16 10
32 69 26
73 111 66
94 119 94
43 70 38
21 74 14
12 78 6
17 114 10
6 61 6
10 90 10
107 111 102
49 105 42
52 95 46
65 109 58
89 95 82
7 10 2
2 119 2
61 105 54
14 49 14
2 48 2
1 23 1
16 82 10
28 52 22
28 40 22
25 29 18
3 38 1
101 126 94
77 101 70
5 104 1
32 83 26
46 123 46
11 45 6
48 91 42
78 100 78
6 22 6
35 79 30
18 102 18
2 26 2
38 88 38
51 126 46
58 63 58
96 115 90
72 110 66
43 114 38
68 72 62
52 93 46
7 128 2
55 82 50
16 127 10
5 40 1
11 12 6
43 59 38
62 68 62
99 119 94
18 115 18
12 90 6
21 106 14
62 72 62
88 92 82
63 123 58
29 75 22
61 114 54
32 98 26
62 114 62
26 59 26
27 38 22
33 57 26
31 125 26
98 99 94
6 126 6
18 79 18
11 97 6
44 59 38
116 118 110
90 92 86
30 77 30
76 121 70
41 126 34
59 76 54
33 94 26
18 47 18
53 71 46
37 69 30
51 71 46
103 116 98
113 115 106
8 19 2
33 124 26
34 110 34
33 115 26
38 110 38
81 82 74
30 93 30
3 120 1
42 120 42
18 19 14
40 49 34
46 86 46
12 64 6
30 69 30
88 102 82
54 91 54
12 127 6
28 120 22
17 104 10
71 115 66
58 104 58
30 75 30
32 123 26
65 88 58
2 17 2
66 97 66
53 64 46
22 89 22
42 126 42
59 122 54
20 123 14
20 114 14
5 12 1
93 113 86
42 86 42
10 117 10
15 36 10
53 117 46
95 128 90
90 126 90
26 80 26
24 71 18
3 111 1
1 82 1
37 112 30
95 97 90
84 103 78
100 102 94
2 110 2
63 99 58
60 122 54
79 101 74
1 77 1
62 127 62
65 95 58
19 69 14
51 128 46
32 87 26
73 124 66
11 41 6
76 119 70
28 95 22
17 94 10
72 98 66
39 88 34
81 96 74
8 26 2
86 104 86
72 77 66
14 37 14
24 39 18
58 102 58
35 52 30
3 59 1
19 105 14
64 100 58
115 127 110
18 126 18
62 123 62
11 120 6
23 63 18
73 100 66
23 61 18
73 112 66
86 88 82
10 108 10
89 126 82
54 108 54
26 102 26
8 70 2
43 67 38
36 57 30
61 89 54
6 98 6
68 108 62
59 121 54
75 83 70
34 36 30
20 120 14
24 89 18
33 39 26
77 127 70
74 97 74
34 127 34
32 112 26
105 117 98
8 87 2
31 46 26
115 122 110
97 112 90
115 121 110
26 93 26
42 51 42
7 50 2
48 51 42
67 89 62
28 60 22
18 34 18
55 114 50
110 126 110
91 94 86
26 63 26
35 120 30
66 105 66
70 91 70
70 87 70
12 27 6
6 92 6
44 105 38
17 64 10
41 45 34
96 121 90
88 120 82
18 30 18
14 18 14
38 76 38
65 108 58
21 66 14
112 126 106
11 29 6
11 52 6
23 127 18
79 115 74
42 121 42
17 85 10
71 122 66
64 94 58
31 105 26
9 64 2
1 20 1
4 57 1
86 111 86
20 71 14
68 75 62
37 43 30
91 107 86
102 116 102
88 111 82
41 92 34
30 44 30
7 87 2
63 125 58
6 80 6
1 126 1
22 109 22
44 119 38
9 127 2
62 70 62
54 93 54
38 60 38
22 114 22
39 70 34
48 58 42
107 126 102
90 117 90
92 111 86
30 115 30
36 108 30
59 126 54
79 85 74
20 121 14
53 65 46
22 34 22
97 113 90
37 44 30
89 101 82
46 85 46
94 108 94
109 110 102
2 39 2
7 114 2
3 56 1
5 56 1
53 102 46
103 124 98
10 128 10
65 68 58
1 99 1
69 76 62
43 46 38
55 58 50
31 99 26
92 106 86
84 120 78
82 106 82
15 38 10
22 39 22
63 65 58
87 115 82
105 116 98
104 125 98
60 61 54
18 77 18
8 38 2
49 58 42
82 93 82
27 95 22
25 32 18
34 67 34
70 118 70
17 31 10
69 93 62
7 97 2
88 119 82
30 59 30
60 116 54
19 84 14
101 122 94
116 124 110
11 15 6
37 123 30
69 72 62
54 70 54
38 107 38
60 101 54
87 122 82
23 121 18
113 122 106
94 121 94
72 99 66
62 94 62
84 90 78
81 90 74
9 31 2
12 13 6
66 126 66
47 128 42
50 116 50
12 66 6
111 119 106
67 112 62
53 74 46
55 108 50
83 106 78
23 112 18
18 27 18
50 125 50
9 69 2
93 119 86
6 44 6
26 108 26
47 126 42
13 36 6
22 36 22
44 45 38
1 128 1
25 89 18
95 120 90
73 118 66
117 118 110
11 110 6
71 111 66
29 59 22
5 122 1
78 92 78
66 80 66
79 109 74
42 124 42
7 96 2
1 6 1
95 111 90
118 124 118
49 108 42
45 88 38
4 100 1
92 100 86
38 48 38
1 12 1
49 89 42
30 105 30
116 120 110
55 107 50
41 69 34
100 123 94
26 37 26
7 91 2
105 122 98
23 87 18
53 69 46
77 117 70
53 63 46
50 75 50
94 126 94
64 122 58
22 24 18
48 74 42
7 118 2
10 32 10
38 62 38
43 126 38
77 82 70
18 68 18
35 62 30
61 122 54
52 104 46
12 126 6
47 59 42
32 42 26
86 87 82
58 87 58
5 113 1
111 114 106
57 113 50
17 102 10
4 19 1
26 109 26
8 109 2
104 118 98
12 109 6
76 126 70
69 117 62
34 75 34
31 121 26
6 18 6
23 122 18
41 103 34
57 112 50
70 101 70
74 85 74
63 116 58
3 53 1
110 116 110
94 116 94
1 58 1
62 112 62
5 97 1
5 112 1
66 112 66
10 93 10
42 53 42
11 126 6
82 87 82
48 55 42
50 95 50
75 127 70
86 95 86
18 86 18
7 125 2
19 54 14
29 88 22
119 126 114
1 24 1
62 106 62
123 127 118
39 75 34
55 74 50
40 126 34
42 84 42
44 127 38
117 119 110
40 118 34
47 123 42
1 78 1
73 91 66
98 110 98
8 126 2
6 111 6
79 99 74
42 123 42
65 100 58
64 96 58
97 100 90
72 115 66
73 88 66
31 33 26
92 99 86
85 102 78
32 82 26
1 27 1
6 33 6
19 31 14
15 69 10
22 122 22
10 71 10
22 72 22
97 126 90
34 92 34
71 109 66
58 122 58
78 116 78
32 72 26
1 42 1
17 48 10
84 116 78
17 100 10
58 103 58
77 84 70
63 106 58
80 85 74
19 89 14
85 111 78
28 37 22
38 51 38
24 81 18
38 96 38
49 74 42
26 40 26
57 70 50
64 118 58
11 79 6
116 121 110
78 113 78
57 92 50
2 126 2
67 108 62
89 104 82
22 56 22
17 22 10
1 36 1
39 81 34
37 80 30
57 72 50
75 86 70
26 53 26
39 80 34
33 46 26
61 86 54
32 41 26
116 119 110
16 93 10
38 50 38
33 55 26
96 97 90
82 124 82
3 60 1
72 126 66
64 111 58
26 61 26
72 73 66
21 126 14
10 65 10
2 31 2
27 41 22
66 118 66
79 87 74
13 58 6
81 121 74
72 105 66
2 41 2
22 83 22
13 37 6
50 56 50
14 41 14
54 105 54
94 123 94
83 121 78
77 109 70
99 128 94
85 96 78
10 28 10
60 65 54
81 120 74
5 8 1
21 111 14
41 113 34
27 37 22
14 67 14
100 120 94
32 93 26
56 94 50
90 108 90
44 50 38
20 70 14
22 87 22
18 73 18
29 69 22
107 109 102
30 41 30
29 72 22
34 38 34
10 63 10
16 119 10
89 125 82
12 128 6
84 109 78
104 122 98
15 111 10
77 126 70
19 35 14
26 77 26
26 66 26
84 126 78
57 64 50
4 30 1
119 128 114
86 116 86
10 16 10
10 41 10
26 50 26
43 54 38
56 103 50
39 59 34
10 125 10
103 106 98
44 80 38
18 25 18
26 41 26
74 80 74
15 17 10
10 13 6
42 43 38
43 84 38
67 80 62
17 106 10
99 120 94
88 96 82
35 37 30
62 97 62
35 40 30
110 124 110
27 29 22
42 116 42
84 95 78
56 73 50
34 88 34
53 105 46
19 119 14
18 82 18
102 106 102
39 79 34
11 60 6
84 121 78
41 48 34
47 52 42
73 76 66
46 125 46
45 96 38
55 101 50
114 121 114
112 128 106
50 53 46
27 42 22
75 108 70
50 58 50
50 61 50
41 127 34
7 73 2
87 90 82
51 79 46
5 123 1
72 87 66
48 50 42
39 120 34
60 114 54
77 128 70
63 90 58
81 114 74
16 36 10
49 116 42
92 124 86
8 86 2
64 89 58
26 64 26
18 39 18
44 79 38
42 44 38
18 95 18
37 73 30
65 106 58
29 121 22
39 72 34
2 61 2
24 127 18
50 55 50
13 128 6
93 115 86
92 122 86
40 75 34
54 125 54
52 112 46
1 39 1
18 57 18
34 54 34
42 109 42
11 13 6
80 124 74
16 87 10
115 116 110
32 35 26
89 98 82
10 75 10
18 41 18
84 85 78
5 30 1
80 119 74
49 82 42
25 92 18
1 98 1
19 68 14
8 14 2
24 25 18
4 33 1
2 10 2
52 103 46
87 118 82
70 73 66
59 84 54
36 88 30
50 107 50
32 88 26
30 74 30
26 115 26
85 90 78
24 59 18
6 25 6
90 91 86
1 17 1
81 99 74
57 75 50
68 82 62
42 66 42
96 127 90
100 110 94
10 19 10
22 35 22
124 128 118
71 99 66
10 119 10
9 11 2
66 89 66
7 49 2
34 62 34
24 109 18
42 89 42
35 103 30
70 102 70
66 108 66
68 95 62
6 34 6
82 111 82
97 117 90
67 87 62
78 104 78
29 97 22
20 28 14
4 117 1
82 109 82
31 48 26
47 120 42
23 31 18
26 43 26
31 92 26
82 123 82
3 5 1
121 122 114
22 82 22
14 35 14
12 77 6
32 100 26
65 113 58
13 107 6
57 88 50
31 32 26
40 109 34
42 73 42
74 120 74
113 124 106
120 125 114
32 79 26
66 69 62
13 71 6
82 92 82
67 69 62
56 116 50
56 124 50
92 94 86
35 118 30
105 126 98
22 52 22
70 123 70
23 82 18
36 37 30
24 32 18
4 64 1
10 22 10
8 74 2
10 85 10
91 128 86
70 86 70
18 80 18
113 116 106
76 89 70
4 89 1
89 90 82
35 126 30
11 44 6
78 91 78
13 49 6
101 127 94
66 96 66
42 76 42
1 41 1
99 121 94
6 103 6
2 42 2
55 102 50
22 111 22
10 66 10
52 111 46
5 111 1
19 121 14
44 110 38
53 89 46
17 36 10
57 84 50
84 93 78
8 71 2
74 75 70
73 126 66
87 105 82
112 127 106
33 53 26
123 126 118
90 93 86
12 95 6
37 78 30
27 117 22
118 119 114
66 99 66
14 113 14
54 84 54
49 86 42
37 101 30
115 123 110
6 29 6
54 101 54
44 62 38
98 103 98
50 72 50
1 29 1
80 127 74
106 126 106
112 118 106
1 68 1
112 121 106
23 67 18
50 126 50
5 87 1
47 48 42
14 63 14
49 127 42
64 70 58
1 97 1
18 60 18
66 113 66
102 107 102
16 28 10
31 79 26
47 116 42
52 114 46
26 83 26
7 56 2
55 121 50
100 117 94
18 50 18
92 123 86
61 63 54
31 61 26
32 73 26
6 24 6
50 84 50
34 99 34
74 108 74
83 126 78
58 118 58
82 97 82
17 67 10
1 34 1
26 30 26
110 119 110
17 125 10
55 76 50
27 54 22
121 128 114
42 68 42
31 43 26
54 62 54
26 103 26
11 124 6
1 7 1
104 116 98
68 105 62
26 87 26
43 117 38
16 123 10
38 42 38
50 54 50
60 78 54
7 108 2
14 118 14
14 74 14
60 83 54
62 103 62
14 69 14
8 77 2
24 100 18
76 108 70
5 61 1
40 41 34
12 103 6
62 81 62
12 46 6
26 128 26
57 127 50
62 122 62
16 46 10
21 61 14
7 60 2
33 56 26
91 92 86
29 128 22
85 91 78
84 107 78
76 77 70
22 77 22
62 125 62
32 95 26
5 43 1
29 51 22
31 66 26
17 45 10
5 79 1
78 120 78
38 113 38
52 54 46
13 74 6
7 59 2
103 108 98
88 116 82
46 98 46
15 67 10
35 45 30
39 125 34
9 108 2
15 114 10
42 85 42
23 42 18
18 101 18
53 101 46
97 124 90
27 75 22
18 88 18
77 96 70
23 105 18
14 26 14
14 21 14
65 83 58
12 93 6
42 107 42
26 82 26
94 124 94
60 93 54
39 122 34
38 78 38
40 128 34
74 81 74
87 124 82
84 92 78
82 113 82
17 119 10
106 116 106
7 106 2
45 59 38
90 111 90
43 57 38
21 73 14
83 93 78
79 128 74
5 20 1
68 117 62
30 62 30
13 61 6
10 48 10
43 79 38
45 97 38
36 116 30
68 114 62
34 41 34
59 83 54
46 127 46
48 56 42
84 94 78
75 84 70
29 43 22
59 62 54
36 121 30
117 121 110
14 90 14
67 71 62
72 116 66
19 21 14
35 53 30
74 123 74
18 21 14
41 105 34
74 113 74
38 123 38
42 102 42
12 100 6
30 102 30
46 69 46
9 25 2
14 51 14
16 70 10
99 103 94
48 119 42
47 84 42
49 120 42
42 122 42
34 44 34
55 96 50
69 113 62
13 126 6
26 117 26
54 79 54
82 108 82
66 103 66
52 109 46
101 115 94
34 58 34
8 30 2
30 89 30
46 62 46
19 75 14
119 125 114
61 68 54
14 25 14
38 56 38
52 66 46
52 121 46
64 75 58
10 58 10
30 96 30
34 82 34
39 63 34
104 109 98
19 109 14
63 70 58
107 110 102
67 88 62
42 47 42
99 111 94
23 69 18
42 45 38
30 65 30
10 40 10
43 64 38
12 43 6
90 110 90
11 61 6
18 38 18
49 54 42
23 48 18
69 95 62
55 78 50
31 36 26
7 84 2
54 88 54
122 123 118
38 115 38
3 69 1
17 126 10
20 27 14
58 71 58
35 116 30
10 36 10
68 90 62
15 95 10
54 122 54
10 92 10
93 102 86
24 47 18
77 79 70
2 103 2
76 102 70
55 118 50
58 79 58
24 120 18
98 109 98
2 22 2
91 126 86
51 99 46
6 14 6
69 88 62
14 112 14
56 100 50
2 36 2
45 75 38
5 9 1
36 41 30
35 90 30
24 52 18
40 86 34
44 61 38
6 112 6
3 29 1
61 87 54
25 81 18
66 67 62
1 66 1
90 105 90
33 121 26
99 116 94
71 112 66
5 63 1
106 122 106
46 99 46
120 123 114
28 72 22
22 108 22
52 53 46
81 94 74
24 124 18
49 96 42
62 87 62
37 89 30
19 128 14
61 93 54
114 127 114
49 106 42
78 114 78
50 78 50
23 37 18
6 55 6
89 115 82
38 66 38
111 121 106
29 57 22
51 106 46
4 119 1
47 62 42
67 70 62
16 126 10
52 79 46
13 84 6
10 14 10
2 90 2
75 77 70
66 73 66
33 106 26
70 125 70
62 91 62
38 74 38
96 122 90
48 78 42
24 125 18
70 99 70
14 50 14
76 127 70
92 112 86
79 122 74
16 114 10
85 118 78
58 69 58
52 59 46
37 103 30
43 45 38
12 15 6
79 108 74
65 92 58
17 63 10
15 61 10
1 56 1
23 43 18
85 101 78
30 112 30
84 86 78
88 89 82
35 70 30
76 105 70
62 128 62
78 88 78
37 105 30
98 118 98
53 87 46
68 99 62
26 38 26
51 74 46
23 110 18
72 85 66
58 120 58
55 59 50
8 21 2
60 66 54
100 118 94
30 68 30
102 103 98
46 87 46
39 41 34
36 112 30
6 60 6
43 109 38
30 123 30
75 78 70
34 119 34
14 94 14
60 105 54
1 120 1
26 32 26
64 126 58
79 126 74
2 92 2
77 93 70
45 112 38
48 76 42
20 77 14
52 69 46
99 126 94
22 86 22
109 113 102
13 70 6
32 44 26
112 125 106
6 15 6
22 33 22
37 58 30
26 114 26
42 58 42
41 55 34
23 126 18
82 115 82
48 87 42
28 56 22
33 128 26
64 128 58
96 104 90
34 86 34
35 100 30
1 81 1
54 103 54
61 111 54
53 90 46
22 93 22
15 49 10
3 13 1
94 112 94
69 74 62
77 107 70
10 18 10
2 37 2
32 127 26
65 117 58
113 117 106
10 109 10
62 66 62
8 94 2
14 115 14
18 65 18
14 20 14
66 87 66
111 117 106
55 100 50
16 79 10
5 65 1
26 65 26
12 74 6
30 70 30
103 122 98
42 90 42
5 98 1
19 126 14
33 117 26
10 122 10
35 98 30
47 49 42
67 109 62
80 106 74
41 93 34
10 43 10
80 97 74
2 98 2
6 10 6
8 20 2
9 102 2
8 69 2
68 120 62
4 65 1
49 55 42
15 32 10
21 22 14
32 47 26
64 80 58
65 76 58
107 119 102
4 56 1
7 83 2
3 45 1
105 113 98
5 35 1
53 86 46
66 116 66
55 75 50
53 81 46
88 108 82
75 103 70
15 63 10
18 51 18
6 91 6
71 94 66
36 72 30
50 80 50
53 79 46
61 124 54
42 91 42
86 91 86
99 122 94
56 109 50
39 58 34
23 39 18
3 52 1
84 106 78
25 124 18
6 93 6
82 122 82
2 80 2
64 103 58
73 109 66
11 16 6
54 60 54
6 96 6
57 126 50
21 32 14
21 27 14
24 126 18
3 65 1
6 9 2
26 79 26
35 99 30
75 110 70
18 84 18
120 126 114
20 57 14
27 55 22
45 81 38
91 120 86
15 84 10
109 121 102
113 128 106
40 57 34
1 73 1
7 99 2
9 93 2
60 100 54
54 94 54
3 39 1
13 29 6
11 121 6
105 121 98
34 68 34
18 44 18
6 67 6
16 62 10
9 35 2
78 84 78
115 120 110
47 89 42
100 112 94
7 38 2
10 33 10
42 48 42
68 128 62
12 97 6
74 114 74
18 28 18
54 61 54
10 102 10
2 19 2
21 58 14
99 108 94
26 56 26
112 114 106
103 128 98
17 43 10
32 46 26
10 82 10
10 34 10
41 83 34
6 31 6
59 109 54
124 127 118
117 120 110
23 51 18
15 52 10
20 52 14
100 121 94
12 85 6
59 69 54
62 110 62
38 41 34
2 69 2
98 107 98
83 99 78
72 96 66
54 67 54
30 76 30
51 95 46
26 85 26
40 78 34
45 121 38
49 56 42
83 103 78
53 60 46
109 127 102
105 108 98
71 83 66
41 78 34
26 47 26
27 121 22
18 42 18
29 76 22
94 97 90
108 124 102
81 107 74
74 103 74
31 52 26
35 69 30
42 99 42
73 81 66
16 78 10
2 38 2
58 77 58
89 118 82
32 34 26
40 43 34
24 77 18
95 125 90
1 93 1
76 91 70
42 92 42
39 56 34
25 116 18
95 98 90
5 99 1
104 114 98
111 124 106
4 45 1
85 88 78
53 111 46
22 127 22
48 68 42
8 31 2
75 97 70
66 77 66
48 113 42
100 119 94
31 44 26
59 60 54
10 17 10
117 122 110
124 125 118
24 94 18
54 56 50
26 31 26
65 128 58
100 114 94
8 22 2
10 120 10
4 95 1
3 4 1
89 92 82
22 47 22
54 96 54
67 103 62
122 125 118
45 108 38
58 60 54
16 17 10
22 107 22
55 62 50
28 107 22
8 76 2
39 66 34
1 33 1
8 13 2
29 114 22
2 33 2
89 119 82
73 102 66
94 95 90
125 127 118
78 102 78
48 88 42
25 85 18
127 128 122
19 55 14
2 7 2
63 109 58
26 105 26
12 44 6
99 115 94
94 99 94
121 123 114
63 79 58
46 88 46
14 91 14
27 97 22
6 74 6
1 53 1
2 32 2
71 76 66
101 117 94
27 90 22
88 99 82
56 118 50
17 57 10
18 64 18
38 45 38
90 116 90
38 77 38
61 73 54
7 21 2
39 97 34
54 126 54
49 100 42
21 57 14
6 113 6
63 126 58
29 60 22
95 99 90
10 47 10
80 113 74
48 98 42
94 117 94
42 67 42
22 88 22
2 3 1
68 110 62
60 96 54
54 95 54
5 80 1
16 71 10
42 128 42
65 127 58
119 127 114
56 60 50
108 125 102
18 20 14
60 128 54
51 73 46
44 125 38
73 90 66
90 96 90
6 12 6
64 87 58
10 59 10
12 67 6
4 35 1
4 61 1
31 84 26
18 107 18
22 26 22
69 96 62
92 105 86
5 101 1
101 109 94
41 71 34
61 126 54
58 81 58
17 82 10
3 66 1
14 86 14
103 112 98
71 72 66
51 69 46
55 61 50
42 112 42
83 101 78
89 124 82
14 31 14
54 77 54
77 122 70
40 111 34
6 62 6
3 43 1
6 101 6
21 29 14
35 64 30
18 37 18
51 78 46
26 101 26
65 91 58
40 45 34
46 49 42
35 112 30
35 119 30
22 115 22
24 68 18
33 73 26
42 115 42
4 32 1
49 77 42
25 33 18
1 51 1
46 47 42
91 127 86
28 59 22
25 40 18
38 80 38
26 75 26
89 109 82
9 53 2
6 20 6
27 43 22
29 80 22
3 32 1
19 122 14
98 106 98
26 122 26
65 118 58
98 101 94
65 85 58
4 80 1
54 85 54
49 107 42
7 74 2
41 118 34
19 51 14
64 121 58
30 51 30
27 32 22
103 105 98
68 104 62
31 110 26
53 78 46
28 33 22
49 126 42
34 101 34
29 67 22
10 124 10
87 127 82
62 63 58
53 103 46
19 28 14
9 10 2
17 80 10
16 32 10
78 103 78
12 17 6
34 108 34
39 121 34
62 88 62
32 96 26
63 94 58
73 95 66
37 100 30
32 119 26
105 109 98
22 50 22
22 55 22
63 100 58
59 92 54
18 71 18
39 40 34
94 105 94
18 92 18
30 127 30
64 88 58
14 79 14
65 69 58
34 48 34
48 83 42
13 27 6
7 76 2
57 105 50
124 126 118
47 117 42
3 25 1
80 122 74
26 54 26
85 119 78
6 72 6
80 107 74
100 126 94
98 124 98
65 96 58
45 58 38
26 51 26
14 128 14
83 87 78
5 16 1
6 85 6
15 16 10
45 52 38
106 108 102
31 115 26
8 40 2
15 96 10
79 83 74
14 62 14
16 75 10
38 64 38
84 113 78
18 106 18
70 100 70
34 57 34
30 33 26
83 100 78
112 119 106
90 103 90
51 116 46
13 87 6
14 122 14
121 126 114
29 127 22
22 105 22
85 93 78
88 100 82
39 112 34
6 125 6
109 124 102
59 70 54
34 42 34
86 90 86
37 46 30
13 81 6
94 109 94
65 73 58
3 116 1
62 98 62
34 52 34
100 104 94
26 36 26
61 79 54
62 75 62
30 56 30
80 102 74
87 96 82
10 112 10
60 69 54
10 97 10
60 121 54
77 97 70
28 102 22
42 72 42
17 92 10
41 89 34
22 25 18
6 41 6
81 105 74
114 120 114
60 86 54
14 33 14
16 86 10
38 68 38
18 67 18
76 94 70
27 33 22
22 70 22
2 28 2
19 112 14
42 65 42
113 125 106
26 46 26
119 124 114
83 84 78
47 104 42
20 72 14
5 120 1
71 97 66
87 113 82
24 35 18
72 74 66
11 86 6
105 123 98
43 91 38
12 28 6
26 73 26
10 12 6
59 67 54
4 106 1
67 126 62
9 100 2
10 26 10
20 41 14
102 115 102
45 89 38
46 89 46
54 117 54
108 123 102
75 76 70
15 65 10
86 101 86
86 102 86
6 118 6
68 93 62
47 64 42
1 86 1
44 86 38
73 120 66
30 60 30
104 119 98
43 47 38
24 92 18
62 80 62
23 125 18
7 62 2
19 100 14
99 109 94
71 85 66
58 59 54
80 98 74
3 126 1
76 120 70
20 50 14
85 122 78
31 116 26
22 67 22
59 85 54
70 116 70
12 39 6
6 69 6
4 101 1
5 84 1
109 115 102
99 106 94
48 104 42
43 104 38
71 75 66
23 55 18
82 105 82
62 96 62
30 88 30
69 73 62
84 91 78
91 124 86
39 126 34
14 104 14
10 20 10
8 66 2
6 119 6
62 108 62
29 126 22
25 30 18
92 118 86
17 115 10
6 123 6
30 85 30
50 57 50
20 65 14
108 121 102
91 102 86
97 114 90
44 126 38
23 71 18
2 59 2
77 99 70
98 125 98
46 76 46
93 126 86
49 79 42
86 120 86
69 89 62
24 48 18
6 89 6
23 33 18
25 87 18
39 109 34
98 119 98
30 48 30
43 80 38
9 40 2
41 82 34
55 92 50
87 93 82
39 115 34
85 89 78
18 123 18
14 93 14
52 87 46
14 114 14
1 110 1
39 83 34
18 112 18
46 108 46
56 57 50
54 69 54
11 102 6
83 97 78
105 118 98
10 45 10
48 126 42
82 84 78
90 114 90
68 121 62
62 101 62
55 90 50
32 36 26
41 57 34
78 99 78
10 51 10
44 82 38
46 63 46
47 71 42
34 64 34
53 84 46
56 63 50
19 116 14
1 75 1
80 110 74
21 115 14
69 102 62
44 92 38
47 115 42
95 104 90
33 84 26
100 109 94
119 120 114
85 109 78
113 127 106
2 18 2
11 89 6
46 79 46
111 115 106
71 91 66
14 46 14
24 36 18
90 123 90
39 76 34
13 26 6
16 53 10
30 87 30
38 125 38
6 23 6
43 112 38
26 86 26
61 101 54
32 33 26
52 86 46
63 128 58
82 117 82
31 40 26
52 67 46
92 126 86
70 76 70
50 98 50
71 106 66
14 30 14
76 101 70
15 66 10
48 115 42
45 53 38
50 69 50
50 115 50
90 106 90
117 127 110
4 44 1
30 121 30
63 75 58
62 105 62
31 53 26
105 106 98
60 126 54
10 57 10
58 74 58
63 64 58
7 123 2
66 100 66
67 107 62
56 99 50
62 64 58
20 78 14
15 94 10
74 84 74
122 127 122
24 121 18
54 107 54
76 124 70
58 114 58
54 119 54
35 38 30
66 83 66
76 118 70
84 101 78
108 114 102
18 125 18
91 96 86
75 102 70
18 45 18
91 105 86
24 123 18
64 95 58
92 121 86
82 128 82
39 103 34
24 65 18
18 49 18
10 105 10
58 66 58
70 90 70
63 114 58
30 126 30
52 70 46
38 43 38
38 40 34
42 52 42
14 73 14
4 120 1
34 91 34
98 117 98
64 77 58
24 105 18
90 97 90
1 40 1
27 85 22
65 99 58
41 56 34
22 53 22
42 96 42
39 51 34
48 112 42
46 55 46
25 126 18
92 119 86
24 34 18
39 118 34
61 75 54
18 36 18
11 87 6
18 48 18
14 32 14
10 44 10
18 52 18
1 107 1
76 100 70
24 42 18
51 70 46
2 4 1
1 59 1
97 123 90
58 110 58
97 120 90
51 81 46
73 94 66
18 96 18
46 113 46
20 113 14
35 58 30
1 92 1
81 119 74
50 94 50
61 83 54
13 102 6
71 127 66
6 46 6
45 115 38
78 108 78
50 76 50
88 121 82
12 118 6
108 116 102
86 119 86
28 100 22
4 31 1
86 89 82
66 110 66
18 72 18
47 78 42
62 67 62
19 124 14
102 125 102
22 81 22
78 79 74
12 26 6
62 73 62
1 46 1
17 84 10
90 94 90
21 90 14
18 116 18
19 117 14
5 75 1
1 108 1
10 67 10
34 120 34
9 117 2
63 83 58
1 125 1
46 75 46
9 114 2
38 122 38
30 110 30
107 123 102
1 88 1
39 77 34
43 75 38
66 72 66
24 93 18
51 123 46
82 118 82
11 90 6
27 70 22
109 122 102
62 85 62
101 106 94
6 108 6
37 40 30
74 79 74
89 114 82
97 111 90
54 99 54
55 111 50
102 126 102
30 82 30
66 93 66
50 108 50
68 69 62
16 30 10
2 104 2
57 122 50
39 106 34
54 112 54
22 61 22
36 125 30
10 11 6
3 17 1
31 126 26
74 128 74
35 101 30
15 39 10
99 117 94
58 67 58
11 38 6
76 112 70
2 86 2
12 71 6
20 47 14
78 126 78
79 98 74
91 123 86
48 124 42
70 72 66
18 127 18
88 105 82
87 88 82
33 101 26
97 104 90
66 94 66
47 65 42
14 75 14
45 51 38
110 111 106
45 71 38
13 45 6
37 102 30
63 82 58
27 110 22
22 95 22
76 90 70
67 119 62
123 125 118
51 105 46
81 126 74
42 77 42
115 117 110
2 94 2
89 113 82
15 42 10
125 126 118
14 64 14
8 67 2
30 119 30
86 117 86
12 59 6
121 124 114
3 109 1
97 127 90
79 80 74
1 63 1
2 27 2
11 122 6
9 112 2
14 45 14
14 28 14
30 52 30
26 39 26
22 49 22
22 94 22
21 114 14
23 102 18
2 16 2
18 40 18
96 98 90
22 123 22
19 104 14
58 97 58
89 123 82
3 36 1
21 53 14
116 128 110
88 95 82
30 79 30
16 121 10
80 99 74
60 76 54
88 91 82
41 72 34
34 97 34
18 122 18
73 93 66
22 27 22
67 102 62
60 90 54
50 102 50
12 79 6
78 80 74
23 111 18
114 124 114
42 78 42
28 84 22
33 60 26
77 119 70
15 58 10
14 83 14
31 87 26
54 82 54
32 110 26
73 84 66
76 81 70
77 108 70
10 104 10
13 73 6
13 76 6
68 76 62
36 53 30
102 105 98
25 109 18
25 46 18
73 125 66
18 91 18
84 97 78
6 107 6
75 98 70
51 127 46
42 93 42
107 122 102
21 81 14
2 58 2
87 114 82
35 93 30
2 71 2
33 85 26
19 39 14
52 84 46
54 76 54
2 64 2
59 103 54
20 88 14
121 127 114
80 104 74
90 109 90
18 59 18
57 76 50
60 84 54
33 110 26
26 78 26
26 125 26
12 120 6
73 97 66
48 96 42
40 95 34
22 23 18
74 98 74
44 64 38
6 97 6
66 104 66
16 22 10
30 86 30
12 63 6
56 59 50
100 113 94
11 22 6
29 111 22
85 86 78
70 127 70
20 53 14
57 60 50
107 108 102
10 70 10
64 117 58
110 112 106
23 72 18
17 69 10
114 126 114
76 99 70
35 110 30
46 121 46
1 89 1
81 100 74
20 22 14
26 69 26
6 57 6
54 63 54
126 128 122
102 104 98
74 106 74
22 31 22
67 78 62
1 61 1
1 65 1
101 110 94
68 81 62
10 99 10
6 58 6
23 81 18
50 104 50
28 123 22
87 109 82
43 49 38
1 71 1
28 71 22
22 51 22
28 31 22
15 30 10
19 40 14
30 101 30
83 108 78
35 50 30
21 78 14
74 116 74
45 120 38
104 108 98
14 24 14
51 53 46
32 56 26
3 89 1
25 77 18
4 112 1
93 103 86
43 123 38
17 74 10
44 112 38
38 118 38
9 125 2
28 86 22
109 123 102
14 121 14
63 87 58
6 110 6
2 78 2
18 83 18
24 119 18
93 120 86
78 89 78
95 118 90
103 120 98
81 117 74
18 70 18
77 80 70
33 83 26
10 96 10
78 93 78
78 106 78
66 120 66
47 92 42
10 79 10
115 125 110
92 115 86
22 46 22
3 41 1
34 43 34
19 102 14
25 106 18
42 61 42
1 95 1
79 118 74
73 96 66
49 104 42
38 84 38
74 78 74
44 90 38
39 96 34
100 127 94
107 124 102
93 99 86
54 78 54
91 121 86
6 36 6
26 33 26
6 63 6
16 122 10
63 121 58
44 101 38
4 126 1
25 67 18
40 117 34
39 71 34
43 56 38
14 42 14
21 37 14
33 95 26
28 126 22
3 118 1
112 113 106
14 85 14
7 24 2
17 91 10
90 120 90
70 83 70
65 79 58
24 116 18
92 107 86
75 101 70
20 109 14
6 40 6
1 83 1
15 48 10
44 104 38
18 93 18
45 104 38
9 113 2
95 96 90
43 127 38
30 128 30
46 57 46
31 67 26
1 54 1
80 93 74
26 74 26
64 83 58
17 124 10
75 82 70
36 52 30
18 62 18
28 91 22
1 11 1
90 99 90
10 89 10
6 50 6
65 126 58
39 108 34
79 102 74
30 55 30
80 108 74
40 101 34
6 109 6
107 127 102
64 104 58
83 113 78
10 46 10
43 108 38
5 33 1
10 24 10
39 55 34
15 80 10
88 118 82
44 74 38
29 104 22
110 122 110
32 105 26
30 43 30
56 98 50
34 95 34
3 50 1
21 54 14
55 126 50
103 126 98
48 57 42
30 42 30
46 126 46
6 49 6
10 72 10
28 88 22
47 60 42
32 126 26
81 115 74
80 81 74
6 75 6
71 102 66
111 123 106
104 126 98
16 41 10
26 29 22
53 112 46
36 45 30
74 111 74
6 84 6
35 74 30
20 87 14
56 81 50
84 104 78
23 66 18
105 124 98
11 71 6
47 121 42
7 20 2
47 86 42
14 53 14
3 40 1
5 127 1
2 52 2
93 117 86
47 122 42
68 119 62
100 108 94
4 29 1
35 122 30
55 128 50
49 80 42
15 18 10
10 127 10
4 39 1
26 35 26
34 70 34
15 46 10
99 125 94
38 95 38
75 107 70
34 90 34
107 120 102
97 121 90
93 100 86
33 54 26
29 77 22
80 123 74
79 81 74
12 96 6
36 39 30
54 75 54
84 89 78
14 39 14
34 66 34
65 125 58
44 49 38
66 106 66
69 112 62
22 106 22
90 104 90
13 123 6
34 49 34
57 100 50
101 102 94
65 82 58
54 121 54
22 73 22
126 127 122
46 120 46
32 89 26
23 44 18
41 81 34
40 83 34
120 122 114
10 118 10
71 87 66
1 9 1
75 120 70
66 111 66
22 58 22
59 87 54
34 60 34
17 120 10
14 52 14
15 104 10
55 64 50
6 94 6
55 73 50
21 84 14
16 89 10
14 22 14
43 101 38
18 26 18
59 107 54
6 48 6
75 125 70
82 85 78
48 101 42
34 37 30
108 126 102
90 115 90
8 107 2
15 85 10
62 76 62
30 50 30
78 125 78
26 28 22
9 123 2
74 99 74
6 90 6
38 54 38
90 121 90
93 121 86
7 42 2
60 81 54
91 113 86
54 106 54
10 103 10
61 65 54
61 95 54
53 107 46
23 98 18
46 119 46
94 114 94
8 28 2
14 89 14
87 119 82
99 104 94
77 113 70
20 74 14
1 32 1
91 116 86
19 20 14
1 122 1
5 36 1
38 73 38
68 122 62
37 126 30
61 107 54
42 62 42
42 104 42
108 128 102
1 28 1
77 114 70
53 83 46
25 72 18
18 23 18
31 42 26
16 95 10
1 90 1
82 95 82
34 84 34
77 102 70
2 44 2
6 102 6
81 84 74
38 71 38
104 120 98
14 59 14
59 95 54
17 77 10
41 70 34
8 81 2
2 20 2
59 71 54
15 102 10
20 48 14
6 66 6
20 79 14
7 39 2
47 100 42
84 114 78
16 51 10
16 61 10
9 41 2
27 128 22
111 125 106
64 76 58
27 71 22
27 102 22
84 105 78
97 107 90
11 14 6
33 126 26
