256 6722
188 203 1
154 188 227
66 203 208
130 188 127
149 154 27
179 203 156
66 236 147
188 214 213
130 249 197
154 187 151
33 149 247
37 203 54
40 179 83
66 166 112
52 236 215
102 188 246
20 214 173
130 222 182
94 249 114
7 154 95
90 187 178
149 220 91
33 81 193
35 203 253
37 69 3
106 179 195
25 40 89
66 184 110
18 166 142
31 236 255
52 202 252
73 188 50
49 102 136
105 214 165
20 233 150
130 244 120
189 222 235
128 249 155
46 94 200
154 237 98
7 55 38
157 187 104
28 90 97
149 172 82
220 256 194
12 33 171
81 234 93
133 203 126
16 35 229
37 219 153
69 138 5
135 179 254
23 106 57
40 180 80
25 26 65
66 198 168
184 245 169
166 216 62
18 192 170
61 236 68
31 87 108
52 75 63
123 202 221
167 188 44
13 73 190
99 102 17
49 146 243
2 214 101
105 205 113
20 160 152
43 233 143
47 130 59
164 244 199
222 251 67
24 189 250
36 249 77
121 128 109
94 226 34
46 140 231
154 248 141
29 237 10
7 48 119
55 206 92
187 211 21
157 176 162
90 144 117
28 225 232
14 149 185
19 172 196
204 220 212
139 256 223
33 115 186
12 175 158
64 81 85
51 234 238
177 203 8
86 133 145
6 35 71
16 96 60
37 159 42
15 219 53
69 88 122
39 138 240
32 179 118
72 135 22
106 241 230
23 45 100
40 163 239
125 180 242
25 210 209
26 201 218
66 181 58
129 198 56
84 184 224
111 245 116
124 166 41
79 216 174
18 134 207
70 192 161
228 236 137
4 61 131
31 107 217
78 87 148
52 183 191
74 75 30
9 202 132
76 123 103
27 60 1
24 28 227
39 112 208
213 249 127
117 175 27
230 240 156
112 183 147
105 190 213
121 250 197
154 162 151
14 51 247
16 39 54
106 210 83
56 134 112
183 228 215
50 243 246
205 233 173
59 189 182
36 200 114
10 206 95
144 157 178
82 220 91
85 158 193
71 86 253
53 69 3
106 135 195
125 201 89
169 181 110
161 174 142
78 228 255
63 202 252
13 44 50
99 146 136
2 105 165
143 152 150
59 244 120
24 67 235
77 109 155
226 231 200
237 248 98
55 119 38
28 117 97
19 149 82
212 256 194
115 158 171
51 85 93
86 177 126
6 96 229
53 159 153
122 240 5
22 179 254
23 241 57
163 242 80
26 210 65
56 66 168
84 116 169
41 216 62
18 70 170
61 228 68
148 217 108
9 103 221
11 167 44
84 232 1
22 244 1
83 108 208
141 189 227
29 154 98
84 245 169
76 158 1
49 213 213
185 226 227
103 251 1
1 230 1
1 7 1
186 205 227
19 156 1
72 94 1
152 233 150
84 111 169
126 138 54
59 227 227
51 158 193
70 216 142
71 155 1
1 82 1
164 222 182
63 68 215
21 162 104
135 208 208
129 149 1
59 120 120
171 193 193
4 107 255
148 228 255
181 184 110
7 87 1
53 222 1
150 205 173
122 219 3
1 14 1
37 245 208
106 240 156
205 213 213
2 120 127
1 12 1
85 171 193
110 193 1
1 79 1
48 238 27
83 84 208
143 150 150
21 157 104
94 229 1
13 188 50
78 80 208
189 231 197
27 119 27
115 175 171
81 244 227
3 219 3
38 86 1
113 142 1
9 76 221
1 85 1
29 248 98
77 231 114
72 238 1
5 195 156
2 65 1
46 250 197
75 244 1
32 241 195
150 160 150
102 155 127
77 141 227
1 102 1
25 218 65
94 140 200
47 237 227
111 184 169
4 228 68
96 144 1
61 191 215
51 186 193
24 222 235
91 172 91
3 54 54
74 183 63
17 181 1
201 209 65
151 225 151
108 214 1
93 227 227
3 209 156
1 253 1
63 191 63
147 228 147
100 195 195
15 240 3
98 227 227
75 191 63
1 126 1
105 165 165
176 187 104
117 225 97
35 153 54
106 254 195
56 226 1
18 174 142
60 229 229
220 223 194
54 208 208
66 68 147
51 191 1
90 225 97
62 204 1
190 205 213
113 121 127
160 247 227
20 143 150
203 253 253
38 95 95
199 218 1
205 250 127
4 131 131
1 91 1
59 139 227
163 248 1
73 172 227
11 188 11
156 239 156
54 221 208
180 210 89
11 13 50
61 134 147
79 133 208
1 138 1
38 154 95
119 186 27
9 191 252
71 98 1
65 179 83
154 247 27
23 245 208
34 115 227
47 244 120
41 53 208
88 240 5
24 59 182
36 41 1
27 223 27
86 88 54
208 215 208
160 205 173
1 44 1
49 136 136
13 227 227
32 254 254
78 133 208
87 137 255
134 147 147
57 89 83
69 241 156
106 195 195
98 229 1
145 196 1
42 122 3
121 219 1
33 175 171
140 226 200
83 170 208
182 234 227
76 202 221
92 227 227
115 209 1
40 115 1
49 64 227
128 250 197
101 152 173
200 237 227
95 215 1
21 23 1
178 180 1
2 221 1
56 256 1
27 213 227
162 173 227
64 186 193
9 123 221
93 238 93
125 163 80
61 147 147
61 111 147
43 160 150
161 184 112
148 183 215
215 224 147
108 255 255
81 85 85
60 71 229
61 217 255
39 122 5
1 34 1
85 93 93
14 91 91
149 204 91
25 233 1
29 141 98
58 150 1
50 165 213
31 78 108
17 49 136
148 166 147
162 211 104
111 224 169
63 238 1
70 132 147
56 164 1
213 214 213
167 173 213
206 220 27
74 149 1
148 170 147
135 234 1
12 115 171
20 113 173
158 220 247
130 199 120
5 156 156
227 238 227
203 256 1
50 102 246
50 239 1
191 216 147
22 65 83
21 199 227
4 217 255
103 202 221
123 183 252
94 114 114
34 199 197
78 171 1
73 226 127
147 241 208
18 147 147
69 76 208
64 204 247
199 222 182
44 70 1
59 67 182
46 137 1
201 210 65
135 195 195
35 96 229
37 53 153
50 215 1
165 207 1
119 206 38
26 57 83
24 164 182
124 141 1
58 79 112
48 130 227
159 219 153
27 55 27
92 98 95
48 206 38
58 117 1
72 106 195
50 211 227
152 222 127
6 212 1
6 7 1
32 126 156
62 186 1
67 177 1
43 214 173
64 227 227
128 155 155
104 139 27
34 128 114
4 137 68
94 208 1
80 157 1
53 230 156
123 191 252
127 193 227
176 178 178
3 149 1
20 165 173
44 132 1
119 141 95
78 217 108
78 107 108
1 122 1
107 215 215
40 65 89
197 222 197
39 69 5
70 124 142
49 160 213
69 107 208
140 249 114
47 251 182
79 142 142
20 205 173
1 182 1
118 179 118
111 198 110
143 160 150
67 127 127
25 241 83
158 186 171
81 252 1
166 174 62
2 113 165
162 176 162
35 79 208
36 43 127
121 249 155
167 190 50
1 31 1
2 143 173
72 209 83
83 153 156
124 214 1
32 86 156
6 60 229
37 57 156
89 125 89
185 256 91
11 187 227
123 221 221
194 204 194
1 17 1
77 191 1
82 99 227
130 251 182
119 242 1
66 245 110
84 251 1
120 200 197
183 236 215
124 221 147
91 198 1
92 119 38
147 255 147
25 236 208
131 236 68
199 235 182
56 250 1
3 25 156
165 182 127
45 230 57
34 140 200
2 71 1
66 215 147
178 210 1
175 234 193
116 179 208
14 19 82
121 227 227
112 200 1
6 229 229
90 243 227
58 129 168
42 219 153
12 196 247
37 54 54
57 61 208
20 43 150
91 149 91
134 208 208
116 224 169
69 240 5
102 181 1
3 241 156
116 184 169
45 92 1
92 196 27
21 117 178
11 205 213
87 107 108
81 227 227
150 177 1
3 88 3
56 116 110
165 167 213
102 121 127
137 255 255
77 197 197
181 197 1
188 204 227
156 210 156
156 197 1
19 135 1
117 228 1
1 24 1
102 182 127
72 159 156
55 185 27
44 136 246
141 206 95
193 204 247
170 195 208
37 116 208
185 206 27
92 117 151
124 174 62
173 233 173
116 226 1
153 159 153
141 160 227
99 243 136
177 191 208
93 233 227
41 168 112
106 156 156
5 138 5
160 233 150
149 197 227
28 159 1
204 233 227
1 70 1
66 116 110
110 129 110
65 215 208
88 163 156
1 114 1
36 114 114
59 251 182
123 129 147
111 112 112
169 209 208
130 239 1
25 251 1
83 156 156
195 207 208
179 186 1
131 183 215
15 45 156
73 158 227
201 226 1
113 150 173
94 231 200
2 213 213
110 212 1
54 159 54
54 153 54
102 146 136
208 245 208
54 145 54
59 199 120
1 151 1
205 214 165
59 164 120
139 199 227
29 232 151
123 210 208
163 210 89
42 183 208
26 83 83
241 242 83
25 35 156
117 133 1
30 208 208
95 122 1
110 209 208
17 77 127
176 225 178
74 196 1
39 54 54
187 206 151
190 224 1
3 64 1
92 192 1
131 208 208
92 248 95
34 127 127
71 253 253
98 248 98
1 194 1
6 16 229
64 125 1
210 253 156
181 186 1
46 155 114
100 230 57
47 209 1
186 216 1
100 241 57
61 208 208
117 232 97
85 134 1
50 190 50
103 236 215
31 109 1
98 220 27
103 141 1
59 138 1
64 193 193
164 235 182
136 216 1
26 69 156
24 130 182
189 220 227
8 105 1
68 78 255
179 208 208
3 53 3
22 161 208
158 162 27
186 193 193
112 192 112
147 207 147
128 189 197
162 187 104
192 216 142
130 197 197
11 190 50
2 150 173
139 204 194
17 146 136
37 46 1
24 52 1
24 227 227
33 186 186
210 239 89
225 242 1
36 128 155
95 227 227
151 248 151
36 121 155
15 177 54
192 224 112
70 140 1
47 189 182
27 212 27
65 210 65
22 205 1
197 251 197
241 244 1
174 222 1
60 253 253
122 138 5
66 129 168
169 255 147
189 251 235
117 189 227
131 137 68
6 197 1
109 249 155
122 220 1
64 238 93
22 29 1
117 157 178
165 202 1
1 199 1
51 175 193
15 159 153
227 235 227
90 97 97
151 154 151
73 155 127
26 40 89
119 135 1
123 131 215
58 216 112
118 242 83
188 213 213
15 153 153
54 65 156
127 213 127
107 137 255
101 164 127
10 131 1
30 212 1
70 207 170
16 71 229
24 127 127
215 217 215
126 177 126
103 252 252
51 245 1
57 187 1
116 122 208
6 42 54
23 57 57
141 237 98
1 38 1
202 216 147
41 62 62
167 214 213
117 151 151
156 170 208
56 185 1
118 135 254
46 200 200
10 154 98
142 245 112
113 246 213
11 101 213
125 136 1
127 167 127
59 250 182
101 180 1
139 200 227
1 220 1
105 233 173
127 244 127
40 185 1
197 231 197
154 197 227
119 237 95
31 74 215
41 174 62
158 212 247
43 206 227
8 86 126
43 49 213
55 96 1
204 227 227
50 124 1
134 192 170
80 206 1
160 227 227
127 188 127
40 208 208
104 254 1
1 136 1
145 203 126
111 128 1
56 147 147
43 176 227
127 155 127
193 229 1
114 117 227
15 255 208
191 202 252
67 164 182
55 168 1
25 132 208
93 220 247
204 256 194
7 141 95
109 144 227
115 118 1
66 246 1
1 228 1
234 238 238
90 104 178
23 135 195
8 133 126
212 223 194
44 117 227
168 208 208
38 53 1
27 175 27
16 108 208
109 176 227
1 162 1
22 101 1
206 228 1
146 205 213
58 116 110
11 99 246
100 106 57
1 157 1
139 167 227
40 100 83
86 220 1
52 76 252
70 116 112
97 173 227
44 190 50
139 238 247
73 208 1
1 237 1
84 154 1
33 206 27
54 97 1
124 161 142
97 153 1
227 249 227
89 201 89
95 100 1
32 58 208
5 39 5
72 74 208
79 237 1
62 161 142
40 125 80
100 118 195
58 208 208
61 203 208
1 110 1
1 225 1
20 150 150
174 200 1
14 219 1
34 67 197
166 249 1
34 46 200
120 197 197
94 155 114
88 239 156
43 143 143
131 255 255
18 152 1
6 118 156
50 145 1
52 74 63
10 248 98
242 245 208
6 193 1
156 253 156
113 191 1
31 108 108
12 184 1
79 107 147
25 30 208
166 181 112
125 210 89
209 218 65
27 187 27
160 213 213
189 199 182
89 180 89
206 234 27
65 201 65
122 195 156
172 223 91
70 240 208
63 183 63
118 195 195
42 53 153
26 209 65
26 38 1
151 177 1
117 178 178
27 247 27
10 141 98
76 191 252
50 121 127
1 214 1
32 145 156
122 156 156
156 241 156
11 244 127
49 121 127
243 252 1
128 140 114
3 98 1
34 250 197
46 226 200
109 134 1
43 152 150
74 243 1
11 73 50
35 80 156
114 236 1
110 151 1
172 227 227
79 124 62
198 209 208
112 134 112
71 122 54
44 73 50
196 256 91
116 153 208
62 207 142
31 194 1
48 154 95
133 173 1
10 88 1
44 227 227
5 179 156
23 230 57
234 248 27
159 208 208
6 9 208
172 195 1
96 126 253
58 101 1
12 51 193
2 148 1
92 101 227
175 229 1
30 204 1
1 238 1
230 239 83
34 203 1
98 113 227
3 240 3
34 114 114
51 133 1
115 148 1
74 253 208
86 203 126
204 223 194
80 177 156
83 100 83
163 201 89
54 138 54
102 212 227
110 198 110
107 131 255
11 25 1
10 233 227
23 242 83
212 251 227
217 236 255
107 148 108
49 99 136
139 240 1
1 150 1
80 210 89
44 50 50
1 210 1
74 202 252
151 220 27
16 225 1
87 217 108
173 214 173
66 78 147
72 162 1
83 106 83
142 224 112
139 220 194
113 232 227
172 196 196
28 176 178
156 179 156
5 219 3
73 146 246
250 251 235
82 210 1
134 236 147
6 54 54
100 212 1
40 73 1
45 100 100
161 185 1
213 246 213
41 138 208
123 130 1
150 207 1
204 229 1
13 201 1
141 161 1
16 51 1
131 212 1
49 188 246
9 147 147
50 214 213
102 167 246
28 139 27
64 234 93
101 143 173
1 3 1
142 161 142
52 208 208
204 225 27
16 60 60
156 165 1
127 222 127
213 234 227
24 185 227
123 215 215
14 135 1
92 162 151
132 170 147
43 203 1
110 208 208
19 96 1
112 171 1
166 217 147
168 224 110
80 242 80
51 64 93
20 67 127
149 239 1
102 243 136
77 210 1
19 175 247
27 196 27
229 253 253
200 244 197
212 241 1
137 160 1
27 203 1
66 255 147
21 27 27
21 126 1
75 112 147
1 135 1
72 195 195
144 232 97
101 105 165
92 147 1
63 134 147
19 194 91
28 104 178
58 162 1
150 173 173
33 93 193
144 225 97
67 128 197
9 68 215
44 99 246
44 146 246
3 153 3
47 191 1
42 117 1
47 173 127
160 222 127
33 212 247
115 193 193
70 123 147
1 30 1
186 240 1
54 188 1
33 172 247
117 206 151
42 153 153
1 184 1
200 226 200
10 48 95
78 132 215
91 254 1
158 175 158
182 205 127
58 236 147
17 246 246
10 75 1
1 243 1
36 52 1
34 231 200
151 178 151
12 65 1
157 211 104
31 148 108
2 182 127
1 112 1
159 246 1
13 218 1
67 199 182
83 179 83
176 211 104
10 168 1
22 45 195
124 170 142
82 91 91
11 124 1
172 194 91
146 244 127
35 60 229
133 201 156
131 231 1
143 224 1
1 232 1
151 194 27
6 252 208
26 140 1
183 191 191
9 75 252
70 208 208
127 145 1
98 99 227
37 253 54
156 240 156
53 65 156
112 198 112
110 186 1
165 186 227
162 178 178
1 39 1
78 192 147
189 240 1
40 230 83
152 238 227
122 188 1
190 227 227
110 112 112
27 194 27
65 125 89
82 204 91
78 175 1
122 159 3
21 53 1
84 147 147
72 179 254
15 122 3
76 218 208
44 219 1
40 106 83
166 233 1
171 247 247
1 223 1
1 123 1
84 228 147
3 5 3
1 159 1
1 105 1
134 174 142
80 83 83
128 215 1
204 212 212
41 79 62
186 212 247
25 180 89
69 121 1
198 245 110
101 179 1
28 97 97
16 241 156
25 208 208
45 229 156
12 55 27
98 209 1
79 219 208
176 222 227
84 112 112
27 73 227
32 208 208
179 255 208
133 177 126
148 215 215
116 239 208
1 235 1
153 219 153
97 117 97
69 123 208
184 231 1
71 209 156
23 33 1
64 136 227
62 112 112
33 158 171
7 119 119
7 145 1
33 94 227
22 100 195
32 171 1
112 233 1
40 239 239
200 222 197
8 254 156
3 15 3
1 4 1
102 103 1
1 201 1
38 118 1
103 132 221
19 238 247
12 186 171
62 215 147
41 215 147
29 176 151
88 194 1
5 240 5
73 199 127
148 153 208
47 114 197
8 108 208
190 233 213
70 214 1
134 161 170
3 208 208
37 145 54
188 190 50
64 75 1
64 185 247
12 167 227
214 233 173
136 213 213
101 195 1
15 42 153
82 113 227
170 181 112
83 197 1
80 226 1
1 147 1
49 196 227
93 193 193
138 219 3
163 235 1
165 213 213
53 125 156
13 36 127
132 177 208
107 175 1
92 256 27
125 239 80
59 171 227
9 215 215
43 71 1
212 227 227
56 169 110
24 158 227
24 120 182
8 60 253
77 89 1
121 200 114
162 246 227
2 11 213
120 199 120
53 88 3
177 235 1
201 249 1
44 102 246
27 157 27
16 27 1
84 132 147
6 133 253
88 138 5
9 174 147
86 241 156
3 126 54
17 73 246
142 207 142
114 197 197
102 173 213
62 208 208
64 189 227
127 138 1
169 219 208
97 176 178
1 29 1
59 124 1
109 196 227
52 110 147
3 148 208
50 146 246
32 218 83
72 230 195
48 92 38
129 232 1
132 146 1
144 151 151
17 68 1
14 18 1
98 115 27
18 170 170
123 132 221
171 175 171
24 82 227
98 138 1
29 228 1
1 171 1
47 91 227
197 242 1
169 211 1
49 118 1
99 124 1
231 235 197
32 154 1
4 97 1
186 204 247
145 240 54
15 218 156
86 251 1
107 208 208
62 203 208
27 48 27
54 219 54
74 252 252
36 255 1
102 124 1
127 128 127
97 193 27
136 243 136
82 149 82
192 207 170
145 162 1
49 184 1
20 227 227
157 168 1
58 131 147
216 250 1
95 104 151
17 188 246
51 227 227
41 239 208
29 30 1
118 254 254
7 73 227
119 210 1
164 200 197
67 94 197
146 248 227
137 228 137
146 161 1
48 248 95
57 179 195
169 174 112
6 240 54
47 199 120
45 241 57
18 161 170
5 19 1
74 191 63
149 192 1
44 186 227
66 229 208
80 129 208
125 208 208
25 75 208
101 160 173
11 225 227
104 176 104
71 129 208
49 73 246
11 94 127
1 83 1
128 222 197
8 117 1
11 251 127
1 127 1
8 37 54
28 144 97
27 151 27
94 197 197
31 61 255
224 240 208
92 95 95
199 240 1
7 211 151
52 203 208
18 193 1
113 127 127
115 128 227
3 41 208
113 173 173
75 115 1
26 179 83
11 146 246
85 175 193
187 247 27
59 117 227
35 71 71
40 111 208
38 196 27
52 127 1
25 142 208
1 247 1
174 245 112
1 10 1
22 204 1
66 211 1
34 251 197
131 135 208
211 225 178
16 187 1
14 194 91
72 254 254
95 231 227
222 250 235
74 136 1
26 213 1
223 231 227
137 215 215
181 217 147
99 190 246
99 113 213
18 108 147
114 127 127
104 200 227
26 207 208
25 83 83
185 194 91
41 151 1
66 168 168
7 178 151
64 253 1
93 149 247
124 228 147
21 107 1
120 169 1
12 182 227
14 215 1
171 216 1
1 81 1
30 75 30
51 185 247
72 241 195
60 174 208
182 227 227
78 127 1
113 143 173
135 254 254
239 245 208
93 200 227
181 198 168
142 147 147
7 206 38
136 246 246
60 197 1
113 172 227
13 50 50
221 222 1
178 242 1
93 186 193
27 167 227
21 176 104
36 100 1
13 79 1
6 177 253
54 214 1
20 196 227
83 180 83
8 145 126
153 208 208
58 86 208
196 220 91
100 173 1
64 118 1
107 236 255
195 239 83
173 235 127
35 86 253
63 215 215
3 19 1
89 182 1
73 167 50
16 243 1
32 83 83
100 254 195
7 220 27
53 156 156
78 120 1
93 115 193
36 106 1
210 218 65
149 158 247
93 178 27
174 207 142
88 161 208
25 192 208
15 164 1
83 235 1
29 38 95
142 183 147
146 243 243
99 220 227
50 100 1
57 230 57
68 112 147
156 208 208
1 16 1
170 253 208
140 174 1
5 108 208
66 202 147
58 147 147
121 136 127
1 154 1
73 227 227
14 204 91
144 152 227
2 152 173
65 156 156
52 215 215
185 219 1
144 227 227
52 132 252
167 247 227
48 128 227
90 214 227
194 196 91
32 106 195
99 138 1
47 224 1
115 215 1
38 135 1
41 137 147
95 218 1
7 92 38
205 247 227
179 210 83
67 227 227
112 208 208
69 109 1
1 191 1
27 149 27
14 196 82
22 32 254
1 221 1
56 168 168
210 242 89
135 221 208
16 113 1
131 228 68
222 235 235
123 161 147
85 238 93
133 208 208
54 86 54
147 208 208
119 146 227
181 245 110
22 118 254
1 46 1
53 240 3
46 207 1
211 229 1
180 230 83
15 37 153
65 157 1
5 117 1
70 90 1
120 121 197
81 238 93
58 192 112
108 148 108
8 72 156
110 147 147
49 197 127
82 251 227
82 227 227
140 227 227
139 237 27
200 227 227
81 110 1
182 206 227
51 81 93
140 167 127
126 157 1
11 109 127
62 79 62
1 59 1
38 247 27
24 80 1
94 232 227
221 231 1
23 239 83
208 219 208
47 161 1
89 156 156
15 138 3
58 181 58
35 212 1
61 75 215
127 182 127
91 194 91
143 158 227
22 241 195
25 239 89
39 88 5
83 208 208
164 186 227
160 249 127
17 27 227
36 224 1
8 171 1
214 219 1
8 249 1
135 217 208
173 181 1
98 206 95
70 184 112
47 235 182
67 189 235
30 228 215
75 235 1
50 115 227
1 204 1
195 206 1
121 231 114
1 164 1
144 184 1
127 204 227
5 153 3
117 205 227
57 242 83
66 224 110
26 169 208
57 237 1
16 190 1
247 256 247
19 166 1
97 172 27
41 161 142
178 232 178
68 219 208
72 118 254
55 236 1
16 88 54
120 245 1
166 240 208
122 181 208
45 141 1
152 243 213
48 209 1
102 199 127
78 215 215
127 160 127
3 29 1
218 242 89
55 172 27
167 237 227
132 147 147
18 168 112
1 87 1
130 167 127
160 202 1
115 240 1
119 151 151
178 225 178
76 132 221
45 179 195
1 197 1
34 73 127
6 39 54
36 235 197
85 240 1
91 243 227
48 141 95
109 226 114
80 239 80
101 207 1
71 240 54
1 205 1
161 227 1
12 152 227
15 133 54
23 180 83
125 145 156
191 208 208
213 227 227
12 207 1
43 205 173
104 175 27
101 233 173
50 213 213
35 216 208
77 94 114
193 227 227
228 255 255
204 211 27
105 217 1
143 173 173
95 141 95
75 183 63
25 245 208
199 234 227
164 169 1
125 156 156
8 149 1
31 60 208
6 122 54
55 97 151
48 241 1
51 204 247
161 192 161
4 229 208
52 147 147
192 198 112
172 185 82
139 212 194
143 214 173
198 206 1
1 113 1
2 103 1
36 46 114
72 152 1
196 228 1
217 255 255
147 166 147
16 119 1
35 145 253
53 225 1
2 172 227
53 239 156
86 229 253
116 230 208
88 208 208
5 181 208
55 152 227
28 96 1
1 69 1
98 232 151
67 222 67
168 170 112
76 127 1
25 195 83
174 204 1
151 217 1
169 233 1
222 237 227
23 32 195
54 70 208
1 178 1
127 245 1
48 176 151
216 224 112
63 93 1
5 88 5
93 171 193
28 151 151
2 189 127
173 213 213
24 112 1
7 112 1
10 60 1
74 208 208
40 223 1
109 195 1
82 175 247
33 185 247
11 32 1
150 228 1
185 196 82
48 119 119
40 153 156
71 247 1
213 233 213
57 195 195
1 137 1
4 24 1
58 198 168
17 234 227
26 180 89
151 227 227
118 249 1
51 100 1
1 172 1
164 230 1
145 177 126
8 253 253
9 248 1
5 190 1
133 229 253
127 246 127
7 64 27
17 102 17
66 69 208
22 230 195
46 121 114
27 127 227
56 84 110
169 224 169
207 216 142
61 137 68
45 210 83
101 150 173
136 209 1
13 152 213
12 160 227
66 174 112
118 241 195
42 193 1
12 30 1
16 126 253
52 255 215
32 230 195
118 157 1
215 239 208
84 189 1
54 155 1
37 214 1
180 234 1
79 166 62
227 244 227
163 218 89
185 238 247
4 110 147
77 121 155
100 202 208
45 219 156
77 128 155
66 82 1
187 203 1
201 239 89
70 181 112
7 208 1
60 156 156
120 251 182
28 247 27
6 55 1
36 109 155
14 73 227
14 78 1
12 81 193
60 126 253
55 141 95
30 168 147
47 93 227
140 149 227
80 143 1
72 201 83
114 212 227
2 37 1
97 218 1
39 153 3
82 247 247
104 117 178
62 166 62
4 108 255
51 193 193
47 59 59
56 110 110
161 169 112
20 82 227
1 227 1
78 110 147
109 112 1
119 159 1
82 160 227
129 208 208
159 201 156
117 144 117
20 44 213
42 240 3
253 256 1
61 107 255
27 93 27
27 162 27
85 169 1
4 54 208
57 204 1
87 223 1
85 140 227
123 229 208
145 229 253
48 93 27
191 221 252
134 170 170
62 218 208
1 142 1
110 163 208
45 106 57
80 134 208
170 216 142
36 71 1
123 188 1
69 172 1
34 155 114
85 146 227
87 142 147
139 223 223
162 171 27
29 233 227
144 162 178
33 227 227
30 210 208
34 99 127
2 233 173
9 52 252
122 253 54
61 166 147
208 255 208
42 246 1
84 239 208
129 224 110
192 219 208
14 53 1
64 91 247
141 156 1
179 192 208
5 122 5
54 253 54
3 138 3
1 211 1
18 124 142
58 132 147
18 158 1
101 227 227
113 214 165
70 112 112
6 145 253
70 134 170
112 174 112
180 242 242
1 213 1
167 246 246
106 157 1
14 98 27
81 171 193
33 190 227
209 214 1
30 54 208
8 212 1
90 157 178
52 142 147
13 34 127
54 126 54
100 219 156
238 239 1
162 241 1
187 227 227
22 27 1
42 123 208
5 40 156
7 204 27
94 139 227
9 108 215
35 208 208
116 147 147
225 238 27
23 72 195
12 172 247
91 224 1
43 150 150
150 236 1
1 156 1
61 79 147
163 253 156
15 98 1
19 139 91
166 184 112
23 142 208
72 198 208
196 223 91
108 147 147
81 254 1
63 123 252
96 156 156
26 80 89
68 87 255
13 208 1
67 133 1
33 163 1
44 164 127
147 183 147
14 112 1
222 244 182
138 163 156
64 145 1
101 205 165
14 52 1
135 152 1
72 122 156
54 240 54
93 183 1
94 127 127
143 211 227
12 185 247
157 162 162
162 232 178
60 175 1
36 131 1
6 93 1
14 113 227
4 78 255
11 102 246
89 181 208
73 161 1
206 237 95
38 92 38
12 171 171
57 254 195
145 156 156
157 169 1
17 227 227
105 131 1
148 221 215
201 238 1
11 237 227
65 85 1
1 78 1
8 42 54
138 142 208
5 63 208
1 93 1
228 250 1
59 127 127
75 105 1
109 152 127
9 102 1
76 199 1
129 225 1
61 116 147
73 74 1
223 234 247
3 67 1
28 136 227
89 132 208
31 137 255
94 176 227
105 211 227
46 208 1
129 161 112
110 181 110
109 148 1
208 253 208
128 200 114
30 87 215
136 169 1
16 215 208
9 132 132
98 141 98
9 25 208
79 134 142
78 255 255
55 218 1
1 218 1
69 83 156
101 127 127
49 65 1
11 246 246
46 131 1
74 235 1
19 130 227
16 40 156
57 110 208
198 230 208
42 165 1
42 133 54
17 29 227
128 232 227
182 222 182
1 252 1
53 172 1
125 151 1
120 226 197
62 137 147
72 183 208
93 189 227
14 175 247
40 218 89
138 157 1
10 133 1
8 57 156
55 165 227
35 126 253
85 139 247
41 124 41
61 148 255
124 248 1
2 205 165
215 222 1
32 100 195
33 103 1
123 171 1
42 187 1
48 237 95
137 217 255
143 146 213
74 126 208
19 51 247
23 208 208
139 146 227
42 55 1
1 251 1
24 250 250
19 27 27
22 195 195
145 175 1
163 171 1
34 197 197
33 194 247
16 203 253
171 212 247
81 247 247
27 191 1
105 152 173
104 187 104
151 171 27
55 204 27
127 243 127
95 211 151
42 178 1
40 97 1
170 174 142
193 230 1
4 132 215
23 80 83
30 178 1
130 140 197
5 53 3
18 61 147
1 128 1
18 194 1
23 228 208
1 48 1
142 170 142
191 252 252
112 124 112
7 139 27
174 192 142
199 255 1
179 189 1
22 166 208
2 127 127
244 248 227
151 167 227
5 169 208
66 83 208
241 254 195
201 241 83
227 233 227
140 200 200
42 177 54
120 218 1
153 248 1
147 215 147
128 202 1
78 214 1
85 234 93
47 250 182
20 204 227
1 140 1
49 52 1
1 22 1
80 135 83
116 129 110
155 157 227
177 250 1
126 156 156
70 154 1
24 114 197
107 181 147
58 64 1
60 62 208
95 164 227
114 149 227
210 254 83
97 158 27
89 163 89
21 232 178
1 198 1
27 58 1
1 89 1
47 164 120
2 173 173
70 72 208
122 177 54
124 181 112
61 78 255
55 155 227
45 65 83
21 68 1
30 132 252
76 161 147
70 103 147
48 117 151
139 187 27
191 199 1
77 120 197
30 74 30
105 173 173
115 157 27
45 110 208
24 251 235
58 84 110
58 254 208
1 152 1
13 182 127
155 197 197
137 204 1
73 160 213
61 128 1
44 248 227
93 155 227
54 209 156
70 84 112
117 159 1
22 130 1
29 133 1
24 69 1
13 228 1
103 124 147
65 208 208
64 115 193
142 214 1
23 133 156
155 169 1
29 241 1
52 148 215
214 247 227
99 221 1
30 167 1
72 107 208
143 241 1
98 192 1
44 213 213
229 240 54
162 227 227
57 83 83
4 60 208
94 173 127
7 157 151
124 224 112
90 206 151
143 253 1
157 204 27
12 64 193
26 223 1
22 83 83
5 54 54
67 120 182
21 226 227
183 221 252
30 235 1
234 253 1
42 88 3
54 192 208
120 221 1
20 206 227
111 147 147
25 166 208
239 240 156
1 216 1
80 209 89
107 217 217
138 240 240
21 211 21
60 163 156
22 180 83
127 136 127
62 232 1
197 200 197
73 190 190
19 247 247
83 102 1
73 214 213
8 236 208
15 30 208
180 208 208
73 102 246
139 194 194
106 147 208
161 175 1
120 198 1
37 48 1
68 132 215
70 110 112
114 126 1
26 31 208
183 208 208
97 187 178
147 245 147
62 147 147
1 41 1
107 223 1
22 88 156
8 156 156
123 234 1
117 196 27
28 93 27
112 129 112
149 226 227
102 172 227
130 237 227
14 172 82
132 186 1
9 234 1
49 127 127
1 234 1
38 55 38
77 140 114
150 235 127
150 227 227
1 42 1
12 226 227
10 95 95
106 178 1
24 197 197
66 239 208
110 169 110
129 148 147
3 237 1
185 222 227
67 108 1
30 52 63
121 130 197
180 218 89
122 132 208
169 204 1
42 157 1
80 160 1
2 58 1
88 245 208
87 159 208
5 248 1
17 101 213
127 233 127
164 182 182
130 224 1
83 201 83
27 232 27
104 211 104
22 164 1
59 175 227
25 201 65
68 165 1
38 91 27
64 141 27
56 204 1
75 132 252
77 248 227
138 233 1
102 197 127
39 159 3
41 225 1
94 121 114
161 200 1
194 227 227
15 209 156
28 187 178
119 214 227
79 111 112
125 209 89
74 181 147
175 193 193
113 196 227
55 216 1
38 225 151
61 187 1
105 171 227
203 229 253
45 77 1
208 254 208
47 227 227
60 203 253
115 196 247
72 214 1
14 237 27
81 231 227
12 146 227
53 142 208
51 126 1
54 68 208
45 54 156
67 90 227
61 215 215
35 224 208
225 227 227
70 155 1
19 196 196
27 117 27
3 221 208
119 232 151
128 209 1
48 193 27
48 164 227
169 225 1
211 227 227
39 240 240
5 252 208
182 190 127
27 178 27
113 189 127
62 237 1
137 163 208
83 134 208
22 23 195
173 174 1
29 256 27
76 188 1
110 142 112
67 109 197
17 167 246
202 224 147
32 40 83
109 126 1
63 76 252
75 202 252
1 108 1
58 168 168
9 131 215
23 108 208
2 94 127
183 190 1
36 245 1
103 112 147
79 208 208
45 50 1
44 159 1
227 251 227
154 175 27
107 132 215
110 254 208
32 201 83
17 113 213
111 169 169
18 104 1
2 101 101
180 185 1
99 117 227
183 207 147
120 249 197
120 127 127
52 63 63
33 238 193
19 185 82
109 231 114
73 162 227
243 251 127
113 160 173
59 225 227
117 183 1
14 82 82
92 151 151
159 229 54
133 156 156
128 182 197
79 181 112
27 90 27
90 156 1
128 211 227
55 179 1
10 41 1
65 89 89
52 221 252
1 203 1
171 186 171
12 122 1
180 209 89
203 208 208
1 5 1
127 227 227
74 221 252
52 248 1
79 174 174
3 243 1
56 200 1
131 225 1
9 137 215
13 164 127
10 18 1
189 244 182
41 211 1
6 34 1
30 83 208
32 158 1
17 57 1
18 165 1
118 125 83
83 195 83
18 21 1
142 208 208
116 207 112
159 163 156
36 137 1
54 229 54
127 197 127
28 162 178
33 111 1
144 187 178
145 227 1
163 236 208
5 42 3
160 200 127
147 198 147
151 223 27
91 186 247
130 172 227
13 146 246
9 16 208
27 224 1
171 221 1
19 140 227
227 232 227
92 157 151
29 129 1
136 210 1
59 113 127
38 227 227
6 50 1
234 250 227
134 224 112
67 255 1
17 143 213
89 238 1
32 244 1
156 207 208
3 56 208
78 139 1
132 202 132
40 177 156
69 189 1
67 139 227
58 134 112
65 124 208
38 68 1
192 226 1
97 227 227
27 143 227
42 159 42
58 102 1
102 231 127
46 109 114
29 62 1
92 237 95
196 237 27
69 246 1
158 183 1
68 154 1
35 117 1
135 230 195
119 243 227
139 247 247
99 127 127
131 173 1
16 45 156
139 181 1
75 215 215
2 236 1
147 184 147
151 157 151
121 127 127
74 108 215
13 219 1
138 156 156
44 183 1
64 89 1
114 200 114
148 205 1
180 241 83
22 229 156
138 159 3
96 203 253
24 235 235
84 110 110
40 212 1
195 221 208
16 120 1
131 221 215
58 66 58
36 56 1
29 92 95
185 223 91
7 122 1
90 162 178
77 189 197
17 243 136
56 161 112
15 106 156
23 83 83
227 231 227
169 208 208
7 161 1
54 123 208
34 94 34
51 238 238
65 66 208
135 219 156
172 247 247
133 253 253
120 130 120
150 152 150
44 188 44
29 174 1
145 237 1
30 123 252
75 141 1
112 142 112
111 251 1
208 221 208
152 188 213
84 198 110
172 207 1
84 174 112
126 131 208
87 111 147
31 208 208
50 128 127
31 216 147
151 187 151
192 250 1
172 252 1
2 225 227
159 190 1
45 105 1
186 237 27
127 150 127
110 244 1
24 47 182
167 227 227
110 216 112
35 48 1
1 104 1
48 245 1
105 127 127
1 161 1
24 190 127
123 158 1
50 232 227
64 104 27
195 231 1
239 242 80
60 159 54
57 184 208
35 253 253
179 217 208
19 227 227
9 246 1
13 167 50
108 191 215
1 222 1
106 118 195
159 249 1
11 29 227
59 226 197
16 177 253
16 69 54
114 251 197
37 119 1
13 59 127
27 64 27
156 159 156
215 232 1
83 242 83
71 156 156
59 196 227
86 201 156
64 194 247
112 161 112
112 135 208
157 232 178
49 150 213
92 141 95
175 238 193
40 207 208
17 50 246
18 142 142
38 232 151
6 114 1
51 92 27
110 127 1
127 250 127
161 216 142
94 250 197
78 108 108
100 208 208
13 137 1
96 145 253
40 162 1
33 247 247
33 105 227
37 204 1
72 203 156
190 246 246
7 151 151
117 247 27
92 252 1
36 123 1
185 212 91
37 181 208
186 213 227
58 171 1
31 112 147
118 218 83
87 132 215
1 240 1
40 222 1
23 209 83
187 232 178
128 179 1
180 239 80
56 198 56
111 255 147
58 97 1
78 125 208
135 153 156
94 182 197
9 161 147
75 76 252
30 191 63
47 200 197
1 19 1
41 170 142
98 217 1
95 248 95
56 245 110
65 183 208
118 213 1
55 138 1
8 232 1
39 40 156
135 223 1
5 223 1
116 124 112
10 33 27
44 152 213
76 113 1
4 248 1
113 138 1
100 110 208
182 250 182
83 174 208
8 126 126
26 66 208
19 31 1
48 242 1
152 164 127
99 228 1
12 31 1
186 222 227
53 60 54
6 203 253
90 232 97
189 247 227
117 211 178
9 187 1
83 218 83
125 198 208
87 103 215
134 226 1
53 54 54
93 228 1
103 215 215
27 248 27
215 228 215
12 188 227
35 89 156
202 211 1
35 197 1
65 234 1
30 148 215
119 124 1
164 254 1
112 248 1
1 208 1
62 192 142
25 250 1
95 156 1
139 232 27
149 256 91
178 204 27
155 172 227
22 53 156
147 216 147
57 208 208
72 173 1
70 168 112
48 90 151
115 214 227
46 75 1
67 130 182
186 223 247
141 187 151
199 251 182
27 33 27
68 254 208
83 125 83
84 186 1
1 54 1
139 244 227
65 169 208
47 109 197
76 94 1
23 61 208
159 171 1
54 177 54
1 217 1
95 214 227
176 232 178
211 236 1
122 126 54
84 224 224
5 68 208
129 181 168
27 46 227
37 122 3
120 125 1
69 159 3
16 37 54
51 138 1
105 113 113
33 54 1
47 218 1
70 241 208
43 165 173
74 81 1
4 196 1
129 147 147
188 234 227
146 167 246
155 190 127
236 243 1
136 185 227
43 162 227
30 147 147
193 220 247
215 255 215
45 57 57
77 226 114
53 229 54
217 251 1
162 213 227
151 206 151
182 197 197
8 62 208
91 212 91
161 217 147
97 232 97
133 145 145
109 118 1
11 174 1
38 119 38
90 178 178
95 98 95
102 213 213
85 88 1
175 232 27
108 158 1
145 219 54
110 130 1
1 68 1
127 249 127
139 173 227
112 207 112
93 234 93
1 118 1
108 228 255
28 177 1
123 190 1
92 124 1
52 66 147
139 196 91
186 234 193
137 201 208
15 151 1
48 159 1
27 227 227
86 156 156
127 231 127
203 207 208
86 167 1
6 26 156
98 119 95
69 156 156
93 201 1
42 120 1
140 201 1
105 112 1
9 62 147
210 230 83
19 87 1
102 105 213
79 186 1
41 252 147
16 204 1
88 159 3
121 196 227
130 192 1
167 169 1
150 209 1
149 207 1
181 209 208
59 232 227
8 53 54
51 167 227
15 17 1
63 147 147
156 203 156
60 208 208
52 205 1
202 214 1
92 167 227
71 133 253
173 229 1
78 137 255
156 228 208
66 132 147
26 239 89
173 192 1
82 196 82
208 217 208
12 148 1
120 126 1
92 214 227
29 149 27
79 170 142
224 245 169
20 145 1
139 149 91
29 47 227
168 198 168
48 225 151
155 167 127
11 156 1
156 209 156
61 222 1
29 225 151
132 191 252
148 251 1
95 152 227
36 244 197
47 207 1
98 234 27
26 65 65
16 54 54
78 130 1
9 82 1
194 201 1
96 200 1
176 202 1
8 13 1
72 97 1
92 140 227
98 152 227
67 77 197
83 210 83
10 27 27
168 203 208
123 169 147
96 245 208
210 251 1
48 55 38
70 198 112
13 65 1
13 33 227
32 144 1
159 239 156
35 95 1
82 139 91
7 56 1
89 241 83
133 170 208
84 167 1
181 246 1
130 143 127
108 249 1
180 201 89
149 196 82
5 239 156
140 146 127
27 193 27
191 207 147
46 164 197
235 250 235
27 105 227
193 194 247
48 184 1
233 246 213
102 136 136
124 216 62
58 161 112
197 244 197
100 232 1
82 201 1
130 227 227
1 193 1
119 140 227
91 101 227
30 203 208
57 192 208
2 140 127
80 201 89
24 173 127
130 193 227
157 233 227
163 215 208
169 216 112
22 187 1
99 155 127
22 74 208
40 117 1
113 117 227
187 225 178
29 35 1
73 105 213
47 50 127
40 42 156
194 254 1
94 205 127
13 17 246
76 103 103
116 256 1
9 74 252
9 252 252
196 251 227
1 181 1
172 241 1
132 171 1
101 214 101
109 241 1
58 169 110
2 53 1
166 183 147
91 158 247
32 135 254
56 58 168
167 206 227
132 224 147
40 242 80
75 164 1
49 142 1
178 222 227
94 132 1
124 208 208
189 233 127
21 90 178
50 173 213
135 151 1
29 223 27
14 103 1
66 242 208
22 71 156
148 182 1
81 204 247
8 82 1
32 176 1
115 144 27
27 225 27
182 189 182
175 186 171
68 148 255
68 255 255
117 227 227
105 134 1
160 221 1
178 245 1
5 208 208
36 160 127
48 235 227
72 156 156
146 188 246
12 27 27
132 194 1
27 112 1
45 72 195
68 169 147
108 183 215
69 219 3
2 155 127
34 219 1
7 174 1
46 197 197
10 79 1
157 237 151
21 154 151
45 111 208
28 75 1
165 196 227
15 111 208
130 210 1
25 54 156
85 186 193
184 250 1
166 198 112
75 123 252
48 187 151
1 2 1
107 250 1
46 227 227
102 162 227
197 250 197
120 224 1
91 227 227
166 208 208
94 130 197
113 152 173
1 50 1
42 174 208
14 81 247
143 165 173
109 199 197
110 243 1
57 255 208
12 76 1
16 239 156
6 188 1
99 134 1
26 240 156
98 157 151
55 214 227
194 211 27
151 232 151
91 223 91
29 90 151
67 250 235
112 252 147
71 96 229
38 234 27
112 245 112
9 228 215
156 195 156
26 236 208
43 127 127
193 254 1
93 111 1
76 207 147
138 153 3
75 229 208
18 86 208
178 211 178
141 151 151
61 182 1
89 242 89
118 189 1
181 233 1
161 190 1
181 205 1
176 237 151
157 215 1
25 133 156
87 247 1
169 198 110
142 166 142
86 208 208
36 77 77
91 247 247
52 92 1
128 141 227
67 79 1
56 73 1
12 50 227
40 183 208
83 230 83
128 165 127
94 165 127
23 160 1
55 128 227
182 212 227
7 233 227
128 226 114
51 94 227
75 196 1
210 252 208
145 249 1
107 255 255
97 178 178
161 207 170
31 249 1
45 156 156
129 169 110
66 112 112
197 235 197
36 62 1
12 228 1
10 54 1
1 95 1
97 211 178
35 75 208
10 227 227
230 245 208
161 246 1
82 152 227
164 205 127
57 125 83
22 47 1
138 217 208
138 227 1
17 33 227
195 255 208
111 181 110
138 221 208
38 248 95
37 106 156
26 218 218
22 72 22
115 147 1
64 85 85
76 148 215
119 227 227
6 222 1
89 225 1
38 49 227
153 193 1
125 129 208
1 176 1
27 158 27
181 189 1
79 236 147
1 226 1
113 213 213
51 217 1
137 236 137
118 192 208
134 245 112
187 251 227
196 204 91
112 169 112
183 202 252
51 202 1
93 224 1
145 163 156
17 88 1
77 179 1
117 162 178
115 247 247
59 235 182
50 73 50
62 126 208
73 243 246
210 216 208
46 179 1
116 240 208
97 216 1
46 214 127
234 247 247
32 134 208
81 115 193
18 242 208
63 128 1
76 215 215
53 133 54
32 147 208
178 237 151
4 118 208
112 116 112
146 223 227
6 137 208
91 133 1
150 165 173
158 171 171
87 255 255
19 66 1
143 240 1
158 244 227
60 88 54
182 210 1
98 148 1
60 162 1
79 242 208
56 181 168
32 238 1
127 200 127
148 160 1
12 233 227
16 208 208
122 247 1
124 184 112
3 233 1
27 95 27
189 197 197
7 249 227
32 161 208
120 235 182
134 209 208
103 170 147
40 158 1
94 227 227
100 149 1
55 85 27
31 132 215
11 209 1
8 144 1
66 111 110
59 246 127
79 198 112
10 92 95
231 249 114
51 139 247
37 210 156
59 109 197
127 143 127
163 180 80
25 45 83
1 27 1
223 247 247
96 215 208
66 75 147
113 249 127
48 95 95
101 115 227
1 25 1
92 242 1
107 171 1
92 175 27
22 167 1
154 167 227
24 199 182
110 125 208
14 222 227
42 43 1
22 135 22
1 186 1
86 216 208
10 238 27
5 34 1
35 156 156
1 180 1
131 234 1
220 253 1
199 250 182
111 159 208
30 45 208
168 192 112
167 236 1
76 86 208
2 128 127
65 128 1
58 245 110
32 123 208
10 96 1
224 235 1
202 215 215
122 221 208
120 227 227
54 111 208
139 225 27
166 172 1
213 217 1
162 243 227
24 212 227
129 244 1
66 76 147
31 89 208
106 247 1
163 232 1
70 244 1
55 92 92
81 175 193
139 152 227
31 221 215
1 245 1
77 84 1
115 133 1
221 225 1
2 251 127
212 238 247
25 156 156
186 242 1
15 244 1
17 144 227
127 140 127
76 129 147
174 216 174
19 40 1
211 247 27
101 219 1
56 60 208
1 246 1
67 197 197
108 215 215
23 116 208
112 216 112
54 57 156
7 39 1
176 239 1
8 54 54
65 163 89
142 190 1
53 122 3
49 223 227
103 187 1
28 157 178
79 105 1
153 212 1
161 168 112
97 248 151
9 153 208
126 192 208
75 180 208
1 100 1
32 122 156
32 72 254
163 230 83
60 150 1
27 238 27
9 59 1
99 227 227
7 95 95
1 168 1
147 164 1
74 138 208
214 244 127
64 203 1
32 192 208
212 213 227
31 116 147
10 31 1
9 94 1
39 242 156
99 210 1
193 238 193
80 231 1
55 195 1
51 171 193
69 137 208
35 171 1
75 134 147
69 122 122
136 162 227
10 208 1
52 78 215
82 218 1
75 147 147
18 83 208
93 191 1
59 142 1
45 56 208
18 153 208
1 40 1
11 248 227
11 107 1
31 220 1
8 70 208
139 169 1
227 248 227
127 152 127
101 113 165
15 39 3
96 213 1
38 120 227
97 190 227
3 172 1
92 180 1
25 242 89
151 212 27
33 193 193
11 215 1
17 214 213
51 164 227
103 213 1
45 226 1
8 121 1
102 227 227
92 93 27
140 250 197
6 208 208
145 255 208
21 22 1
35 39 54
130 235 182
107 245 147
65 83 83
21 220 27
120 164 120
60 105 1
74 194 1
155 235 197
74 225 1
18 163 208
44 63 1
19 206 27
59 182 182
82 171 247
125 179 83
234 237 27
28 83 1
46 128 114
9 208 208
6 138 54
2 84 1
25 237 1
3 16 54
63 112 147
129 184 110
37 74 208
6 165 1
89 124 208
53 75 208
122 152 1
25 126 156
18 43 1
73 197 127
65 159 156
34 226 34
3 162 1
9 31 215
28 114 227
31 171 1
110 168 110
32 195 195
26 163 89
106 255 208
105 228 1
4 255 255
63 233 1
59 102 127
218 255 208
147 161 147
41 147 147
208 252 208
76 252 252
80 218 89
91 220 91
161 254 208
62 66 112
100 184 208
66 173 1
91 139 91
238 247 247
108 137 255
68 76 215
94 218 1
71 180 156
109 124 1
45 209 83
175 245 1
11 127 127
162 221 1
223 227 227
5 107 208
114 235 197
73 152 213
17 136 136
136 227 227
56 175 1
172 212 91
136 222 127
1 111 1
1 144 1
129 143 1
57 118 195
82 126 1
14 134 1
109 200 114
157 227 227
56 86 208
99 253 1
55 239 1
148 161 147
49 254 1
51 195 1
95 200 227
32 118 118
136 167 246
72 99 1
95 158 27
77 249 77
35 123 208
58 135 208
226 235 197
11 44 44
188 233 213
10 197 227
221 223 1
175 210 1
18 107 147
113 141 227
30 63 63
79 207 142
196 233 227
22 156 156
51 247 247
42 138 3
89 245 208
87 98 1
79 159 208
19 121 227
13 55 227
8 255 208
103 208 208
14 227 227
86 248 1
166 168 112
86 226 1
85 227 227
130 164 120
137 256 1
1 196 1
16 165 1
37 93 1
113 254 1
27 142 1
133 135 156
59 168 1
16 250 1
135 232 1
149 236 1
21 206 151
67 173 127
82 156 1
146 232 227
169 184 169
100 245 208
44 143 213
154 176 151
41 156 208
25 68 208
39 110 208
3 39 3
28 37 1
22 178 1
16 202 208
22 136 1
196 212 91
91 115 247
148 253 208
41 185 1
219 240 3
52 166 147
4 31 255
131 249 1
38 134 1
78 221 215
1 15 1
108 131 255
167 199 127
12 93 193
33 75 1
145 254 156
151 176 151
69 176 1
135 237 1
38 48 38
38 87 1
74 166 147
178 191 1
220 231 227
61 81 1
4 215 215
99 156 1
115 185 247
19 202 1
56 188 1
13 216 1
167 200 127
99 171 227
121 197 197
1 20 1
163 196 1
15 69 3
151 182 227
34 57 1
101 146 213
54 135 156
156 181 208
44 130 127
73 213 213
127 173 127
108 236 255
99 104 227
40 241 83
212 226 227
46 231 231
161 166 142
12 158 158
5 69 5
29 157 151
95 154 95
43 239 1
1 21 1
14 256 91
88 192 208
85 115 193
35 113 1
25 60 156
137 138 208
36 242 1
42 231 1
186 214 227
1 47 1
56 184 110
153 225 1
44 100 1
113 225 227
185 189 227
137 219 208
81 93 93
72 191 208
94 241 1
16 145 253
8 214 1
74 115 1
78 131 255
95 250 227
76 85 1
3 160 1
18 235 1
104 108 1
70 245 112
104 144 178
100 117 1
94 188 127
94 216 1
50 116 1
114 227 227
160 163 1
62 124 62
179 230 195
55 65 1
11 243 246
37 209 156
16 86 253
8 26 156
26 231 1
4 247 1
19 26 1
25 157 1
73 229 1
1 146 1
33 83 1
32 95 1
8 169 208
74 158 1
11 252 1
5 210 156
43 117 227
25 149 1
183 241 208
102 190 246
48 98 95
104 114 227
73 110 1
111 225 1
175 247 247
143 205 173
103 191 252
56 166 112
62 134 142
56 109 1
91 99 227
125 184 208
134 149 1
64 65 1
12 103 1
173 256 227
50 218 1
167 211 227
25 199 1
98 225 151
49 224 1
84 207 112
43 181 1
73 136 246
97 157 178
200 209 1
209 242 89
32 210 83
93 192 1
50 245 1
172 248 27
47 245 1
51 228 1
116 245 116
30 252 252
91 154 27
108 217 108
27 104 27
28 204 27
40 80 80
195 208 208
7 248 95
107 224 147
97 154 151
109 214 127
70 201 208
113 255 1
31 255 255
58 92 1
97 225 97
117 173 227
56 167 1
19 146 227
162 169 1
74 123 252
130 155 197
101 243 213
140 180 1
52 188 1
106 201 83
179 209 83
169 245 169
80 199 1
11 98 227
159 175 1
115 119 27
67 231 197
131 171 1
143 221 1
141 185 27
135 247 1
188 199 127
76 183 252
35 159 54
31 191 215
18 248 1
137 156 208
123 252 252
147 174 147
46 222 197
104 141 151
79 128 1
93 196 247
188 227 227
60 104 1
78 202 215
1 52 1
46 77 114
106 225 1
43 193 227
1 170 1
164 198 1
93 169 1
51 60 1
76 200 1
1 209 1
45 178 1
69 256 1
105 213 213
15 161 208
62 200 1
114 115 227
81 188 227
1 132 1
70 236 147
95 125 1
29 227 227
197 227 227
36 57 1
28 127 227
54 83 156
34 163 1
10 204 27
156 163 156
121 199 197
103 241 208
86 232 1
147 224 147
64 102 227
36 213 127
25 144 1
26 89 89
220 227 227
12 220 247
158 181 1
173 205 173
48 151 151
103 190 1
161 167 1
200 236 1
142 233 1
92 193 27
134 231 1
73 133 1
104 206 151
137 221 215
107 252 215
15 184 208
203 218 156
114 216 1
30 165 1
106 109 1
62 224 112
70 174 142
125 212 1
121 190 127
167 252 1
4 208 208
1 75 1
49 195 1
142 198 112
1 233 1
86 105 1
176 208 1
49 187 227
136 202 1
132 252 252
93 188 227
122 162 1
62 70 142
128 203 1
170 245 112
21 197 227
13 27 227
37 42 42
129 243 1
60 217 208
247 248 27
146 220 227
3 80 156
175 176 27
1 11 1
63 110 147
47 120 120
25 219 156
155 158 227
179 233 1
17 65 1
165 197 127
27 137 1
201 237 1
39 249 1
89 234 1
34 144 227
68 131 68
156 201 156
90 163 1
44 202 1
84 177 208
118 207 208
15 181 208
142 250 1
2 52 1
39 65 156
61 223 1
13 107 1
22 111 208
87 213 1
109 130 197
75 221 252
81 131 1
124 192 142
63 103 252
103 216 147
42 69 3
109 164 197
226 249 114
9 133 208
153 210 156
74 79 147
112 123 147
137 252 215
33 145 1
33 47 227
46 146 127
125 218 89
205 243 213
87 150 1
63 250 1
123 193 1
133 178 1
13 68 1
174 176 1
196 227 227
1 103 1
38 162 151
23 156 156
1 99 1
98 151 151
204 247 247
1 255 1
37 85 1
119 255 1
48 97 151
112 231 1
89 209 89
24 140 197
74 215 215
21 95 151
150 214 173
208 209 208
93 249 227
155 247 227
178 218 1
6 174 208
140 156 1
154 246 227
175 194 247
1 51 1
131 148 255
61 68 68
205 236 1
145 178 1
28 154 151
180 233 1
47 197 197
36 103 1
110 116 110
224 226 1
103 169 147
29 185 27
5 82 1
171 227 227
39 209 156
53 236 208
111 248 1
215 236 215
121 251 197
63 137 215
146 173 213
168 239 208
70 169 112
127 237 227
18 111 112
125 195 83
114 122 1
43 154 227
62 146 1
112 141 1
34 86 1
72 85 1
121 147 1
7 194 27
12 157 27
92 156 1
15 194 1
82 236 1
122 133 54
81 104 27
8 44 1
1 239 1
200 256 227
47 222 182
96 242 156
146 227 227
174 184 112
94 175 227
71 126 253
110 137 147
28 227 227
34 106 1
46 182 197
149 242 1
8 241 156
119 154 95
26 217 208
34 227 227
40 210 89
8 215 208
55 80 1
76 254 208
50 78 1
39 53 3
16 155 1
112 168 112
160 168 1
153 156 156
182 184 1
122 208 208
121 220 227
20 88 1
44 126 1
88 97 1
249 251 197
130 202 1
60 89 156
56 179 208
112 180 208
131 216 147
98 124 1
19 52 1
18 84 112
1 207 1
42 44 1
13 190 190
49 167 246
140 197 197
105 162 227
75 145 208
129 177 208
14 189 227
6 8 253
25 189 1
51 115 193
114 224 1
37 88 3
42 220 1
123 248 1
35 133 253
233 253 1
15 119 1
78 128 1
134 166 142
69 210 156
106 218 83
29 193 27
156 180 156
198 246 1
108 169 147
9 113 1
117 237 151
85 200 227
20 173 173
9 185 1
148 255 255
168 195 208
11 210 1
19 223 91
147 252 147
1 125 1
93 247 247
168 234 1
36 59 197
20 105 173
1 149 1
147 170 147
117 234 27
111 166 112
87 251 1
137 188 1
102 177 1
91 229 1
89 196 1
129 245 110
22 252 208
20 163 1
187 222 227
140 203 1
109 246 127
79 147 147
238 253 1
130 148 1
149 224 1
131 175 1
104 227 227
1 215 1
152 205 173
109 243 127
67 243 127
133 140 1
162 204 27
56 160 1
14 66 1
161 224 112
158 238 193
26 195 83
55 89 1
38 212 27
21 79 1
7 28 151
54 69 54
26 130 1
71 246 1
147 202 147
12 144 27
34 216 1
194 228 1
1 117 1
31 245 147
49 115 227
5 215 208
124 168 112
159 250 1
125 254 83
187 256 27
152 232 227
100 156 156
54 88 54
163 186 1
34 109 114
63 221 252
126 167 1
115 226 227
89 198 208
54 162 1
194 247 247
63 146 1
147 210 208
75 96 208
27 141 27
154 220 27
96 254 156
66 176 1
163 209 89
77 199 197
70 150 1
136 188 246
219 253 54
133 218 156
27 81 27
223 225 27
48 179 1
138 208 208
136 178 227
129 216 112
141 165 227
66 104 1
158 226 227
195 241 195
19 48 27
199 256 227
174 178 1
1 74 1
16 251 1
1 96 1
101 172 227
42 72 156
157 178 178
131 240 208
132 208 208
101 190 213
111 154 1
90 219 1
30 215 215
102 246 246
1 200 1
73 79 1
94 207 1
69 247 1
18 62 142
48 133 1
3 112 208
73 228 1
241 248 1
154 164 227
199 203 1
177 198 208
138 206 1
80 89 89
15 93 1
105 160 173
58 154 1
32 229 156
200 249 114
185 202 1
4 203 208
96 229 229
18 208 208
154 198 1
39 254 156
104 251 227
25 215 208
117 119 151
7 236 1
29 117 151
65 247 1
223 248 27
77 200 114
20 76 1
60 171 1
21 97 178
57 231 1
8 160 1
89 179 83
144 229 1
30 227 1
90 171 27
3 127 1
136 197 127
34 121 114
9 77 1
53 138 3
167 233 213
118 230 195
165 227 227
64 256 247
140 168 1
35 122 54
34 36 114
104 157 104
63 73 1
12 238 193
4 232 1
22 248 1
129 163 208
80 95 1
5 75 208
7 192 1
70 115 1
64 147 1
18 112 112
86 96 253
80 132 208
113 205 113
2 156 1
227 247 227
195 209 83
45 125 83
174 183 147
88 98 1
124 134 142
127 235 127
131 186 1
68 91 1
111 213 1
9 130 1
74 122 208
192 217 147
33 229 1
71 191 208
32 137 208
80 200 1
65 242 89
141 238 27
178 201 1
143 233 143
45 254 195
30 43 1
33 207 1
150 233 150
43 171 227
139 172 91
81 186 193
182 248 227
151 253 1
15 226 1
98 131 1
97 104 178
114 246 127
1 195 1
41 56 112
37 150 1
83 209 83
99 247 227
92 118 1
97 126 1
42 208 208
144 211 178
86 187 1
74 156 208
152 220 227
1 63 1
50 233 213
153 253 54
209 239 89
1 94 1
39 231 1
68 235 1
164 250 182
109 161 1
67 146 127
69 119 1
163 195 83
53 183 208
34 141 227
3 197 1
62 119 1
226 250 197
136 146 136
161 198 112
5 200 1
15 79 208
20 36 127
47 233 127
47 249 197
152 246 213
35 154 1
102 108 1
217 230 208
230 254 195
21 247 27
18 116 112
54 96 54
44 57 1
25 80 89
5 137 208
158 197 227
6 105 1
37 226 1
64 172 247
119 143 227
63 74 63
149 193 247
27 249 227
33 136 227
143 197 127
211 237 151
60 245 208
168 204 1
190 232 227
214 252 1
26 242 89
38 183 1
93 237 27
190 222 127
27 97 27
1 120 1
11 141 227
103 255 215
4 148 255
4 244 1
72 213 1
24 135 1
129 253 208
13 102 246
166 226 1
76 220 1
15 25 156
41 144 1
154 206 95
90 109 227
2 102 213
13 70 1
36 164 197
1 185 1
84 169 169
3 169 208
27 98 27
30 41 147
33 204 247
126 208 208
56 145 208
61 205 1
118 224 208
79 117 1
160 208 1
17 190 246
19 129 1
177 240 54
170 207 170
153 203 54
177 197 1
15 77 1
20 121 127
181 215 147
24 215 1
102 137 1
61 95 1
46 173 127
56 72 208
196 247 247
102 253 1
52 151 1
148 249 1
14 27 27
52 134 147
14 86 1
121 140 114
141 162 151
208 230 208
111 116 116
107 163 208
139 216 1
46 123 1
135 170 208
108 132 215
63 252 252
109 128 109
93 223 247
88 116 208
123 187 1
20 103 1
135 180 83
101 248 227
36 226 114
37 153 153
29 104 151
173 189 127
71 116 208
23 44 1
116 254 208
116 168 110
30 224 147
119 166 1
39 120 1
158 247 247
112 230 208
110 203 208
87 168 147
30 122 208
15 249 1
78 148 148
40 57 83
149 176 27
106 153 156
3 83 156
82 154 27
144 248 151
87 153 208
188 209 1
112 170 112
110 242 208
8 25 156
70 83 208
123 185 1
76 139 1
14 105 227
162 190 227
129 156 208
126 147 208
4 30 215
239 241 83
14 234 247
128 234 227
98 103 1
31 100 208
69 195 156
107 183 215
10 84 1
201 256 1
99 178 227
118 159 156
36 141 227
146 178 227
75 148 215
53 140 1
8 109 1
41 217 147
75 225 1
31 120 1
162 222 227
49 50 246
1 212 1
43 135 1
235 239 1
42 156 156
37 166 208
108 195 208
43 186 227
41 169 112
120 187 227
110 184 110
33 234 193
145 185 1
109 227 227
119 204 27
33 123 1
223 254 1
136 189 127
185 247 247
79 158 1
71 202 208
116 242 208
139 185 91
157 183 1
43 140 127
14 206 27
164 225 227
54 122 54
15 156 156
156 216 208
29 51 27
122 160 1
13 213 213
5 177 54
103 123 103
18 195 208
181 191 147
118 210 83
80 195 83
149 164 227
2 160 173
66 146 1
3 66 208
203 219 54
226 227 227
38 226 227
156 177 156
49 67 127
19 218 1
155 170 1
13 56 1
133 251 1
106 172 1
102 185 227
159 241 156
118 156 156
226 256 227
227 230 1
29 190 227
108 185 1
13 193 227
97 235 227
1 248 1
69 153 3
90 238 27
87 208 208
12 102 227
49 209 1
172 176 27
14 21 27
84 243 1
37 38 1
132 190 1
26 227 1
111 208 208
114 191 1
165 248 227
104 237 151
1 115 1
188 230 1
86 145 145
52 131 215
72 86 156
11 134 1
105 157 227
65 71 156
151 237 151
74 171 1
57 232 1
1 88 1
171 195 1
13 246 246
42 203 54
99 143 213
56 158 1
105 138 1
26 97 1
83 143 1
20 118 1
75 208 208
68 182 1
91 140 227
181 224 110
107 145 208
50 222 127
53 123 208
114 243 127
79 214 1
33 92 27
53 148 208
52 103 252
90 189 227
56 224 110
132 154 1
27 115 27
163 208 208
20 64 227
140 155 114
38 218 1
170 223 1
145 207 208
13 232 227
29 116 1
127 183 1
23 40 83
42 186 1
65 246 1
75 161 147
193 196 247
119 239 1
140 175 227
47 127 127
40 72 83
32 128 1
50 101 213
108 221 215
21 225 178
78 245 147
26 125 89
65 75 208
34 47 197
164 253 1
90 211 178
85 219 1
31 174 147
1 6 1
115 233 227
1 106 1
25 220 1
7 66 1
73 242 1
198 224 110
11 172 227
81 208 1
42 216 208
71 208 208
44 234 227
193 210 1
29 71 1
63 243 1
43 91 227
33 51 193
76 167 1
36 116 1
98 189 227
139 148 1
119 217 1
41 78 147
65 78 208
22 106 195
34 248 227
69 147 208
131 200 1
7 107 1
36 94 114
87 156 208
59 143 127
19 171 247
66 86 208
183 184 147
93 131 1
182 256 227
83 89 83
19 82 82
72 244 1
60 133 253
180 182 1
146 196 227
192 195 208
17 34 127
87 147 147
78 242 208
74 236 215
206 236 1
44 141 227
31 92 1
129 137 147
127 199 127
17 56 1
9 39 208
34 164 197
184 220 1
111 199 1
11 165 213
134 140 1
11 105 213
91 206 27
187 207 1
1 242 1
87 134 147
144 246 227
1 192 1
18 169 112
149 200 227
220 247 247
220 241 1
156 167 1
8 151 1
97 162 178
113 202 1
109 244 197
28 245 1
33 137 1
70 188 1
193 232 27
166 170 142
40 83 83
204 217 1
51 142 1
186 196 247
81 105 227
102 222 127
109 123 1
6 214 1
46 79 1
198 208 208
89 118 83
17 213 213
60 131 208
6 156 156
50 127 127
142 174 142
53 153 153
146 237 227
194 237 27
11 104 227
251 256 227
1 13 1
215 252 215
140 183 1
45 220 1
183 216 147
110 234 1
1 169 1
67 235 235
93 175 193
13 20 213
105 203 1
19 120 227
5 15 3
170 208 208
59 165 127
90 227 227
49 192 1
146 235 127
34 162 227
161 164 1
65 239 89
142 180 208
235 256 227
130 150 127
108 166 147
17 54 1
107 188 1
57 177 156
82 135 1
18 181 112
1 189 1
67 80 1
173 188 213
1 183 1
244 250 182
158 217 1
18 177 208
133 169 208
57 72 195
1 107 1
26 72 83
49 125 1
157 200 227
7 98 95
2 166 1
113 192 1
71 229 229
80 208 208
100 136 1
27 206 27
180 202 208
127 187 227
71 92 1
5 111 208
48 150 227
7 30 1
193 219 1
14 126 1
70 95 1
245 254 208
71 112 208
37 229 54
142 252 147
22 173 1
7 59 227
65 230 83
208 237 1
98 162 151
82 256 91
1 124 1
134 254 208
36 222 197
51 194 247
73 84 1
58 73 1
49 227 227
13 31 1
8 52 208
9 255 215
19 33 247
118 136 1
85 252 1
9 66 147
224 229 208
49 57 1
62 116 112
157 249 227
93 256 247
118 153 156
109 155 155
15 54 54
149 189 227
116 181 110
24 256 227
148 227 1
67 244 182
8 118 156
56 186 1
161 241 208
59 83 1
219 230 156
106 180 83
81 174 1
86 97 1
97 245 1
75 185 1
1 130 1
17 89 1
224 251 1
6 195 156
80 138 156
140 231 231
85 123 1
43 86 1
68 147 147
48 146 227
53 145 54
150 188 213
83 256 1
162 223 27
2 63 1
15 88 3
209 234 1
49 128 127
6 110 208
6 108 208
35 40 156
163 231 1
49 51 227
169 248 1
124 137 147
88 124 208
1 62 1
11 212 227
186 227 227
65 225 1
38 144 151
165 211 227
157 175 27
35 37 54
140 182 197
81 213 227
17 112 1
41 46 1
129 132 147
197 215 1
115 171 171
13 110 1
171 225 27
48 107 1
8 49 1
31 130 1
89 230 83
32 243 1
100 127 1
104 182 227
8 69 54
57 106 57
12 247 247
4 124 147
114 131 1
13 97 227
51 154 27
127 130 127
13 160 213
14 173 227
244 249 197
26 183 208
21 249 227
82 93 247
2 43 173
131 207 147
9 92 1
119 180 1
14 185 185
36 227 227
164 215 1
59 222 182
8 35 253
15 115 1
101 130 127
1 53 1
36 155 155
43 231 127
11 214 213
225 248 151
3 134 208
44 246 246
96 253 253
48 197 227
104 123 1
120 250 182
47 90 227
143 199 127
17 25 1
90 203 1
223 235 227
2 219 1
33 72 1
50 123 1
19 91 91
100 158 1
20 102 213
93 164 227
128 208 1
76 201 208
109 115 227
75 94 1
38 206 38
55 104 151
75 248 1
189 195 1
154 225 151
82 238 247
158 216 1
22 24 1
80 163 80
44 197 127
53 188 1
142 181 112
189 252 1
43 221 1
44 59 127
1 163 1
92 206 92
51 116 1
41 207 142
113 177 1
72 100 195
22 122 156
87 218 208
52 216 147
29 194 27
15 50 1
22 41 208
24 33 227
127 189 127
97 127 227
104 174 1
108 182 1
27 176 27
10 42 1
1 9 1
99 150 213
234 239 1
223 244 227
144 197 227
35 85 1
136 199 127
147 181 147
166 207 142
111 174 112
1 66 1
28 255 1
184 214 1
92 225 151
4 184 147
82 166 1
52 73 1
21 38 151
178 227 227
85 124 1
122 127 1
180 254 83
20 189 127
106 173 1
189 219 1
52 107 215
197 241 1
126 145 126
58 184 110
147 219 208
21 104 104
15 83 156
117 182 227
48 125 1
125 238 1
19 131 1
72 125 83
103 221 221
143 154 227
73 124 1
166 224 112
112 187 1
64 101 227
161 239 208
66 155 1
68 138 208
59 236 1
8 208 208
100 214 1
1 141 1
140 222 197
43 188 213
19 64 247
13 76 1
184 192 112
125 185 1
246 254 1
41 192 142
85 164 227
35 54 54
55 232 151
38 193 27
135 210 83
210 228 208
117 171 27
196 199 227
99 165 213
152 227 227
112 226 1
50 194 227
189 217 1
5 253 54
113 235 127
88 209 156
25 163 89
46 150 127
59 140 197
246 253 1
62 142 142
30 76 252
7 212 27
82 211 27
205 227 227
144 234 27
190 247 227
124 243 1
184 198 110
40 248 1
6 99 1
127 229 1
127 205 127
160 212 227
40 41 208
26 156 156
29 119 95
57 82 1
42 82 1
11 132 1
91 185 91
81 158 193
182 235 182
38 61 1
23 231 1
172 215 1
50 67 127
15 139 1
148 177 208
92 106 1
210 236 208
59 146 127
110 190 1
126 253 253
42 175 1
21 151 151
194 250 227
17 251 127
188 255 1
79 112 112
128 227 227
136 192 1
70 119 1
160 173 173
149 161 1
100 192 208
14 177 1
28 178 178
9 106 208
108 127 1
184 227 1
122 146 1
4 236 68
91 176 27
95 121 227
72 90 1
231 244 197
40 201 89
7 40 1
129 233 1
95 206 95
34 187 227
222 252 1
156 244 1
80 180 80
4 238 1
185 220 91
19 220 91
2 203 1
48 171 27
132 215 215
129 164 1
34 194 227
68 223 1
126 153 54
229 238 1
178 252 1
50 252 1
82 223 91
58 246 1
16 52 208
6 86 253
207 217 147
21 180 1
153 154 1
143 169 1
113 256 227
25 136 1
65 209 65
137 195 208
22 108 208
13 211 227
148 180 208
142 216 142
49 126 1
73 99 246
53 100 156
28 92 151
67 134 1
51 78 1
3 42 3
145 241 156
16 229 229
24 121 197
78 105 1
24 160 127
77 100 1
229 231 1
67 98 227
27 82 27
132 183 252
80 99 1
24 38 227
10 104 151
139 248 27
120 222 182
94 102 127
131 202 215
3 140 1
141 144 151
73 127 127
23 25 83
11 150 213
186 247 247
122 200 1
41 250 1
131 235 1
125 182 1
103 131 215
55 200 227
18 74 147
98 123 1
18 66 112
32 57 195
19 210 1
41 132 147
212 216 1
111 168 110
48 170 1
29 250 227
88 187 1
209 240 156
19 204 91
153 174 208
148 248 1
37 188 1
46 244 197
156 254 156
206 225 151
5 159 3
64 110 1
93 154 27
201 253 156
155 213 127
124 132 147
81 139 247
93 254 1
38 211 151
96 209 156
113 227 227
27 234 27
9 221 221
37 232 1
124 142 142
50 162 227
108 208 208
133 159 54
157 225 178
47 210 1
9 179 208
88 238 1
81 232 27
101 209 1
63 208 208
7 164 227
207 214 1
104 137 1
119 248 95
202 219 208
24 234 227
16 233 1
11 84 1
8 67 1
11 191 1
31 199 1
42 196 1
37 107 208
44 192 1
16 153 54
76 138 208
87 236 255
54 203 54
201 255 208
184 200 1
226 246 127
29 55 95
15 58 208
72 245 208
43 155 127
20 213 213
71 203 253
216 241 208
27 133 1
1 92 1
109 197 197
232 242 1
101 132 1
36 173 127
222 227 227
76 162 1
22 77 1
165 177 1
128 231 114
108 256 1
30 183 63
128 251 197
35 177 253
81 181 1
126 188 1
117 187 178
60 212 1
42 92 1
63 216 147
26 254 83
25 231 1
30 180 208
99 145 1
165 173 173
190 213 213
33 162 27
230 237 1
173 190 213
24 243 127
129 206 1
90 177 1
90 99 227
154 203 1
42 142 208
64 149 247
212 232 27
99 136 136
81 144 27
168 169 110
53 253 54
162 183 1
153 172 1
98 134 1
182 233 127
82 92 27
92 110 1
101 102 213
173 183 1
10 55 95
129 159 208
82 232 27
139 208 1
109 121 109
27 205 227
54 232 1
23 86 156
18 58 112
61 174 147
40 188 1
168 201 208
191 224 147
60 194 1
14 160 227
155 226 114
38 83 1
198 252 147
72 229 156
41 81 1
14 161 1
62 168 112
14 50 227
57 239 83
77 122 1
76 231 1
89 153 156
96 208 208
75 103 252
14 85 247
4 39 208
180 240 156
149 223 91
29 189 227
54 185 1
29 86 1
84 217 147
207 249 1
151 201 1
4 225 1
110 122 208
50 113 213
67 256 227
156 238 1
4 143 1
8 159 54
138 177 54
5 81 1
65 254 83
8 122 54
123 147 147
79 84 112
75 230 208
204 226 227
121 215 1
190 223 227
127 190 127
125 137 208
141 245 1
87 252 215
108 113 1
143 243 213
226 255 1
95 151 151
240 253 54
96 110 208
11 178 227
174 186 1
8 229 253
179 228 208
149 163 1
73 178 227
110 250 1
156 229 156
58 112 112
169 236 147
142 195 208
147 169 147
44 109 127
143 162 227
53 208 208
176 223 27
144 190 227
101 208 1
150 213 213
53 201 156
56 112 112
110 111 110
144 165 227
142 223 1
155 173 127
20 188 213
205 219 1
116 208 208
194 243 227
109 140 114
27 186 27
50 221 1
10 13 227
140 232 227
79 210 208
47 247 227
43 213 213
106 127 1
171 184 1
6 148 208
71 148 208
41 223 1
67 210 1
83 141 1
153 221 208
171 192 1
24 182 182
97 151 151
18 210 208
154 241 1
42 126 54
36 96 1
38 117 151
57 217 208
71 79 208
192 197 1
24 224 1
26 32 83
57 130 1
1 60 1
3 23 156
83 187 1
146 213 213
134 252 147
21 160 227
74 160 1
2 61 1
50 228 1
17 134 1
17 110 1
176 185 27
66 147 147
40 206 1
32 224 208
37 60 54
19 212 91
6 17 1
192 252 147
51 106 1
38 223 27
114 245 1
71 120 1
1 190 1
208 218 208
179 241 195
46 188 127
69 93 1
158 233 227
14 220 91
169 190 1
43 187 227
166 205 1
176 179 1
31 162 1
40 209 89
14 65 1
148 237 1
64 111 1
5 163 156
1 32 1
69 204 1
223 250 227
66 70 112
8 237 1
97 148 1
206 239 1
8 203 8
211 240 1
205 234 227
235 251 235
161 194 1
21 212 27
134 159 208
5 231 1
30 206 1
81 161 1
126 215 208
172 238 247
24 249 197
25 125 89
139 210 1
81 220 247
15 19 1
21 255 1
35 236 208
28 31 1
29 153 1
66 185 1
110 136 1
80 125 80
181 208 208
66 169 110
78 206 1
23 166 208
102 210 1
14 75 1
70 233 1
159 228 208
49 253 1
135 241 195
15 128 1
48 162 151
8 188 1
70 227 1
3 37 3
46 193 227
79 249 1
51 91 247
65 135 83
168 246 1
1 166 1
97 101 227
139 177 1
1 98 1
92 229 1
55 186 27
165 223 227
110 245 110
201 250 1
38 105 227
186 233 227
66 110 110
5 237 1
57 113 1
137 147 147
90 118 1
112 130 1
57 225 1
46 95 227
46 114 114
141 227 227
82 213 227
57 241 57
122 153 3
75 177 208
105 202 1
219 224 208
82 90 27
170 249 1
110 155 1
30 115 1
202 204 1
79 110 112
68 217 255
115 188 227
1 23 1
110 167 1
129 189 1
19 55 27
59 157 227
39 190 1
181 200 1
55 248 95
8 93 1
160 188 213
34 200 200
47 146 127
27 255 1
58 96 208
194 212 194
33 113 227
149 227 227
9 178 1
43 92 227
218 230 83
3 52 208
85 144 27
96 114 1
117 197 227
26 182 1
13 204 227
57 79 208
9 168 147
46 201 1
45 129 208
104 150 227
94 246 127
38 216 1
105 188 213
153 206 1
238 256 247
114 249 114
114 164 197
54 108 208
106 242 83
223 256 223
176 177 1
66 108 147
251 253 1
102 127 127
135 201 83
24 162 227
194 220 194
132 159 208
136 148 1
111 158 1
60 202 208
157 212 27
39 177 54
168 179 208
212 249 227
45 63 208
188 220 227
156 178 1
103 247 1
29 151 151
178 248 151
22 98 1
58 121 1
111 143 1
83 163 83
217 231 1
80 124 208
44 61 1
3 13 1
80 131 208
7 106 1
174 225 1
38 121 227
153 229 54
38 98 95
58 72 208
66 170 112
142 169 112
154 252 1
212 220 212
16 122 54
40 245 208
34 111 1
89 143 1
173 191 1
38 217 1
11 199 127
80 96 156
94 109 114
29 124 1
87 114 1
175 233 227
134 171 1
45 135 195
105 143 173
151 164 227
58 75 147
45 201 83
26 126 156
38 43 227
147 227 1
54 241 156
84 103 147
38 67 227
6 111 208
110 252 147
115 234 193
130 182 182
61 149 1
196 200 227
92 184 1
97 189 227
3 45 156
125 230 83
79 189 1
25 57 83
25 118 83
42 207 208
66 205 1
179 182 1
77 127 127
186 198 1
24 246 127
64 236 1
13 256 227
110 222 1
119 251 227
60 92 1
190 243 246
228 254 208
115 186 186
86 197 1
173 243 213
138 255 208
101 134 1
158 237 27
6 179 156
33 171 171
102 143 213
21 141 151
59 212 227
81 135 1
160 165 173
211 223 27
168 181 168
29 212 27
50 155 127
107 184 147
7 191 1
92 212 27
52 213 1
21 74 1
152 160 152
55 109 227
22 220 1
1 101 1
31 147 147
74 134 147
1 26 1
139 157 27
18 91 1
89 195 83
115 242 1
95 232 151
132 211 1
130 204 227
61 176 1
59 119 227
51 149 247
149 184 1
150 231 127
75 211 1
119 145 1
70 197 1
114 160 127
87 202 215
49 108 1
3 210 156
23 195 195
10 113 227
34 63 1
206 248 95
9 169 147
188 223 227
225 250 227
224 243 1
101 118 1
138 186 1
28 78 1
9 217 215
132 249 1
136 158 227
60 146 1
8 32 156
234 244 227
177 239 156
231 237 227
13 116 1
132 158 1
55 94 227
115 231 227
175 227 227
11 202 1
38 237 95
69 211 1
117 250 227
92 253 1
11 241 1
38 141 95
49 110 1
78 194 1
42 230 156
55 95 95
165 214 165
80 133 156
139 201 1
69 106 156
149 186 247
98 238 27
145 252 208
43 173 173
77 113 127
165 178 227
18 231 1
146 190 246
60 69 54
136 241 1
51 207 1
32 78 208
10 19 27
3 69 3
204 245 1
1 36 1
20 152 152
79 192 142
17 201 1
59 153 1
68 233 1
15 228 208
64 167 227
14 228 1
4 126 208
123 213 1
1 84 1
56 111 110
26 107 208
78 254 208
193 244 227
213 255 1
54 132 208
119 197 227
147 243 1
90 96 1
74 83 208
105 212 227
4 9 215
64 94 227
112 147 147
101 110 1
40 91 1
18 40 208
78 160 1
5 79 208
124 131 147
60 96 60
11 74 1
213 221 1
86 183 208
45 195 195
217 254 208
36 136 127
137 148 255
95 126 1
204 248 27
23 100 100
174 239 208
87 171 1
1 139 1
30 142 147
116 148 147
177 254 156
5 48 1
51 103 1
166 241 208
57 117 1
79 137 147
157 234 27
29 99 227
86 246 1
160 216 1
236 238 1
8 152 1
9 101 1
7 111 1
8 113 1
2 19 227
89 141 1
55 227 227
85 206 27
48 227 227
209 241 83
109 245 1
43 182 127
24 88 1
51 226 227
110 166 112
105 145 1
113 165 165
39 45 156
208 236 208
188 195 1
134 232 1
113 250 127
42 168 208
53 130 1
80 251 1
97 149 27
167 215 1
193 195 1
38 244 227
79 161 142
12 139 247
6 126 253
161 240 208
198 226 1
11 143 213
109 114 114
59 104 227
82 147 1
54 156 156
97 208 1
90 161 1
88 148 208
13 49 246
9 83 208
4 182 1
138 170 208
2 206 227
68 208 208
162 214 227
85 220 247
20 225 227
58 174 112
26 211 1
115 255 1
168 219 208
52 139 1
82 172 82
161 181 112
130 208 1
42 212 1
18 23 208
151 180 1
84 237 1
99 213 213
5 191 208
54 85 1
109 213 127
157 208 1
78 186 1
10 72 1
152 176 227
179 256 1
97 197 227
2 99 213
46 98 227
64 171 193
100 248 1
91 236 1
72 155 1
31 217 217
59 197 197
22 231 1
152 203 1
39 168 208
165 205 165
130 134 1
47 255 1
30 221 252
120 189 182
196 219 1
178 187 178
8 140 1
72 130 1
47 80 1
11 137 1
69 168 208
47 166 1
68 198 147
150 208 1
148 240 208
47 231 197
90 136 227
166 252 147
5 6 54
10 160 227
153 243 1
22 251 1
109 167 127
52 156 208
41 181 112
59 87 1
156 242 156
154 190 227
41 42 208
100 210 83
140 251 197
133 152 1
57 115 1
57 205 1
20 194 227
152 244 127
24 102 127
189 248 227
119 187 151
7 88 1
69 193 1
96 246 1
80 156 156
40 233 1
62 135 208
148 200 1
73 141 227
42 140 1
57 155 1
66 127 1
90 142 1
6 253 253
63 116 147
181 216 112
107 206 1
101 223 227
1 57 1
113 140 127
1 43 1
33 36 227
23 42 156
69 140 1
5 106 156
152 166 1
82 185 82
99 132 1
23 117 1
49 243 243
41 70 142
99 144 227
99 130 127
49 155 127
120 140 197
21 128 227
45 253 156
167 226 127
31 228 255
81 121 227
22 57 195
1 224 1
55 98 95
100 103 208
124 197 1
217 252 215
63 162 1
17 228 1
35 84 208
12 232 27
86 101 1
110 225 1
125 207 208
129 166 112
44 112 1
14 47 227
47 152 127
128 199 197
89 243 1
106 204 1
115 127 227
203 209 156
145 244 1
7 8 1
164 197 197
114 231 114
154 238 27
21 145 1
63 180 208
72 83 83
123 208 208
112 221 147
121 163 1
48 155 227
20 136 213
148 190 1
80 88 156
174 252 147
193 200 227
77 167 127
99 250 127
136 179 1
246 255 1
4 7 1
205 217 1
180 181 208
16 32 156
70 128 1
40 156 156
64 170 1
9 30 252
136 143 213
180 253 156
30 202 252
41 88 208
57 71 156
193 234 193
95 162 151
78 102 1
80 164 1
67 155 197
29 121 227
64 87 1
108 231 1
244 251 182
195 242 83
11 50 50
29 48 95
64 107 1
108 141 1
141 176 151
237 249 227
37 138 3
65 184 208
114 140 114
168 245 110
36 179 1
72 236 208
11 231 127
71 132 208
221 250 1
27 38 27
26 112 208
205 242 1
25 138 156
72 219 156
67 213 127
61 150 1
104 255 1
21 144 178
112 152 1
69 207 208
46 194 227
101 211 227
119 181 1
97 165 227
130 195 1
56 119 1
204 228 1
139 160 227
157 170 1
17 244 127
134 243 1
150 220 227
169 230 208
134 207 207
23 107 208
7 228 1
187 200 227
1 145 1
43 69 1
110 251 1
90 151 151
39 42 3
38 101 227
55 198 1
32 39 156
116 156 208
138 231 1
38 142 1
74 255 215
8 90 1
46 205 127
155 192 1
1 175 1
2 81 227
62 163 208
29 84 1
60 231 1
94 221 1
60 80 156
32 38 1
168 221 147
84 212 1
92 243 227
4 68 68
80 198 208
108 189 1
79 238 1
142 167 1
125 233 1
6 159 54
29 188 227
109 247 227
79 213 1
13 42 1
145 253 253
37 40 156
10 210 1
238 246 227
20 141 227
28 71 1
18 119 1
49 59 127
30 51 1
221 252 252
67 221 1
54 59 1
128 147 1
27 152 227
88 244 1
103 161 147
141 191 1
21 187 21
44 127 127
13 103 1
17 153 1
99 167 246
1 80 1
59 200 197
83 159 156
226 240 1
76 155 1
113 233 173
28 131 1
33 252 1
32 240 156
76 97 1
227 245 1
66 121 1
43 44 213
76 100 208
51 75 1
71 153 54
45 218 83
63 174 147
90 194 27
59 242 1
173 178 227
76 141 1
160 193 227
101 256 227
121 198 1
56 104 1
110 132 147
13 83 1
36 55 227
122 246 1
69 220 1
51 253 1
185 224 1
74 132 252
33 64 193
20 229 1
73 217 1
36 144 227
93 207 1
171 177 1
53 254 156
152 211 227
82 212 91
75 140 1
15 27 1
68 228 68
28 38 151
45 101 1
140 169 1
96 230 156
179 195 195
20 246 213
41 142 142
82 224 1
22 218 83
65 80 89
19 117 27
111 240 208
113 155 127
42 211 1
79 92 1
103 122 208
167 244 127
16 18 208
56 253 208
162 219 1
62 131 147
67 209 1
7 10 95
43 90 227
20 158 227
7 97 151
11 219 1
65 131 208
50 126 1
153 240 3
32 45 195
40 199 1
61 66 147
98 149 27
174 208 208
147 249 1
80 227 1
50 166 1
112 229 208
14 99 227
219 226 1
39 170 208
52 93 1
89 210 89
18 20 1
15 200 1
35 181 208
143 242 1
179 239 83
171 238 193
30 103 252
249 255 1
58 239 208
61 160 1
37 208 208
231 243 127
213 243 213
12 194 247
101 165 165
245 255 147
135 185 1
26 154 1
34 174 1
24 129 1
27 28 27
79 245 112
26 241 83
24 137 1
45 118 195
132 182 1
2 20 173
65 152 1
156 218 156
115 212 247
202 251 1
11 226 127
46 127 127
104 188 227
77 85 227
158 227 227
218 228 208
32 191 208
53 132 208
28 183 1
161 232 1
37 162 1
92 103 1
54 143 1
16 125 156
7 46 227
177 200 1
174 202 147
1 8 1
174 249 1
73 82 227
82 114 227
53 219 53
3 86 54
211 246 227
17 86 1
215 221 215
147 246 1
24 145 1
98 160 227
33 109 227
85 193 193
92 149 27
9 143 1
105 148 1
84 151 1
173 246 213
60 86 253
131 147 147
169 237 1
98 243 227
73 234 227
154 168 1
93 147 1
74 242 208
39 71 54
104 154 151
87 215 215
74 111 147
199 205 127
164 189 182
182 249 197
46 224 1
66 179 208
152 215 1
59 223 227
12 227 227
94 97 227
73 205 213
86 89 156
169 182 1
27 51 27
158 234 193
115 203 1
24 94 197
156 234 1
165 179 1
131 215 215
68 137 68
33 151 27
114 155 114
56 248 1
59 130 59
50 66 1
85 194 247
96 152 1
70 246 1
8 138 54
151 236 1
115 161 1
24 100 1
178 254 1
175 199 227
22 150 1
148 214 1
54 133 54
82 193 247
93 146 227
10 147 1
14 138 1
11 67 127
185 199 227
62 194 1
20 61 1
85 136 227
111 249 1
10 29 10
177 190 1
107 134 147
147 189 1
21 243 227
185 233 227
109 189 197
38 84 1
4 183 215
104 232 178
169 250 1
121 132 1
3 156 156
103 223 1
39 91 1
139 176 27
24 241 1
202 220 1
132 189 1
129 168 168
36 83 1
70 79 142
167 212 227
39 243 1
47 223 227
96 178 1
213 232 227
168 176 1
90 176 178
194 223 194
140 207 1
46 49 127
110 224 110
231 250 197
33 134 1
27 256 27
96 177 253
217 228 255
42 90 1
20 33 227
232 245 1
92 126 1
53 113 1
173 232 227
29 110 1
92 223 27
13 64 227
120 246 127
83 135 83
21 168 1
40 86 156
59 249 197
63 142 147
144 252 1
165 190 213
50 188 50
95 97 151
2 142 1
160 214 173
31 198 147
64 232 27
209 230 83
123 192 147
57 92 1
5 120 1
30 176 1
71 95 1
54 154 1
131 155 1
21 26 1
64 206 27
17 160 213
4 96 208
10 219 1
42 54 54
140 152 127
184 224 224
6 128 1
32 133 156
25 109 1
104 181 1
186 245 1
69 237 1
74 234 1
178 236 1
63 186 1
41 200 1
151 255 1
118 225 1
100 183 208
80 82 1
36 44 127
52 68 215
76 213 1
116 243 1
64 123 1
24 244 182
208 235 1
79 224 112
33 58 1
50 65 1
144 178 178
172 186 247
111 150 1
168 190 1
120 174 1
173 177 1
82 214 227
28 51 27
11 151 227
10 126 1
105 206 227
84 241 208
159 177 54
76 190 1
144 175 27
7 29 95
1 109 1
148 224 147
1 90 1
83 150 1
65 243 1
57 183 208
181 218 208
37 89 156
130 214 127
199 225 227
188 246 246
8 211 1
3 236 208
93 101 227
54 137 208
87 161 147
143 196 227
175 220 247
150 164 127
129 241 208
20 53 1
109 193 227
3 122 3
214 225 227
29 126 1
112 131 147
2 247 227
70 161 161
135 253 156
68 114 1
186 195 1
21 57 1
44 179 1
98 216 1
115 219 1
208 241 208
61 103 215
4 163 208
26 53 156
226 251 197
123 199 1
27 237 27
227 243 227
127 165 127
178 256 27
45 71 156
95 188 227
24 101 127
12 78 1
28 165 227
46 136 127
85 172 247
214 218 1
135 189 1
13 234 227
82 161 1
4 90 1
169 222 1
141 252 1
148 236 255
19 183 1
146 159 1
40 47 1
67 251 67
45 55 1
16 228 208
33 160 227
63 240 208
68 115 1
1 143 1
18 41 142
134 169 112
120 231 197
95 157 151
112 214 1
140 247 227
114 222 197
61 184 147
213 230 1
55 237 95
60 136 1
172 226 227
98 211 151
162 231 227
72 193 1
120 244 120
7 255 1
30 187 1
230 250 1
127 146 127
19 53 1
26 118 83
66 178 1
245 252 147
76 115 1
27 85 27
24 54 1
92 216 1
119 161 1
140 205 127
37 65 156
83 115 1
159 253 54
66 84 110
133 138 54
45 132 208
140 236 1
67 200 197
34 153 1
75 219 208
35 218 156
139 222 227
103 224 147
34 205 127
50 207 1
63 122 208
36 217 1
64 95 27
1 231 1
207 254 208
36 197 197
100 152 1
67 132 1
87 148 148
188 243 246
124 127 1
240 251 1
12 256 247
104 248 151
127 203 1
149 185 185
150 182 127
147 175 1
98 249 227
62 187 1
5 56 208
231 251 197
151 163 1
4 58 147
30 31 215
39 247 1
19 228 1
59 230 1
59 214 127
94 200 200
22 186 1
137 139 1
129 130 1
40 49 1
5 46 1
76 169 147
109 208 1
91 191 1
23 170 208
228 252 215
186 220 247
3 93 1
129 191 147
