256 6710
240 256 256
22 25 104
120 153 120
47 106 120
127 256 27
48 128 78
48 111 78
201 212 212
78 203 78
126 183 1
36 249 6
91 138 138
49 69 212
162 171 83
123 225 103
58 161 212
13 207 120
41 118 118
50 201 78
189 208 1
167 174 167
9 47 120
1 253 1
45 210 247
10 197 78
150 213 213
140 237 1
105 236 1
1 49 1
47 81 1
70 96 212
59 126 42
31 141 212
11 47 47
184 244 244
44 101 13
37 181 152
114 189 1
197 241 1
77 174 1
121 184 212
1 179 1
65 226 120
123 178 123
25 162 1
3 239 42
187 226 1
60 137 1
44 214 13
44 80 1
147 196 1
74 195 1
9 106 13
75 203 160
32 157 157
159 250 141
12 213 47
44 228 2
71 169 1
76 106 120
111 210 212
226 227 120
34 42 42
26 144 1
73 152 152
192 219 1
114 136 78
25 147 213
32 212 212
116 168 182
98 181 1
26 66 192
23 231 6
54 190 1
236 240 240
85 145 1
17 147 120
88 97 67
121 229 1
148 235 1
66 117 13
8 121 1
109 116 1
45 239 239
183 227 227
136 214 1
153 174 120
146 256 1
72 123 120
85 240 240
26 192 192
18 194 213
100 124 213
7 226 1
1 95 1
8 170 1
55 58 212
17 169 1
42 83 212
22 250 1
24 224 120
82 199 1
16 103 1
132 230 1
41 157 1
32 181 1
127 243 42
25 225 47
183 198 227
108 171 204
205 225 1
215 234 13
69 96 78
58 243 220
182 217 1
48 141 160
17 100 120
8 160 1
54 141 1
10 62 78
137 142 42
115 166 1
22 211 104
157 246 1
152 253 1
120 238 120
36 180 42
65 72 13
82 116 1
66 160 1
65 228 2
139 185 78
11 60 104
46 167 224
24 147 213
76 124 104
143 198 227
63 158 1
59 84 34
92 250 1
84 237 1
107 230 1
159 225 1
56 82 1
27 136 212
21 116 9
91 224 1
57 195 57
1 160 1
11 124 104
136 186 212
48 131 203
188 225 92
115 155 192
38 250 78
156 223 42
55 108 78
4 230 1
67 105 92
172 181 47
94 130 1
1 115 1
157 177 1
194 242 1
169 194 1
18 36 1
96 206 78
189 227 13
27 59 42
31 196 138
6 137 151
185 221 1
1 123 1
138 225 1
80 137 42
130 172 1
108 168 1
62 228 1
53 231 212
173 217 212
140 197 139
1 145 1
94 126 1
7 180 42
151 227 1
109 248 109
233 239 1
42 220 42
16 105 1
47 212 1
1 7 1
70 93 1
45 226 1
44 216 120
90 106 90
78 120 1
89 238 9
71 159 1
178 208 1
113 122 80
98 211 1
76 86 120
143 144 1
138 180 34
120 191 120
17 93 120
9 51 224
69 83 139
25 232 47
16 112 1
32 196 42
46 227 13
62 197 83
104 150 104
41 75 1
40 189 1
42 196 42
26 174 167
98 171 78
41 121 1
23 33 23
25 135 47
167 215 192
62 63 83
76 207 172
97 159 1
19 39 10
114 204 83
52 115 224
78 230 78
20 115 13
17 213 120
103 244 1
9 103 120
233 237 233
1 86 1
39 98 10
30 187 1
104 233 213
4 186 1
185 191 1
94 172 120
221 226 152
218 256 212
15 201 160
51 106 13
203 244 212
97 108 1
9 165 224
10 163 160
116 167 224
10 81 78
67 167 120
136 218 95
152 177 152
127 215 1
120 241 120
26 155 251
32 188 1
78 160 78
32 46 1
18 182 120
86 108 1
227 234 227
185 246 1
86 229 90
85 238 1
165 220 1
95 196 212
121 151 212
66 241 120
109 143 1
37 252 47
74 117 13
96 131 160
25 92 47
59 190 113
23 149 212
121 250 78
158 249 1
164 233 1
161 230 111
237 248 1
87 155 13
78 111 78
50 122 212
90 225 120
124 228 120
168 180 1
73 188 152
21 246 13
27 192 1
188 247 1
63 77 139
24 79 1
5 215 192
118 179 1
150 200 213
54 246 227
155 174 251
42 239 42
91 182 1
96 152 1
160 206 78
37 89 120
96 103 1
26 251 251
23 36 6
77 89 1
39 149 10
48 218 203
133 168 133
52 227 13
188 238 120
128 137 212
129 143 143
101 246 13
120 158 120
219 220 34
170 256 27
15 164 212
179 239 42
164 174 1
148 177 92
165 208 1
109 131 203
50 69 134
85 172 1
70 110 42
175 212 212
1 106 1
190 205 247
11 88 47
85 157 27
25 26 120
7 249 6
46 107 46
13 24 120
138 184 220
74 153 120
111 136 78
53 136 160
149 159 10
42 242 42
149 214 1
48 70 212
24 150 104
85 127 27
8 64 1
169 208 212
163 218 95
120 234 120
49 99 42
187 217 212
80 138 34
4 233 118
125 146 120
198 256 1
179 231 231
93 97 93
36 183 1
105 177 105
19 55 19
167 229 13
104 201 1
199 201 1
8 234 2
6 214 1
47 152 47
113 244 34
130 244 34
32 173 157
42 137 42
71 252 118
54 77 1
19 223 212
106 135 120
84 126 42
93 173 1
123 198 120
116 226 120
118 183 120
101 252 120
107 183 13
77 131 78
18 150 104
66 174 192
75 114 78
222 250 78
164 242 231
188 237 47
41 241 213
105 188 105
106 203 1
176 201 166
75 190 212
58 110 220
18 75 1
43 121 1
127 167 1
83 180 212
188 233 47
40 88 1
25 168 120
12 97 92
33 72 1
44 125 120
20 171 1
65 109 1
58 183 1
47 211 47
126 179 6
190 252 1
53 84 212
78 216 1
18 211 104
227 246 227
14 196 1
101 206 1
64 108 64
42 105 1
38 48 78
120 233 120
202 223 1
69 88 1
50 134 134
55 240 212
1 203 1
143 147 120
33 230 212
27 212 212
191 209 37
127 154 1
117 146 28
112 171 1
110 174 1
50 227 1
70 157 157
130 180 247
182 192 224
3 163 212
210 237 1
38 78 78
119 241 47
79 152 1
13 33 1
50 179 212
55 251 1
78 206 78
1 100 1
48 174 1
18 22 18
10 151 212
118 124 213
113 183 1
86 210 1
13 143 13
115 189 192
68 220 1
47 93 47
21 210 1
38 66 1
138 150 1
98 214 1
15 144 160
29 160 1
57 65 1
218 227 1
48 76 1
59 239 80
171 244 212
242 245 212
24 104 104
148 246 120
5 199 192
107 216 120
126 166 212
119 216 103
160 238 1
187 240 256
13 115 13
3 137 187
71 101 120
61 76 1
1 234 1
45 133 1
130 190 80
198 225 120
100 240 1
21 201 1
47 148 47
76 160 1
169 195 78
9 222 1
63 130 212
135 178 93
111 134 111
45 113 80
179 249 6
29 144 1
88 216 93
85 105 1
1 92 1
121 230 140
192 200 120
13 215 13
40 183 1
85 236 240
15 85 212
70 247 42
60 113 1
86 183 227
37 155 120
27 226 1
46 224 224
1 144 1
175 216 1
143 246 2
75 102 10
82 121 212
189 236 1
134 144 78
68 235 1
74 137 1
46 122 1
20 227 227
5 125 120
74 214 182
92 225 92
1 128 1
117 234 227
18 121 1
1 119 1
220 254 1
22 118 213
13 129 13
8 47 120
83 197 83
57 228 1
54 206 1
53 206 78
142 185 212
20 228 227
222 230 139
31 70 42
6 99 6
83 121 139
49 171 212
135 241 47
1 110 1
29 130 1
55 235 78
15 98 19
8 213 120
86 185 1
10 185 160
1 184 1
9 37 120
48 137 212
25 175 1
46 153 120
8 45 1
165 167 192
85 223 151
81 157 212
21 161 1
14 32 1
1 163 1
41 222 1
22 44 120
124 213 213
84 125 1
92 151 1
193 249 1
60 172 104
99 184 42
68 178 120
105 209 152
36 195 212
201 246 1
54 138 1
38 95 78
71 195 1
150 210 1
18 208 1
99 137 151
30 146 28
64 83 83
160 231 212
147 183 120
168 172 120
15 49 212
118 213 213
120 190 1
141 204 78
183 219 1
81 98 78
76 147 213
97 177 92
76 211 104
18 50 1
42 104 1
151 249 151
3 220 42
13 122 1
9 182 9
171 222 83
144 163 203
183 228 2
51 237 120
80 243 34
58 84 138
159 178 1
13 199 13
40 206 212
58 244 220
129 228 228
125 232 92
88 125 67
8 227 227
190 204 212
160 201 160
1 57 1
78 250 78
78 193 1
161 166 78
109 206 78
166 220 212
170 233 1
92 209 92
47 94 120
56 216 103
57 243 212
8 176 1
53 109 160
39 160 160
101 129 13
122 219 247
160 163 160
55 101 1
18 97 47
132 183 2
153 155 120
67 125 67
33 86 1
208 224 1
128 170 212
47 60 47
92 195 1
1 60 1
166 193 1
6 236 151
142 184 244
62 232 1
56 108 1
183 246 246
42 80 42
127 187 27
42 204 212
163 245 136
155 177 120
208 235 212
19 199 1
91 244 220
52 93 120
197 204 204
66 157 1
152 225 92
106 177 120
7 231 231
70 99 151
125 145 47
153 177 105
98 233 1
107 132 13
90 94 227
59 216 1
95 197 78
23 245 212
226 233 47
71 154 120
1 165 1
71 74 120
35 226 37
149 212 212
40 226 1
112 127 1
7 130 42
82 110 220
218 223 212
7 153 1
48 110 212
136 166 203
181 232 153
21 182 9
52 123 120
68 117 28
87 120 120
73 166 1
177 245 1
31 186 220
160 185 160
35 215 120
162 195 57
94 160 1
47 172 47
69 175 134
57 64 83
21 136 1
10 175 78
171 185 78
11 167 120
24 94 120
105 221 105
161 244 212
79 206 111
80 86 1
23 99 23
39 86 1
104 236 1
172 208 1
210 225 1
77 134 111
23 151 151
11 71 213
53 160 160
154 230 1
167 199 192
54 227 227
139 149 78
16 65 1
91 204 212
35 186 1
94 157 1
5 150 120
115 224 224
61 164 42
51 167 192
120 232 120
175 204 139
10 173 212
149 201 160
175 183 1
2 20 227
31 71 1
127 212 212
14 147 120
55 91 212
177 213 47
3 103 1
138 220 220
107 231 1
39 96 10
167 191 120
91 211 1
148 195 1
105 146 120
14 38 1
1 217 1
143 146 227
49 61 49
158 219 1
27 49 42
14 68 112
129 132 143
131 159 160
32 55 212
192 238 224
21 166 1
92 131 1
102 119 1
10 95 160
18 49 1
15 102 10
96 127 212
30 57 1
20 26 13
19 53 10
140 248 78
89 122 1
1 40 1
23 249 23
207 209 47
148 248 1
46 238 9
103 229 120
58 82 138
158 214 120
124 205 1
45 47 1
22 92 47
213 237 213
139 159 78
101 218 1
25 166 1
1 125 1
160 250 160
101 214 9
29 116 120
52 136 1
243 245 212
99 248 212
59 87 1
119 122 1
173 219 42
112 230 1
113 176 212
80 216 1
21 179 1
36 166 212
59 166 212
35 46 120
66 120 120
2 65 2
58 213 1
101 116 9
87 143 143
2 87 2
100 237 254
46 134 1
21 93 120
33 187 151
21 238 9
92 119 92
146 214 13
80 174 1
139 197 139
97 165 120
51 159 1
101 215 224
32 234 1
96 128 78
189 199 192
127 151 151
97 178 93
40 256 151
26 177 120
66 123 120
56 128 1
134 205 212
1 155 1
6 96 212
62 140 139
19 97 1
10 135 1
23 190 42
61 96 212
20 142 1
42 236 42
139 199 1
13 55 1
137 240 256
137 208 27
31 85 42
39 166 160
147 199 120
115 146 13
177 225 92
31 119 1
8 228 2
62 195 57
111 140 111
187 256 256
12 128 1
21 104 120
1 93 1
21 133 9
13 51 13
29 150 213
98 157 212
74 208 1
63 166 78
4 104 213
37 116 120
136 217 78
77 128 230
1 244 1
6 164 6
132 220 1
171 183 1
151 223 151
71 200 200
149 178 1
19 30 1
36 102 212
35 65 120
209 213 47
33 36 6
23 94 1
160 245 160
102 247 212
196 243 220
9 179 1
29 77 1
122 220 34
123 135 93
66 144 1
165 215 199
65 163 1
128 179 212
86 163 1
14 152 120
8 69 1
16 32 151
63 72 1
42 212 212
29 76 213
50 106 1
3 193 1
138 183 1
24 246 120
47 225 47
51 119 120
69 149 78
217 219 212
5 149 1
189 207 120
29 147 118
56 97 93
28 232 120
3 219 42
89 174 224
47 54 120
46 251 224
148 160 1
123 231 1
41 171 1
6 223 6
44 183 246
23 179 6
68 166 1
51 209 120
91 212 212
2 246 2
141 244 212
126 173 151
63 150 1
1 215 1
98 183 1
194 198 120
229 244 1
21 84 1
106 146 28
196 210 34
32 207 1
180 219 219
76 113 1
84 138 138
74 238 182
143 214 13
21 164 1
25 208 1
94 107 13
14 143 227
1 183 1
38 161 111
74 254 120
26 229 13
100 118 118
2 183 2
51 226 120
61 213 1
145 178 47
47 73 47
3 208 27
86 230 1
58 253 34
41 101 120
15 159 10
210 252 1
28 142 1
162 197 83
175 187 212
111 162 139
123 250 1
36 179 36
42 157 42
24 103 47
2 13 13
81 112 1
24 75 1
175 232 1
42 173 42
13 101 13
19 50 78
100 145 213
96 244 212
64 76 1
83 212 212
1 220 1
16 173 151
239 253 247
106 152 120
31 124 1
192 215 192
47 231 1
75 77 78
32 236 27
62 117 1
63 217 139
38 134 111
79 223 212
110 205 34
40 126 249
33 219 42
46 49 1
98 124 1
55 160 160
40 99 23
113 219 247
80 104 1
31 182 1
43 52 120
121 180 212
106 155 13
183 212 1
116 189 224
1 42 1
44 202 246
85 115 1
21 135 120
145 233 213
163 194 1
195 213 1
187 253 42
13 221 120
126 149 212
190 199 1
17 113 1
16 179 231
103 224 120
33 98 212
204 215 1
89 168 9
238 246 13
50 139 139
18 142 1
193 205 1
158 216 93
59 229 1
123 191 92
180 239 247
186 191 1
92 103 92
25 156 1
151 231 151
87 251 13
120 216 120
41 125 47
57 206 139
85 230 212
107 168 9
110 236 42
146 168 13
180 195 212
183 216 120
85 187 256
3 158 1
82 91 138
1 6 1
161 210 212
97 216 93
20 218 1
71 249 1
124 164 1
87 246 2
216 227 120
23 214 1
25 55 1
28 108 1
55 233 1
47 125 47
96 109 160
67 117 120
84 110 220
89 182 9
19 182 1
56 255 120
75 167 1
197 212 212
142 243 156
3 236 256
74 233 120
14 109 1
67 118 47
28 163 1
50 121 111
49 101 1
1 135 1
206 250 78
163 166 203
67 216 93
200 211 213
20 28 28
37 225 92
141 202 1
72 107 224
184 190 34
230 239 212
89 215 224
17 44 2
75 88 1
84 180 34
212 249 212
115 127 1
173 189 1
14 106 28
78 226 1
31 82 138
42 154 1
32 50 212
30 173 1
91 206 212
190 222 212
100 203 1
64 68 1
78 190 212
66 214 224
1 188 1
209 216 92
16 240 151
27 42 42
118 168 120
68 226 120
54 222 1
205 247 247
99 227 1
102 212 212
22 102 1
75 179 212
218 245 95
15 46 1
56 156 1
71 248 1
45 180 247
20 30 28
74 127 1
65 66 13
129 134 1
9 94 13
17 87 143
8 132 2
87 94 2
27 178 1
77 105 1
70 151 151
12 134 1
79 205 212
78 186 212
109 194 1
221 228 120
46 101 46
94 143 2
152 164 1
22 24 11
130 205 247
50 155 1
37 247 1
232 254 47
43 116 120
158 177 92
149 193 1
160 239 212
184 236 42
94 246 246
136 144 203
59 153 1
79 118 1
124 229 120
38 81 139
32 37 1
97 103 93
103 178 103
22 193 213
18 25 104
91 243 220
1 252 1
2 202 2
4 70 1
112 146 112
112 181 120
167 232 120
92 97 92
210 244 34
102 137 212
164 212 212
216 240 1
123 221 92
35 92 92
164 173 151
23 248 212
47 95 1
154 234 13
116 228 13
185 203 203
93 152 92
23 187 151
76 172 172
198 248 1
139 195 139
136 151 212
116 183 13
46 164 1
47 103 47
95 184 212
27 168 1
13 251 13
186 243 110
13 91 1
3 53 212
82 184 220
25 60 211
104 214 120
55 123 1
64 127 212
95 245 95
42 213 1
19 212 212
111 216 1
63 69 139
71 180 1
137 236 256
87 167 13
93 123 93
166 203 203
108 130 212
212 217 212
126 240 151
101 189 224
139 212 212
169 172 1
14 50 1
4 29 4
42 49 42
36 123 1
83 235 83
64 109 78
29 252 43
167 180 1
121 153 1
118 241 213
107 116 9
7 61 42
30 250 1
189 241 120
58 196 138
162 222 57
158 191 92
123 174 120
19 160 160
133 234 13
107 167 224
81 222 57
49 253 219
4 42 1
151 208 151
129 156 1
51 146 13
1 205 1
139 204 139
27 151 151
34 208 42
14 117 28
144 158 1
150 241 211
199 214 224
118 167 120
41 211 213
136 150 1
10 216 1
17 117 227
2 117 227
222 235 83
103 138 1
116 239 1
89 143 13
204 233 1
151 220 42
113 180 247
163 222 78
48 98 160
47 107 120
1 11 1
8 158 120
108 250 78
81 109 78
120 178 120
178 225 103
245 248 203
14 35 120
137 170 27
14 236 1
12 87 120
23 49 42
2 240 1
144 223 212
48 168 1
196 237 1
56 107 120
52 116 9
1 157 1
203 225 1
165 224 224
5 205 1
130 216 1
58 212 212
31 166 212
118 194 118
131 136 95
52 89 89
26 47 120
125 162 1
173 212 212
76 189 120
25 155 120
84 156 220
58 85 42
109 158 1
144 195 78
111 168 1
187 212 212
10 115 1
45 80 80
67 175 1
88 152 92
88 105 92
39 225 1
98 141 10
42 251 1
98 250 10
40 110 42
53 100 1
169 176 160
9 214 9
111 212 212
93 237 47
1 201 1
64 170 212
31 117 1
24 207 18
158 240 1
60 150 211
13 77 1
18 109 1
125 207 47
135 232 92
66 182 224
107 238 9
5 214 224
15 58 212
129 208 1
61 162 212
37 220 1
47 243 1
38 79 111
129 210 1
4 11 213
3 185 212
91 180 34
33 142 42
63 197 204
53 212 212
1 84 1
4 228 120
128 169 78
146 246 227
115 167 192
164 205 42
21 165 224
145 195 1
226 254 47
110 223 42
92 110 1
49 162 212
167 220 1
101 167 224
32 172 1
16 158 1
39 80 212
57 62 57
170 179 151
232 255 120
4 169 1
158 184 1
137 243 42
39 148 1
118 173 1
75 218 160
10 102 10
60 194 213
4 114 1
11 150 104
98 123 1
161 206 111
152 236 1
203 204 78
111 191 1
132 246 2
192 198 13
60 241 60
12 188 152
4 254 118
88 234 120
7 73 1
20 138 1
144 230 78
145 199 120
49 250 212
87 132 143
2 14 227
12 171 1
85 160 212
15 72 1
63 153 1
124 245 1
78 178 1
13 52 13
12 216 92
109 245 203
30 196 1
193 237 118
42 70 42
139 222 139
97 148 148
99 173 151
180 253 219
34 235 212
44 123 120
176 244 212
59 83 212
92 216 92
98 145 1
123 153 92
76 162 1
93 200 47
1 31 1
168 205 1
41 194 43
134 175 134
184 216 1
56 67 93
81 139 139
99 164 6
54 225 120
22 134 1
69 110 212
52 92 120
61 190 247
128 250 78
132 174 13
83 210 212
112 255 112
208 249 151
180 186 34
10 236 212
95 185 95
189 193 120
47 178 47
28 59 1
187 224 1
64 192 1
198 255 112
3 231 151
22 203 1
208 212 212
8 120 120
25 150 150
29 100 118
160 190 212
64 245 78
51 125 120
82 212 212
174 189 251
1 207 1
59 236 42
3 214 1
77 217 111
70 129 1
59 252 1
100 103 47
96 201 160
132 152 120
23 117 1
218 254 1
24 25 104
199 222 1
89 189 224
94 182 13
38 175 111
129 246 2
5 167 251
84 184 220
213 252 213
125 148 148
119 185 1
5 51 192
84 234 1
226 240 1
134 163 78
4 202 120
1 20 1
90 112 28
7 131 212
42 252 1
42 180 42
34 180 34
141 169 102
143 155 13
24 53 1
37 60 47
10 230 78
68 156 1
10 245 160
145 196 1
48 135 1
240 242 151
92 141 1
93 177 92
95 201 203
4 9 120
186 208 42
18 100 213
122 144 212
1 249 1
172 252 213
64 171 204
135 215 120
51 174 192
141 249 212
1 38 1
31 140 212
197 238 1
23 210 42
117 224 13
148 253 1
122 250 212
1 251 1
223 254 1
42 249 42
109 256 212
120 214 120
98 169 10
6 151 151
15 163 160
1 204 1
57 154 1
72 237 120
124 159 1
91 160 212
165 251 192
124 183 120
180 250 212
11 238 120
15 103 1
111 121 111
80 253 247
32 230 212
54 55 1
121 135 1
86 146 28
7 27 151
219 252 1
55 77 78
149 180 212
11 134 1
58 215 1
86 180 1
92 133 120
20 152 120
51 64 1
31 42 42
43 100 118
180 223 42
72 241 120
12 251 120
63 78 78
41 124 213
70 169 212
31 101 1
117 227 227
14 20 20
2 123 120
2 138 1
189 231 1
103 253 1
101 150 120
72 148 120
120 132 120
73 126 1
25 165 120
4 94 120
50 234 1
47 177 47
61 194 1
87 129 228
13 137 1
137 238 1
12 153 152
95 176 203
46 193 120
246 255 227
59 230 212
132 227 227
53 61 212
34 80 34
186 244 156
96 141 10
96 245 160
98 246 1
160 230 78
126 133 1
62 101 1
124 230 1
37 212 1
1 132 1
68 255 112
35 148 92
54 217 1
134 212 212
52 120 120
76 139 1
119 120 120
64 184 212
22 121 1
81 215 1
215 224 224
154 200 120
81 174 1
86 130 1
120 165 120
176 250 160
204 235 204
58 138 138
100 137 1
28 104 120
44 195 1
93 204 1
180 226 1
26 175 1
27 173 27
211 247 1
114 212 212
60 252 213
70 87 1
31 244 220
11 41 213
67 158 67
101 227 13
95 102 160
156 195 212
77 206 140
45 97 1
63 162 83
125 243 1
159 192 1
87 213 120
161 186 212
49 122 247
51 126 1
106 233 120
96 149 19
138 219 34
77 156 212
77 235 139
79 96 78
143 163 1
203 218 203
1 200 1
142 166 212
52 54 13
62 114 57
107 184 1
24 97 47
41 200 118
17 115 13
136 181 1
117 171 1
209 221 152
56 123 103
179 253 42
207 241 104
32 88 1
21 52 21
63 227 1
15 149 19
75 206 78
41 119 47
104 241 104
214 231 1
95 135 1
65 130 1
49 204 212
105 179 1
90 158 120
63 195 83
214 241 120
57 69 139
84 253 34
36 80 42
180 237 1
22 148 47
233 241 213
84 230 212
38 203 78
78 105 1
110 244 156
13 117 13
111 185 78
71 144 1
47 237 47
28 226 120
14 112 112
199 215 199
25 41 213
33 164 6
1 56 1
80 133 1
83 184 212
17 173 1
188 217 1
3 212 212
65 165 13
15 173 212
174 252 120
166 185 203
136 216 1
37 232 152
106 245 1
169 201 160
4 245 1
85 137 256
54 198 28
187 230 212
51 154 224
8 44 246
64 102 78
58 120 1
101 168 9
72 92 120
204 230 139
61 142 34
1 99 1
8 107 13
76 241 104
219 247 247
93 108 1
85 212 212
184 256 42
16 151 151
33 110 42
13 74 13
192 199 192
113 239 80
155 237 120
93 178 93
97 173 1
148 190 1
67 88 67
13 255 13
188 255 120
64 204 204
78 128 78
92 233 47
40 247 42
3 187 187
42 235 212
93 250 1
4 207 213
182 199 224
139 218 78
29 164 1
125 234 120
36 251 1
104 191 47
37 47 47
78 144 78
47 209 47
22 91 1
174 203 1
167 206 1
1 89 1
128 152 1
180 207 1
44 145 120
40 240 151
132 241 120
95 99 212
211 213 213
173 251 1
142 253 34
15 92 1
142 212 212
16 212 212
21 120 120
34 184 34
138 249 42
32 206 212
116 230 1
27 127 27
43 123 47
17 156 1
57 106 1
144 160 160
8 129 2
156 180 34
120 237 120
212 248 212
120 224 120
117 139 1
70 185 212
25 178 47
178 246 120
208 236 27
112 170 1
13 112 13
62 160 78
72 159 1
223 256 151
28 200 120
80 215 1
129 232 120
21 211 120
86 241 120
62 204 83
178 202 120
16 17 1
59 89 1
112 203 1
117 154 13
49 90 1
56 98 1
181 221 105
24 108 1
1 76 1
34 219 34
149 218 160
117 132 227
10 178 1
42 156 42
140 235 139
29 253 1
49 179 42
156 254 1
104 194 213
39 183 1
16 223 6
138 144 212
64 198 1
206 217 111
1 103 1
82 220 220
53 150 1
11 42 1
219 244 34
99 212 212
136 203 203
7 42 42
160 189 1
47 97 47
11 51 120
192 224 224
47 71 47
84 255 1
131 240 212
82 176 212
215 216 120
246 254 120
134 161 134
97 168 120
115 248 1
2 158 120
95 136 95
115 116 224
116 214 116
1 156 1
69 128 111
13 120 120
123 148 93
30 227 227
51 221 120
105 183 120
1 80 1
78 218 78
47 76 47
92 123 92
183 230 1
85 165 1
64 186 212
120 148 120
154 167 224
32 117 1
157 239 42
2 125 120
117 126 1
162 212 212
164 207 1
125 201 1
33 80 42
175 218 78
174 230 1
120 199 120
30 120 120
146 148 120
68 176 1
2 85 1
143 202 2
38 62 139
59 242 42
184 200 1
75 93 1
43 216 47
192 244 1
200 254 254
194 214 120
108 142 212
187 242 151
197 226 1
110 243 110
5 189 189
95 248 203
50 96 78
45 122 239
109 163 203
1 26 1
96 159 10
27 256 27
28 146 28
165 174 192
108 162 83
13 172 120
1 39 1
47 199 120
10 61 212
14 30 28
87 237 120
191 231 1
208 247 42
102 248 160
115 150 120
79 174 1
68 106 28
30 117 30
150 181 47
90 198 28
13 17 13
1 61 1
146 198 198
128 207 1
169 228 1
145 213 213
175 226 1
20 86 28
44 65 65
6 249 6
59 68 1
67 139 1
9 112 13
186 247 34
36 208 151
4 131 1
57 109 78
68 192 13
46 252 120
59 256 42
36 70 151
177 232 105
118 200 118
88 138 1
24 187 1
1 129 1
102 176 160
24 134 1
183 229 227
59 109 212
187 229 1
85 170 27
86 105 120
73 214 120
23 44 1
20 146 112
68 86 28
73 221 152
40 157 151
46 74 9
122 158 1
7 251 1
135 170 1
61 160 212
16 41 1
22 172 18
31 149 212
70 236 27
80 212 212
107 186 1
104 114 1
5 109 1
124 172 104
68 222 1
7 184 42
31 114 212
6 127 151
97 101 120
113 114 212
124 252 213
30 158 120
88 188 92
227 242 1
86 88 120
109 202 1
1 159 1
124 135 47
41 252 43
86 246 227
69 140 111
44 50 1
30 106 90
39 209 1
33 179 6
36 242 231
31 33 42
6 58 42
151 235 212
102 220 212
69 225 1
6 184 42
10 150 1
80 184 34
151 251 1
54 143 227
55 234 1
52 249 1
118 237 118
49 212 212
123 224 120
1 237 1
47 88 47
140 224 1
167 171 1
138 227 1
79 175 50
52 117 13
105 200 47
157 225 1
119 174 120
129 227 227
221 240 1
160 192 1
145 211 211
91 223 42
92 226 92
128 205 212
134 223 212
216 222 1
86 112 28
85 224 1
120 255 120
117 127 1
2 17 2
81 102 78
51 70 1
103 133 120
208 239 42
178 181 92
5 192 192
32 231 151
1 151 1
46 212 1
172 211 104
44 199 13
45 130 130
39 52 1
149 247 212
54 255 28
4 157 1
191 241 47
31 48 212
125 172 47
52 82 1
156 192 1
59 254 1
18 60 104
149 211 1
98 148 1
73 127 1
144 245 203
17 120 120
180 190 247
113 217 212
65 125 120
42 45 42
74 101 9
89 101 21
1 4 1
6 39 212
147 151 1
36 95 212
48 78 78
86 206 1
54 117 90
69 195 139
127 170 32
73 109 1
153 197 1
84 220 220
63 213 1
45 253 247
80 248 212
8 192 13
52 234 13
71 135 47
109 149 160
188 228 120
107 189 224
47 124 47
34 49 34
18 124 104
37 194 47
53 191 1
155 252 120
25 112 120
69 89 1
4 194 43
187 250 212
171 235 171
76 187 1
8 11 120
58 199 1
15 125 1
9 123 120
24 252 213
50 98 78
194 200 118
193 246 120
94 250 1
19 208 212
91 210 34
197 206 139
4 151 1
201 248 166
164 209 1
49 213 1
35 209 37
134 171 139
114 139 139
139 171 139
175 211 1
55 239 212
10 55 10
52 69 1
174 198 13
59 165 1
15 189 1
148 191 92
71 153 47
42 186 42
106 229 90
89 115 224
212 236 212
145 252 213
181 226 152
1 35 1
33 42 42
180 244 34
145 150 211
1 88 1
156 174 1
120 211 120
47 221 47
173 220 42
87 110 1
41 100 118
35 93 92
93 169 1
7 148 1
43 125 47
95 98 160
107 146 13
104 252 213
169 217 78
2 56 120
116 243 1
158 210 1
155 171 1
65 94 65
116 202 13
62 108 83
127 137 27
62 121 139
135 137 1
117 165 13
11 128 1
16 40 6
87 241 120
140 206 140
112 145 120
25 206 1
77 212 212
149 203 160
77 171 139
187 214 1
120 203 1
161 217 161
67 142 1
212 218 212
122 244 34
20 106 28
35 193 47
22 98 1
17 54 227
48 57 78
88 156 1
110 249 42
84 175 212
22 145 104
36 224 1
133 166 1
35 173 1
177 188 177
74 215 224
102 145 1
53 170 212
64 141 78
46 244 1
16 206 212
44 254 120
88 178 93
2 115 13
27 70 27
55 78 78
32 247 42
202 255 227
181 253 1
57 63 83
73 209 73
53 138 212
49 219 219
126 151 151
83 94 1
80 237 1
81 121 139
147 233 233
130 154 1
55 138 212
13 192 13
33 151 151
72 120 120
39 152 1
23 211 1
102 251 1
36 228 1
62 78 78
126 181 1
25 251 120
7 155 1
176 185 203
5 116 224
190 239 80
29 56 47
114 181 1
60 147 213
233 252 118
20 87 227
48 212 212
85 199 1
13 46 13
163 203 203
147 224 120
194 249 1
170 198 1
194 254 118
92 135 92
91 196 138
175 219 212
31 202 1
74 165 224
137 224 1
167 189 251
193 194 194
127 173 157
3 203 212
87 222 1
65 87 2
22 56 47
224 251 224
96 118 1
62 225 1
130 214 1
14 202 227
27 85 27
39 250 102
146 165 13
34 59 34
21 214 9
147 254 254
110 194 1
17 246 2
141 201 160
137 256 256
40 79 212
32 122 42
39 139 78
120 200 120
29 219 1
24 107 120
47 78 1
129 191 120
216 246 120
217 229 1
127 128 212
7 164 231
72 155 192
20 162 1
34 186 34
90 235 1
139 163 78
136 253 212
175 217 134
69 160 78
164 239 42
18 234 120
57 227 1
37 188 152
7 118 1
82 216 1
74 212 1
52 107 21
109 207 1
48 142 212
9 194 120
73 241 47
151 218 212
13 65 13
30 130 1
95 225 1
45 212 212
119 123 103
65 78 1
60 120 120
21 54 13
14 239 1
125 129 120
58 227 1
82 126 42
7 243 42
178 241 47
190 253 247
82 196 196
119 125 93
167 176 1
178 216 123
74 133 133
143 227 227
47 63 1
33 255 1
218 239 212
54 135 120
72 199 199
116 177 120
21 26 224
59 130 80
3 35 1
1 228 1
43 237 118
118 254 118
10 98 10
61 118 1
1 59 1
183 249 1
217 239 212
82 186 220
3 126 151
2 209 120
71 145 213
227 255 227
97 158 67
90 136 1
105 243 1
94 97 120
220 242 42
134 157 212
58 184 220
203 248 203
169 181 1
66 72 199
76 180 1
49 113 247
66 151 1
186 209 1
184 246 1
63 64 204
196 212 212
1 70 1
68 198 198
2 111 1
137 173 27
182 196 1
105 121 1
37 124 47
110 142 156
34 109 212
97 125 148
38 43 1
47 194 47
37 120 120
131 151 212
81 210 212
135 216 93
117 255 28
169 199 1
100 163 1
52 233 120
42 145 1
135 160 1
72 165 115
82 138 138
44 235 1
184 207 1
46 89 21
128 163 78
62 222 57
25 66 120
7 64 212
111 161 111
106 198 28
161 220 212
70 147 1
36 99 6
103 132 120
134 217 134
73 232 152
1 131 1
127 161 212
62 159 78
105 192 120
190 247 247
53 173 212
12 225 92
26 115 192
64 197 64
106 127 1
1 208 1
120 229 120
43 165 120
80 227 1
26 252 120
1 64 1
59 121 212
153 191 152
10 96 10
7 158 1
170 218 212
4 255 120
120 226 120
158 221 92
20 187 1
128 134 111
36 151 151
132 192 13
93 148 93
51 232 120
9 72 224
3 25 1
42 73 1
182 221 120
6 244 42
29 200 118
13 116 13
185 217 78
36 215 1
59 63 212
212 226 1
210 236 42
19 147 1
228 229 227
21 89 21
181 234 120
56 242 1
62 162 81
18 111 1
49 229 1
155 189 189
183 240 1
212 239 212
10 48 160
29 173 1
93 241 47
118 170 1
87 216 120
94 198 227
47 233 47
164 216 1
168 192 224
21 43 120
55 147 1
122 180 247
41 43 43
164 206 212
23 236 151
160 199 1
1 232 1
63 212 212
132 237 120
32 133 1
179 228 1
46 214 9
128 140 140
176 190 212
60 118 213
29 172 213
88 181 92
49 189 1
122 217 212
56 201 1
163 184 212
71 118 118
6 201 212
72 153 120
125 168 120
87 207 120
46 113 1
86 106 106
58 174 1
7 82 42
18 203 1
101 133 9
159 245 160
120 192 120
68 240 1
192 227 13
58 242 42
41 94 120
197 235 204
141 177 1
154 197 1
36 121 212
184 222 212
80 166 212
97 163 1
25 146 120
47 207 47
11 18 18
1 75 1
173 256 27
30 212 1
88 120 120
26 72 192
34 228 1
68 127 1
23 223 23
3 155 1
163 219 212
107 182 9
166 245 203
84 113 34
50 197 139
141 248 160
40 54 1
65 194 120
136 245 136
37 103 92
70 155 1
77 179 212
197 222 83
13 189 13
39 46 1
140 175 111
217 247 212
75 129 1
92 244 1
47 121 1
59 91 34
224 242 1
8 14 227
100 140 1
52 184 1
89 126 1
95 159 160
203 220 212
12 226 37
4 237 118
121 238 1
97 225 93
36 241 1
74 120 120
83 223 212
124 220 1
98 136 160
51 199 199
90 229 90
37 83 1
10 83 78
117 194 120
131 168 1
243 252 1
49 239 247
62 64 83
177 237 47
242 256 151
138 147 1
60 114 1
2 227 227
136 185 95
96 211 1
34 162 212
122 253 247
34 210 34
87 200 120
230 234 1
185 249 212
8 65 246
113 249 42
160 161 78
212 230 212
22 73 47
120 215 120
213 247 1
156 212 212
110 212 212
45 62 212
30 156 1
61 156 34
189 218 1
11 190 1
114 207 1
194 228 120
102 168 1
19 78 78
88 93 93
121 247 212
14 96 1
99 191 1
111 128 111
106 202 227
121 189 1
20 177 120
62 100 1
16 231 231
195 197 83
14 190 1
110 222 212
97 207 47
40 139 212
193 203 1
86 196 1
169 203 160
118 198 120
52 238 9
38 140 140
1 164 1
229 255 28
217 225 1
100 176 1
90 105 120
149 160 160
139 242 212
70 137 27
9 238 9
132 207 120
109 185 203
144 222 78
223 228 1
13 168 13
228 234 143
56 178 103
7 126 6
113 193 1
188 232 105
78 171 78
178 215 120
198 215 13
56 84 1
6 156 42
160 203 160
122 130 239
159 254 1
108 195 83
50 64 139
77 84 212
120 197 1
116 224 224
12 131 1
29 35 47
1 166 1
193 254 118
17 199 13
38 238 1
69 178 1
5 74 224
70 164 151
99 174 1
43 200 118
88 246 120
3 240 256
44 147 120
27 157 27
11 211 104
105 150 47
79 111 111
128 235 139
34 145 1
12 163 1
20 198 112
47 135 47
42 208 42
1 33 1
153 172 47
160 218 160
7 40 6
128 174 1
37 177 152
36 40 6
43 47 47
16 154 1
78 204 78
202 222 1
1 124 1
126 164 6
151 241 1
4 133 120
59 156 34
104 254 213
95 190 212
38 42 212
29 70 1
120 183 120
19 159 10
155 194 120
79 140 111
12 209 37
28 118 120
192 242 1
58 191 1
53 242 212
157 256 27
1 222 1
176 218 203
65 234 2
20 149 1
120 217 1
42 127 42
9 98 1
237 253 1
59 196 34
11 173 1
190 219 247
13 14 13
100 160 1
118 142 1
12 30 120
180 212 212
55 96 19
56 92 92
33 242 6
34 212 212
198 227 227
39 169 53
118 207 213
243 244 156
75 187 212
73 120 120
112 197 1
39 147 1
39 104 1
85 249 151
115 186 1
98 149 55
182 186 1
15 55 19
18 145 104
126 242 6
182 254 120
48 247 212
56 114 1
42 152 1
30 152 120
34 181 1
198 234 227
1 102 1
12 73 37
45 150 1
60 164 1
119 232 92
68 223 1
154 193 120
59 111 212
46 176 1
146 172 120
30 203 1
47 150 47
159 212 212
182 224 224
29 118 118
1 85 1
31 205 34
25 172 104
110 129 1
19 139 78
178 189 120
83 147 1
149 234 1
118 249 1
95 117 1
83 160 78
40 185 212
167 210 1
221 232 105
216 225 103
25 174 120
47 216 47
33 225 1
54 203 1
61 187 42
2 232 120
46 116 9
14 224 13
39 124 1
1 116 1
2 129 2
6 16 6
138 228 1
110 132 1
80 244 34
170 188 1
37 243 1
56 188 92
37 153 152
14 15 1
95 166 203
76 118 213
208 220 42
46 106 13
159 210 212
175 242 212
61 88 1
1 158 1
165 231 1
45 57 212
4 192 120
78 149 78
82 84 196
46 182 9
149 169 10
145 220 1
155 182 224
19 203 160
117 129 227
35 80 1
19 164 212
61 100 1
107 117 13
7 62 212
131 210 212
17 72 13
125 126 1
60 238 120
159 200 1
39 212 212
70 145 1
81 94 1
89 191 120
9 115 224
83 142 212
99 122 42
1 214 1
100 127 1
200 253 1
147 200 254
170 212 212
32 137 27
28 112 28
133 152 120
70 206 212
166 186 212
107 215 224
247 248 212
104 120 120
68 91 1
138 162 212
138 142 220
38 111 111
31 180 34
50 168 1
91 227 1
26 178 120
78 141 78
25 118 213
31 34 34
218 253 212
49 84 34
97 254 47
139 164 212
42 142 42
64 121 139
9 20 13
85 101 1
48 102 160
67 185 1
81 195 57
65 115 13
156 219 34
6 15 212
33 224 1
92 177 92
90 169 1
155 199 192
11 137 1
9 26 224
144 203 203
61 219 219
83 250 78
154 155 224
113 253 247
184 230 212
132 228 143
116 182 182
65 157 1
57 98 78
61 253 219
127 192 1
41 208 1
24 124 104
102 147 1
43 71 118
18 207 18
68 210 1
1 197 1
184 186 156
1 90 1
71 185 1
75 245 160
137 156 42
168 209 120
4 215 120
10 53 10
70 222 212
143 228 143
28 44 227
122 242 42
74 182 182
87 119 120
165 184 1
170 206 212
15 160 160
109 132 1
82 164 42
178 221 92
34 110 34
120 121 1
156 228 1
139 209 1
56 227 120
46 204 1
69 139 139
97 213 47
16 136 212
114 171 83
121 194 1
132 222 1
65 118 120
144 218 203
67 177 92
158 189 120
86 208 1
64 212 212
25 54 120
141 155 1
245 254 1
53 241 1
71 82 1
55 187 212
173 240 27
155 192 192
164 208 151
32 245 212
34 61 34
95 211 1
138 214 1
156 167 1
54 106 106
89 103 120
48 232 1
7 211 1
107 133 9
108 109 78
8 54 227
59 88 1
195 217 139
67 186 1
37 182 120
55 159 10
99 203 212
39 159 102
1 193 1
1 230 1
78 248 78
51 72 199
40 52 1
10 19 10
1 127 1
45 120 1
131 255 1
11 164 1
24 235 1
81 150 1
136 163 136
72 94 13
175 206 111
120 246 120
152 207 47
3 127 27
19 153 1
114 195 114
61 130 247
1 87 1
11 212 1
59 86 1
205 248 212
169 254 1
131 245 95
28 60 120
4 145 213
209 249 1
121 128 140
111 232 1
124 169 1
174 182 224
21 254 120
74 116 182
197 250 78
61 199 1
9 255 13
12 177 152
103 125 93
141 225 1
87 115 13
148 199 120
190 208 42
120 146 120
138 182 1
145 208 1
135 169 1
33 37 1
41 48 1
43 106 120
124 193 213
211 239 1
218 226 1
176 217 78
82 213 1
175 255 1
21 167 224
2 71 120
21 191 120
7 216 1
164 223 6
55 81 78
42 184 42
29 145 213
96 102 10
79 139 139
3 9 1
59 98 212
45 190 80
148 178 93
118 196 1
46 52 21
1 196 1
43 76 213
14 120 120
88 137 1
99 251 1
33 45 42
119 128 1
15 39 10
59 253 247
119 233 47
38 94 1
210 219 219
37 149 1
67 104 47
120 251 120
8 169 1
11 216 47
108 204 204
215 233 120
86 236 1
6 233 1
164 179 36
48 68 1
62 171 83
204 223 212
86 199 13
150 246 120
7 173 151
182 233 120
157 190 42
13 171 1
133 256 1
96 142 212
17 228 143
132 187 1
81 204 83
83 206 139
16 19 212
56 191 92
28 120 120
6 33 6
140 148 1
17 202 2
75 174 1
112 228 227
102 127 212
169 250 102
162 202 1
75 137 212
22 246 120
116 238 116
207 211 104
53 187 212
82 238 1
87 181 120
96 169 10
27 32 27
58 83 212
208 240 27
11 99 1
113 140 212
180 247 247
50 123 1
20 132 227
1 143 1
87 202 2
114 160 78
1 121 1
173 207 1
91 137 42
52 216 120
59 219 247
144 212 212
13 28 13
22 29 213
34 240 42
26 199 192
16 33 6
188 194 47
34 113 34
124 211 211
47 141 1
40 179 6
206 223 212
109 166 166
144 192 1
50 217 134
231 244 42
49 100 1
130 184 34
123 206 1
166 250 160
118 192 120
63 205 212
79 217 134
126 196 42
4 43 43
36 126 6
202 227 227
23 122 42
40 231 6
172 200 213
13 82 1
187 239 42
19 119 1
25 211 211
10 162 78
171 190 212
100 109 1
77 246 1
31 154 1
94 199 13
3 71 1
84 208 42
179 242 231
56 203 1
3 249 151
29 43 43
9 120 120
50 222 139
12 198 120
65 202 246
20 252 120
163 176 203
55 248 160
83 97 1
3 173 27
67 91 1
144 173 212
32 240 27
196 204 212
69 187 212
14 228 227
112 254 120
17 112 227
1 242 1
58 86 1
1 51 1
62 112 1
40 137 151
132 171 1
160 176 160
93 223 1
81 90 1
3 27 27
33 39 212
44 193 120
83 216 1
72 236 1
26 142 1
29 58 1
77 190 212
8 136 1
75 159 10
34 67 1
194 215 120
32 132 1
59 212 212
56 193 47
143 239 1
44 230 1
45 240 42
72 180 1
9 114 1
174 239 1
7 111 212
103 186 1
26 102 1
56 148 93
15 245 160
53 203 160
5 165 192
5 143 13
13 94 13
38 69 111
173 236 27
1 174 1
55 113 212
74 192 224
135 158 88
16 94 1
51 192 192
206 253 212
40 249 249
51 156 1
1 137 1
113 155 1
128 173 212
58 147 1
107 120 120
66 239 1
72 161 1
82 128 212
73 135 92
26 60 120
191 228 120
180 210 219
112 229 28
62 256 212
6 242 6
155 214 224
71 254 254
89 214 9
78 201 78
58 186 220
138 215 1
53 166 160
64 195 83
104 224 120
6 13 1
30 90 90
66 155 192
59 246 1
28 180 1
1 173 1
52 172 120
140 182 1
16 189 1
77 117 1
42 121 212
222 225 1
103 113 1
44 246 246
103 169 1
9 13 13
15 233 1
85 231 151
122 160 212
48 92 1
121 212 212
252 254 118
113 137 42
131 163 95
158 169 1
154 179 1
233 254 254
20 122 1
96 153 1
202 217 1
142 205 34
128 139 139
79 108 139
24 49 1
163 201 203
159 162 78
86 120 120
1 104 1
21 46 21
101 194 120
55 188 1
194 256 1
19 148 1
112 120 120
11 98 1
18 32 1
74 224 224
128 186 212
122 150 1
18 201 1
55 177 1
142 236 42
4 119 47
214 238 116
25 124 150
8 94 246
75 228 1
1 43 1
137 254 1
87 204 1
1 94 1
156 184 156
91 156 220
121 175 111
1 255 1
80 225 1
173 231 151
145 207 104
16 250 212
121 217 111
55 89 1
78 159 78
111 182 1
56 207 47
34 156 34
247 253 247
67 221 92
14 165 13
45 110 34
119 225 56
10 221 1
188 222 1
114 222 114
118 215 120
145 183 120
159 195 78
71 190 1
149 227 1
121 187 212
24 213 213
56 233 47
185 245 95
140 158 1
186 205 34
111 147 1
140 212 212
116 154 9
34 167 1
209 230 1
68 246 227
186 256 42
219 253 219
122 131 212
89 199 224
11 48 1
159 214 1
6 14 1
52 215 224
99 215 1
1 2 1
55 98 55
78 175 78
117 198 28
153 224 120
190 212 212
98 218 160
51 149 1
146 216 120
9 73 120
4 252 43
188 214 120
11 43 213
126 231 6
117 246 227
57 197 83
55 166 160
164 254 1
56 78 1
130 159 212
50 140 111
122 190 80
42 114 212
211 226 47
76 179 1
45 49 247
111 139 139
160 235 78
31 184 220
77 225 1
80 219 247
19 98 19
180 236 42
22 104 104
6 27 151
32 238 1
52 168 9
57 139 139
235 245 78
53 102 102
124 131 1
10 159 10
162 204 83
110 184 156
115 135 120
6 55 212
18 120 120
53 171 78
117 158 120
56 215 120
155 251 251
168 199 224
38 244 212
90 131 1
32 239 42
13 89 13
79 121 111
47 56 47
165 237 120
78 219 212
29 170 1
149 185 160
26 105 120
112 116 13
43 118 118
33 60 1
152 209 152
20 255 20
30 199 13
75 98 19
157 231 151
75 149 19
177 214 120
29 84 1
3 204 212
42 254 1
132 236 1
186 233 1
95 155 1
58 94 1
104 153 47
123 168 120
7 215 1
1 17 1
8 126 1
81 108 83
55 85 212
3 85 256
27 232 1
94 151 1
151 209 1
76 192 120
50 251 1
71 167 120
1 34 1
91 139 212
214 215 224
7 236 151
25 145 211
157 173 157
118 233 118
6 190 42
103 237 47
34 142 34
62 92 1
1 71 1
53 98 10
141 219 212
103 123 103
126 187 151
72 115 115
10 157 212
14 248 1
206 212 212
151 236 151
216 221 92
14 99 1
89 160 1
209 247 1
26 120 120
168 247 1
87 212 1
20 229 28
140 255 1
8 28 227
106 224 13
53 78 78
172 209 47
53 179 212
35 181 152
155 167 251
77 79 111
61 154 1
82 188 1
35 191 35
154 188 120
62 208 212
12 105 152
73 191 37
52 106 13
48 176 166
79 85 212
187 215 1
13 119 120
31 58 91
128 147 1
1 191 1
49 190 247
134 162 139
20 120 120
1 233 1
99 157 151
71 115 120
100 105 47
16 242 16
17 33 1
213 223 1
135 243 1
20 150 120
35 225 92
33 249 23
42 130 42
29 127 1
71 130 1
147 248 1
161 204 139
90 110 1
57 108 83
53 250 102
102 181 1
9 53 1
22 154 120
34 254 1
55 127 212
127 186 42
107 213 120
122 210 247
163 244 212
9 59 1
33 135 1
8 112 227
131 218 218
169 233 1
114 164 212
90 193 120
1 254 1
237 252 118
12 108 1
84 147 1
50 245 78
99 231 6
1 195 1
126 223 23
107 177 120
186 245 212
212 240 212
198 210 1
77 78 78
200 233 254
161 195 139
57 252 1
195 235 83
216 245 1
21 189 224
41 237 118
14 166 1
87 122 1
70 226 1
134 139 139
151 242 151
133 189 224
121 141 78
168 255 13
10 32 212
31 243 220
181 193 47
141 189 1
34 58 34
13 95 1
152 175 1
22 199 120
41 174 120
1 226 1
91 184 220
4 200 118
39 84 212
217 218 78
17 174 13
63 108 204
58 175 212
89 165 224
52 155 224
48 144 201
88 174 120
120 228 120
1 83 1
93 122 1
6 21 1
154 181 120
128 217 111
64 114 83
110 162 212
171 172 1
232 256 1
135 231 1
51 69 1
33 180 42
13 202 13
66 167 192
167 168 224
96 237 1
68 94 227
249 255 1
83 161 139
16 63 212
31 84 138
46 73 120
82 190 34
4 87 120
83 237 1
113 223 42
125 155 120
4 135 47
94 108 1
110 179 42
129 181 120
51 59 1
45 219 247
22 71 213
80 205 247
69 213 1
2 106 227
15 212 212
79 203 78
157 187 27
121 195 139
51 198 13
51 93 120
79 84 212
170 182 1
49 58 34
191 246 120
60 78 1
161 175 134
102 160 160
101 228 13
191 215 120
147 190 1
31 66 1
8 77 1
1 231 1
68 131 1
56 93 93
151 157 151
106 179 1
99 151 151
56 120 120
85 208 27
152 233 47
119 135 93
172 220 1
79 134 134
101 154 21
173 210 42
97 252 47
9 68 13
150 207 104
116 133 182
36 231 231
12 37 37
74 255 13
38 73 1
35 105 152
58 194 1
96 187 212
200 213 213
118 232 47
124 207 104
106 227 227
53 71 1
26 51 192
223 237 1
23 140 212
20 104 120
67 161 1
45 59 80
2 8 2
50 204 139
84 197 212
177 229 120
36 47 1
9 116 9
74 160 1
78 212 212
141 149 10
65 253 1
141 207 1
82 227 1
51 115 199
17 208 1
68 132 227
182 238 182
52 135 120
1 78 1
31 110 220
184 223 42
87 234 143
158 225 93
150 211 211
42 223 42
7 223 6
105 171 1
63 198 1
59 113 113
26 234 13
45 193 1
132 195 1
85 91 42
106 189 13
82 87 1
129 234 143
15 75 15
83 104 1
6 42 42
9 52 9
30 76 120
42 164 42
93 163 1
20 55 1
184 212 212
39 106 1
94 227 227
89 136 1
179 232 1
127 157 157
15 202 1
95 144 203
30 74 13
60 124 211
39 163 160
109 215 1
92 93 92
93 192 120
183 196 1
29 193 43
137 234 1
1 27 1
23 86 1
132 182 13
96 252 1
1 213 1
59 192 1
187 249 151
10 220 212
179 216 1
238 247 1
123 192 120
136 241 1
15 77 78
12 191 35
94 106 227
79 161 134
45 165 1
202 215 13
84 119 1
27 89 1
38 206 38
93 119 93
74 115 224
38 213 1
3 152 1
99 249 23
11 93 47
91 133 1
51 65 13
117 136 1
48 159 160
55 122 212
33 166 212
178 218 1
143 231 1
166 212 212
154 238 9
108 248 78
105 237 47
107 147 120
113 212 212
9 12 120
34 205 34
42 151 42
70 144 212
175 223 212
104 196 1
99 256 151
85 234 1
71 75 1
111 171 139
10 141 10
56 155 120
73 130 1
151 213 1
146 245 1
94 202 246
81 85 212
173 247 42
80 88 1
231 256 151
5 155 189
26 182 224
3 21 1
52 180 1
22 60 104
29 207 213
75 164 212
134 136 78
9 249 1
13 68 13
212 220 212
61 120 1
10 202 1
126 157 151
153 254 47
31 49 34
1 32 1
49 130 247
9 46 9
13 238 13
118 189 120
122 247 247
43 176 1
144 159 160
83 151 212
44 234 2
75 213 1
83 194 1
48 136 203
54 146 28
6 179 6
106 239 1
182 197 1
17 200 120
1 67 1
58 220 220
69 121 111
1 79 1
141 159 141
108 210 212
41 193 43
57 236 212
34 134 212
92 120 120
94 117 227
141 179 212
183 255 227
72 85 1
34 77 212
14 46 13
38 107 1
194 208 1
32 174 1
61 169 212
11 241 104
44 48 1
140 161 111
44 155 13
165 212 1
35 153 152
63 191 1
190 244 34
91 166 212
1 46 1
67 188 92
149 186 212
119 207 47
145 153 47
211 227 120
6 240 151
28 234 227
50 82 212
5 13 13
66 189 192
96 202 1
124 148 47
54 120 120
115 221 120
39 141 102
93 154 120
1 3 1
34 239 34
40 164 6
125 228 120
1 202 1
144 149 160
100 200 200
1 66 1
13 165 13
130 231 42
17 39 1
52 53 1
190 194 1
69 79 134
2 192 13
66 68 13
96 133 1
50 78 78
106 194 120
171 238 1
141 242 212
82 162 212
78 222 78
115 165 115
112 182 13
120 152 120
163 212 212
66 89 224
120 154 120
158 226 92
171 175 139
104 124 104
107 244 1
97 124 47
13 217 1
91 123 1
78 235 78
55 197 78
33 220 42
32 208 157
89 107 21
54 195 1
57 164 212
69 111 111
119 158 93
82 180 34
1 225 1
4 47 47
152 221 152
14 90 28
17 68 227
45 236 42
30 174 13
203 207 1
69 182 1
1 182 1
68 79 1
146 242 1
25 107 120
77 121 140
69 236 212
48 126 212
25 161 1
187 206 212
48 248 166
89 132 13
109 212 212
19 200 1
50 111 111
120 252 120
91 199 1
29 206 1
116 158 120
169 186 212
61 205 219
94 231 1
202 246 246
13 70 1
68 115 13
98 164 212
99 124 1
125 158 67
23 24 1
12 47 47
166 225 1
49 255 1
182 209 120
4 26 120
15 230 78
224 255 13
141 222 78
6 251 1
155 165 192
92 158 92
224 249 1
64 156 212
38 74 1
41 103 47
66 251 192
23 252 1
86 243 1
216 226 92
35 232 152
109 180 212
143 183 2
78 79 78
89 188 120
9 167 224
227 229 227
2 50 1
102 123 1
38 217 111
108 156 212
222 243 212
5 46 224
88 98 1
1 109 1
164 165 1
154 162 1
30 183 227
165 168 224
28 56 120
100 101 120
24 145 104
113 159 212
110 201 212
38 185 78
180 203 212
1 150 1
162 235 83
72 147 120
114 231 212
117 229 30
3 255 1
111 230 111
18 43 213
33 162 212
152 154 120
1 219 1
56 126 1
6 204 212
65 238 13
40 200 1
78 252 1
187 211 1
79 255 1
47 123 47
116 194 120
164 244 42
163 197 78
157 240 27
34 45 34
96 179 212
157 253 42
155 180 1
26 235 1
211 248 1
29 97 47
34 50 212
28 111 1
45 84 34
95 203 203
15 53 10
88 103 93
35 120 120
76 215 120
45 138 34
148 216 93
109 121 78
75 120 1
25 94 120
102 191 1
153 226 152
72 167 192
44 129 2
112 212 1
61 202 1
46 177 120
145 230 1
223 246 1
34 244 34
117 249 1
171 213 1
169 248 160
33 136 212
13 16 1
112 194 120
87 157 1
33 196 42
147 213 213
98 159 10
202 232 120
47 138 1
64 243 212
115 197 1
53 63 78
4 213 213
138 186 220
73 147 47
66 148 120
96 253 212
16 163 212
6 23 6
122 163 212
107 115 224
24 113 1
114 225 1
101 107 46
142 186 156
75 219 212
156 245 212
70 242 151
174 223 1
72 77 1
33 195 212
179 223 6
41 120 120
32 85 27
187 255 1
13 146 13
53 198 1
171 197 204
128 254 1
120 227 120
72 225 120
46 200 120
8 183 202
99 126 23
40 82 42
116 212 1
1 170 1
108 169 78
205 253 253
1 10 1
161 178 1
102 107 1
47 92 47
62 85 212
56 63 1
68 76 120
2 234 2
8 87 2
66 199 199
43 46 120
36 236 151
116 221 120
25 47 47
8 53 1
164 186 42
15 250 10
1 130 1
104 134 1
47 53 1
168 238 182
15 133 1
108 176 78
210 230 212
11 30 120
49 145 1
197 247 212
28 106 28
30 104 120
92 238 120
19 80 212
131 185 218
63 204 204
115 215 199
178 217 1
157 212 212
85 151 151
154 214 9
1 162 1
201 254 1
80 247 247
186 230 212
32 42 42
170 236 27
125 142 1
74 168 133
162 174 1
218 234 1
10 132 1
84 210 34
38 235 139
194 207 213
121 156 212
26 89 224
138 175 212
132 200 120
65 132 2
7 56 1
120 167 120
154 246 13
12 233 47
17 62 1
78 102 78
77 175 111
112 189 13
60 158 47
44 116 13
132 208 1
63 121 139
205 240 42
5 66 192
154 235 1
175 230 111
63 235 171
73 244 1
23 212 212
1 246 1
39 78 78
162 181 1
39 62 78
83 177 1
38 186 212
13 21 13
207 235 1
103 188 92
40 115 1
157 243 42
62 65 1
47 192 120
87 163 1
58 99 42
9 45 1
15 66 1
64 235 204
77 139 139
122 239 239
11 69 1
27 91 42
31 81 212
34 111 212
59 80 80
26 109 1
81 234 1
56 210 1
88 150 47
77 218 78
131 176 203
115 228 13
140 200 1
168 227 13
49 111 212
58 59 34
54 169 1
128 141 78
191 216 92
74 84 1
4 232 47
57 78 78
5 21 224
96 119 1
172 221 47
148 232 92
56 132 120
11 25 104
96 98 19
77 191 1
7 89 1
10 15 10
28 30 28
27 249 151
22 207 18
33 52 1
27 201 212
42 243 42
45 208 42
156 243 156
102 227 1
88 158 88
7 240 151
27 31 42
27 88 1
238 244 1
56 248 1
35 97 92
1 149 1
19 226 1
137 212 212
30 246 227
34 82 34
75 251 1
188 226 152
67 73 92
41 177 47
13 228 13
54 228 227
107 118 120
118 147 118
73 182 120
36 184 42
39 58 212
10 158 1
104 156 1
172 245 1
7 242 16
31 169 212
5 19 1
113 172 1
58 256 42
35 103 92
56 122 1
26 230 1
172 214 120
143 206 1
63 222 83
48 114 78
40 151 151
121 139 139
167 249 1
123 137 1
33 204 212
26 68 13
212 244 212
51 120 120
59 215 1
173 224 1
69 161 161
6 155 1
1 227 1
43 148 47
44 143 2
1 28 1
1 186 1
19 32 212
82 256 42
1 240 1
98 179 212
82 99 42
41 99 1
114 221 1
83 109 78
195 212 212
162 188 1
60 207 104
94 149 1
29 233 118
12 57 1
12 181 152
96 227 1
7 16 16
219 239 247
72 187 1
145 227 120
69 74 1
111 206 111
40 42 42
84 238 1
103 108 1
33 231 6
17 30 227
57 162 57
23 242 6
4 52 120
1 168 1
188 191 152
79 163 78
11 103 47
99 105 1
12 155 120
125 238 120
84 91 138
19 102 10
212 223 212
9 154 9
144 250 160
27 120 1
121 149 78
60 83 1
102 149 10
130 247 247
55 149 55
176 196 212
26 108 1
78 95 78
139 162 139
86 90 90
54 194 120
25 237 213
200 228 120
27 213 1
136 168 1
209 232 152
165 198 13
47 174 120
40 166 212
43 162 1
114 149 78
85 99 151
1 108 1
116 199 224
1 189 1
101 238 9
87 137 1
92 191 92
195 225 1
15 96 15
47 200 47
105 158 92
241 255 120
14 22 120
190 192 1
21 196 1
54 101 13
8 52 13
145 241 60
37 73 37
130 235 212
84 205 34
101 182 9
34 230 212
105 138 1
30 68 28
45 67 1
38 44 1
224 225 120
14 146 112
53 251 1
19 54 1
112 246 227
173 230 212
136 160 160
151 164 151
186 210 34
18 137 1
36 98 212
14 231 1
16 147 1
192 211 120
129 251 13
5 224 224
110 211 1
73 208 1
199 249 1
50 187 212
104 251 120
133 154 9
10 196 212
50 108 139
58 176 212
30 144 1
109 192 1
65 143 2
158 193 47
62 212 212
128 197 139
4 141 1
7 136 212
20 52 13
137 183 1
223 247 42
123 200 47
172 182 120
51 213 120
16 194 1
93 101 120
144 248 166
35 160 1
168 218 1
100 147 254
40 60 1
160 248 160
134 155 1
97 181 92
37 106 120
15 31 212
211 237 213
133 224 224
134 181 1
15 89 1
228 246 2
71 237 254
70 225 1
97 179 1
34 190 34
75 86 1
24 43 213
52 248 1
68 146 198
85 121 212
12 116 120
113 191 1
26 145 120
196 242 42
43 196 1
20 172 120
70 85 27
47 145 47
136 176 203
8 209 120
89 164 1
18 105 47
149 161 78
94 230 1
38 49 212
99 250 212
125 171 1
50 62 139
85 140 212
170 175 212
163 253 212
110 138 220
99 112 1
81 177 1
1 53 1
27 246 1
36 240 151
66 188 120
82 142 220
102 169 102
216 252 47
67 135 67
61 143 1
4 25 213
39 75 10
62 128 139
149 222 78
20 130 1
95 215 1
17 86 227
174 199 192
38 39 78
217 221 1
223 242 6
34 91 34
77 98 78
6 178 1
89 133 9
1 161 1
32 92 1
187 223 151
15 19 19
23 88 1
220 244 220
51 215 51
26 38 1
15 120 1
107 134 1
196 244 220
11 143 120
35 178 92
33 146 1
1 14 1
138 243 220
56 214 120
151 211 1
110 186 110
53 161 78
147 148 47
96 174 1
128 135 1
89 116 9
149 177 1
110 231 42
136 158 1
42 194 1
153 251 120
90 255 28
22 213 213
140 190 212
65 183 246
33 245 212
227 228 227
134 249 212
25 224 120
9 168 9
169 238 1
101 119 120
92 210 1
124 210 1
76 150 104
123 177 92
115 251 192
4 59 1
5 85 1
5 154 224
22 95 1
34 238 1
30 185 1
175 208 212
39 55 10
92 152 92
28 227 227
159 197 78
31 113 34
42 111 212
118 146 120
22 241 104
39 42 212
136 252 1
221 244 1
45 169 212
17 249 1
80 148 1
18 193 213
200 237 254
73 92 92
17 143 143
110 156 156
16 126 6
26 156 1
173 215 1
19 250 10
117 191 120
82 182 1
143 245 1
238 256 1
148 225 93
205 219 219
33 155 1
62 81 81
1 50 1
81 137 212
27 174 1
198 199 13
29 71 118
60 151 1
40 68 1
26 224 224
104 192 120
134 140 111
82 122 34
156 191 1
84 247 34
18 63 1
28 231 1
27 170 27
69 81 139
162 206 139
196 231 42
40 170 151
191 226 37
86 158 120
23 186 42
46 170 1
16 119 1
16 42 42
172 241 104
55 141 10
22 131 1
13 30 13
127 152 1
75 242 212
11 111 1
123 216 123
14 78 1
97 175 1
137 187 187
21 24 120
85 242 151
152 240 1
139 247 212
124 144 1
29 148 47
82 244 220
41 249 1
36 175 212
15 148 1
193 253 1
110 118 1
16 216 1
6 36 6
167 224 224
115 159 1
42 190 42
1 247 1
208 254 1
58 145 1
55 231 212
123 181 92
103 212 1
163 193 1
81 95 78
133 214 182
55 69 78
50 212 212
50 128 111
114 202 1
83 113 212
188 189 120
51 68 13
80 217 212
128 159 78
84 212 212
20 176 1
46 146 13
62 230 139
42 122 42
64 66 1
118 172 213
191 221 152
53 59 212
1 37 1
103 153 92
9 229 13
13 194 120
79 230 111
20 94 227
106 117 90
1 25 1
74 174 224
74 110 1
75 78 78
184 253 34
191 252 47
110 219 34
90 101 13
111 170 212
46 120 120
3 138 42
38 128 140
90 206 1
160 216 1
16 256 151
59 247 247
177 252 47
1 169 1
64 130 212
97 199 120
53 141 102
77 230 230
110 198 1
46 175 1
124 130 1
19 157 212
99 127 151
64 147 1
141 221 1
183 234 2
214 224 224
16 71 1
108 114 83
133 238 182
116 120 120
94 210 1
101 229 13
94 155 13
195 224 1
75 212 212
84 186 220
18 213 213
119 178 103
29 216 47
42 138 42
113 162 212
166 218 203
1 47 1
99 197 212
23 92 1
139 161 139
39 218 160
99 223 223
1 105 1
39 53 53
24 125 47
122 165 1
194 213 213
61 168 1
13 197 1
212 247 212
96 160 160
66 168 224
49 196 34
33 218 212
14 65 227
188 253 1
28 132 227
99 202 1
156 229 1
142 249 42
141 156 212
105 133 120
33 99 223
199 209 120
35 247 1
114 128 139
67 153 92
42 95 212
96 217 78
147 193 118
75 176 160
42 197 212
42 233 1
35 37 37
144 185 203
159 169 102
84 182 1
68 229 28
50 232 1
174 251 251
54 109 1
160 256 212
119 253 1
13 256 1
100 144 1
117 231 1
19 169 10
46 255 13
27 128 212
223 249 23
130 196 34
181 188 105
12 215 120
170 239 42
70 256 27
195 244 212
112 227 227
27 239 42
195 255 1
93 158 93
189 196 1
102 109 160
26 74 224
156 207 1
196 247 34
173 221 1
206 254 1
138 210 34
69 117 1
92 115 120
38 77 140
13 132 13
100 233 254
6 219 42
66 201 1
175 237 1
30 92 120
50 131 78
42 247 42
73 177 152
13 135 120
186 239 34
1 44 1
152 241 47
119 254 47
56 88 93
104 221 47
164 249 6
58 233 1
178 244 1
86 122 1
107 112 13
42 82 42
25 192 120
86 209 120
90 227 227
107 114 1
17 60 120
17 132 234
59 162 212
162 218 78
30 54 90
43 80 1
35 177 152
5 32 1
13 174 13
1 138 1
128 244 212
53 159 102
117 155 13
37 221 152
24 98 1
37 163 1
1 224 1
31 156 220
140 196 212
134 179 212
78 163 78
156 170 42
45 74 1
149 154 1
37 171 1
147 236 1
94 132 2
38 241 1
18 88 47
3 170 27
78 197 78
133 171 1
102 235 78
115 145 120
53 114 78
244 253 34
35 152 152
1 63 1
165 228 13
37 180 1
46 239 1
199 220 1
110 190 34
78 154 1
80 124 1
13 182 13
58 123 1
74 89 9
116 164 1
15 254 1
48 121 78
34 253 34
54 90 90
40 49 42
106 120 120
169 243 212
81 164 212
10 111 78
82 203 212
12 103 92
105 232 105
17 217 1
131 203 203
9 224 224
123 215 120
30 229 30
53 96 10
42 210 42
54 68 28
20 175 1
1 256 1
21 224 224
52 154 89
106 242 1
20 98 1
55 212 212
1 199 1
197 210 212
148 211 47
103 135 93
37 50 1
138 230 212
142 198 1
108 129 1
12 176 1
95 208 212
1 101 1
72 226 120
109 144 166
28 147 120
122 205 247
49 249 42
7 34 42
207 224 120
45 164 42
218 251 1
53 94 1
41 90 120
30 127 1
168 214 182
12 237 47
151 212 212
4 193 43
78 166 78
5 251 251
127 208 157
38 163 78
4 53 1
153 157 1
27 126 151
78 195 78
151 191 1
46 218 1
34 126 42
71 186 1
187 236 256
189 211 120
35 221 152
88 239 1
118 193 118
40 242 6
12 14 120
226 231 1
141 218 160
64 139 139
44 94 65
189 214 224
79 83 139
150 172 104
161 248 78
23 90 1
161 222 139
109 218 203
32 127 32
18 104 104
13 86 13
54 229 90
156 161 212
102 171 78
67 170 1
138 213 1
123 151 1
175 179 212
212 243 212
67 115 120
36 161 212
53 151 212
75 169 10
31 212 212
9 66 224
205 239 247
29 159 1
58 63 212
189 192 192
40 236 151
226 252 47
8 93 120
36 218 212
45 146 1
51 171 1
62 200 1
140 230 140
129 170 1
211 217 1
184 247 34
125 144 1
134 250 78
134 198 1
160 249 212
115 188 120
44 92 120
14 28 28
25 29 213
4 60 213
41 190 1
163 182 1
127 223 151
6 37 1
29 225 47
57 198 1
30 112 28
55 185 160
115 122 1
11 172 18
48 227 1
43 233 118
61 99 42
153 166 1
185 201 203
13 187 1
131 160 160
11 165 120
18 51 120
20 193 120
52 224 224
23 103 1
141 160 160
60 228 120
163 235 78
3 121 212
33 233 1
1 120 1
25 254 213
118 203 1
67 128 1
63 230 139
67 100 47
103 115 120
25 143 120
10 78 78
51 66 51
75 243 212
58 127 42
22 41 213
195 208 212
121 197 139
152 235 1
56 60 47
57 192 1
32 93 1
39 221 1
76 104 104
106 251 13
11 161 1
25 194 213
20 73 120
170 173 157
113 237 1
111 231 212
91 176 212
123 213 47
203 234 1
171 204 204
86 87 227
1 15 1
89 236 1
240 254 1
78 122 212
101 158 120
6 7 6
10 240 212
60 63 1
63 111 139
209 250 1
123 125 93
118 120 120
94 211 120
121 134 111
13 246 13
57 80 212
44 132 2
136 248 203
85 153 1
2 253 1
12 152 152
16 36 231
105 110 1
41 254 118
27 209 1
67 199 120
210 250 212
1 111 1
147 252 118
60 104 104
27 138 42
58 165 1
106 238 13
231 235 212
11 145 104
138 253 34
223 231 6
149 166 160
14 255 20
160 174 1
17 212 1
212 231 212
115 227 13
61 82 34
27 195 212
196 249 42
6 45 42
200 241 213
197 215 1
117 202 227
120 202 120
177 209 152
1 229 1
112 223 1
13 90 13
79 162 139
189 215 192
52 151 1
69 171 139
122 212 212
120 181 120
60 102 1
187 251 1
81 169 78
14 198 112
49 210 219
169 218 160
13 242 1
135 203 1
101 190 1
77 104 1
57 95 78
124 178 47
43 88 47
59 220 34
3 42 42
36 63 212
168 224 224
106 109 1
56 103 103
64 222 83
12 147 47
15 180 212
17 73 120
112 201 1
4 129 120
61 127 42
170 240 27
141 237 1
161 176 78
70 240 27
87 215 13
76 213 213
30 184 1
71 203 1
41 71 118
189 251 251
126 219 42
52 74 9
50 161 134
7 179 231
2 120 120
19 149 19
194 195 1
212 250 212
21 68 13
96 186 212
41 128 1
63 114 83
91 110 220
9 181 120
68 90 28
17 83 1
61 195 212
32 187 27
119 153 92
52 129 13
114 162 57
26 86 13
140 144 78
231 242 231
49 87 1
165 238 224
191 253 1
5 244 1
74 164 1
194 209 47
56 115 120
57 235 83
129 243 1
13 161 1
238 239 1
100 252 118
1 238 1
76 145 104
13 72 13
27 86 1
27 208 27
132 135 120
2 172 120
149 175 78
79 128 111
28 90 28
112 158 120
179 215 1
201 221 1
122 183 1
123 226 92
124 221 47
205 210 253
111 229 1
145 180 1
1 236 1
13 133 13
29 254 118
107 123 120
51 189 192
145 190 1
124 189 120
60 233 213
174 236 1
24 132 120
43 166 1
102 141 102
70 244 42
125 135 67
143 219 1
89 205 1
37 209 37
32 70 157
51 181 120
1 29 1
56 240 1
236 249 151
44 54 227
121 252 1
20 90 28
36 206 212
78 136 78
142 244 244
92 105 92
158 167 120
86 102 1
110 256 42
184 243 156
173 216 1
28 187 1
7 36 231
11 132 120
125 133 120
180 255 1
78 94 1
69 86 1
92 232 92
172 193 213
8 114 1
72 215 199
99 245 212
16 164 231
26 167 167
174 215 192
39 145 1
150 191 47
8 59 1
24 93 47
204 206 139
66 215 51
124 247 1
130 139 212
186 237 1
1 187 1
129 255 227
1 198 1
9 155 224
56 158 93
1 178 1
35 159 1
17 204 1
11 91 1
86 152 120
169 236 212
81 212 212
56 171 1
142 220 220
112 153 120
22 174 120
50 246 1
52 235 1
9 141 1
204 240 212
120 194 120
24 37 47
25 216 47
65 166 1
20 196 1
37 84 1
76 153 47
157 208 157
206 231 212
139 142 212
29 247 1
182 218 1
201 236 212
47 118 47
9 89 9
133 182 182
72 124 120
207 255 120
47 119 47
157 167 1
47 252 47
125 178 93
117 174 13
33 165 1
32 40 151
39 144 160
37 230 1
181 217 1
222 248 78
134 206 111
12 110 1
105 117 120
60 145 60
4 24 213
13 53 1
22 173 1
203 250 160
29 212 1
49 138 34
185 239 212
13 241 120
94 224 13
7 97 1
102 166 160
218 235 78
38 121 38
37 152 152
223 255 1
69 78 78
15 112 1
80 239 80
60 247 1
113 160 212
217 240 212
31 200 1
184 219 34
83 139 139
158 218 1
179 210 42
84 157 42
199 224 224
94 183 246
119 152 92
5 26 251
163 236 212
107 214 9
28 100 120
64 78 78
192 255 13
48 163 203
154 168 9
1 97 1
1 175 1
41 246 120
25 40 1
239 247 247
10 75 10
21 154 21
184 231 42
61 159 212
174 217 1
44 78 1
97 119 93
42 126 42
104 229 120
75 146 1
16 138 42
193 255 120
207 254 213
5 35 120
150 219 1
29 194 43
90 117 90
79 245 78
35 57 1
199 251 192
7 151 151
95 228 1
135 148 67
79 195 139
108 179 212
145 201 1
194 221 47
81 171 83
34 130 34
188 216 92
110 203 212
3 227 1
93 217 1
184 220 220
120 209 120
78 158 1
168 175 1
17 254 120
37 41 47
71 117 120
102 242 212
9 11 120
85 235 212
51 168 224
34 72 1
163 251 1
177 231 1
161 211 1
11 61 1
182 214 182
20 243 1
95 242 212
93 135 93
106 131 1
50 239 212
31 209 1
128 220 212
22 120 120
17 85 1
65 129 2
80 118 1
23 227 1
138 244 220
137 140 212
201 203 203
72 182 224
102 157 212
18 24 18
120 133 120
160 212 212
150 249 1
166 170 212
11 104 104
133 247 1
1 141 1
116 181 120
1 243 1
94 112 227
70 224 1
52 218 1
177 193 47
98 212 212
152 232 152
39 114 78
16 51 1
46 133 9
171 224 1
5 115 192
208 243 42
80 149 212
107 239 1
106 112 28
190 198 1
169 239 212
46 67 120
85 89 1
161 212 212
72 176 1
1 136 1
85 251 1
2 92 120
122 213 1
80 161 212
38 92 1
24 50 1
37 123 92
84 118 1
158 178 93
97 135 67
28 244 1
105 189 120
16 87 1
155 215 192
35 169 1
120 213 120
22 150 104
217 230 111
67 225 93
166 175 78
140 219 212
46 202 13
49 125 1
77 188 1
143 186 1
50 52 1
107 221 120
178 203 1
81 92 1
13 183 13
94 129 2
119 148 93
123 223 1
75 158 1
165 214 224
164 204 212
14 176 1
69 206 111
12 199 120
49 205 219
80 122 80
88 148 67
114 134 139
47 213 47
129 171 1
61 122 247
117 163 1
218 229 1
185 194 1
97 152 92
25 173 1
226 249 1
177 199 120
85 125 1
164 210 42
61 239 247
154 213 120
187 210 42
126 236 151
57 222 57
59 255 1
1 206 1
60 76 104
13 198 13
20 215 13
142 151 42
46 169 1
131 179 212
74 123 120
192 229 13
59 82 34
169 212 212
57 248 78
20 112 112
71 194 118
4 147 118
136 201 203
151 173 151
42 179 42
101 105 120
52 174 224
56 237 47
61 153 1
70 212 212
56 176 1
36 127 151
36 88 1
102 214 1
80 254 1
60 183 120
78 140 78
108 197 64
27 171 212
109 159 160
15 141 10
71 147 254
123 247 1
50 153 1
203 212 212
161 196 212
72 193 120
30 37 120
191 232 152
165 199 199
103 120 120
37 92 92
54 72 13
235 241 1
14 214 13
60 211 211
121 204 139
43 247 1
52 182 9
152 167 120
50 76 1
190 210 247
128 206 140
13 54 13
101 213 120
65 158 120
15 218 160
127 249 151
32 242 151
57 105 1
7 129 1
59 235 212
122 138 34
175 209 1
101 120 120
28 38 1
9 231 1
4 39 1
206 230 140
151 190 42
97 153 92
2 94 2
23 42 42
189 219 1
39 248 160
41 56 47
195 196 212
67 110 1
156 220 220
133 172 120
1 41 1
77 91 212
27 223 151
196 219 34
57 202 1
18 252 213
180 205 219
107 202 13
9 81 1
81 114 57
80 190 80
75 96 15
93 207 47
55 75 19
66 205 1
44 227 227
61 243 34
114 144 78
1 21 1
32 33 151
38 232 1
57 75 78
40 85 151
177 181 105
90 146 28
121 206 38
1 112 1
117 235 1
148 221 92
215 251 192
85 164 151
32 246 1
172 194 213
63 175 139
238 249 1
15 207 1
48 177 1
26 133 224
12 107 120
111 175 111
61 216 1
6 40 6
92 148 92
145 221 47
38 159 78
53 135 1
78 83 78
46 225 120
189 224 224
1 48 1
20 117 28
76 206 1
62 235 83
120 225 120
46 233 120
2 105 120
186 196 220
1 209 1
2 226 120
24 211 104
70 187 27
133 169 1
34 242 42
145 148 47
46 250 1
36 129 1
83 204 83
14 211 120
68 111 1
33 114 212
27 187 27
60 250 1
123 150 47
115 204 1
31 142 220
82 171 212
155 159 1
127 162 212
120 177 120
48 109 166
67 182 120
158 163 1
45 149 212
76 165 120
54 114 1
39 51 1
175 247 212
39 168 1
180 231 42
101 180 1
179 212 212
55 189 1
8 241 120
25 76 104
34 47 1
12 119 92
69 94 1
67 211 47
32 60 1
36 57 212
213 254 213
56 168 120
159 161 78
139 244 212
141 171 78
53 60 1
1 248 1
8 190 1
16 195 212
21 101 21
89 154 89
165 207 120
2 35 120
49 57 212
16 38 212
45 71 1
66 190 1
1 13 1
98 195 78
85 185 212
72 135 120
159 175 78
71 155 120
54 133 13
142 231 42
146 255 112
19 131 160
67 214 120
161 246 1
78 196 212
45 205 247
18 144 1
68 101 13
15 78 78
83 195 83
120 155 120
60 213 213
81 141 78
13 214 13
70 208 173
210 220 34
218 248 203
3 256 256
24 205 1
34 248 212
79 106 1
32 226 1
49 245 212
140 217 111
42 117 1
61 180 49
28 171 1
101 161 1
93 120 120
118 181 47
66 115 199
136 139 78
169 249 212
134 170 212
24 229 120
61 113 247
93 105 92
83 202 1
21 30 13
57 171 83
123 204 1
39 102 102
228 245 1
73 220 1
25 136 1
26 154 224
139 181 1
147 207 213
202 209 120
152 243 1
190 245 212
171 182 1
225 241 47
56 245 1
130 253 247
208 210 42
174 192 192
17 96 1
153 200 47
69 217 161
143 210 1
118 150 213
140 221 1
17 97 120
77 201 78
104 211 104
73 119 92
67 89 120
70 126 151
100 227 120
40 113 42
21 255 13
25 43 213
39 87 1
43 194 43
143 212 1
167 198 13
233 240 1
73 226 73
44 158 120
109 136 203
43 172 213
141 144 160
151 156 42
42 58 42
114 244 212
55 218 160
36 213 1
99 236 151
80 210 247
125 221 92
28 54 28
44 100 120
98 102 10
61 220 34
170 208 157
41 47 47
68 142 1
124 145 211
73 105 152
72 122 1
125 210 1
63 131 78
8 184 1
108 185 78
22 194 213
113 247 247
7 147 1
25 213 213
117 209 120
69 183 1
70 170 157
6 105 1
95 212 212
68 204 1
93 125 93
2 48 1
193 233 118
28 37 120
1 72 1
108 235 204
12 137 1
66 165 199
48 187 212
139 140 139
98 239 212
50 182 1
105 235 1
106 255 28
28 117 28
139 221 1
183 231 1
77 158 1
107 155 224
144 183 1
25 50 1
120 254 120
51 144 1
112 198 112
1 23 1
22 76 18
41 147 118
77 114 139
188 241 47
10 212 212
38 169 78
5 50 1
84 196 196
30 251 13
125 140 1
125 143 120
1 148 1
23 239 42
29 237 118
113 151 42
81 235 83
68 225 120
153 203 1
28 73 120
20 54 28
93 218 1
70 127 157
1 45 1
42 135 1
195 204 83
73 249 1
79 171 139
93 103 93
138 156 220
25 241 211
186 193 1
52 189 224
145 158 47
214 229 13
48 75 160
157 170 157
107 179 1
66 191 120
42 113 42
51 52 224
123 142 1
47 160 1
54 181 120
53 97 1
30 198 28
50 171 139
48 55 160
91 142 220
75 152 1
8 125 120
66 245 1
110 210 34
135 209 92
95 140 78
88 123 93
49 181 1
6 168 1
153 176 1
66 67 120
153 232 153
127 236 27
70 94 1
211 212 1
4 71 118
7 33 6
71 213 213
15 126 212
58 156 220
75 128 78
84 122 34
1 235 1
97 144 1
112 129 227
105 120 120
69 158 1
145 253 1
78 121 78
123 173 1
1 139 1
13 66 13
23 164 6
176 248 109
6 176 212
80 240 42
130 168 1
141 232 1
75 204 78
131 144 203
221 254 47
59 147 1
15 127 212
120 189 120
98 151 212
72 198 13
28 233 120
17 109 1
107 224 224
129 202 2
144 176 166
20 158 120
79 212 212
7 247 42
48 201 201
120 198 120
149 240 212
42 256 42
2 44 2
15 69 78
41 178 47
124 241 211
1 176 1
83 201 78
47 181 47
67 148 67
27 179 151
137 144 212
83 95 78
70 111 212
100 194 118
73 153 152
120 207 120
215 247 1
13 167 13
139 203 78
171 206 139
36 223 6
107 198 13
19 151 212
94 176 1
120 124 120
46 115 224
31 210 34
27 47 1
49 133 1
80 192 1
89 224 224
104 207 104
57 111 139
14 229 28
69 156 212
25 53 1
107 160 1
68 119 120
14 227 227
121 183 1
68 120 120
38 219 212
85 173 27
28 192 13
57 179 212
22 86 120
88 131 1
19 49 212
156 252 1
47 120 120
209 226 73
104 172 104
102 201 160
13 209 120
73 178 92
122 231 42
57 176 78
68 227 227
147 244 1
111 114 139
13 234 13
196 220 220
43 252 43
3 156 42
87 195 1
10 149 10
77 184 212
95 183 1
68 214 13
64 174 1
71 100 200
35 47 47
59 174 1
157 224 1
138 190 34
127 240 27
14 52 13
42 170 42
152 229 120
5 178 120
148 158 67
7 168 1
9 199 224
115 203 1
36 256 151
88 92 92
12 125 92
200 252 118
54 216 120
176 245 203
26 189 251
93 116 120
70 229 1
109 152 1
29 120 120
191 227 120
68 251 13
93 248 1
92 153 92
84 120 1
144 201 201
169 175 78
5 120 120
11 120 120
34 122 34
89 120 120
131 166 203
139 235 139
55 250 10
44 141 1
144 216 1
103 256 1
101 174 224
172 242 1
96 108 78
1 212 1
24 241 104
30 80 1
185 212 212
195 222 114
160 169 160
107 203 1
119 137 1
104 145 104
94 234 2
226 255 120
82 173 42
17 227 227
1 245 1
41 213 213
1 74 1
18 241 104
70 123 1
104 107 120
49 194 1
234 255 227
42 205 42
98 128 78
169 244 212
1 152 1
128 149 78
52 66 224
212 235 212
106 244 1
90 191 120
11 207 18
113 130 80
16 99 6
24 76 18
49 80 247
57 242 212
79 81 139
37 179 1
11 38 1
220 236 42
43 120 120
69 157 212
44 87 2
232 241 47
136 169 160
46 168 9
53 55 10
217 220 212
28 198 28
215 239 1
204 250 78
128 230 230
57 134 139
60 209 47
6 19 212
125 251 120
8 27 1
111 217 111
16 23 6
75 156 212
36 238 1
105 152 152
45 70 42
50 75 78
61 210 219
81 197 83
1 69 1
27 134 212
113 184 34
7 127 151
88 163 1
144 179 212
53 106 1
144 236 212
103 216 103
203 243 212
1 140 1
100 213 213
228 238 13
84 207 1
111 249 212
56 232 92
114 173 212
120 172 120
75 83 78
1 5 1
126 203 212
166 201 166
67 92 92
203 246 1
65 215 13
181 191 152
29 41 4
151 224 1
58 247 34
173 250 212
165 186 1
68 88 120
84 239 34
5 255 13
47 226 47
49 117 1
188 198 120
1 180 1
190 251 1
128 209 1
167 192 192
49 108 212
176 226 1
152 181 152
225 251 120
37 211 47
34 172 1
110 115 1
34 103 1
224 230 1
37 93 92
135 166 1
72 189 192
71 232 47
42 231 42
67 178 93
49 247 247
50 162 139
84 152 1
88 107 120
108 137 212
92 96 1
153 221 105
105 153 105
130 174 1
153 207 47
17 94 2
126 249 249
122 154 1
77 161 111
203 245 203
92 179 1
18 77 1
148 188 92
132 146 227
27 52 1
192 218 1
64 144 78
62 130 212
28 61 1
47 100 47
81 161 139
120 221 120
153 188 105
151 256 151
137 145 1
98 230 78
22 153 47
31 80 34
54 86 106
69 255 1
77 140 140
129 154 13
81 213 1
111 187 212
28 68 28
142 199 1
33 126 23
34 78 212
22 72 120
168 182 182
144 219 212
9 174 224
13 227 13
43 183 120
19 106 1
74 217 1
33 244 42
200 230 1
58 142 220
22 103 47
52 64 1
1 167 1
140 171 139
128 212 212
1 153 1
110 119 1
103 168 120
2 132 2
110 178 1
104 238 120
34 255 1
1 221 1
84 243 220
213 238 120
90 120 120
24 71 213
24 172 18
72 126 1
108 212 212
70 86 1
66 126 1
83 106 1
114 245 78
64 99 212
40 223 23
111 208 212
154 169 1
21 230 1
28 139 1
83 217 139
24 182 120
59 163 212
17 81 1
123 199 120
233 242 1
69 234 1
37 88 92
193 252 194
57 212 212
203 215 1
38 230 140
59 178 1
2 228 2
27 62 212
48 95 203
67 77 1
1 55 1
115 206 1
138 200 1
221 223 1
84 244 220
36 90 1
120 147 120
2 223 1
18 152 47
94 196 1
43 254 118
142 200 1
26 99 1
181 223 1
55 169 10
1 113 1
83 179 212
177 254 47
83 136 78
19 21 1
150 239 1
209 240 1
46 51 224
17 129 143
29 117 120
47 191 47
64 105 1
21 78 1
6 212 212
11 127 1
56 135 93
110 163 212
1 73 1
1 118 1
1 114 1
212 219 212
66 224 224
38 245 78
26 110 1
23 40 23
9 217 1
131 248 203
188 209 152
150 232 47
34 220 34
64 142 212
14 84 1
151 240 151
54 214 13
28 168 13
88 108 1
172 213 213
10 166 160
62 139 139
1 172 1
85 130 42
109 201 166
107 154 21
199 234 13
85 143 1
70 77 212
89 244 1
14 86 28
122 240 42
34 201 212
67 180 1
181 209 152
54 112 28
212 253 212
239 251 1
99 243 42
116 245 1
17 234 234
4 224 120
161 247 212
240 243 42
60 180 1
120 168 120
14 60 120
175 231 212
91 245 212
1 91 1
150 231 1
43 241 213
161 207 1
23 126 23
39 48 160
27 95 212
93 147 47
23 76 1
203 227 1
79 247 212
170 196 42
3 194 1
175 195 139
165 197 1
67 93 93
26 215 192
21 168 9
139 238 1
1 154 1
40 128 212
52 96 1
7 23 6
36 157 151
210 247 247
151 179 151
70 134 212
156 186 156
234 246 2
1 30 1
78 185 78
142 196 220
160 247 212
29 213 213
69 77 111
83 163 78
157 211 1
47 153 47
95 163 95
151 187 151
31 75 212
28 31 1
142 156 156
119 188 92
31 152 1
156 205 34
149 250 10
61 114 212
22 138 1
4 32 1
108 222 83
195 252 1
55 139 78
124 153 47
3 113 42
25 104 104
141 154 1
29 201 1
36 187 151
83 230 139
172 207 172
128 210 212
62 250 78
162 182 1
102 234 1
104 216 47
97 107 120
1 65 1
31 175 212
152 226 152
7 230 212
33 188 1
139 173 212
154 170 1
142 192 1
96 112 1
79 197 139
61 121 212
48 166 166
57 144 78
62 211 1
174 224 224
14 218 1
92 183 120
74 167 224
2 122 1
36 162 212
8 238 13
44 229 227
135 225 93
88 225 93
25 120 120
1 82 1
155 203 1
115 198 13
12 221 152
46 154 21
81 83 83
191 199 120
78 200 1
116 211 120
31 62 212
87 90 227
44 103 120
94 193 120
87 159 1
114 176 78
102 185 160
3 180 42
78 146 1
26 83 1
49 224 1
110 240 42
43 131 1
176 203 203
6 80 42
38 256 212
51 165 199
49 156 34
35 131 1
5 191 120
57 142 212
190 201 212
123 129 120
60 115 120
11 76 18
96 247 212
35 73 37
148 228 120
80 180 247
154 182 9
28 189 13
163 185 95
29 197 1
10 160 160
109 234 1
25 193 213
51 224 224
89 242 1
78 239 212
79 233 1
152 187 1
93 225 93
136 212 212
61 81 212
69 212 212
139 191 1
57 83 83
71 108 1
135 233 47
7 154 1
112 128 1
32 126 151
68 182 13
17 51 13
1 216 1
97 106 120
9 193 120
77 136 78
59 149 212
67 169 1
99 200 1
42 44 1
24 58 1
116 251 224
218 225 1
66 238 224
52 101 21
185 253 212
22 251 120
29 155 120
105 181 105
124 254 213
43 207 213
50 175 50
164 248 212
21 79 1
106 182 13
87 164 1
35 90 120
1 107 1
204 217 139
97 209 92
109 151 212
30 122 1
32 251 1
193 213 213
104 199 120
59 205 247
30 86 90
67 240 1
84 142 220
107 245 1
127 225 1
45 91 34
43 181 47
181 195 1
235 253 212
194 233 118
112 188 120
59 210 247
17 101 13
27 229 1
9 227 13
18 172 18
188 221 177
86 117 90
71 233 254
192 251 192
17 230 1
56 225 56
177 191 152
92 187 1
33 40 23
114 235 83
25 253 1
127 248 212
133 192 224
200 202 120
68 185 1
179 205 42
22 124 104
65 133 13
49 59 247
49 193 1
65 171 1
131 212 212
118 252 118
161 171 139
99 154 1
20 68 112
7 212 212
59 122 80
141 150 1
197 230 139
33 208 151
51 194 120
91 220 220
48 237 1
7 99 6
9 101 9
20 27 1
34 247 34
73 93 92
86 227 227
133 155 224
77 111 111
137 186 42
63 81 83
144 171 78
5 238 224
130 239 239
2 43 120
141 212 212
5 174 251
47 147 47
24 120 120
13 224 13
173 174 1
103 226 92
9 17 13
78 139 78
182 189 224
165 192 192
7 29 1
47 105 47
106 190 1
81 162 81
10 250 10
137 151 151
152 174 120
22 100 213
32 202 1
6 12 1
221 241 47
42 240 42
48 185 203
25 67 47
147 237 233
