128 8128
1 29 1
29 32 29
32 88 32
88 99 88
99 107 99
60 107 107
60 127 60
116 127 127
116 121 116
50 121 121
50 78 50
78 104 78
28 104 104
28 71 28
42 71 71
42 128 42
30 128 128
30 86 30
86 124 86
51 124 124
51 81 51
47 81 81
47 61 47
61 120 61
2 120 120
2 52 2
11 52 52
11 77 11
76 77 77
55 76 76
22 55 55
22 110 22
69 110 110
69 114 69
25 114 114
25 59 25
59 66 59
46 66 66
46 98 46
83 98 98
53 83 83
53 115 53
112 115 115
15 112 112
15 64 15
64 90 64
79 90 90
79 109 79
106 109 109
24 106 106
24 89 24
72 89 89
72 126 72
48 126 126
48 122 48
122 125 122
74 125 125
57 74 74
6 57 57
6 73 6
73 75 73
75 85 75
85 113 85
87 113 113
58 87 87
7 58 58
7 41 7
33 41 41
33 103 33
26 103 103
26 94 26
67 94 94
67 118 67
18 118 118
4 18 18
4 9 4
9 49 9
19 49 49
19 80 19
80 96 80
8 96 96
8 35 8
35 45 35
45 70 45
20 70 70
17 20 20
17 111 17
37 111 111
37 105 37
12 105 105
12 23 12
21 23 23
21 82 21
82 101 82
101 108 101
13 108 108
13 14 13
14 34 14
34 91 34
91 100 91
65 100 100
65 93 65
43 93 93
43 117 43
56 117 117
56 84 56
63 84 84
63 119 63
10 119 119
10 68 10
68 97 68
36 97 97
31 36 36
3 31 31
3 16 3
16 54 16
44 54 54
40 44 44
27 40 40
27 92 27
92 123 92
38 123 123
38 102 38
5 102 102
5 62 5
39 62 62
39 95 39
1 32 1
29 88 29
32 99 32
88 107 88
60 99 99
107 127 107
60 116 60
121 127 127
50 116 116
78 121 121
50 104 50
28 78 78
71 104 104
28 42 28
71 128 71
30 42 42
86 128 128
30 124 30
51 86 86
81 124 124
47 51 51
61 81 81
47 120 47
2 61 61
52 120 120
2 11 2
52 77 52
11 76 11
55 77 77
22 76 76
55 110 55
22 69 22
110 114 110
25 69 69
59 114 114
25 66 25
46 59 59
66 98 66
46 83 46
53 98 98
83 115 83
53 112 53
15 115 115
64 112 112
15 90 15
64 79 64
90 109 90
79 106 79
24 109 109
89 106 106
24 72 24
89 126 89
48 72 72
122 126 126
48 125 48
74 122 122
57 125 125
6 74 74
57 73 57
6 75 6
73 85 73
75 113 75
85 87 85
58 113 113
7 87 87
41 58 58
7 33 7
41 103 41
26 33 33
94 103 103
26 67 26
94 118 94
18 67 67
4 118 118
9 18 18
4 49 4
9 19 9
49 80 49
19 96 19
8 80 80
35 96 96
8 45 8
35 70 35
20 45 45
17 70 70
20 111 20
17 37 17
105 111 111
12 37 37
23 105 105
12 21 12
23 82 23
21 101 21
82 108 82
13 101 101
14 108 108
13 34 13
14 91 14
34 100 34
65 91 91
93 100 100
43 65 65
93 117 93
43 56 43
84 117 117
56 63 56
84 119 84
10 63 63
68 119 119
10 97 10
36 68 68
31 97 97
3 36 36
16 31 31
3 54 3
16 44 16
40 54 54
27 44 44
40 92 40
27 123 27
38 92 92
102 123 123
5 38 38
62 102 102
5 39 5
62 95 62
1 99 1
29 107 29
32 60 32
88 127 88
99 116 99
107 121 107
50 60 60
78 127 127
104 116 116
28 121 121
50 71 50
42 78 78
104 128 104
28 30 28
71 86 71
42 124 42
51 128 128
30 81 30
47 86 86
61 124 124
51 120 51
2 81 81
47 52 47
11 61 61
77 120 120
2 76 2
52 55 52
11 22 11
77 110 77
69 76 76
55 114 55
22 25 22
59 110 110
66 69 69
46 114 114
25 98 25
59 83 59
53 66 66
46 115 46
98 112 98
15 83 83
53 64 53
90 115 115
79 112 112
15 109 15
64 106 64
24 90 90
79 89 79
72 109 109
106 126 106
24 48 24
89 122 89
72 125 72
74 126 126
48 57 48
6 122 122
73 125 125
74 75 74
57 85 57
6 113 6
73 87 73
58 75 75
7 85 85
41 113 113
33 87 87
58 103 58
7 26 7
41 94 41
33 67 33
103 118 103
18 26 26
4 94 94
9 67 67
49 118 118
18 19 18
4 80 4
9 96 9
8 49 49
19 35 19
45 80 80
70 96 96
8 20 8
17 35 35
45 111 45
37 70 70
20 105 20
12 17 17
23 111 111
21 37 37
82 105 105
12 101 12
23 108 23
13 21 21
14 82 82
34 101 101
91 108 108
13 100 13
14 65 14
34 93 34
43 91 91
100 117 100
56 65 65
84 93 93
43 63 43
117 119 117
10 56 56
68 84 84
63 97 63
36 119 119
10 31 10
3 68 68
16 97 97
36 54 36
31 44 31
3 40 3
16 27 16
54 92 54
44 123 44
38 40 40
27 102 27
5 92 92
62 123 123
38 39 38
95 102 102
1 116 1
29 121 29
32 50 32
78 88 88
99 104 99
28 107 107
60 71 60
42 127 127
116 128 116
30 121 121
50 86 50
78 124 78
51 104 104
28 81 28
47 71 71
42 61 42
120 128 128
2 30 30
52 86 86
11 124 124
51 77 51
76 81 81
47 55 47
22 61 61
110 120 120
2 69 2
52 114 52
11 25 11
59 77 77
66 76 76
46 55 55
22 98 22
83 110 110
53 69 69
114 115 114
25 112 25
15 59 59
64 66 66
46 90 46
79 98 98
83 109 83
53 106 53
24 115 115
89 112 112
15 72 15
64 126 64
48 90 90
79 122 79
109 125 109
74 106 106
24 57 24
6 89 89
72 73 72
75 126 126
48 85 48
113 122 122
87 125 125
58 74 74
7 57 57
6 41 6
33 73 73
75 103 75
26 85 85
94 113 113
67 87 87
58 118 58
7 18 7
4 41 41
9 33 33
49 103 103
19 26 26
80 94 94
67 96 67
8 118 118
18 35 18
4 45 4
9 70 9
20 49 49
17 19 19
80 111 80
37 96 96
8 105 8
12 35 35
23 45 45
21 70 70
20 82 20
17 101 17
108 111 111
13 37 37
14 105 105
12 34 12
23 91 23
21 100 21
65 82 82
93 101 101
43 108 108
13 117 13
14 56 14
34 84 34
63 91 91
100 119 100
10 65 65
68 93 93
43 97 43
36 117 117
31 56 56
3 84 84
16 63 63
54 119 119
10 44 10
40 68 68
27 97 97
36 92 36
31 123 31
3 38 3
16 102 16
5 54 54
44 62 44
39 40 40
27 95 27
1 128 1
29 30 29
32 86 32
88 124 88
51 99 99
81 107 107
47 60 60
61 127 127
116 120 116
2 121 121
50 52 50
11 78 78
77 104 104
28 76 28
55 71 71
22 42 42
110 128 128
30 69 30
86 114 86
25 124 124
51 59 51
66 81 81
46 47 47
61 98 61
83 120 120
2 53 2
52 115 52
11 112 11
15 77 77
64 76 76
55 90 55
22 79 22
109 110 110
69 106 69
24 114 114
25 89 25
59 72 59
66 126 66
46 48 46
98 122 98
83 125 83
53 74 53
57 115 115
6 112 112
15 73 15
64 75 64
85 90 90
79 113 79
87 109 109
58 106 106
7 24 24
41 89 89
33 72 72
103 126 126
26 48 48
94 122 122
67 125 125
74 118 74
18 57 57
4 6 6
9 73 73
49 75 75
19 85 85
80 113 113
87 96 87
8 58 58
7 35 7
41 45 41
33 70 33
20 103 103
17 26 26
94 111 94
37 67 67
105 118 118
12 18 18
4 23 4
9 21 9
49 82 49
19 101 19
80 108 80
13 96 96
8 14 8
34 35 35
45 91 45
70 100 70
20 65 20
17 93 17
43 111 111
37 117 37
56 105 105
12 84 12
23 63 23
21 119 21
10 82 82
68 101 101
97 108 108
13 36 13
14 31 14
3 34 34
16 91 91
54 100 100
44 65 65
40 93 93
27 43 43
92 117 117
56 123 56
38 84 84
63 102 63
5 119 119
10 62 10
39 68 68
95 97 97
1 110 1
29 69 29
32 114 32
25 88 88
59 99 99
66 107 107
46 60 60
98 127 127
83 116 116
53 121 121
50 115 50
78 112 78
15 104 104
28 64 28
71 90 71
42 79 42
109 128 128
30 106 30
24 86 86
89 124 124
51 72 51
81 126 81
47 48 47
61 122 61
120 125 120
2 74 2
52 57 52
6 11 11
73 77 77
75 76 76
55 85 55
22 113 22
87 110 110
58 69 69
7 114 114
25 41 25
33 59 59
66 103 66
26 46 46
94 98 98
67 83 83
53 118 53
18 115 115
4 112 112
9 15 15
49 64 64
19 90 90
79 80 79
96 109 109
8 106 106
24 35 24
45 89 89
70 72 72
20 126 126
17 48 48
111 122 122
37 125 125
74 105 74
12 57 57
6 23 6
21 73 73
75 82 75
85 101 85
108 113 113
13 87 87
14 58 58
7 34 7
41 91 41
33 100 33
65 103 103
26 93 26
43 94 94
67 117 67
56 118 118
18 84 18
4 63 4
9 119 9
10 49 49
19 68 19
80 97 80
36 96 96
8 31 8
3 35 35
16 45 45
54 70 70
20 44 20
17 40 17
27 111 111
37 92 37
105 123 105
12 38 12
23 102 23
5 21 21
62 82 82
39 101 101
95 108 108
1 87 1
29 58 29
7 32 32
41 88 88
33 99 99
103 107 107
26 60 60
94 127 127
67 116 116
118 121 121
18 50 50
4 78 78
9 104 104
28 49 28
19 71 71
42 80 42
96 128 128
8 30 30
35 86 86
45 124 124
51 70 51
20 81 81
17 47 47
61 111 61
37 120 120
2 105 2
12 52 52
11 23 11
21 77 77
76 82 76
55 101 55
22 108 22
13 110 110
14 69 69
34 114 114
25 91 25
59 100 59
65 66 66
46 93 46
43 98 98
83 117 83
53 56 53
84 115 115
63 112 112
15 119 15
10 64 64
68 90 90
79 97 79
36 109 109
31 106 106
3 24 24
16 89 89
54 72 72
44 126 126
40 48 48
27 122 122
92 125 125
74 123 74
38 57 57
6 102 6
5 73 73
62 75 75
39 85 85
95 113 113
1 88 1
29 99 29
32 107 32
60 88 88
99 127 99
107 116 107
60 121 60
50 127 127
78 116 116
104 121 121
28 50 50
71 78 78
42 104 104
28 128 28
30 71 71
42 86 42
124 128 128
30 51 30
81 86 86
47 124 124
51 61 51
81 120 81
2 47 47
52 61 61
11 120 120
2 77 2
52 76 52
11 55 11
22 77 77
76 110 76
55 69 55
22 114 22
25 110 110
59 69 69
66 114 114
25 46 25
59 98 59
66 83 66
46 53 46
98 115 98
83 112 83
15 53 53
64 115 115
90 112 112
15 79 15
64 109 64
90 106 90
24 79 79
89 109 109
72 106 106
24 126 24
48 89 89
72 122 72
125 126 126
48 74 48
57 122 122
6 125 125
73 74 74
57 75 57
6 85 6
73 113 73
75 87 75
58 85 85
7 113 113
41 87 87
33 58 58
7 103 7
26 41 41
33 94 33
67 103 103
26 118 26
18 94 94
4 67 67
9 118 118
18 49 18
4 19 4
9 80 9
49 96 49
8 19 19
35 80 80
45 96 96
8 70 8
20 35 35
17 45 45
70 111 70
20 37 20
17 105 17
12 111 111
23 37 37
21 105 105
12 82 12
23 101 23
21 108 21
13 82 82
14 101 101
34 108 108
13 91 13
14 100 14
34 65 34
91 93 91
43 100 100
65 117 65
56 93 93
43 84 43
63 117 117
56 119 56
10 84 84
63 68 63
97 119 119
10 36 10
31 68 68
3 97 97
16 36 36
31 54 31
3 44 3
16 40 16
27 54 54
44 92 44
40 123 40
27 38 27
92 102 92
5 123 123
38 62 38
39 102 102
5 95 5
1 107 1
29 60 29
32 127 32
88 116 88
99 121 99
50 107 107
60 78 60
104 127 127
28 116 116
71 121 121
42 50 50
78 128 78
30 104 104
28 86 28
71 124 71
42 51 42
81 128 128
30 47 30
61 86 86
120 124 124
2 51 51
52 81 81
11 47 47
61 77 61
76 120 120
2 55 2
22 52 52
11 110 11
69 77 77
76 114 76
25 55 55
22 59 22
66 110 110
46 69 69
98 114 114
25 83 25
53 59 59
66 115 66
46 112 46
15 98 98
64 83 83
53 90 53
79 115 115
109 112 112
15 106 15
24 64 64
89 90 90
72 79 79
109 126 109
48 106 106
24 122 24
89 125 89
72 74 72
57 126 126
6 48 48
73 122 122
75 125 125
74 85 74
57 113 57
6 87 6
58 73 73
7 75 75
41 85 85
33 113 113
87 103 87
26 58 58
7 94 7
41 67 41
33 118 33
18 103 103
4 26 26
9 94 94
49 67 67
19 118 118
18 80 18
4 96 4
8 9 9
35 49 49
19 45 19
70 80 80
20 96 96
8 17 8
35 111 35
37 45 45
70 105 70
12 20 20
17 23 17
21 111 111
37 82 37
101 105 105
12 108 12
13 23 23
14 21 21
34 82 82
91 101 101
100 108 108
13 65 13
14 93 14
34 43 34
91 117 91
56 100 100
65 84 65
63 93 93
43 119 43
10 117 117
56 68 56
84 97 84
36 63 63
31 119 119
3 10 10
16 68 68
54 97 97
36 44 36
31 40 31
3 27 3
16 92 16
54 123 54
38 44 44
40 102 40
5 27 27
62 92 92
39 123 123
38 95 38
1 127 1
29 116 29
32 121 32
50 88 88
78 99 99
104 107 107
28 60 60
71 127 127
42 116 116
121 128 121
30 50 50
78 86 78
104 124 104
28 51 28
71 81 71
42 47 42
61 128 128
30 120 30
2 86 86
52 124 124
11 51 51
77 81 81
47 76 47
55 61 61
22 120 120
2 110 2
52 69 52
11 114 11
25 77 77
59 76 76
55 66 55
22 46 22
98 110 110
69 83 69
53 114 114
25 115 25
59 112 59
15 66 66
46 64 46
90 98 98
79 83 83
53 109 53
106 115 115
24 112 112
15 89 15
64 72 64
90 126 90
48 79 79
109 122 109
106 125 106
24 74 24
57 89 89
6 72 72
73 126 126
48 75 48
85 122 122
113 125 125
74 87 74
57 58 57
6 7 6
41 73 73
33 75 75
85 103 85
26 113 113
87 94 87
58 67 58
7 118 7
18 41 41
4 33 33
9 103 103
26 49 26
19 94 94
67 80 67
96 118 118
8 18 18
4 35 4
9 45 9
49 70 49
19 20 19
17 80 80
96 111 96
8 37 8
35 105 35
12 45 45
23 70 70
20 21 20
17 82 17
101 111 111
37 108 37
13 105 105
12 14 12
23 34 23
21 91 21
82 100 82
65 101 101
93 108 108
13 43 13
14 117 14
34 56 34
84 91 91
63 100 100
65 119 65
10 93 93
43 68 43
97 117 117
36 56 56
31 84 84
3 63 63
16 119 119
10 54 10
44 68 68
40 97 97
27 36 36
31 92 31
3 123 3
16 38 16
54 102 54
5 44 44
40 62 40
27 39 27
92 95 92
1 78 1
29 104 29
28 32 32
71 88 88
42 99 99
107 128 107
30 60 60
86 127 127
116 124 116
51 121 121
50 81 50
47 78 78
61 104 104
28 120 28
2 71 71
42 52 42
11 128 128
30 77 30
76 86 86
55 124 124
22 51 51
81 110 81
47 69 47
61 114 61
25 120 120
2 59 2
52 66 52
11 46 11
77 98 77
76 83 76
53 55 55
22 115 22
110 112 110
15 69 69
64 114 114
25 90 25
59 79 59
66 109 66
46 106 46
24 98 98
83 89 83
53 72 53
115 126 115
48 112 112
15 122 15
64 125 64
74 90 90
57 79 79
6 109 109
73 106 106
24 75 24
85 89 89
72 113 72
87 126 126
48 58 48
7 122 122
41 125 125
33 74 74
57 103 57
6 26 6
73 94 73
67 75 75
85 118 85
18 113 113
4 87 87
9 58 58
7 49 7
19 41 41
33 80 33
96 103 103
8 26 26
35 94 94
45 67 67
70 118 118
18 20 18
4 17 4
9 111 9
37 49 49
19 105 19
12 80 80
23 96 96
8 21 8
35 82 35
45 101 45
70 108 70
13 20 20
14 17 17
34 111 111
37 91 37
100 105 105
12 65 12
23 93 23
21 43 21
82 117 82
56 101 101
84 108 108
13 63 13
14 119 14
10 34 34
68 91 91
97 100 100
36 65 65
31 93 93
3 43 43
16 117 117
54 56 56
44 84 84
40 63 63
27 119 119
10 92 10
68 123 68
38 97 97
36 102 36
5 31 31
3 62 3
16 39 16
54 95 54
1 30 1
29 86 29
32 124 32
51 88 88
81 99 99
47 107 107
60 61 60
120 127 127
2 116 116
52 121 121
11 50 50
77 78 78
76 104 104
28 55 28
22 71 71
42 110 42
69 128 128
30 114 30
25 86 86
59 124 124
51 66 51
46 81 81
47 98 47
61 83 61
53 120 120
2 115 2
52 112 52
11 15 11
64 77 77
76 90 76
55 79 55
22 109 22
106 110 110
24 69 69
89 114 114
25 72 25
59 126 59
48 66 66
46 122 46
98 125 98
74 83 83
53 57 53
6 115 115
73 112 112
15 75 15
64 85 64
90 113 90
79 87 79
58 109 109
7 106 106
24 41 24
33 89 89
72 103 72
26 126 126
48 94 48
67 122 122
118 125 125
18 74 74
4 57 57
6 9 6
49 73 73
19 75 75
80 85 85
96 113 113
8 87 87
35 58 58
7 45 7
41 70 41
20 33 33
17 103 103
26 111 26
37 94 94
67 105 67
12 118 118
18 23 18
4 21 4
9 82 9
49 101 49
19 108 19
13 80 80
14 96 96
8 34 8
35 91 35
45 100 45
65 70 70
20 93 20
17 43 17
111 117 111
37 56 37
84 105 105
12 63 12
23 119 23
10 21 21
68 82 82
97 101 101
36 108 108
13 31 13
3 14 14
16 34 34
54 91 91
44 100 100
40 65 65
27 93 93
43 92 43
117 123 117
38 56 56
84 102 84
5 63 63
62 119 119
10 39 10
68 95 68
1 22 1
29 110 29
32 69 32
88 114 88
25 99 99
59 107 107
60 66 60
46 127 127
98 116 116
83 121 121
50 53 50
78 115 78
104 112 104
15 28 28
64 71 71
42 90 42
79 128 128
30 109 30
86 106 86
24 124 124
51 89 51
72 81 81
47 126 47
48 61 61
120 122 120
2 125 2
52 74 52
11 57 11
6 77 77
73 76 76
55 75 55
22 85 22
110 113 110
69 87 69
58 114 114
7 25 25
41 59 59
33 66 66
46 103 46
26 98 98
83 94 83
53 67 53
115 118 115
18 112 112
4 15 15
9 64 64
49 90 90
19 79 79
80 109 109
96 106 106
8 24 24
35 89 89
45 72 72
70 126 126
20 48 48
17 122 122
111 125 125
37 74 74
57 105 57
6 12 6
23 73 73
21 75 75
82 85 85
101 113 113
87 108 87
13 58 58
7 14 7
34 41 41
33 91 33
100 103 103
26 65 26
93 94 94
43 67 67
117 118 118
18 56 18
4 84 4
9 63 9
49 119 49
10 19 19
68 80 80
96 97 96
8 36 8
31 35 35
3 45 45
16 70 70
20 54 20
17 44 17
40 111 111
27 37 37
92 105 105
12 123 12
23 38 23
21 102 21
5 82 82
62 101 101
39 108 108
13 95 13
1 113 1
29 87 29
32 58 32
7 88 88
41 99 99
33 107 107
60 103 60
26 127 127
94 116 116
67 121 121
50 118 50
18 78 78
4 104 104
9 28 28
49 71 71
19 42 42
80 128 128
30 96 30
8 86 86
35 124 124
45 51 51
70 81 81
20 47 47
17 61 61
111 120 120
2 37 2
52 105 52
11 12 11
23 77 77
21 76 76
55 82 55
22 101 22
108 110 110
13 69 69
14 114 114
25 34 25
59 91 59
66 100 66
46 65 46
93 98 98
43 83 83
53 117 53
56 115 115
84 112 112
15 63 15
64 119 64
10 90 90
68 79 79
97 109 109
36 106 106
24 31 24
3 89 89
16 72 72
54 126 126
44 48 48
40 122 122
27 125 125
74 92 74
57 123 57
6 38 6
73 102 73
5 75 75
62 85 85
39 113 113
87 95 87
1 95 1
1 39 1
1 62 1
1 5 1
1 102 1
1 38 1
1 123 1
1 92 1
1 27 1
1 40 1
1 44 1
1 54 1
1 16 1
1 3 1
1 31 1
1 36 1
1 97 1
1 68 1
1 10 1
1 119 1
1 63 1
1 84 1
1 56 1
1 117 1
1 43 1
1 93 1
1 65 1
1 100 1
1 91 1
1 34 1
1 14 1
1 13 1
1 108 1
1 101 1
1 82 1
1 21 1
1 23 1
1 12 1
1 105 1
1 37 1
1 111 1
1 17 1
1 20 1
1 70 1
1 45 1
1 35 1
1 8 1
1 96 1
1 80 1
1 19 1
1 49 1
1 9 1
1 4 1
1 18 1
1 118 1
1 67 1
1 94 1
1 26 1
1 103 1
1 33 1
1 41 1
1 7 1
1 58 1
1 85 1
1 75 1
1 73 1
1 6 1
1 57 1
1 74 1
1 125 1
1 122 1
1 48 1
1 126 1
1 72 1
1 89 1
1 24 1
1 106 1
1 109 1
1 79 1
1 90 1
1 64 1
1 15 1
1 112 1
1 115 1
1 53 1
1 83 1
1 98 1
1 46 1
1 66 1
1 59 1
1 25 1
1 114 1
1 69 1
1 55 1
1 76 1
1 77 1
1 11 1
1 52 1
1 2 1
1 120 1
1 61 1
1 47 1
1 81 1
1 51 1
1 124 1
1 86 1
1 42 1
1 71 1
1 28 1
1 104 1
1 50 1
1 121 1
1 60 1
29 95 29
29 39 29
29 62 29
5 29 29
29 102 29
29 38 29
29 123 29
29 92 29
27 29 29
29 40 29
29 44 29
29 54 29
16 29 29
3 29 29
29 31 29
29 36 29
29 97 29
29 68 29
10 29 29
29 119 29
29 63 29
29 84 29
29 56 29
29 117 29
29 43 29
29 93 29
29 65 29
29 100 29
29 91 29
29 34 29
14 29 29
13 29 29
29 108 29
29 101 29
29 82 29
21 29 29
23 29 29
12 29 29
29 105 29
29 37 29
29 111 29
17 29 29
20 29 29
29 70 29
29 45 29
29 35 29
8 29 29
29 96 29
29 80 29
19 29 29
29 49 29
9 29 29
4 29 29
18 29 29
29 118 29
29 67 29
29 94 29
26 29 29
29 103 29
29 33 29
29 41 29
7 29 29
29 113 29
29 85 29
29 75 29
29 73 29
6 29 29
29 57 29
29 74 29
29 125 29
29 122 29
29 48 29
29 126 29
29 72 29
29 89 29
24 29 29
29 106 29
29 109 29
29 79 29
29 90 29
29 64 29
15 29 29
29 112 29
29 115 29
29 53 29
29 83 29
29 98 29
29 46 29
29 66 29
29 59 29
25 29 29
29 114 29
22 29 29
29 55 29
29 76 29
29 77 29
11 29 29
29 52 29
2 29 29
29 120 29
29 61 29
29 47 29
29 81 29
29 51 29
29 124 29
29 128 29
29 42 29
29 71 29
28 29 29
29 78 29
29 50 29
29 127 29
32 95 32
32 39 32
32 62 32
5 32 32
32 102 32
32 38 32
32 123 32
32 92 32
27 32 32
32 40 32
32 44 32
32 54 32
16 32 32
3 32 32
31 32 32
32 36 32
32 97 32
32 68 32
10 32 32
32 119 32
32 63 32
32 84 32
32 56 32
32 117 32
32 43 32
32 93 32
32 65 32
32 100 32
32 91 32
32 34 32
14 32 32
13 32 32
32 108 32
32 101 32
32 82 32
21 32 32
23 32 32
12 32 32
32 105 32
32 37 32
32 111 32
17 32 32
20 32 32
32 70 32
32 45 32
32 35 32
8 32 32
32 96 32
32 80 32
19 32 32
32 49 32
9 32 32
4 32 32
18 32 32
32 118 32
32 67 32
32 94 32
26 32 32
32 103 32
32 33 32
32 41 32
32 87 32
32 113 32
32 85 32
32 75 32
32 73 32
6 32 32
32 57 32
32 74 32
32 125 32
32 122 32
32 48 32
32 126 32
32 72 32
32 89 32
24 32 32
32 106 32
32 109 32
32 79 32
32 90 32
32 64 32
15 32 32
32 112 32
32 115 32
32 53 32
32 83 32
32 98 32
32 46 32
32 66 32
32 59 32
25 32 32
32 110 32
22 32 32
32 55 32
32 76 32
32 77 32
11 32 32
32 52 32
2 32 32
32 120 32
32 61 32
32 47 32
32 81 32
32 51 32
30 32 32
32 128 32
32 42 32
32 71 32
32 104 32
32 78 32
32 116 32
88 95 88
39 88 88
62 88 88
5 88 88
88 102 88
38 88 88
88 123 88
88 92 88
27 88 88
40 88 88
44 88 88
54 88 88
16 88 88
3 88 88
31 88 88
36 88 88
88 97 88
68 88 88
10 88 88
88 119 88
63 88 88
84 88 88
56 88 88
88 117 88
43 88 88
88 93 88
65 88 88
88 100 88
88 91 88
34 88 88
14 88 88
13 88 88
88 108 88
88 101 88
82 88 88
21 88 88
23 88 88
12 88 88
88 105 88
37 88 88
88 111 88
17 88 88
20 88 88
70 88 88
45 88 88
35 88 88
8 88 88
88 96 88
80 88 88
19 88 88
49 88 88
9 88 88
4 88 88
18 88 88
88 118 88
67 88 88
88 94 88
26 88 88
88 103 88
33 88 88
58 88 88
87 88 88
88 113 88
85 88 88
75 88 88
73 88 88
6 88 88
57 88 88
74 88 88
88 125 88
88 122 88
48 88 88
88 126 88
72 88 88
88 89 88
24 88 88
88 106 88
88 109 88
79 88 88
88 90 88
64 88 88
15 88 88
88 112 88
88 115 88
53 88 88
83 88 88
88 98 88
46 88 88
66 88 88
59 88 88
69 88 88
88 110 88
22 88 88
55 88 88
76 88 88
77 88 88
11 88 88
52 88 88
2 88 88
88 120 88
61 88 88
47 88 88
81 88 88
86 88 88
30 88 88
88 128 88
42 88 88
28 88 88
88 104 88
88 121 88
95 99 99
39 99 99
62 99 99
5 99 99
99 102 99
38 99 99
99 123 99
92 99 99
27 99 99
40 99 99
44 99 99
54 99 99
16 99 99
3 99 99
31 99 99
36 99 99
97 99 99
68 99 99
10 99 99
99 119 99
63 99 99
84 99 99
56 99 99
99 117 99
43 99 99
93 99 99
65 99 99
99 100 99
91 99 99
34 99 99
14 99 99
13 99 99
99 108 99
99 101 99
82 99 99
21 99 99
23 99 99
12 99 99
99 105 99
37 99 99
99 111 99
17 99 99
20 99 99
70 99 99
45 99 99
35 99 99
8 99 99
96 99 99
80 99 99
19 99 99
49 99 99
9 99 99
4 99 99
18 99 99
99 118 99
67 99 99
94 99 99
26 99 99
99 103 99
7 99 99
58 99 99
87 99 99
99 113 99
85 99 99
75 99 99
73 99 99
6 99 99
57 99 99
74 99 99
99 125 99
99 122 99
48 99 99
99 126 99
72 99 99
89 99 99
24 99 99
99 106 99
99 109 99
79 99 99
90 99 99
64 99 99
15 99 99
99 112 99
99 115 99
53 99 99
83 99 99
98 99 99
46 99 99
66 99 99
99 114 99
69 99 99
99 110 99
22 99 99
55 99 99
76 99 99
77 99 99
11 99 99
52 99 99
2 99 99
99 120 99
61 99 99
47 99 99
99 124 99
86 99 99
30 99 99
99 128 99
71 99 99
28 99 99
50 99 99
95 107 107
39 107 107
62 107 107
5 107 107
102 107 107
38 107 107
107 123 107
92 107 107
27 107 107
40 107 107
44 107 107
54 107 107
16 107 107
3 107 107
31 107 107
36 107 107
97 107 107
68 107 107
10 107 107
107 119 107
63 107 107
84 107 107
56 107 107
107 117 107
43 107 107
93 107 107
65 107 107
100 107 107
91 107 107
34 107 107
14 107 107
13 107 107
107 108 107
101 107 107
82 107 107
21 107 107
23 107 107
12 107 107
105 107 107
37 107 107
107 111 107
17 107 107
20 107 107
70 107 107
45 107 107
35 107 107
8 107 107
96 107 107
80 107 107
19 107 107
49 107 107
9 107 107
4 107 107
18 107 107
107 118 107
67 107 107
94 107 107
26 107 107
41 107 107
7 107 107
58 107 107
87 107 107
107 113 107
85 107 107
75 107 107
73 107 107
6 107 107
57 107 107
74 107 107
107 125 107
107 122 107
48 107 107
107 126 107
72 107 107
89 107 107
24 107 107
106 107 107
107 109 107
79 107 107
90 107 107
64 107 107
15 107 107
107 112 107
107 115 107
53 107 107
83 107 107
98 107 107
46 107 107
25 107 107
107 114 107
69 107 107
107 110 107
22 107 107
55 107 107
76 107 107
77 107 107
11 107 107
52 107 107
2 107 107
107 120 107
61 107 107
51 107 107
107 124 107
86 107 107
30 107 107
42 107 107
71 107 107
78 107 107
60 95 60
39 60 60
60 62 60
5 60 60
60 102 60
38 60 60
60 123 60
60 92 60
27 60 60
40 60 60
44 60 60
54 60 60
16 60 60
3 60 60
31 60 60
36 60 60
60 97 60
60 68 60
10 60 60
60 119 60
60 63 60
60 84 60
56 60 60
60 117 60
43 60 60
60 93 60
60 65 60
60 100 60
60 91 60
34 60 60
14 60 60
13 60 60
60 108 60
60 101 60
60 82 60
21 60 60
23 60 60
12 60 60
60 105 60
37 60 60
60 111 60
17 60 60
20 60 60
60 70 60
45 60 60
35 60 60
8 60 60
60 96 60
60 80 60
19 60 60
49 60 60
9 60 60
4 60 60
18 60 60
60 118 60
60 67 60
60 94 60
33 60 60
41 60 60
7 60 60
58 60 60
60 87 60
60 113 60
60 85 60
60 75 60
60 73 60
6 60 60
57 60 60
60 74 60
60 125 60
60 122 60
48 60 60
60 126 60
60 72 60
60 89 60
24 60 60
60 106 60
60 109 60
60 79 60
60 90 60
60 64 60
15 60 60
60 112 60
60 115 60
53 60 60
60 83 60
60 98 60
59 60 60
25 60 60
60 114 60
60 69 60
60 110 60
22 60 60
55 60 60
60 76 60
60 77 60
11 60 60
52 60 60
2 60 60
60 120 60
60 81 60
51 60 60
60 124 60
60 86 60
60 128 60
42 60 60
60 104 60
95 127 127
39 127 127
62 127 127
5 127 127
102 127 127
38 127 127
123 127 127
92 127 127
27 127 127
40 127 127
44 127 127
54 127 127
16 127 127
3 127 127
31 127 127
36 127 127
97 127 127
68 127 127
10 127 127
119 127 127
63 127 127
84 127 127
56 127 127
117 127 127
43 127 127
93 127 127
65 127 127
100 127 127
91 127 127
34 127 127
14 127 127
13 127 127
108 127 127
101 127 127
82 127 127
21 127 127
23 127 127
12 127 127
105 127 127
37 127 127
111 127 127
17 127 127
20 127 127
70 127 127
45 127 127
35 127 127
8 127 127
96 127 127
80 127 127
19 127 127
49 127 127
9 127 127
4 127 127
18 127 127
118 127 127
67 127 127
103 127 127
33 127 127
41 127 127
7 127 127
58 127 127
87 127 127
113 127 127
85 127 127
75 127 127
73 127 127
6 127 127
57 127 127
74 127 127
125 127 127
122 127 127
48 127 127
126 127 127
72 127 127
89 127 127
24 127 127
106 127 127
109 127 127
79 127 127
90 127 127
64 127 127
15 127 127
112 127 127
115 127 127
53 127 127
83 127 127
66 127 127
59 127 127
25 127 127
114 127 127
69 127 127
110 127 127
22 127 127
55 127 127
76 127 127
77 127 127
11 127 127
52 127 127
2 127 127
47 127 127
81 127 127
51 127 127
124 127 127
30 127 127
127 128 127
28 127 127
95 116 116
39 116 116
62 116 116
5 116 116
102 116 116
38 116 116
116 123 116
92 116 116
27 116 116
40 116 116
44 116 116
54 116 116
16 116 116
3 116 116
31 116 116
36 116 116
97 116 116
68 116 116
10 116 116
116 119 116
63 116 116
84 116 116
56 116 116
116 117 116
43 116 116
93 116 116
65 116 116
100 116 116
91 116 116
34 116 116
14 116 116
13 116 116
108 116 116
101 116 116
82 116 116
21 116 116
23 116 116
12 116 116
105 116 116
37 116 116
111 116 116
17 116 116
20 116 116
70 116 116
45 116 116
35 116 116
8 116 116
96 116 116
80 116 116
19 116 116
49 116 116
9 116 116
4 116 116
18 116 116
116 118 116
26 116 116
103 116 116
33 116 116
41 116 116
7 116 116
58 116 116
87 116 116
113 116 116
85 116 116
75 116 116
73 116 116
6 116 116
57 116 116
74 116 116
116 125 116
116 122 116
48 116 116
116 126 116
72 116 116
89 116 116
24 116 116
106 116 116
109 116 116
79 116 116
90 116 116
64 116 116
15 116 116
112 116 116
115 116 116
53 116 116
46 116 116
66 116 116
59 116 116
25 116 116
114 116 116
69 116 116
110 116 116
22 116 116
55 116 116
76 116 116
77 116 116
11 116 116
52 116 116
61 116 116
47 116 116
81 116 116
51 116 116
86 116 116
30 116 116
71 116 116
95 121 121
39 121 121
62 121 121
5 121 121
102 121 121
38 121 121
121 123 121
92 121 121
27 121 121
40 121 121
44 121 121
54 121 121
16 121 121
3 121 121
31 121 121
36 121 121
97 121 121
68 121 121
10 121 121
119 121 121
63 121 121
84 121 121
56 121 121
117 121 121
43 121 121
93 121 121
65 121 121
100 121 121
91 121 121
34 121 121
14 121 121
13 121 121
108 121 121
101 121 121
82 121 121
21 121 121
23 121 121
12 121 121
105 121 121
37 121 121
111 121 121
17 121 121
20 121 121
70 121 121
45 121 121
35 121 121
8 121 121
96 121 121
80 121 121
19 121 121
49 121 121
9 121 121
4 121 121
18 121 121
94 121 121
26 121 121
103 121 121
33 121 121
41 121 121
7 121 121
58 121 121
87 121 121
113 121 121
85 121 121
75 121 121
73 121 121
6 121 121
57 121 121
74 121 121
121 125 121
121 122 121
48 121 121
121 126 121
72 121 121
89 121 121
24 121 121
106 121 121
109 121 121
79 121 121
90 121 121
64 121 121
15 121 121
112 121 121
115 121 121
98 121 121
46 121 121
66 121 121
59 121 121
25 121 121
114 121 121
69 121 121
110 121 121
22 121 121
55 121 121
76 121 121
77 121 121
11 121 121
120 121 121
61 121 121
47 121 121
81 121 121
121 124 121
86 121 121
42 121 121
50 95 50
39 50 50
50 62 50
5 50 50
50 102 50
38 50 50
50 123 50
50 92 50
27 50 50
40 50 50
44 50 50
50 54 50
16 50 50
3 50 50
31 50 50
36 50 50
50 97 50
50 68 50
10 50 50
50 119 50
50 63 50
50 84 50
50 56 50
50 117 50
43 50 50
50 93 50
50 65 50
50 100 50
50 91 50
34 50 50
14 50 50
13 50 50
50 108 50
50 101 50
50 82 50
21 50 50
23 50 50
12 50 50
50 105 50
37 50 50
50 111 50
17 50 50
20 50 50
50 70 50
45 50 50
35 50 50
8 50 50
50 96 50
50 80 50
19 50 50
49 50 50
9 50 50
4 50 50
50 67 50
50 94 50
26 50 50
50 103 50
33 50 50
41 50 50
7 50 50
50 58 50
50 87 50
50 113 50
50 85 50
50 75 50
50 73 50
6 50 50
50 57 50
50 74 50
50 125 50
50 122 50
48 50 50
50 126 50
50 72 50
50 89 50
24 50 50
50 106 50
50 109 50
50 79 50
50 90 50
50 64 50
15 50 50
50 112 50
50 83 50
50 98 50
46 50 50
50 66 50
50 59 50
25 50 50
50 114 50
50 69 50
50 110 50
22 50 50
50 55 50
50 76 50
50 77 50
2 50 50
50 120 50
50 61 50
47 50 50
50 51 50
50 124 50
50 128 50
78 95 78
39 78 78
62 78 78
5 78 78
78 102 78
38 78 78
78 123 78
78 92 78
27 78 78
40 78 78
44 78 78
54 78 78
16 78 78
3 78 78
31 78 78
36 78 78
78 97 78
68 78 78
10 78 78
78 119 78
63 78 78
78 84 78
56 78 78
78 117 78
43 78 78
78 93 78
65 78 78
78 100 78
78 91 78
34 78 78
14 78 78
13 78 78
78 108 78
78 101 78
78 82 78
21 78 78
23 78 78
12 78 78
78 105 78
37 78 78
78 111 78
17 78 78
20 78 78
70 78 78
45 78 78
35 78 78
8 78 78
78 96 78
78 80 78
19 78 78
49 78 78
9 78 78
78 118 78
67 78 78
78 94 78
26 78 78
78 103 78
33 78 78
41 78 78
7 78 78
58 78 78
78 87 78
78 113 78
78 85 78
75 78 78
73 78 78
6 78 78
57 78 78
74 78 78
78 125 78
78 122 78
48 78 78
78 126 78
72 78 78
78 89 78
24 78 78
78 106 78
78 109 78
78 79 78
78 90 78
64 78 78
15 78 78
53 78 78
78 83 78
78 98 78
46 78 78
66 78 78
59 78 78
25 78 78
78 114 78
69 78 78
78 110 78
22 78 78
55 78 78
76 78 78
52 78 78
2 78 78
78 120 78
61 78 78
78 81 78
51 78 78
30 78 78
95 104 104
39 104 104
62 104 104
5 104 104
102 104 104
38 104 104
104 123 104
92 104 104
27 104 104
40 104 104
44 104 104
54 104 104
16 104 104
3 104 104
31 104 104
36 104 104
97 104 104
68 104 104
10 104 104
104 119 104
63 104 104
84 104 104
56 104 104
104 117 104
43 104 104
93 104 104
65 104 104
100 104 104
91 104 104
34 104 104
14 104 104
13 104 104
104 108 104
101 104 104
82 104 104
21 104 104
23 104 104
12 104 104
104 105 104
37 104 104
104 111 104
17 104 104
20 104 104
70 104 104
45 104 104
35 104 104
8 104 104
96 104 104
80 104 104
19 104 104
49 104 104
18 104 104
104 118 104
67 104 104
94 104 104
26 104 104
103 104 104
33 104 104
41 104 104
7 104 104
58 104 104
87 104 104
104 113 104
85 104 104
75 104 104
73 104 104
6 104 104
57 104 104
74 104 104
104 125 104
104 122 104
48 104 104
104 126 104
72 104 104
89 104 104
24 104 104
104 106 104
104 109 104
79 104 104
90 104 104
64 104 104
104 115 104
53 104 104
83 104 104
98 104 104
46 104 104
66 104 104
59 104 104
25 104 104
104 114 104
69 104 104
104 110 104
22 104 104
55 104 104
11 104 104
52 104 104
2 104 104
104 120 104
47 104 104
81 104 104
86 104 104
28 95 28
28 39 28
28 62 28
5 28 28
28 102 28
28 38 28
28 123 28
28 92 28
27 28 28
28 40 28
28 44 28
28 54 28
16 28 28
3 28 28
28 31 28
28 36 28
28 97 28
28 68 28
10 28 28
28 119 28
28 63 28
28 84 28
28 56 28
28 117 28
28 43 28
28 93 28
28 65 28
28 100 28
28 91 28
28 34 28
14 28 28
13 28 28
28 108 28
28 101 28
28 82 28
21 28 28
23 28 28
12 28 28
28 105 28
28 37 28
28 111 28
17 28 28
20 28 28
28 70 28
28 45 28
28 35 28
8 28 28
28 96 28
28 80 28
19 28 28
4 28 28
18 28 28
28 118 28
28 67 28
28 94 28
26 28 28
28 103 28
28 33 28
28 41 28
7 28 28
28 58 28
28 87 28
28 113 28
28 85 28
28 75 28
28 73 28
6 28 28
28 57 28
28 74 28
28 125 28
28 122 28
28 48 28
28 126 28
28 72 28
28 89 28
24 28 28
28 106 28
28 109 28
28 79 28
28 90 28
28 112 28
28 115 28
28 53 28
28 83 28
28 98 28
28 46 28
28 66 28
28 59 28
25 28 28
28 114 28
28 69 28
28 110 28
22 28 28
28 77 28
11 28 28
28 52 28
2 28 28
28 61 28
28 47 28
28 124 28
71 95 71
39 71 71
62 71 71
5 71 71
71 102 71
38 71 71
71 123 71
71 92 71
27 71 71
40 71 71
44 71 71
54 71 71
16 71 71
3 71 71
31 71 71
36 71 71
71 97 71
68 71 71
10 71 71
71 119 71
63 71 71
71 84 71
56 71 71
71 117 71
43 71 71
71 93 71
65 71 71
71 100 71
71 91 71
34 71 71
14 71 71
13 71 71
71 108 71
71 101 71
71 82 71
21 71 71
23 71 71
12 71 71
71 105 71
37 71 71
71 111 71
17 71 71
20 71 71
70 71 71
45 71 71
35 71 71
8 71 71
71 96 71
71 80 71
9 71 71
4 71 71
18 71 71
71 118 71
67 71 71
71 94 71
26 71 71
71 103 71
33 71 71
41 71 71
7 71 71
58 71 71
71 87 71
71 113 71
71 85 71
71 75 71
71 73 71
6 71 71
57 71 71
71 74 71
71 125 71
71 122 71
48 71 71
71 126 71
71 72 71
71 89 71
24 71 71
71 106 71
71 109 71
71 79 71
15 71 71
71 112 71
71 115 71
53 71 71
71 83 71
71 98 71
46 71 71
66 71 71
59 71 71
25 71 71
71 114 71
69 71 71
71 110 71
71 76 71
71 77 71
11 71 71
52 71 71
71 120 71
61 71 71
51 71 71
42 95 42
39 42 42
42 62 42
5 42 42
42 102 42
38 42 42
42 123 42
42 92 42
27 42 42
40 42 42
42 44 42
42 54 42
16 42 42
3 42 42
31 42 42
36 42 42
42 97 42
42 68 42
10 42 42
42 119 42
42 63 42
42 84 42
42 56 42
42 117 42
42 43 42
42 93 42
42 65 42
42 100 42
42 91 42
34 42 42
14 42 42
13 42 42
42 108 42
42 101 42
42 82 42
21 42 42
23 42 42
12 42 42
42 105 42
37 42 42
42 111 42
17 42 42
20 42 42
42 70 42
42 45 42
35 42 42
8 42 42
42 96 42
42 49 42
9 42 42
4 42 42
18 42 42
42 118 42
42 67 42
42 94 42
26 42 42
42 103 42
33 42 42
41 42 42
7 42 42
42 58 42
42 87 42
42 113 42
42 85 42
42 75 42
42 73 42
6 42 42
42 57 42
42 74 42
42 125 42
42 122 42
42 48 42
42 126 42
42 72 42
42 89 42
24 42 42
42 106 42
42 109 42
42 64 42
15 42 42
42 112 42
42 115 42
42 53 42
42 83 42
42 98 42
42 46 42
42 66 42
42 59 42
25 42 42
42 114 42
42 69 42
42 55 42
42 76 42
42 77 42
11 42 42
2 42 42
42 120 42
42 81 42
95 128 128
39 128 128
62 128 128
5 128 128
102 128 128
38 128 128
123 128 128
92 128 128
27 128 128
40 128 128
44 128 128
54 128 128
16 128 128
3 128 128
31 128 128
36 128 128
97 128 128
68 128 128
10 128 128
119 128 128
63 128 128
84 128 128
56 128 128
117 128 128
43 128 128
93 128 128
65 128 128
100 128 128
91 128 128
34 128 128
14 128 128
13 128 128
108 128 128
101 128 128
82 128 128
21 128 128
23 128 128
12 128 128
105 128 128
37 128 128
111 128 128
17 128 128
20 128 128
70 128 128
45 128 128
35 128 128
8 128 128
19 128 128
49 128 128
9 128 128
4 128 128
18 128 128
118 128 128
67 128 128
94 128 128
26 128 128
103 128 128
33 128 128
41 128 128
7 128 128
58 128 128
87 128 128
113 128 128
85 128 128
75 128 128
73 128 128
6 128 128
57 128 128
74 128 128
125 128 128
122 128 128
48 128 128
126 128 128
72 128 128
89 128 128
24 128 128
106 128 128
90 128 128
64 128 128
15 128 128
112 128 128
115 128 128
53 128 128
83 128 128
98 128 128
46 128 128
66 128 128
59 128 128
25 128 128
114 128 128
22 128 128
55 128 128
76 128 128
77 128 128
52 128 128
2 128 128
47 128 128
30 95 30
30 39 30
30 62 30
5 30 30
30 102 30
30 38 30
30 123 30
30 92 30
27 30 30
30 40 30
30 44 30
30 54 30
16 30 30
3 30 30
30 31 30
30 36 30
30 97 30
30 68 30
10 30 30
30 119 30
30 63 30
30 84 30
30 56 30
30 117 30
30 43 30
30 93 30
30 65 30
30 100 30
30 91 30
30 34 30
14 30 30
13 30 30
30 108 30
30 101 30
30 82 30
21 30 30
23 30 30
12 30 30
30 105 30
30 37 30
30 111 30
17 30 30
20 30 30
30 70 30
30 45 30
30 35 30
30 80 30
19 30 30
30 49 30
9 30 30
4 30 30
18 30 30
30 118 30
30 67 30
30 94 30
26 30 30
30 103 30
30 33 30
30 41 30
7 30 30
30 58 30
30 87 30
30 113 30
30 85 30
30 75 30
30 73 30
6 30 30
30 57 30
30 74 30
30 125 30
30 122 30
30 48 30
30 126 30
30 72 30
30 89 30
24 30 30
30 79 30
30 90 30
30 64 30
15 30 30
30 112 30
30 115 30
30 53 30
30 83 30
30 98 30
30 46 30
30 66 30
30 59 30
25 30 30
30 110 30
22 30 30
30 55 30
30 76 30
11 30 30
30 52 30
30 61 30
86 95 86
39 86 86
62 86 86
5 86 86
86 102 86
38 86 86
86 123 86
86 92 86
27 86 86
40 86 86
44 86 86
54 86 86
16 86 86
3 86 86
31 86 86
36 86 86
86 97 86
68 86 86
10 86 86
86 119 86
63 86 86
84 86 86
56 86 86
86 117 86
43 86 86
86 93 86
65 86 86
86 100 86
86 91 86
34 86 86
14 86 86
13 86 86
86 108 86
86 101 86
82 86 86
21 86 86
23 86 86
12 86 86
86 105 86
37 86 86
86 111 86
17 86 86
20 86 86
70 86 86
45 86 86
86 96 86
80 86 86
19 86 86
49 86 86
9 86 86
4 86 86
18 86 86
86 118 86
67 86 86
86 94 86
26 86 86
86 103 86
33 86 86
41 86 86
7 86 86
58 86 86
86 87 86
86 113 86
85 86 86
75 86 86
73 86 86
6 86 86
57 86 86
74 86 86
86 125 86
86 122 86
48 86 86
86 126 86
72 86 86
86 89 86
86 109 86
79 86 86
86 90 86
64 86 86
15 86 86
86 112 86
86 115 86
53 86 86
83 86 86
86 98 86
46 86 86
66 86 86
59 86 86
69 86 86
86 110 86
22 86 86
55 86 86
77 86 86
11 86 86
86 120 86
95 124 124
39 124 124
62 124 124
5 124 124
102 124 124
38 124 124
123 124 124
92 124 124
27 124 124
40 124 124
44 124 124
54 124 124
16 124 124
3 124 124
31 124 124
36 124 124
97 124 124
68 124 124
10 124 124
119 124 124
63 124 124
84 124 124
56 124 124
117 124 124
43 124 124
93 124 124
65 124 124
100 124 124
91 124 124
34 124 124
14 124 124
13 124 124
108 124 124
101 124 124
82 124 124
21 124 124
23 124 124
12 124 124
105 124 124
37 124 124
111 124 124
17 124 124
20 124 124
70 124 124
8 124 124
96 124 124
80 124 124
19 124 124
49 124 124
9 124 124
4 124 124
18 124 124
118 124 124
67 124 124
94 124 124
26 124 124
103 124 124
33 124 124
41 124 124
7 124 124
58 124 124
87 124 124
113 124 124
85 124 124
75 124 124
73 124 124
6 124 124
57 124 124
74 124 124
124 125 124
122 124 124
48 124 124
124 126 124
72 124 124
106 124 124
109 124 124
79 124 124
90 124 124
64 124 124
15 124 124
112 124 124
115 124 124
53 124 124
83 124 124
98 124 124
46 124 124
66 124 124
114 124 124
69 124 124
110 124 124
22 124 124
76 124 124
77 124 124
2 124 124
51 95 51
39 51 51
51 62 51
5 51 51
51 102 51
38 51 51
51 123 51
51 92 51
27 51 51
40 51 51
44 51 51
51 54 51
16 51 51
3 51 51
31 51 51
36 51 51
51 97 51
51 68 51
10 51 51
51 119 51
51 63 51
51 84 51
51 56 51
51 117 51
43 51 51
51 93 51
51 65 51
51 100 51
51 91 51
34 51 51
14 51 51
13 51 51
51 108 51
51 101 51
51 82 51
21 51 51
23 51 51
12 51 51
51 105 51
37 51 51
51 111 51
17 51 51
20 51 51
35 51 51
8 51 51
51 96 51
51 80 51
19 51 51
49 51 51
9 51 51
4 51 51
18 51 51
51 118 51
51 67 51
51 94 51
26 51 51
51 103 51
33 51 51
41 51 51
7 51 51
51 58 51
51 87 51
51 113 51
51 85 51
51 75 51
51 73 51
6 51 51
51 57 51
51 74 51
51 125 51
51 122 51
48 51 51
51 126 51
24 51 51
51 106 51
51 109 51
51 79 51
51 90 51
51 64 51
15 51 51
51 112 51
51 115 51
51 53 51
51 83 51
51 98 51
46 51 51
25 51 51
51 114 51
51 69 51
51 110 51
51 55 51
51 76 51
51 52 51
81 95 81
39 81 81
62 81 81
5 81 81
81 102 81
38 81 81
81 123 81
81 92 81
27 81 81
40 81 81
44 81 81
54 81 81
16 81 81
3 81 81
31 81 81
36 81 81
81 97 81
68 81 81
10 81 81
81 119 81
63 81 81
81 84 81
56 81 81
81 117 81
43 81 81
81 93 81
65 81 81
81 100 81
81 91 81
34 81 81
14 81 81
13 81 81
81 108 81
81 101 81
81 82 81
21 81 81
23 81 81
12 81 81
81 105 81
37 81 81
81 111 81
17 81 81
45 81 81
35 81 81
8 81 81
81 96 81
80 81 81
19 81 81
49 81 81
9 81 81
4 81 81
18 81 81
81 118 81
67 81 81
81 94 81
26 81 81
81 103 81
33 81 81
41 81 81
7 81 81
58 81 81
81 87 81
81 113 81
81 85 81
75 81 81
73 81 81
6 81 81
57 81 81
74 81 81
81 125 81
81 122 81
48 81 81
81 89 81
24 81 81
81 106 81
81 109 81
79 81 81
81 90 81
64 81 81
15 81 81
81 112 81
81 115 81
53 81 81
81 83 81
81 98 81
59 81 81
25 81 81
81 114 81
69 81 81
22 81 81
55 81 81
11 81 81
47 95 47
39 47 47
47 62 47
5 47 47
47 102 47
38 47 47
47 123 47
47 92 47
27 47 47
40 47 47
44 47 47
47 54 47
16 47 47
3 47 47
31 47 47
36 47 47
47 97 47
47 68 47
10 47 47
47 119 47
47 63 47
47 84 47
47 56 47
47 117 47
43 47 47
47 93 47
47 65 47
47 100 47
47 91 47
34 47 47
14 47 47
13 47 47
47 108 47
47 101 47
47 82 47
21 47 47
23 47 47
12 47 47
47 105 47
37 47 47
47 111 47
47 70 47
45 47 47
35 47 47
8 47 47
47 96 47
47 80 47
19 47 47
47 49 47
9 47 47
4 47 47
18 47 47
47 118 47
47 67 47
47 94 47
26 47 47
47 103 47
33 47 47
41 47 47
7 47 47
47 58 47
47 87 47
47 113 47
47 85 47
47 75 47
47 73 47
6 47 47
47 57 47
47 74 47
47 125 47
47 122 47
47 72 47
47 89 47
24 47 47
47 106 47
47 109 47
47 79 47
47 90 47
47 64 47
15 47 47
47 112 47
47 115 47
47 53 47
47 83 47
47 66 47
47 59 47
25 47 47
47 114 47
47 110 47
22 47 47
47 77 47
61 95 61
39 61 61
61 62 61
5 61 61
61 102 61
38 61 61
61 123 61
61 92 61
27 61 61
40 61 61
44 61 61
54 61 61
16 61 61
3 61 61
31 61 61
36 61 61
61 97 61
61 68 61
10 61 61
61 119 61
61 63 61
61 84 61
56 61 61
61 117 61
43 61 61
61 93 61
61 65 61
61 100 61
61 91 61
34 61 61
14 61 61
13 61 61
61 108 61
61 101 61
61 82 61
21 61 61
23 61 61
12 61 61
61 105 61
37 61 61
20 61 61
61 70 61
45 61 61
35 61 61
8 61 61
61 96 61
61 80 61
19 61 61
49 61 61
9 61 61
4 61 61
18 61 61
61 118 61
61 67 61
61 94 61
26 61 61
61 103 61
33 61 61
41 61 61
7 61 61
58 61 61
61 87 61
61 113 61
61 85 61
61 75 61
61 73 61
6 61 61
57 61 61
61 74 61
61 125 61
61 126 61
61 72 61
61 89 61
24 61 61
61 106 61
61 109 61
61 79 61
61 90 61
61 64 61
15 61 61
61 112 61
61 115 61
53 61 61
46 61 61
61 66 61
59 61 61
25 61 61
61 69 61
61 110 61
61 76 61
95 120 120
39 120 120
62 120 120
5 120 120
102 120 120
38 120 120
120 123 120
92 120 120
27 120 120
40 120 120
44 120 120
54 120 120
16 120 120
3 120 120
31 120 120
36 120 120
97 120 120
68 120 120
10 120 120
119 120 120
63 120 120
84 120 120
56 120 120
117 120 120
43 120 120
93 120 120
65 120 120
100 120 120
91 120 120
34 120 120
14 120 120
13 120 120
108 120 120
101 120 120
82 120 120
21 120 120
23 120 120
12 120 120
105 120 120
17 120 120
20 120 120
70 120 120
45 120 120
35 120 120
8 120 120
96 120 120
80 120 120
19 120 120
49 120 120
9 120 120
4 120 120
18 120 120
118 120 120
67 120 120
94 120 120
26 120 120
103 120 120
33 120 120
41 120 120
7 120 120
58 120 120
87 120 120
113 120 120
85 120 120
75 120 120
73 120 120
6 120 120
57 120 120
74 120 120
48 120 120
120 126 120
72 120 120
89 120 120
24 120 120
106 120 120
109 120 120
79 120 120
90 120 120
64 120 120
15 120 120
112 120 120
115 120 120
98 120 120
46 120 120
66 120 120
59 120 120
114 120 120
69 120 120
55 120 120
2 95 2
2 39 2
2 62 2
2 5 2
2 102 2
2 38 2
2 123 2
2 92 2
2 27 2
2 40 2
2 44 2
2 54 2
2 16 2
2 3 2
2 31 2
2 36 2
2 97 2
2 68 2
2 10 2
2 119 2
2 63 2
2 84 2
2 56 2
2 117 2
2 43 2
2 93 2
2 65 2
2 100 2
2 91 2
2 34 2
2 14 2
2 13 2
2 108 2
2 101 2
2 82 2
2 21 2
2 23 2
2 12 2
2 111 2
2 17 2
2 20 2
2 70 2
2 45 2
2 35 2
2 8 2
2 96 2
2 80 2
2 19 2
2 49 2
2 9 2
2 4 2
2 18 2
2 118 2
2 67 2
2 94 2
2 26 2
2 103 2
2 33 2
2 41 2
2 7 2
2 58 2
2 87 2
2 113 2
2 85 2
2 75 2
2 73 2
2 6 2
2 57 2
2 122 2
2 48 2
2 126 2
2 72 2
2 89 2
2 24 2
2 106 2
2 109 2
2 79 2
2 90 2
2 64 2
2 15 2
2 112 2
2 83 2
2 98 2
2 46 2
2 66 2
2 25 2
2 114 2
2 22 2
52 95 52
39 52 52
52 62 52
5 52 52
52 102 52
38 52 52
52 123 52
52 92 52
27 52 52
40 52 52
44 52 52
52 54 52
16 52 52
3 52 52
31 52 52
36 52 52
52 97 52
52 68 52
10 52 52
52 119 52
52 63 52
52 84 52
52 56 52
52 117 52
43 52 52
52 93 52
52 65 52
52 100 52
52 91 52
34 52 52
14 52 52
13 52 52
52 108 52
52 101 52
52 82 52
21 52 52
23 52 52
37 52 52
52 111 52
17 52 52
20 52 52
52 70 52
45 52 52
35 52 52
8 52 52
52 96 52
52 80 52
19 52 52
49 52 52
9 52 52
4 52 52
18 52 52
52 118 52
52 67 52
52 94 52
26 52 52
52 103 52
33 52 52
41 52 52
7 52 52
52 58 52
52 87 52
52 113 52
52 85 52
52 75 52
52 73 52
6 52 52
52 125 52
52 122 52
48 52 52
52 126 52
52 72 52
52 89 52
24 52 52
52 106 52
52 109 52
52 79 52
52 90 52
52 64 52
15 52 52
52 53 52
52 83 52
52 98 52
46 52 52
52 59 52
25 52 52
52 110 52
11 95 11
11 39 11
11 62 11
5 11 11
11 102 11
11 38 11
11 123 11
11 92 11
11 27 11
11 40 11
11 44 11
11 54 11
11 16 11
3 11 11
11 31 11
11 36 11
11 97 11
11 68 11
10 11 11
11 119 11
11 63 11
11 84 11
11 56 11
11 117 11
11 43 11
11 93 11
11 65 11
11 100 11
11 91 11
11 34 11
11 14 11
11 13 11
11 108 11
11 101 11
11 82 11
11 21 11
11 105 11
11 37 11
11 111 11
11 17 11
11 20 11
11 70 11
11 45 11
11 35 11
8 11 11
11 96 11
11 80 11
11 19 11
11 49 11
9 11 11
4 11 11
11 18 11
11 118 11
11 67 11
11 94 11
11 26 11
11 103 11
11 33 11
11 41 11
7 11 11
11 58 11
11 87 11
11 113 11
11 85 11
11 75 11
11 73 11
11 74 11
11 125 11
11 122 11
11 48 11
11 126 11
11 72 11
11 89 11
11 24 11
11 106 11
11 109 11
11 79 11
11 90 11
11 64 11
11 115 11
11 53 11
11 83 11
11 98 11
11 66 11
11 59 11
11 69 11
77 95 77
39 77 77
62 77 77
5 77 77
77 102 77
38 77 77
77 123 77
77 92 77
27 77 77
40 77 77
44 77 77
54 77 77
16 77 77
3 77 77
31 77 77
36 77 77
77 97 77
68 77 77
10 77 77
77 119 77
63 77 77
77 84 77
56 77 77
77 117 77
43 77 77
77 93 77
65 77 77
77 100 77
77 91 77
34 77 77
14 77 77
13 77 77
77 108 77
77 101 77
77 82 77
12 77 77
77 105 77
37 77 77
77 111 77
17 77 77
20 77 77
70 77 77
45 77 77
35 77 77
8 77 77
77 96 77
77 80 77
19 77 77
49 77 77
9 77 77
4 77 77
18 77 77
77 118 77
67 77 77
77 94 77
26 77 77
77 103 77
33 77 77
41 77 77
7 77 77
58 77 77
77 87 77
77 113 77
77 85 77
75 77 77
57 77 77
74 77 77
77 125 77
77 122 77
48 77 77
77 126 77
72 77 77
77 89 77
24 77 77
77 106 77
77 109 77
77 79 77
77 90 77
77 112 77
77 115 77
53 77 77
77 83 77
46 77 77
66 77 77
77 114 77
76 95 76
39 76 76
62 76 76
5 76 76
76 102 76
38 76 76
76 123 76
76 92 76
27 76 76
40 76 76
44 76 76
54 76 76
16 76 76
3 76 76
31 76 76
36 76 76
76 97 76
68 76 76
10 76 76
76 119 76
63 76 76
76 84 76
56 76 76
76 117 76
43 76 76
76 93 76
65 76 76
76 100 76
76 91 76
34 76 76
14 76 76
13 76 76
76 108 76
76 101 76
23 76 76
12 76 76
76 105 76
37 76 76
76 111 76
17 76 76
20 76 76
70 76 76
45 76 76
35 76 76
8 76 76
76 96 76
76 80 76
19 76 76
49 76 76
9 76 76
4 76 76
18 76 76
76 118 76
67 76 76
76 94 76
26 76 76
76 103 76
33 76 76
41 76 76
7 76 76
58 76 76
76 87 76
76 113 76
76 85 76
6 76 76
57 76 76
74 76 76
76 125 76
76 122 76
48 76 76
76 126 76
72 76 76
76 89 76
24 76 76
76 106 76
76 109 76
76 79 76
15 76 76
76 112 76
76 115 76
53 76 76
76 98 76
46 76 76
25 76 76
55 95 55
39 55 55
55 62 55
5 55 55
55 102 55
38 55 55
55 123 55
55 92 55
27 55 55
40 55 55
44 55 55
54 55 55
16 55 55
3 55 55
31 55 55
36 55 55
55 97 55
55 68 55
10 55 55
55 119 55
55 63 55
55 84 55
55 56 55
55 117 55
43 55 55
55 93 55
55 65 55
55 100 55
55 91 55
34 55 55
14 55 55
13 55 55
55 108 55
21 55 55
23 55 55
12 55 55
55 105 55
37 55 55
55 111 55
17 55 55
20 55 55
55 70 55
45 55 55
35 55 55
8 55 55
55 96 55
55 80 55
19 55 55
49 55 55
9 55 55
4 55 55
18 55 55
55 118 55
55 67 55
55 94 55
26 55 55
55 103 55
33 55 55
41 55 55
7 55 55
55 58 55
55 87 55
55 113 55
55 73 55
6 55 55
55 57 55
55 74 55
55 125 55
55 122 55
48 55 55
55 126 55
55 72 55
55 89 55
24 55 55
55 106 55
55 109 55
55 64 55
15 55 55
55 112 55
55 115 55
55 83 55
55 98 55
55 59 55
22 95 22
22 39 22
22 62 22
5 22 22
22 102 22
22 38 22
22 123 22
22 92 22
22 27 22
22 40 22
22 44 22
22 54 22
16 22 22
3 22 22
22 31 22
22 36 22
22 97 22
22 68 22
10 22 22
22 119 22
22 63 22
22 84 22
22 56 22
22 117 22
22 43 22
22 93 22
22 65 22
22 100 22
22 91 22
22 34 22
14 22 22
13 22 22
22 82 22
21 22 22
22 23 22
12 22 22
22 105 22
22 37 22
22 111 22
17 22 22
20 22 22
22 70 22
22 45 22
22 35 22
8 22 22
22 96 22
22 80 22
19 22 22
22 49 22
9 22 22
4 22 22
18 22 22
22 118 22
22 67 22
22 94 22
22 26 22
22 103 22
22 33 22
22 41 22
7 22 22
22 58 22
22 87 22
22 75 22
22 73 22
6 22 22
22 57 22
22 74 22
22 125 22
22 122 22
22 48 22
22 126 22
22 72 22
22 89 22
22 24 22
22 106 22
22 90 22
22 64 22
15 22 22
22 112 22
22 53 22
22 83 22
22 66 22
95 110 110
39 110 110
62 110 110
5 110 110
102 110 110
38 110 110
110 123 110
92 110 110
27 110 110
40 110 110
44 110 110
54 110 110
16 110 110
3 110 110
31 110 110
36 110 110
97 110 110
68 110 110
10 110 110
110 119 110
63 110 110
84 110 110
56 110 110
110 117 110
43 110 110
93 110 110
65 110 110
100 110 110
91 110 110
34 110 110
14 110 110
101 110 110
82 110 110
21 110 110
23 110 110
12 110 110
105 110 110
37 110 110
110 111 110
17 110 110
20 110 110
70 110 110
45 110 110
35 110 110
8 110 110
96 110 110
80 110 110
19 110 110
49 110 110
9 110 110
4 110 110
18 110 110
110 118 110
67 110 110
94 110 110
26 110 110
103 110 110
33 110 110
41 110 110
7 110 110
58 110 110
85 110 110
75 110 110
73 110 110
6 110 110
57 110 110
74 110 110
110 125 110
110 122 110
48 110 110
110 126 110
72 110 110
89 110 110
24 110 110
79 110 110
90 110 110
64 110 110
15 110 110
110 115 110
53 110 110
46 110 110
69 95 69
39 69 69
62 69 69
5 69 69
69 102 69
38 69 69
69 123 69
69 92 69
27 69 69
40 69 69
44 69 69
54 69 69
16 69 69
3 69 69
31 69 69
36 69 69
69 97 69
68 69 69
10 69 69
69 119 69
63 69 69
69 84 69
56 69 69
69 117 69
43 69 69
69 93 69
65 69 69
69 100 69
69 91 69
34 69 69
69 108 69
69 101 69
69 82 69
21 69 69
23 69 69
12 69 69
69 105 69
37 69 69
69 111 69
17 69 69
20 69 69
69 70 69
45 69 69
35 69 69
8 69 69
69 96 69
69 80 69
19 69 69
49 69 69
9 69 69
4 69 69
18 69 69
69 118 69
67 69 69
69 94 69
26 69 69
69 103 69
33 69 69
41 69 69
7 69 69
69 113 69
69 85 69
69 75 69
69 73 69
6 69 69
57 69 69
69 74 69
69 125 69
69 122 69
48 69 69
69 126 69
69 72 69
69 89 69
69 109 69
69 79 69
69 90 69
64 69 69
69 112 69
69 115 69
69 98 69
95 114 114
39 114 114
62 114 114
5 114 114
102 114 114
38 114 114
114 123 114
92 114 114
27 114 114
40 114 114
44 114 114
54 114 114
16 114 114
3 114 114
31 114 114
36 114 114
97 114 114
68 114 114
10 114 114
114 119 114
63 114 114
84 114 114
56 114 114
114 117 114
43 114 114
93 114 114
65 114 114
100 114 114
91 114 114
13 114 114
108 114 114
101 114 114
82 114 114
21 114 114
23 114 114
12 114 114
105 114 114
37 114 114
111 114 114
17 114 114
20 114 114
70 114 114
45 114 114
35 114 114
8 114 114
96 114 114
80 114 114
19 114 114
49 114 114
9 114 114
4 114 114
18 114 114
114 118 114
67 114 114
94 114 114
26 114 114
103 114 114
33 114 114
41 114 114
87 114 114
113 114 114
85 114 114
75 114 114
73 114 114
6 114 114
57 114 114
74 114 114
114 125 114
114 122 114
48 114 114
114 126 114
72 114 114
106 114 114
109 114 114
79 114 114
90 114 114
15 114 114
112 114 114
83 114 114
25 95 25
25 39 25
25 62 25
5 25 25
25 102 25
25 38 25
25 123 25
25 92 25
25 27 25
25 40 25
25 44 25
25 54 25
16 25 25
3 25 25
25 31 25
25 36 25
25 97 25
25 68 25
10 25 25
25 119 25
25 63 25
25 84 25
25 56 25
25 117 25
25 43 25
25 93 25
25 65 25
25 100 25
14 25 25
13 25 25
25 108 25
25 101 25
25 82 25
21 25 25
23 25 25
12 25 25
25 105 25
25 37 25
25 111 25
17 25 25
20 25 25
25 70 25
25 45 25
25 35 25
8 25 25
25 96 25
25 80 25
19 25 25
25 49 25
9 25 25
4 25 25
18 25 25
25 118 25
25 67 25
25 94 25
25 26 25
25 103 25
25 33 25
25 58 25
25 87 25
25 113 25
25 85 25
25 75 25
25 73 25
6 25 25
25 57 25
25 74 25
25 125 25
25 122 25
25 48 25
25 126 25
24 25 25
25 106 25
25 109 25
25 79 25
25 64 25
15 25 25
25 53 25
59 95 59
39 59 59
59 62 59
5 59 59
59 102 59
38 59 59
59 123 59
59 92 59
27 59 59
40 59 59
44 59 59
54 59 59
16 59 59
3 59 59
31 59 59
36 59 59
59 97 59
59 68 59
10 59 59
59 119 59
59 63 59
59 84 59
56 59 59
59 117 59
43 59 59
59 93 59
59 65 59
34 59 59
14 59 59
13 59 59
59 108 59
59 101 59
59 82 59
21 59 59
23 59 59
12 59 59
59 105 59
37 59 59
59 111 59
17 59 59
20 59 59
59 70 59
45 59 59
35 59 59
8 59 59
59 96 59
59 80 59
19 59 59
49 59 59
9 59 59
4 59 59
18 59 59
59 118 59
59 67 59
59 94 59
26 59 59
59 103 59
7 59 59
58 59 59
59 87 59
59 113 59
59 85 59
59 75 59
59 73 59
6 59 59
57 59 59
59 74 59
59 125 59
59 122 59
48 59 59
59 89 59
24 59 59
59 106 59
59 109 59
59 90 59
59 64 59
59 115 59
66 95 66
39 66 66
62 66 66
5 66 66
66 102 66
38 66 66
66 123 66
66 92 66
27 66 66
40 66 66
44 66 66
54 66 66
16 66 66
3 66 66
31 66 66
36 66 66
66 97 66
66 68 66
10 66 66
66 119 66
63 66 66
66 84 66
56 66 66
66 117 66
43 66 66
66 93 66
66 91 66
34 66 66
14 66 66
13 66 66
66 108 66
66 101 66
66 82 66
21 66 66
23 66 66
12 66 66
66 105 66
37 66 66
66 111 66
17 66 66
20 66 66
66 70 66
45 66 66
35 66 66
8 66 66
66 96 66
66 80 66
19 66 66
49 66 66
9 66 66
4 66 66
18 66 66
66 118 66
66 67 66
66 94 66
26 66 66
41 66 66
7 66 66
58 66 66
66 87 66
66 113 66
66 85 66
66 75 66
66 73 66
6 66 66
57 66 66
66 74 66
66 125 66
66 122 66
66 72 66
66 89 66
24 66 66
66 106 66
66 79 66
66 90 66
66 112 66
46 95 46
39 46 46
46 62 46
5 46 46
46 102 46
38 46 46
46 123 46
46 92 46
27 46 46
40 46 46
44 46 46
46 54 46
16 46 46
3 46 46
31 46 46
36 46 46
46 97 46
46 68 46
10 46 46
46 119 46
46 63 46
46 84 46
46 56 46
46 117 46
43 46 46
46 100 46
46 91 46
34 46 46
14 46 46
13 46 46
46 108 46
46 101 46
46 82 46
21 46 46
23 46 46
12 46 46
46 105 46
37 46 46
46 111 46
17 46 46
20 46 46
46 70 46
45 46 46
35 46 46
8 46 46
46 96 46
46 80 46
19 46 46
46 49 46
9 46 46
4 46 46
18 46 46
46 118 46
46 67 46
46 94 46
33 46 46
41 46 46
7 46 46
46 58 46
46 87 46
46 113 46
46 85 46
46 75 46
46 73 46
6 46 46
46 57 46
46 74 46
46 125 46
46 126 46
46 72 46
46 89 46
24 46 46
46 109 46
46 79 46
15 46 46
95 98 98
39 98 98
62 98 98
5 98 98
98 102 98
38 98 98
98 123 98
92 98 98
27 98 98
40 98 98
44 98 98
54 98 98
16 98 98
3 98 98
31 98 98
36 98 98
97 98 98
68 98 98
10 98 98
98 119 98
63 98 98
84 98 98
56 98 98
98 117 98
65 98 98
98 100 98
91 98 98
34 98 98
14 98 98
13 98 98
98 108 98
98 101 98
82 98 98
21 98 98
23 98 98
12 98 98
98 105 98
37 98 98
98 111 98
17 98 98
20 98 98
70 98 98
45 98 98
35 98 98
8 98 98
96 98 98
80 98 98
19 98 98
49 98 98
9 98 98
4 98 98
18 98 98
98 118 98
67 98 98
98 103 98
33 98 98
41 98 98
7 98 98
58 98 98
87 98 98
98 113 98
85 98 98
75 98 98
73 98 98
6 98 98
57 98 98
74 98 98
48 98 98
98 126 98
72 98 98
89 98 98
98 106 98
98 109 98
64 98 98
83 95 83
39 83 83
62 83 83
5 83 83
83 102 83
38 83 83
83 123 83
83 92 83
27 83 83
40 83 83
44 83 83
54 83 83
16 83 83
3 83 83
31 83 83
36 83 83
83 97 83
68 83 83
10 83 83
83 119 83
63 83 83
83 84 83
56 83 83
83 93 83
65 83 83
83 100 83
83 91 83
34 83 83
14 83 83
13 83 83
83 108 83
83 101 83
82 83 83
21 83 83
23 83 83
12 83 83
83 105 83
37 83 83
83 111 83
17 83 83
20 83 83
70 83 83
45 83 83
35 83 83
8 83 83
83 96 83
80 83 83
19 83 83
49 83 83
9 83 83
4 83 83
18 83 83
83 118 83
26 83 83
83 103 83
33 83 83
41 83 83
7 83 83
58 83 83
83 87 83
83 113 83
83 85 83
75 83 83
73 83 83
6 83 83
57 83 83
83 122 83
48 83 83
83 126 83
72 83 83
24 83 83
83 106 83
83 90 83
53 95 53
39 53 53
53 62 53
5 53 53
53 102 53
38 53 53
53 123 53
53 92 53
27 53 53
40 53 53
44 53 53
53 54 53
16 53 53
3 53 53
31 53 53
36 53 53
53 97 53
53 68 53
10 53 53
53 119 53
53 63 53
53 84 53
43 53 53
53 93 53
53 65 53
53 100 53
53 91 53
34 53 53
14 53 53
13 53 53
53 108 53
53 101 53
53 82 53
21 53 53
23 53 53
12 53 53
53 105 53
37 53 53
53 111 53
17 53 53
20 53 53
53 70 53
45 53 53
35 53 53
8 53 53
53 96 53
53 80 53
19 53 53
49 53 53
9 53 53
4 53 53
18 53 53
53 94 53
26 53 53
53 103 53
33 53 53
41 53 53
7 53 53
53 58 53
53 87 53
53 113 53
53 85 53
53 75 53
53 73 53
6 53 53
53 125 53
53 122 53
48 53 53
53 126 53
53 89 53
24 53 53
53 79 53
95 115 115
39 115 115
62 115 115
5 115 115
102 115 115
38 115 115
115 123 115
92 115 115
27 115 115
40 115 115
44 115 115
54 115 115
16 115 115
3 115 115
31 115 115
36 115 115
97 115 115
68 115 115
10 115 115
115 119 115
63 115 115
115 117 115
43 115 115
93 115 115
65 115 115
100 115 115
91 115 115
34 115 115
14 115 115
13 115 115
108 115 115
101 115 115
82 115 115
21 115 115
23 115 115
12 115 115
105 115 115
37 115 115
111 115 115
17 115 115
20 115 115
70 115 115
45 115 115
35 115 115
8 115 115
96 115 115
80 115 115
19 115 115
49 115 115
9 115 115
4 115 115
67 115 115
94 115 115
26 115 115
103 115 115
33 115 115
41 115 115
7 115 115
58 115 115
87 115 115
113 115 115
85 115 115
75 115 115
73 115 115
74 115 115
115 125 115
115 122 115
48 115 115
72 115 115
89 115 115
109 115 115
95 112 112
39 112 112
62 112 112
5 112 112
102 112 112
38 112 112
112 123 112
92 112 112
27 112 112
40 112 112
44 112 112
54 112 112
16 112 112
3 112 112
31 112 112
36 112 112
97 112 112
68 112 112
10 112 112
112 119 112
56 112 112
112 117 112
43 112 112
93 112 112
65 112 112
100 112 112
91 112 112
34 112 112
14 112 112
13 112 112
108 112 112
101 112 112
82 112 112
21 112 112
23 112 112
12 112 112
105 112 112
37 112 112
111 112 112
17 112 112
20 112 112
70 112 112
45 112 112
35 112 112
8 112 112
96 112 112
80 112 112
19 112 112
49 112 112
9 112 112
112 118 112
67 112 112
94 112 112
26 112 112
103 112 112
33 112 112
41 112 112
7 112 112
58 112 112
87 112 112
112 113 112
85 112 112
75 112 112
57 112 112
74 112 112
112 125 112
112 122 112
112 126 112
72 112 112
106 112 112
15 95 15
15 39 15
15 62 15
5 15 15
15 102 15
15 38 15
15 123 15
15 92 15
15 27 15
15 40 15
15 44 15
15 54 15
15 16 15
3 15 15
15 31 15
15 36 15
15 97 15
15 68 15
10 15 15
15 84 15
15 56 15
15 117 15
15 43 15
15 93 15
15 65 15
15 100 15
15 91 15
15 34 15
14 15 15
13 15 15
15 108 15
15 101 15
15 82 15
15 21 15
15 23 15
12 15 15
15 105 15
15 37 15
15 111 15
15 17 15
15 20 15
15 70 15
15 45 15
15 35 15
8 15 15
15 96 15
15 80 15
15 19 15
15 49 15
15 18 15
15 118 15
15 67 15
15 94 15
15 26 15
15 103 15
15 33 15
15 41 15
7 15 15
15 58 15
15 87 15
15 113 15
15 85 15
6 15 15
15 57 15
15 74 15
15 125 15
15 48 15
15 126 15
15 24 15
64 95 64
39 64 64
62 64 64
5 64 64
64 102 64
38 64 64
64 123 64
64 92 64
27 64 64
40 64 64
44 64 64
54 64 64
16 64 64
3 64 64
31 64 64
36 64 64
64 97 64
64 68 64
63 64 64
64 84 64
56 64 64
64 117 64
43 64 64
64 93 64
64 65 64
64 100 64
64 91 64
34 64 64
14 64 64
13 64 64
64 108 64
64 101 64
64 82 64
21 64 64
23 64 64
12 64 64
64 105 64
37 64 64
64 111 64
17 64 64
20 64 64
64 70 64
45 64 64
35 64 64
8 64 64
64 96 64
64 80 64
19 64 64
4 64 64
18 64 64
64 118 64
64 67 64
64 94 64
26 64 64
64 103 64
33 64 64
41 64 64
7 64 64
58 64 64
64 87 64
64 113 64
64 73 64
6 64 64
57 64 64
64 74 64
64 122 64
48 64 64
64 89 64
90 95 90
39 90 90
62 90 90
5 90 90
90 102 90
38 90 90
90 123 90
90 92 90
27 90 90
40 90 90
44 90 90
54 90 90
16 90 90
3 90 90
31 90 90
36 90 90
90 97 90
90 119 90
63 90 90
84 90 90
56 90 90
90 117 90
43 90 90
90 93 90
65 90 90
90 100 90
90 91 90
34 90 90
14 90 90
13 90 90
90 108 90
90 101 90
82 90 90
21 90 90
23 90 90
12 90 90
90 105 90
37 90 90
90 111 90
17 90 90
20 90 90
70 90 90
45 90 90
35 90 90
8 90 90
90 96 90
80 90 90
9 90 90
4 90 90
18 90 90
90 118 90
67 90 90
90 94 90
26 90 90
90 103 90
33 90 90
41 90 90
7 90 90
58 90 90
87 90 90
75 90 90
73 90 90
6 90 90
57 90 90
90 125 90
90 122 90
72 90 90
79 95 79
39 79 79
62 79 79
5 79 79
79 102 79
38 79 79
79 123 79
79 92 79
27 79 79
40 79 79
44 79 79
54 79 79
16 79 79
3 79 79
31 79 79
36 79 79
10 79 79
79 119 79
63 79 79
79 84 79
56 79 79
79 117 79
43 79 79
79 93 79
65 79 79
79 100 79
79 91 79
34 79 79
14 79 79
13 79 79
79 108 79
79 101 79
79 82 79
21 79 79
23 79 79
12 79 79
79 105 79
37 79 79
79 111 79
17 79 79
20 79 79
70 79 79
45 79 79
35 79 79
8 79 79
79 96 79
49 79 79
9 79 79
4 79 79
18 79 79
79 118 79
67 79 79
79 94 79
26 79 79
79 103 79
33 79 79
41 79 79
7 79 79
58 79 79
79 85 79
75 79 79
73 79 79
6 79 79
74 79 79
79 125 79
79 126 79
95 109 109
39 109 109
62 109 109
5 109 109
102 109 109
38 109 109
109 123 109
92 109 109
27 109 109
40 109 109
44 109 109
54 109 109
16 109 109
3 109 109
31 109 109
68 109 109
10 109 109
109 119 109
63 109 109
84 109 109
56 109 109
109 117 109
43 109 109
93 109 109
65 109 109
100 109 109
91 109 109
34 109 109
14 109 109
13 109 109
108 109 109
101 109 109
82 109 109
21 109 109
23 109 109
12 109 109
105 109 109
37 109 109
109 111 109
17 109 109
20 109 109
70 109 109
45 109 109
35 109 109
8 109 109
19 109 109
49 109 109
9 109 109
4 109 109
18 109 109
109 118 109
67 109 109
94 109 109
26 109 109
103 109 109
33 109 109
41 109 109
7 109 109
109 113 109
85 109 109
75 109 109
73 109 109
57 109 109
74 109 109
48 109 109
95 106 106
39 106 106
62 106 106
5 106 106
102 106 106
38 106 106
106 123 106
92 106 106
27 106 106
40 106 106
44 106 106
54 106 106
16 106 106
3 106 106
97 106 106
68 106 106
10 106 106
106 119 106
63 106 106
84 106 106
56 106 106
106 117 106
43 106 106
93 106 106
65 106 106
100 106 106
91 106 106
34 106 106
14 106 106
13 106 106
106 108 106
101 106 106
82 106 106
21 106 106
23 106 106
12 106 106
105 106 106
37 106 106
106 111 106
17 106 106
20 106 106
70 106 106
45 106 106
35 106 106
80 106 106
19 106 106
49 106 106
9 106 106
4 106 106
18 106 106
106 118 106
67 106 106
94 106 106
26 106 106
103 106 106
33 106 106
41 106 106
87 106 106
106 113 106
85 106 106
75 106 106
6 106 106
57 106 106
106 122 106
24 95 24
24 39 24
24 62 24
5 24 24
24 102 24
24 38 24
24 123 24
24 92 24
24 27 24
24 40 24
24 44 24
24 54 24
16 24 24
24 36 24
24 97 24
24 68 24
10 24 24
24 119 24
24 63 24
24 84 24
24 56 24
24 117 24
24 43 24
24 93 24
24 65 24
24 100 24
24 91 24
24 34 24
14 24 24
13 24 24
24 108 24
24 101 24
24 82 24
21 24 24
23 24 24
12 24 24
24 105 24
24 37 24
24 111 24
17 24 24
20 24 24
24 70 24
24 45 24
24 96 24
24 80 24
19 24 24
24 49 24
9 24 24
4 24 24
18 24 24
24 118 24
24 67 24
24 94 24
24 26 24
24 103 24
24 33 24
24 58 24
24 87 24
24 113 24
24 85 24
24 73 24
6 24 24
24 125 24
89 95 89
39 89 89
62 89 89
5 89 89
89 102 89
38 89 89
89 123 89
89 92 89
27 89 89
40 89 89
44 89 89
54 89 89
31 89 89
36 89 89
89 97 89
68 89 89
10 89 89
89 119 89
63 89 89
84 89 89
56 89 89
89 117 89
43 89 89
89 93 89
65 89 89
89 100 89
89 91 89
34 89 89
14 89 89
13 89 89
89 108 89
89 101 89
82 89 89
21 89 89
23 89 89
12 89 89
89 105 89
37 89 89
89 111 89
17 89 89
20 89 89
70 89 89
8 89 89
89 96 89
80 89 89
19 89 89
49 89 89
9 89 89
4 89 89
18 89 89
89 118 89
67 89 89
89 94 89
26 89 89
89 103 89
7 89 89
58 89 89
87 89 89
89 113 89
75 89 89
73 89 89
74 89 89
72 95 72
39 72 72
62 72 72
5 72 72
72 102 72
38 72 72
72 123 72
72 92 72
27 72 72
40 72 72
44 72 72
3 72 72
31 72 72
36 72 72
72 97 72
68 72 72
10 72 72
72 119 72
63 72 72
72 84 72
56 72 72
72 117 72
43 72 72
72 93 72
65 72 72
72 100 72
72 91 72
34 72 72
14 72 72
13 72 72
72 108 72
72 101 72
72 82 72
21 72 72
23 72 72
12 72 72
72 105 72
37 72 72
72 111 72
17 72 72
20 72 72
35 72 72
8 72 72
72 96 72
72 80 72
19 72 72
49 72 72
9 72 72
4 72 72
18 72 72
72 118 72
67 72 72
72 94 72
26 72 72
41 72 72
7 72 72
58 72 72
72 87 72
72 85 72
72 75 72
57 72 72
95 126 126
39 126 126
62 126 126
5 126 126
102 126 126
38 126 126
123 126 126
92 126 126
27 126 126
40 126 126
16 126 126
3 126 126
31 126 126
36 126 126
97 126 126
68 126 126
10 126 126
119 126 126
63 126 126
84 126 126
56 126 126
117 126 126
43 126 126
93 126 126
65 126 126
100 126 126
91 126 126
34 126 126
14 126 126
13 126 126
108 126 126
101 126 126
82 126 126
21 126 126
23 126 126
12 126 126
105 126 126
37 126 126
111 126 126
17 126 126
45 126 126
35 126 126
8 126 126
96 126 126
80 126 126
19 126 126
49 126 126
9 126 126
4 126 126
18 126 126
118 126 126
67 126 126
94 126 126
33 126 126
41 126 126
7 126 126
58 126 126
113 126 126
85 126 126
6 126 126
48 95 48
39 48 48
48 62 48
5 48 48
48 102 48
38 48 48
48 123 48
48 92 48
27 48 48
48 54 48
16 48 48
3 48 48
31 48 48
36 48 48
48 97 48
48 68 48
10 48 48
48 119 48
48 63 48
48 84 48
48 56 48
48 117 48
43 48 48
48 93 48
48 65 48
48 100 48
48 91 48
34 48 48
14 48 48
13 48 48
48 108 48
48 101 48
48 82 48
21 48 48
23 48 48
12 48 48
48 105 48
37 48 48
48 111 48
48 70 48
45 48 48
35 48 48
8 48 48
48 96 48
48 80 48
19 48 48
48 49 48
9 48 48
4 48 48
18 48 48
48 118 48
48 67 48
48 103 48
33 48 48
41 48 48
7 48 48
48 87 48
48 113 48
48 73 48
95 122 122
39 122 122
62 122 122
5 122 122
102 122 122
38 122 122
122 123 122
92 122 122
44 122 122
54 122 122
16 122 122
3 122 122
31 122 122
36 122 122
97 122 122
68 122 122
10 122 122
119 122 122
63 122 122
84 122 122
56 122 122
117 122 122
43 122 122
93 122 122
65 122 122
100 122 122
91 122 122
34 122 122
14 122 122
13 122 122
108 122 122
101 122 122
82 122 122
21 122 122
23 122 122
12 122 122
105 122 122
37 122 122
20 122 122
70 122 122
45 122 122
35 122 122
8 122 122
96 122 122
80 122 122
19 122 122
49 122 122
9 122 122
4 122 122
18 122 122
118 122 122
26 122 122
103 122 122
33 122 122
41 122 122
58 122 122
87 122 122
75 122 122
95 125 125
39 125 125
62 125 125
5 125 125
102 125 125
38 125 125
123 125 125
40 125 125
44 125 125
54 125 125
16 125 125
3 125 125
31 125 125
36 125 125
97 125 125
68 125 125
10 125 125
119 125 125
63 125 125
84 125 125
56 125 125
117 125 125
43 125 125
93 125 125
65 125 125
100 125 125
91 125 125
34 125 125
14 125 125
13 125 125
108 125 125
101 125 125
82 125 125
21 125 125
23 125 125
12 125 125
105 125 125
17 125 125
20 125 125
70 125 125
45 125 125
35 125 125
8 125 125
96 125 125
80 125 125
19 125 125
49 125 125
9 125 125
4 125 125
18 125 125
94 125 125
26 125 125
103 125 125
33 125 125
7 125 125
58 125 125
85 125 125
74 95 74
39 74 74
62 74 74
5 74 74
74 102 74
38 74 74
27 74 74
40 74 74
44 74 74
54 74 74
16 74 74
3 74 74
31 74 74
36 74 74
74 97 74
68 74 74
10 74 74
74 119 74
63 74 74
74 84 74
56 74 74
74 117 74
43 74 74
74 93 74
65 74 74
74 100 74
74 91 74
34 74 74
14 74 74
13 74 74
74 108 74
74 101 74
74 82 74
21 74 74
23 74 74
12 74 74
74 111 74
17 74 74
20 74 74
70 74 74
45 74 74
35 74 74
8 74 74
74 96 74
74 80 74
19 74 74
49 74 74
9 74 74
4 74 74
67 74 74
74 94 74
26 74 74
74 103 74
41 74 74
7 74 74
74 113 74
57 95 57
39 57 57
57 62 57
5 57 57
57 102 57
57 92 57
27 57 57
40 57 57
44 57 57
54 57 57
16 57 57
3 57 57
31 57 57
36 57 57
57 97 57
57 68 57
10 57 57
57 119 57
57 63 57
57 84 57
56 57 57
57 117 57
43 57 57
57 93 57
57 65 57
57 100 57
57 91 57
34 57 57
14 57 57
13 57 57
57 108 57
57 101 57
57 82 57
21 57 57
23 57 57
37 57 57
57 111 57
17 57 57
20 57 57
57 70 57
45 57 57
35 57 57
8 57 57
57 96 57
57 80 57
19 57 57
49 57 57
9 57 57
57 118 57
57 67 57
57 94 57
26 57 57
33 57 57
41 57 57
57 87 57
6 95 6
6 39 6
6 62 6
5 6 6
6 123 6
6 92 6
6 27 6
6 40 6
6 44 6
6 54 6
6 16 6
3 6 6
6 31 6
6 36 6
6 97 6
6 68 6
6 10 6
6 119 6
6 63 6
6 84 6
6 56 6
6 117 6
6 43 6
6 93 6
6 65 6
6 100 6
6 91 6
6 34 6
6 14 6
6 13 6
6 108 6
6 101 6
6 82 6
6 21 6
6 105 6
6 37 6
6 111 6
6 17 6
6 20 6
6 70 6
6 45 6
6 35 6
6 8 6
6 96 6
6 80 6
6 19 6
6 49 6
6 18 6
6 118 6
6 67 6
6 94 6
6 103 6
6 33 6
6 58 6
73 95 73
39 73 73
62 73 73
38 73 73
73 123 73
73 92 73
27 73 73
40 73 73
44 73 73
54 73 73
16 73 73
3 73 73
31 73 73
36 73 73
73 97 73
68 73 73
10 73 73
73 119 73
63 73 73
73 84 73
56 73 73
73 117 73
43 73 73
73 93 73
65 73 73
73 100 73
73 91 73
34 73 73
14 73 73
13 73 73
73 108 73
73 101 73
73 82 73
12 73 73
73 105 73
37 73 73
73 111 73
17 73 73
20 73 73
70 73 73
45 73 73
35 73 73
8 73 73
73 96 73
73 80 73
19 73 73
4 73 73
18 73 73
73 118 73
67 73 73
26 73 73
73 103 73
7 73 73
75 95 75
39 75 75
75 102 75
38 75 75
75 123 75
75 92 75
27 75 75
40 75 75
44 75 75
54 75 75
16 75 75
3 75 75
31 75 75
36 75 75
75 97 75
68 75 75
10 75 75
75 119 75
63 75 75
75 84 75
56 75 75
75 117 75
43 75 75
75 93 75
65 75 75
75 100 75
75 91 75
34 75 75
14 75 75
13 75 75
75 108 75
75 101 75
23 75 75
12 75 75
75 105 75
37 75 75
75 111 75
17 75 75
20 75 75
70 75 75
45 75 75
35 75 75
8 75 75
75 96 75
75 80 75
9 75 75
4 75 75
18 75 75
75 118 75
75 94 75
26 75 75
41 75 75
85 95 85
5 85 85
85 102 85
38 85 85
85 123 85
85 92 85
27 85 85
40 85 85
44 85 85
54 85 85
16 85 85
3 85 85
31 85 85
36 85 85
85 97 85
68 85 85
10 85 85
85 119 85
63 85 85
84 85 85
56 85 85
85 117 85
43 85 85
85 93 85
65 85 85
85 100 85
85 91 85
34 85 85
14 85 85
13 85 85
85 108 85
21 85 85
23 85 85
12 85 85
85 105 85
37 85 85
85 111 85
17 85 85
20 85 85
70 85 85
45 85 85
35 85 85
8 85 85
85 96 85
49 85 85
9 85 85
4 85 85
18 85 85
67 85 85
85 94 85
33 85 85
62 113 113
5 113 113
102 113 113
38 113 113
113 123 113
92 113 113
27 113 113
40 113 113
44 113 113
54 113 113
16 113 113
3 113 113
31 113 113
36 113 113
97 113 113
68 113 113
10 113 113
113 119 113
63 113 113
84 113 113
56 113 113
113 117 113
43 113 113
93 113 113
65 113 113
100 113 113
91 113 113
34 113 113
14 113 113
13 113 113
82 113 113
21 113 113
23 113 113
12 113 113
105 113 113
37 113 113
111 113 113
17 113 113
20 113 113
70 113 113
45 113 113
35 113 113
8 113 113
19 113 113
49 113 113
9 113 113
4 113 113
113 118 113
67 113 113
103 113 113
39 87 87
62 87 87
5 87 87
87 102 87
38 87 87
87 123 87
87 92 87
27 87 87
40 87 87
44 87 87
54 87 87
16 87 87
3 87 87
31 87 87
36 87 87
87 97 87
68 87 87
10 87 87
87 119 87
63 87 87
84 87 87
56 87 87
87 117 87
43 87 87
87 93 87
65 87 87
87 100 87
87 91 87
34 87 87
14 87 87
87 101 87
82 87 87
21 87 87
23 87 87
12 87 87
87 105 87
37 87 87
87 111 87
17 87 87
20 87 87
70 87 87
45 87 87
35 87 87
80 87 87
19 87 87
49 87 87
9 87 87
18 87 87
87 118 87
26 87 87
58 95 58
39 58 58
58 62 58
5 58 58
58 102 58
38 58 58
58 123 58
58 92 58
27 58 58
40 58 58
44 58 58
54 58 58
16 58 58
3 58 58
31 58 58
36 58 58
58 97 58
58 68 58
10 58 58
58 119 58
58 63 58
58 84 58
56 58 58
58 117 58
43 58 58
58 93 58
58 65 58
58 100 58
58 91 58
34 58 58
58 108 58
58 101 58
58 82 58
21 58 58
23 58 58
12 58 58
58 105 58
37 58 58
58 111 58
17 58 58
20 58 58
58 70 58
45 58 58
58 96 58
58 80 58
19 58 58
49 58 58
4 58 58
18 58 58
58 94 58
7 95 7
7 39 7
7 62 7
5 7 7
7 102 7
7 38 7
7 123 7
7 92 7
7 27 7
7 40 7
7 44 7
7 54 7
7 16 7
3 7 7
7 31 7
7 36 7
7 97 7
7 68 7
7 10 7
7 119 7
7 63 7
7 84 7
7 56 7
7 117 7
7 43 7
7 93 7
7 65 7
7 100 7
7 91 7
7 13 7
7 108 7
7 101 7
7 82 7
7 21 7
7 23 7
7 12 7
7 105 7
7 37 7
7 111 7
7 17 7
7 20 7
7 70 7
7 8 7
7 96 7
7 80 7
7 19 7
7 9 7
4 7 7
7 67 7
41 95 41
39 41 41
41 62 41
5 41 41
41 102 41
38 41 41
41 123 41
41 92 41
27 41 41
40 41 41
41 44 41
41 54 41
16 41 41
3 41 41
31 41 41
36 41 41
41 97 41
41 68 41
10 41 41
41 119 41
41 63 41
41 84 41
41 56 41
41 117 41
41 43 41
41 93 41
41 65 41
41 100 41
14 41 41
13 41 41
41 108 41
41 101 41
41 82 41
21 41 41
23 41 41
12 41 41
41 105 41
37 41 41
41 111 41
17 41 41
20 41 41
35 41 41
8 41 41
41 96 41
41 80 41
41 49 41
9 41 41
41 118 41
33 95 33
33 39 33
33 62 33
5 33 33
33 102 33
33 38 33
33 123 33
33 92 33
27 33 33
33 40 33
33 44 33
33 54 33
16 33 33
3 33 33
31 33 33
33 36 33
33 97 33
33 68 33
10 33 33
33 119 33
33 63 33
33 84 33
33 56 33
33 117 33
33 43 33
33 93 33
33 65 33
33 34 33
14 33 33
13 33 33
33 108 33
33 101 33
33 82 33
21 33 33
23 33 33
12 33 33
33 105 33
33 37 33
33 111 33
17 33 33
33 45 33
33 35 33
8 33 33
33 96 33
19 33 33
33 49 33
18 33 33
95 103 103
39 103 103
62 103 103
5 103 103
102 103 103
38 103 103
103 123 103
92 103 103
27 103 103
40 103 103
44 103 103
54 103 103
16 103 103
3 103 103
31 103 103
36 103 103
97 103 103
68 103 103
10 103 103
103 119 103
63 103 103
84 103 103
56 103 103
103 117 103
43 103 103
93 103 103
91 103 103
34 103 103
14 103 103
13 103 103
103 108 103
101 103 103
82 103 103
21 103 103
23 103 103
12 103 103
103 105 103
37 103 103
103 111 103
70 103 103
45 103 103
35 103 103
8 103 103
80 103 103
19 103 103
4 103 103
26 95 26
26 39 26
26 62 26
5 26 26
26 102 26
26 38 26
26 123 26
26 92 26
26 27 26
26 40 26
26 44 26
26 54 26
16 26 26
3 26 26
26 31 26
26 36 26
26 97 26
26 68 26
10 26 26
26 119 26
26 63 26
26 84 26
26 56 26
26 117 26
26 43 26
26 100 26
26 91 26
26 34 26
14 26 26
13 26 26
26 108 26
26 101 26
26 82 26
21 26 26
23 26 26
12 26 26
26 105 26
26 37 26
20 26 26
26 70 26
26 45 26
26 35 26
26 96 26
26 80 26
9 26 26
94 95 94
39 94 94
62 94 94
5 94 94
94 102 94
38 94 94
94 123 94
92 94 94
27 94 94
40 94 94
44 94 94
54 94 94
16 94 94
3 94 94
31 94 94
36 94 94
94 97 94
68 94 94
10 94 94
94 119 94
63 94 94
84 94 94
56 94 94
94 117 94
65 94 94
94 100 94
91 94 94
34 94 94
14 94 94
13 94 94
94 108 94
94 101 94
82 94 94
21 94 94
23 94 94
12 94 94
94 105 94
17 94 94
20 94 94
70 94 94
45 94 94
8 94 94
94 96 94
49 94 94
67 95 67
39 67 67
62 67 67
5 67 67
67 102 67
38 67 67
67 123 67
67 92 67
27 67 67
40 67 67
44 67 67
54 67 67
16 67 67
3 67 67
31 67 67
36 67 67
67 97 67
67 68 67
10 67 67
67 119 67
63 67 67
67 84 67
56 67 67
67 93 67
65 67 67
67 100 67
67 91 67
34 67 67
14 67 67
13 67 67
67 108 67
67 101 67
67 82 67
21 67 67
23 67 67
12 67 67
67 111 67
17 67 67
20 67 67
67 70 67
35 67 67
8 67 67
19 67 67
95 118 118
39 118 118
62 118 118
5 118 118
102 118 118
38 118 118
118 123 118
92 118 118
27 118 118
40 118 118
44 118 118
54 118 118
16 118 118
3 118 118
31 118 118
36 118 118
97 118 118
68 118 118
10 118 118
118 119 118
63 118 118
84 118 118
43 118 118
93 118 118
65 118 118
100 118 118
91 118 118
34 118 118
14 118 118
13 118 118
108 118 118
101 118 118
82 118 118
21 118 118
23 118 118
37 118 118
111 118 118
17 118 118
20 118 118
45 118 118
35 118 118
80 118 118
18 95 18
18 39 18
18 62 18
5 18 18
18 102 18
18 38 18
18 123 18
18 92 18
18 27 18
18 40 18
18 44 18
18 54 18
16 18 18
3 18 18
18 31 18
18 36 18
18 97 18
18 68 18
10 18 18
18 119 18
18 63 18
18 117 18
18 43 18
18 93 18
18 65 18
18 100 18
18 91 18
18 34 18
14 18 18
13 18 18
18 108 18
18 101 18
18 82 18
18 21 18
18 105 18
18 37 18
18 111 18
17 18 18
18 70 18
18 45 18
18 96 18
4 95 4
4 39 4
4 62 4
4 5 4
4 102 4
4 38 4
4 123 4
4 92 4
4 27 4
4 40 4
4 44 4
4 54 4
4 16 4
3 4 4
4 31 4
4 36 4
4 97 4
4 68 4
4 10 4
4 119 4
4 56 4
4 117 4
4 43 4
4 93 4
4 65 4
4 100 4
4 91 4
4 34 4
4 14 4
4 13 4
4 108 4
4 101 4
4 82 4
4 12 4
4 105 4
4 37 4
4 111 4
4 20 4
4 70 4
4 8 4
9 95 9
9 39 9
9 62 9
5 9 9
9 102 9
9 38 9
9 123 9
9 92 9
9 27 9
9 40 9
9 44 9
9 54 9
9 16 9
3 9 9
9 31 9
9 36 9
9 97 9
9 68 9
9 10 9
9 84 9
9 56 9
9 117 9
9 43 9
9 93 9
9 65 9
9 100 9
9 91 9
9 34 9
9 14 9
9 13 9
9 108 9
9 101 9
9 23 9
9 12 9
9 105 9
9 37 9
9 17 9
9 20 9
9 35 9
49 95 49
39 49 49
49 62 49
5 49 49
49 102 49
38 49 49
49 123 49
49 92 49
27 49 49
40 49 49
44 49 49
49 54 49
16 49 49
3 49 49
31 49 49
36 49 49
49 97 49
49 68 49
49 63 49
49 84 49
49 56 49
49 117 49
43 49 49
49 93 49
49 65 49
49 100 49
49 91 49
34 49 49
14 49 49
13 49 49
49 108 49
21 49 49
23 49 49
12 49 49
49 105 49
49 111 49
17 49 49
45 49 49
19 95 19
19 39 19
19 62 19
5 19 19
19 102 19
19 38 19
19 123 19
19 92 19
19 27 19
19 40 19
19 44 19
19 54 19
16 19 19
3 19 19
19 31 19
19 36 19
19 97 19
19 119 19
19 63 19
19 84 19
19 56 19
19 117 19
19 43 19
19 93 19
19 65 19
19 100 19
19 91 19
19 34 19
14 19 19
13 19 19
19 82 19
19 21 19
19 23 19
12 19 19
19 37 19
19 111 19
19 70 19
80 95 80
39 80 80
62 80 80
5 80 80
80 102 80
38 80 80
80 123 80
80 92 80
27 80 80
40 80 80
44 80 80
54 80 80
16 80 80
3 80 80
31 80 80
36 80 80
10 80 80
80 119 80
63 80 80
80 84 80
56 80 80
80 117 80
43 80 80
80 93 80
65 80 80
80 100 80
80 91 80
34 80 80
14 80 80
80 101 80
80 82 80
21 80 80
23 80 80
80 105 80
37 80 80
20 80 80
95 96 96
39 96 96
62 96 96
5 96 96
96 102 96
38 96 96
96 123 96
92 96 96
27 96 96
40 96 96
44 96 96
54 96 96
16 96 96
3 96 96
31 96 96
68 96 96
10 96 96
96 119 96
63 96 96
84 96 96
56 96 96
96 117 96
43 96 96
93 96 96
65 96 96
96 100 96
91 96 96
34 96 96
96 108 96
96 101 96
82 96 96
21 96 96
12 96 96
96 105 96
17 96 96
8 95 8
8 39 8
8 62 8
5 8 8
8 102 8
8 38 8
8 123 8
8 92 8
8 27 8
8 40 8
8 44 8
8 54 8
8 16 8
3 8 8
8 97 8
8 68 8
8 10 8
8 119 8
8 63 8
8 84 8
8 56 8
8 117 8
8 43 8
8 93 8
8 65 8
8 100 8
8 91 8
8 13 8
8 108 8
8 101 8
8 82 8
8 23 8
8 12 8
8 111 8
35 95 35
35 39 35
35 62 35
5 35 35
35 102 35
35 38 35
35 123 35
35 92 35
27 35 35
35 40 35
35 44 35
35 54 35
16 35 35
35 36 35
35 97 35
35 68 35
10 35 35
35 119 35
35 63 35
35 84 35
35 56 35
35 117 35
35 43 35
35 93 35
35 65 35
35 100 35
14 35 35
13 35 35
35 108 35
35 101 35
21 35 35
23 35 35
35 37 35
45 95 45
39 45 45
45 62 45
5 45 45
45 102 45
38 45 45
45 123 45
45 92 45
27 45 45
40 45 45
44 45 45
45 54 45
31 45 45
36 45 45
45 97 45
45 68 45
10 45 45
45 119 45
45 63 45
45 84 45
45 56 45
45 117 45
43 45 45
45 93 45
45 65 45
34 45 45
14 45 45
13 45 45
45 108 45
45 82 45
21 45 45
45 105 45
70 95 70
39 70 70
62 70 70
5 70 70
70 102 70
38 70 70
70 123 70
70 92 70
27 70 70
40 70 70
44 70 70
3 70 70
31 70 70
36 70 70
70 97 70
68 70 70
10 70 70
70 119 70
63 70 70
70 84 70
56 70 70
70 117 70
43 70 70
70 93 70
70 91 70
34 70 70
14 70 70
13 70 70
70 101 70
70 82 70
12 70 70
20 95 20
20 39 20
20 62 20
5 20 20
20 102 20
20 38 20
20 123 20
20 92 20
20 27 20
20 40 20
16 20 20
3 20 20
20 31 20
20 36 20
20 97 20
20 68 20
10 20 20
20 119 20
20 63 20
20 84 20
20 56 20
20 117 20
20 43 20
20 100 20
20 91 20
20 34 20
14 20 20
20 108 20
20 101 20
20 23 20
17 95 17
17 39 17
17 62 17
5 17 17
17 102 17
17 38 17
17 123 17
17 92 17
17 27 17
17 54 17
16 17 17
3 17 17
17 31 17
17 36 17
17 97 17
17 68 17
10 17 17
17 119 17
17 63 17
17 84 17
17 56 17
17 117 17
17 65 17
17 100 17
17 91 17
17 34 17
13 17 17
17 108 17
17 21 17
95 111 111
39 111 111
62 111 111
5 111 111
102 111 111
38 111 111
111 123 111
92 111 111
44 111 111
54 111 111
16 111 111
3 111 111
31 111 111
36 111 111
97 111 111
68 111 111
10 111 111
111 119 111
63 111 111
84 111 111
56 111 111
93 111 111
65 111 111
100 111 111
91 111 111
14 111 111
13 111 111
82 111 111
37 95 37
37 39 37
37 62 37
5 37 37
37 102 37
37 38 37
37 123 37
37 40 37
37 44 37
37 54 37
16 37 37
3 37 37
31 37 37
36 37 37
37 97 37
37 68 37
10 37 37
37 119 37
37 63 37
37 84 37
37 43 37
37 93 37
37 65 37
37 100 37
34 37 37
14 37 37
37 101 37
95 105 105
39 105 105
62 105 105
5 105 105
102 105 105
38 105 105
27 105 105
40 105 105
44 105 105
54 105 105
16 105 105
3 105 105
31 105 105
36 105 105
97 105 105
68 105 105
10 105 105
105 119 105
63 105 105
105 117 105
43 105 105
93 105 105
65 105 105
91 105 105
34 105 105
105 108 105
12 95 12
12 39 12
12 62 12
5 12 12
12 102 12
12 92 12
12 27 12
12 40 12
12 44 12
12 54 12
12 16 12
3 12 12
12 31 12
12 36 12
12 97 12
12 68 12
10 12 12
12 119 12
12 56 12
12 117 12
12 43 12
12 93 12
12 100 12
12 91 12
12 13 12
23 95 23
23 39 23
23 62 23
5 23 23
23 123 23
23 92 23
23 27 23
23 40 23
23 44 23
23 54 23
16 23 23
3 23 23
23 31 23
23 36 23
23 97 23
23 68 23
10 23 23
23 84 23
23 56 23
23 117 23
23 43 23
23 65 23
23 100 23
14 23 23
21 95 21
21 39 21
21 62 21
21 38 21
21 123 21
21 92 21
21 27 21
21 40 21
21 44 21
21 54 21
16 21 21
3 21 21
21 31 21
21 36 21
21 97 21
21 68 21
21 63 21
21 84 21
21 56 21
21 117 21
21 93 21
21 65 21
21 34 21
82 95 82
39 82 82
82 102 82
38 82 82
82 123 82
82 92 82
27 82 82
40 82 82
44 82 82
54 82 82
16 82 82
3 82 82
31 82 82
36 82 82
82 97 82
82 119 82
63 82 82
82 84 82
56 82 82
43 82 82
82 93 82
82 91 82
95 101 101
5 101 101
101 102 101
38 101 101
101 123 101
92 101 101
27 101 101
40 101 101
44 101 101
54 101 101
16 101 101
3 101 101
31 101 101
36 101 101
10 101 101
101 119 101
63 101 101
84 101 101
101 117 101
43 101 101
100 101 101
62 108 108
5 108 108
102 108 108
38 108 108
108 123 108
92 108 108
27 108 108
40 108 108
44 108 108
54 108 108
16 108 108
3 108 108
31 108 108
68 108 108
10 108 108
108 119 108
63 108 108
56 108 108
108 117 108
65 108 108
13 39 13
13 62 13
5 13 13
13 102 13
13 38 13
13 123 13
13 92 13
13 27 13
13 40 13
13 44 13
13 54 13
13 16 13
3 13 13
13 97 13
13 68 13
10 13 13
13 119 13
13 84 13
13 56 13
13 93 13
14 95 14
14 39 14
14 62 14
5 14 14
14 102 14
14 38 14
14 123 14
14 92 14
14 27 14
14 40 14
14 44 14
14 54 14
14 16 14
14 36 14
14 97 14
14 68 14
10 14 14
14 63 14
14 84 14
14 43 14
34 95 34
34 39 34
34 62 34
5 34 34
34 102 34
34 38 34
34 123 34
34 92 34
27 34 34
34 40 34
34 44 34
34 54 34
31 34 34
34 36 34
34 97 34
34 68 34
34 119 34
34 63 34
34 117 34
91 95 91
39 91 91
62 91 91
5 91 91
91 102 91
38 91 91
91 123 91
91 92 91
27 91 91
40 91 91
44 91 91
3 91 91
31 91 91
36 91 91
91 97 91
10 91 91
91 119 91
56 91 91
95 100 100
39 100 100
62 100 100
5 100 100
100 102 100
38 100 100
100 123 100
92 100 100
27 100 100
40 100 100
16 100 100
3 100 100
31 100 100
36 100 100
68 100 100
10 100 100
84 100 100
65 95 65
39 65 65
62 65 65
5 65 65
65 102 65
38 65 65
65 123 65
65 92 65
27 65 65
54 65 65
16 65 65
3 65 65
31 65 65
65 97 65
65 68 65
63 65 65
93 95 93
39 93 93
62 93 93
5 93 93
93 102 93
38 93 93
93 123 93
92 93 93
44 93 93
54 93 93
16 93 93
3 93 93
36 93 93
93 97 93
93 119 93
43 95 43
39 43 43
43 62 43
5 43 43
43 102 43
38 43 43
43 123 43
40 43 43
43 44 43
43 54 43
16 43 43
31 43 43
36 43 43
10 43 43
95 117 117
39 117 117
62 117 117
5 117 117
102 117 117
38 117 117
27 117 117
40 117 117
44 117 117
54 117 117
3 117 117
31 117 117
68 117 117
56 95 56
39 56 56
56 62 56
5 56 56
56 102 56
56 92 56
27 56 56
40 56 56
44 56 56
16 56 56
3 56 56
56 97 56
84 95 84
39 84 84
62 84 84
5 84 84
84 123 84
84 92 84
27 84 84
40 84 84
54 84 84
16 84 84
36 84 84
63 95 63
39 63 63
62 63 63
38 63 63
63 123 63
63 92 63
27 63 63
44 63 63
54 63 63
31 63 63
95 119 119
39 119 119
102 119 119
38 119 119
119 123 119
92 119 119
40 119 119
44 119 119
3 119 119
10 95 10
5 10 10
10 102 10
10 38 10
10 123 10
10 27 10
10 40 10
10 16 10
62 68 68
5 68 68
68 102 68
38 68 68
68 92 68
27 68 68
54 68 68
39 97 97
62 97 97
5 97 97
97 102 97
97 123 97
92 97 97
44 97 97
36 95 36
36 39 36
36 62 36
5 36 36
36 38 36
36 123 36
36 40 36
31 95 31
31 39 31
31 62 31
31 102 31
31 38 31
27 31 31
3 95 3
3 39 3
3 5 3
3 102 3
3 92 3
16 95 16
16 62 16
5 16 16
16 123 16
39 54 54
54 62 54
38 54 54
44 95 44
39 44 44
44 102 44
40 95 40
5 40 40
27 62 27
39 92 92
95 123 123
