64 1690
2 3 1
2 4 1
2 5 1
2 6 1
2 7 1
8 9 2
8 10 2
8 11 2
8 12 2
8 13 2
14 15 8
14 16 8
14 17 8
14 18 8
14 19 8
20 21 14
20 22 14
20 23 14
20 24 14
20 25 14
26 27 20
26 28 20
26 29 20
26 30 20
26 31 20
32 33 26
32 34 26
32 35 26
32 36 26
32 37 26
38 39 32
38 40 32
38 41 32
38 42 32
38 43 32
44 45 38
44 46 38
44 47 38
44 48 38
44 49 38
50 51 44
50 52 44
50 53 44
50 54 44
50 55 44
56 57 50
56 58 50
56 59 50
56 60 50
56 61 50
62 63 56
62 64 56
3 62 1
4 62 1
5 62 1
6 62 1
7 62 1
9 62 2
10 62 2
11 62 2
12 62 2
13 62 2
15 62 8
16 62 8
17 62 8
18 62 8
19 62 8
21 62 14
22 62 14
23 62 14
24 62 14
25 62 14
27 62 20
28 62 20
29 62 20
30 62 20
31 62 20
33 62 26
34 62 26
35 62 26
36 62 26
37 62 26
39 62 32
40 62 32
41 62 32
42 62 32
43 62 32
45 62 38
46 62 38
47 62 38
48 62 38
49 62 38
51 62 44
52 62 44
53 62 44
54 62 44
55 62 44
57 62 50
58 62 50
59 62 50
60 62 50
61 62 50
1 62 1
2 62 2
8 62 8
14 62 14
20 62 20
26 62 26
32 62 32
38 62 38
44 62 44
50 62 50
56 62 56
10 16 2
41 42 32
24 26 14
4 29 1
33 37 26
13 54 2
28 36 20
5 51 1
39 41 32
5 23 1
22 51 14
21 37 14
34 36 26
2 40 2
51 54 44
23 24 14
6 7 1
21 25 14
20 53 20
27 28 20
9 13 2
2 43 2
35 37 26
33 35 26
39 53 32
2 45 2
24 25 14
5 6 1
27 31 20
10 13 2
18 26 8
22 59 14
5 49 1
9 12 2
63 64 56
40 64 32
18 44 8
31 48 20
31 63 20
28 35 20
8 40 8
27 30 20
10 32 2
15 16 8
30 31 20
6 14 1
9 60 2
45 49 38
40 42 32
22 25 14
43 60 32
51 52 44
29 56 20
40 50 32
16 18 8
54 55 44
23 27 14
3 10 1
2 20 2
18 55 8
40 41 32
52 54 44
4 6 1
51 64 44
1 45 1
33 57 26
2 59 2
33 34 26
14 61 14
3 8 1
26 39 26
16 19 8
9 11 2
53 55 44
20 43 20
48 52 38
27 29 20
8 47 8
18 51 8
1 19 1
11 18 2
23 25 14
17 57 8
20 33 20
59 60 50
42 43 32
29 31 20
13 37 2
29 30 20
47 49 38
36 37 26
2 26 2
8 35 8
22 40 14
14 39 14
9 44 2
1 11 1
38 56 38
44 54 44
12 13 2
8 27 8
1 15 1
34 49 26
48 60 38
3 4 1
2 16 2
16 17 8
57 61 50
39 40 32
1 12 1
17 19 8
8 17 8
14 47 14
22 23 14
6 8 1
3 28 1
1 33 1
58 59 50
2 13 2
31 37 20
57 59 50
4 5 1
21 52 14
4 20 1
18 19 8
10 11 2
51 56 44
23 63 14
32 56 32
8 26 8
32 64 32
57 58 50
26 53 26
8 36 8
9 35 2
32 48 32
9 39 2
7 12 1
48 61 38
33 55 26
34 38 26
13 39 2
61 63 50
34 37 26
53 54 44
8 49 8
10 12 2
1 13 1
34 35 26
33 53 26
45 60 38
28 30 20
31 56 20
35 50 26
34 53 26
37 54 26
8 29 8
8 33 8
1 7 1
15 51 8
3 6 1
7 28 1
46 48 38
45 52 38
1 53 1
44 63 44
14 28 14
35 36 26
28 29 20
45 46 38
2 39 2
46 47 38
29 33 20
55 56 44
20 57 20
53 57 44
9 10 2
37 56 26
26 57 26
2 9 2
52 53 44
15 23 8
43 47 32
49 57 38
3 7 1
59 64 50
44 53 44
18 46 8
58 61 50
14 31 14
33 49 26
34 51 26
21 23 14
11 12 2
41 48 32
1 6 1
48 50 38
11 13 2
1 3 1
39 42 32
14 42 14
22 54 14
2 46 2
36 64 26
32 41 32
8 23 8
26 55 26
1 17 1
45 47 38
18 49 8
14 48 14
1 18 1
27 32 20
39 51 32
22 27 14
1 4 1
54 58 44
12 34 2
49 61 38
51 57 44
57 60 50
2 17 2
1 27 1
10 41 2
21 54 14
6 55 1
21 29 14
43 46 32
55 63 44
18 58 8
1 21 1
14 25 14
2 18 2
43 61 32
55 58 44
14 23 14
38 54 38
24 61 14
20 58 20
12 63 2
22 24 14
1 5 1
9 28 2
5 20 1
52 55 44
24 27 14
10 25 2
9 52 2
25 59 14
1 25 1
46 63 38
45 61 38
2 32 2
40 47 32
45 48 38
21 34 14
5 7 1
45 64 38
10 14 2
29 42 20
5 32 1
33 36 26
34 42 26
8 24 8
46 61 38
48 58 38
15 18 8
58 60 50
21 22 14
12 47 2
58 63 50
4 8 1
17 18 8
41 43 32
23 38 14
15 17 8
1 22 1
4 7 1
4 56 1
51 55 44
51 53 44
14 21 14
14 43 14
3 5 1
7 44 1
25 64 14
17 47 8
5 26 1
2 64 2
48 49 38
41 57 32
22 34 14
59 61 50
2 44 2
17 51 8
1 2 1
1 41 1
10 28 2
8 14 8
21 28 14
8 34 8
3 56 1
1 20 1
46 54 38
19 23 8
8 16 8
53 61 44
28 31 20
20 26 20
26 56 26
41 47 32
5 28 1
7 19 1
34 46 26
2 15 2
32 39 32
2 11 2
11 34 2
21 60 14
24 43 14
6 57 1
14 38 14
19 29 8
25 35 14
12 39 2
28 60 20
14 52 14
9 17 2
47 48 38
32 57 32
14 24 14
4 10 1
26 50 26
17 43 8
40 43 32
42 58 32
6 29 1
39 60 32
49 53 38
51 59 44
15 29 8
39 50 32
2 48 2
15 46 8
9 41 2
15 43 8
30 46 20
38 60 38
8 21 8
18 52 8
2 60 2
9 51 2
44 50 44
1 56 1
45 53 38
1 32 1
58 64 50
22 42 14
49 64 38
31 60 20
13 20 2
16 48 8
13 19 2
11 21 2
47 63 38
1 30 1
14 32 14
8 28 8
31 49 20
1 54 1
3 44 1
15 19 8
44 51 44
2 19 2
46 49 38
5 39 1
19 33 8
15 49 8
60 64 50
23 31 14
47 52 38
4 16 1
57 64 50
24 42 14
25 33 14
19 35 8
38 57 38
4 26 1
28 47 20
56 64 56
1 61 1
14 57 14
9 24 2
49 55 38
1 16 1
32 50 32
55 57 44
21 24 14
26 46 26
1 60 1
1 31 1
12 30 2
28 39 20
26 41 26
50 56 50
53 56 44
22 31 14
32 60 32
26 43 26
11 60 2
2 47 2
20 60 20
7 23 1
14 22 14
20 32 20
8 48 8
2 27 2
2 52 2
45 63 38
29 50 20
34 41 26
11 64 2
28 56 20
42 56 32
61 64 50
8 37 8
21 35 14
2 57 2
16 39 8
2 22 2
32 47 32
25 51 14
28 44 20
14 41 14
29 60 20
46 59 38
36 39 26
23 50 14
17 40 8
30 37 20
26 54 26
26 45 26
41 46 32
29 55 20
12 44 2
5 17 1
42 50 32
4 50 1
52 58 44
33 60 26
16 53 8
8 60 8
18 36 8
26 44 26
2 42 2
10 51 2
21 53 14
8 19 8
21 59 14
4 42 1
20 41 20
32 52 32
16 51 8
11 39 2
52 60 44
11 42 2
10 58 2
14 58 14
25 50 14
27 48 20
15 59 8
8 45 8
37 43 26
37 46 26
15 50 8
30 34 20
4 53 1
8 38 8
51 60 44
2 33 2
19 59 8
7 61 1
24 47 14
8 25 8
2 23 2
5 8 1
41 52 32
45 57 38
16 36 8
60 63 50
35 52 26
46 58 38
1 44 1
4 34 1
14 33 14
48 59 38
38 55 38
32 53 32
12 19 2
13 49 2
1 9 1
2 12 2
8 51 8
28 63 20
4 35 1
20 56 20
13 48 2
5 10 1
2 8 2
20 44 20
5 59 1
55 61 44
21 57 14
35 46 26
7 32 1
38 61 38
7 60 1
44 57 44
9 34 2
15 38 8
47 59 38
8 22 8
6 52 1
36 49 26
16 60 8
23 60 14
2 34 2
20 45 20
2 14 2
29 63 20
5 58 1
31 33 20
18 29 8
6 32 1
27 54 20
14 29 14
35 54 26
6 61 1
28 55 20
23 28 14
26 36 26
49 63 38
1 36 1
6 49 1
41 58 32
1 14 1
9 54 2
40 58 32
13 17 2
31 43 20
24 29 14
23 49 14
19 64 8
12 58 2
53 63 44
41 59 32
1 8 1
14 45 14
10 30 2
45 51 38
19 20 8
38 58 38
36 40 26
32 45 32
2 10 2
16 32 8
29 32 20
30 40 20
28 58 20
6 50 1
4 52 1
1 10 1
14 27 14
21 30 14
21 55 14
10 63 2
26 63 26
20 47 20
2 51 2
7 26 1
39 44 32
42 47 32
40 52 32
40 61 32
11 50 2
3 50 1
20 34 20
6 30 1
34 39 26
28 38 20
8 18 8
26 51 26
29 52 20
42 60 32
43 48 32
1 52 1
13 50 2
35 48 26
20 29 20
30 38 20
47 50 38
2 41 2
20 35 20
31 35 20
2 29 2
13 47 2
32 46 32
2 25 2
36 56 26
20 48 20
10 18 2
31 61 20
23 59 14
25 44 14
18 32 8
21 56 14
52 64 44
23 58 14
36 43 26
9 45 2
44 52 44
26 40 26
14 46 14
41 60 32
44 56 44
5 56 1
37 45 26
14 63 14
24 51 14
33 54 26
44 55 44
20 49 20
31 51 20
6 21 1
28 37 20
34 63 26
13 46 2
39 43 32
1 50 1
5 13 1
35 45 26
20 64 20
34 47 26
53 64 44
37 50 26
2 37 2
51 63 44
30 56 20
7 56 1
1 58 1
10 48 2
2 28 2
4 25 1
31 58 20
1 59 1
34 64 26
5 15 1
27 44 20
29 34 20
6 18 1
12 42 2
2 38 2
3 17 1
41 64 32
29 48 20
8 52 8
17 35 8
2 21 2
20 51 20
19 32 8
23 36 14
14 50 14
44 64 44
37 55 26
46 50 38
10 19 2
20 61 20
5 37 1
54 60 44
7 16 1
49 58 38
18 64 8
19 42 8
1 57 1
28 34 20
17 29 8
3 31 1
5 35 1
13 51 2
40 63 32
20 40 20
6 25 1
13 35 2
2 50 2
49 56 38
20 31 20
38 64 38
3 57 1
54 56 44
35 63 26
60 61 50
14 20 14
22 57 14
59 63 50
43 64 32
9 23 2
19 28 8
36 42 26
3 53 1
26 38 26
55 64 44
29 47 20
19 27 8
54 57 44
11 17 2
28 64 20
32 49 32
10 15 2
33 42 26
25 58 14
40 57 32
8 15 8
4 39 1
8 43 8
20 37 20
54 59 44
19 43 8
29 45 20
8 58 8
48 53 38
47 57 38
1 28 1
36 45 26
2 36 2
25 41 14
39 46 32
12 49 2
49 60 38
5 30 1
11 26 2
26 37 26
38 49 38
27 57 20
13 31 2
8 31 8
29 41 20
57 63 50
37 44 26
5 19 1
22 43 14
36 41 26
24 59 14
43 53 32
17 30 8
12 29 2
12 23 2
34 45 26
43 56 32
4 64 1
1 40 1
9 38 2
8 64 8
1 63 1
24 55 14
33 63 26
31 42 20
12 16 2
2 35 2
6 37 1
7 31 1
9 18 2
1 47 1
23 46 14
50 60 50
11 15 2
20 46 20
11 38 2
33 58 26
10 52 2
41 61 32
42 45 32
2 56 2
26 34 26
34 59 26
10 20 2
40 53 32
20 50 20
43 45 32
33 64 26
8 42 8
26 64 26
8 39 8
1 23 1
34 57 26
42 63 32
5 11 1
33 41 26
23 55 14
25 31 14
10 59 2
20 27 20
46 60 38
23 61 14
15 28 8
27 36 20
5 53 1
10 31 2
8 32 8
16 22 8
38 45 38
2 63 2
16 61 8
32 44 32
25 57 14
10 39 2
24 38 14
48 57 38
11 31 2
19 26 8
6 59 1
25 36 14
35 64 26
13 24 2
17 58 8
18 53 8
24 63 14
22 46 14
28 40 20
29 61 20
1 39 1
6 58 1
14 55 14
47 56 38
9 63 2
31 57 20
22 30 14
25 60 14
49 50 38
9 15 2
34 54 26
12 45 2
52 59 44
15 21 8
48 55 38
5 18 1
46 64 38
10 35 2
36 63 26
1 26 1
25 28 14
22 48 14
12 35 2
53 59 44
5 57 1
27 39 20
33 59 26
55 60 44
30 60 20
7 34 1
22 50 14
4 48 1
6 45 1
1 37 1
7 45 1
38 47 38
21 45 14
17 50 8
8 53 8
13 27 2
41 45 32
23 35 14
3 39 1
30 52 20
37 51 26
11 41 2
8 63 8
26 35 26
38 46 38
20 28 20
37 48 26
54 64 44
14 34 14
4 21 1
27 64 20
8 50 8
22 35 14
14 30 14
41 53 32
1 42 1
34 52 26
29 37 20
4 47 1
34 60 26
11 53 2
52 56 44
18 37 8
31 36 20
37 42 26
15 31 8
42 52 32
1 29 1
4 9 1
11 57 2
19 54 8
6 43 1
2 31 2
7 14 1
4 46 1
5 42 1
17 20 8
11 33 2
37 61 26
30 59 20
42 48 32
35 55 26
49 52 38
8 20 8
30 61 20
3 40 1
16 20 8
15 24 8
18 57 8
32 43 32
16 58 8
42 51 32
18 24 8
6 38 1
23 54 14
12 14 2
35 40 26
53 58 44
11 52 2
32 51 32
38 59 38
16 44 8
34 44 26
24 64 14
39 61 32
29 59 20
12 50 2
15 56 8
9 64 2
5 9 1
8 30 8
3 46 1
9 58 2
26 58 26
18 20 8
28 42 20
1 38 1
45 59 38
32 63 32
4 45 1
12 28 2
2 24 2
21 42 14
30 47 20
43 55 32
49 59 38
11 37 2
20 63 20
19 44 8
28 52 20
17 39 8
24 48 14
1 55 1
16 57 8
5 50 1
52 61 44
20 42 20
27 46 20
10 61 2
31 44 20
34 56 26
27 40 20
1 64 1
11 63 2
15 36 8
37 41 26
3 60 1
26 52 26
17 56 8
22 26 14
56 63 56
40 60 32
54 61 44
8 55 8
45 56 38
43 51 32
24 54 14
27 37 20
35 39 26
33 44 26
24 30 14
37 53 26
25 30 14
20 30 20
35 47 26
32 40 32
9 46 2
14 40 14
4 27 1
14 59 14
28 49 20
19 40 8
30 43 20
45 55 38
39 52 32
42 46 32
5 55 1
17 54 8
19 38 8
3 23 1
8 56 8
27 51 20
3 29 1
12 37 2
22 61 14
35 53 26
37 59 26
17 38 8
32 59 32
39 63 32
50 64 50
14 49 14
11 35 2
21 51 14
11 36 2
24 60 14
6 46 1
3 58 1
34 40 26
53 60 44
20 59 20
36 50 26
24 40 14
13 64 2
7 53 1
39 64 32
14 56 14
39 48 32
29 58 20
41 44 32
19 34 8
24 34 14
46 55 38
42 54 32
48 54 38
33 52 26
45 54 38
33 46 26
41 51 32
27 43 20
11 48 2
39 55 32
18 63 8
12 27 2
2 61 2
14 53 14
1 43 1
23 34 14
27 59 20
21 44 14
36 55 26
20 52 20
19 47 8
18 22 8
3 32 1
26 47 26
25 34 14
35 59 26
18 25 8
38 53 38
8 54 8
3 55 1
43 54 32
7 24 1
8 41 8
6 9 1
5 64 1
34 58 26
27 41 20
25 47 14
31 39 20
18 45 8
13 60 2
11 16 2
3 52 1
6 40 1
15 63 8
31 52 20
17 41 8
32 42 32
28 46 20
12 24 2
38 50 38
10 53 2
5 44 1
11 24 2
19 31 8
4 12 1
9 25 2
38 48 38
3 47 1
23 41 14
11 45 2
5 24 1
9 59 2
11 25 2
7 55 1
25 42 14
29 40 20
8 46 8
3 12 1
11 54 2
6 27 1
40 48 32
7 27 1
13 43 2
23 29 14
12 59 2
1 24 1
35 60 26
27 58 20
27 47 20
26 33 26
27 50 20
13 41 2
30 63 20
10 34 2
10 43 2
22 49 14
15 58 8
16 30 8
23 53 14
7 57 1
12 53 2
19 60 8
41 49 32
5 52 1
23 30 14
18 21 8
40 44 32
6 28 1
14 36 14
10 55 2
30 57 20
36 57 26
16 41 8
12 22 2
7 21 1
13 53 2
46 56 38
16 29 8
26 32 26
27 38 20
28 48 20
20 39 20
28 57 20
7 20 1
43 44 32
13 26 2
38 52 38
25 61 14
7 52 1
46 52 38
21 40 14
17 27 8
15 20 8
3 16 1
9 40 2
15 53 8
1 51 1
4 33 1
4 58 1
2 53 2
9 57 2
22 58 14
13 32 2
5 12 1
2 30 2
22 33 14
27 52 20
36 46 26
26 49 26
21 61 14
4 15 1
6 53 1
24 32 14
22 37 14
29 51 20
31 38 20
43 49 32
25 43 14
9 31 2
20 38 20
26 48 26
11 47 2
6 11 1
29 46 20
6 48 1
40 46 32
9 50 2
29 44 20
31 41 20
22 53 14
48 63 38
42 59 32
42 61 32
7 48 1
28 51 20
42 44 32
11 43 2
6 42 1
23 52 14
14 37 14
15 44 8
3 20 1
15 55 8
30 55 20
4 60 1
17 48 8
46 51 38
5 60 1
15 26 8
11 29 2
16 43 8
6 16 1
34 55 26
7 59 1
16 24 8
39 58 32
49 54 38
26 60 26
7 11 1
22 44 14
25 29 14
10 44 2
24 46 14
3 11 1
26 42 26
20 36 20
10 56 2
5 29 1
24 53 14
11 27 2
11 32 2
30 39 20
22 56 14
16 46 8
15 27 8
16 55 8
30 54 20
18 23 8
4 18 1
30 33 20
18 40 8
17 34 8
19 51 8
27 33 20
6 19 1
16 33 8
22 41 14
15 41 8
4 51 1
9 16 2
46 57 38
13 58 2
14 64 14
17 64 8
49 51 38
16 42 8
24 37 14
3 30 1
16 54 8
16 31 8
47 60 38
7 58 1
16 23 8
12 43 2
50 63 50
14 35 14
7 37 1
19 48 8
3 63 1
4 57 1
5 38 1
18 33 8
7 36 1
9 37 2
12 48 2
19 24 8
7 18 1
24 36 14
38 63 38
7 42 1
22 38 14
11 51 2
9 14 2
16 63 8
15 30 8
13 52 2
19 52 8
31 32 20
6 24 1
21 64 14
25 37 14
7 30 1
9 53 2
21 50 14
33 48 26
48 56 38
18 41 8
4 19 1
54 63 44
37 64 26
13 25 2
4 32 1
43 50 32
8 61 8
4 14 1
17 36 8
3 49 1
34 43 26
17 49 8
10 17 2
19 55 8
12 25 2
29 35 20
52 63 44
18 27 8
13 15 2
1 48 1
14 44 14
47 53 38
16 27 8
5 45 1
41 63 32
6 60 1
4 13 1
5 33 1
4 24 1
13 28 2
38 51 38
30 41 20
10 26 2
13 36 2
18 35 8
35 43 26
13 29 2
12 17 2
36 54 26
4 28 1
29 43 20
6 22 1
30 32 20
24 52 14
22 47 14
9 61 2
9 22 2
15 60 8
44 60 44
30 48 20
10 21 2
4 37 1
19 25 8
40 56 32
28 45 20
50 61 50
40 45 32
48 64 38
37 39 26
4 40 1
42 55 32
37 49 26
28 54 20
52 57 44
15 64 8
50 58 50
13 61 2
27 56 20
13 38 2
16 38 8
2 54 2
7 25 1
37 40 26
42 57 32
35 42 26
18 28 8
14 60 14
7 15 1
32 55 32
27 42 20
27 63 20
25 48 14
38 44 38
14 26 14
13 30 2
11 28 2
2 58 2
4 41 1
21 43 14
4 59 1
25 27 14
5 31 1
3 54 1
10 38 2
44 59 44
23 43 14
24 50 14
7 54 1
30 45 20
16 25 8
50 57 50
33 43 26
10 42 2
23 33 14
51 58 44
35 56 26
11 46 2
43 63 32
33 39 26
42 64 32
51 61 44
6 13 1
28 61 20
2 55 2
43 57 32
35 44 26
1 34 1
11 58 2
25 26 14
31 34 20
3 21 1
12 54 2
36 52 26
31 54 20
17 46 8
19 58 8
16 40 8
5 16 1
21 58 14
18 48 8
13 23 2
25 55 14
17 52 8
23 37 14
24 44 14
17 37 8
11 59 2
18 59 8
11 20 2
25 56 14
18 43 8
33 51 26
30 51 20
21 33 14
21 39 14
13 18 2
30 53 20
9 48 2
37 47 26
33 40 26
3 13 1
36 61 26
32 54 32
9 56 2
39 59 32
10 29 2
16 26 8
5 25 1
18 38 8
5 43 1
17 44 8
24 31 14
29 54 20
31 53 20
7 50 1
17 55 8
10 57 2
47 64 38
29 36 20
17 22 8
5 27 1
45 50 38
3 41 1
21 47 14
31 40 20
16 49 8
3 9 1
25 40 14
19 46 8
21 27 14
17 42 8
35 61 26
2 49 2
23 47 14
44 58 44
6 35 1
6 64 1
4 54 1
33 61 26
17 28 8
31 50 20
12 15 2
42 49 32
3 26 1
22 60 14
19 45 8
39 56 32
10 23 2
36 51 26
13 21 2
10 54 2
43 59 32
9 36 2
6 63 1
29 49 20
6 34 1
46 53 38
14 54 14
6 56 1
1 49 1
6 36 1
6 17 1
9 29 2
6 44 1
29 39 20
19 50 8
24 57 14
5 47 1
18 60 8
6 12 1
20 55 20
7 41 1
11 44 2
31 47 20
22 29 14
19 21 8
30 36 20
15 47 8
23 39 14
47 61 38
10 33 2
25 52 14
6 20 1
1 35 1
19 37 8
13 44 2
31 55 20
39 54 32
30 44 20
17 33 8
5 14 1
28 50 20
18 42 8
7 33 1
5 46 1
37 63 26
33 45 26
12 38 2
9 33 2
47 58 38
15 22 8
24 28 14
9 26 2
10 45 2
25 38 14
3 19 1
9 32 2
18 54 8
12 52 2
23 32 14
28 53 20
45 58 38
15 52 8
50 59 50
