256 6710
45 165 1
45 149 212
25 165 120
45 70 42
121 149 78
146 165 13
25 135 47
45 84 34
70 242 151
149 185 160
62 121 139
165 214 224
132 146 227
25 41 213
135 209 92
45 210 247
84 186 220
70 236 27
33 242 6
39 149 10
176 185 203
79 121 111
62 197 83
155 165 192
154 214 9
86 146 28
44 132 2
25 76 104
41 71 118
135 178 93
188 209 152
45 59 80
180 210 219
58 84 138
142 186 156
70 127 157
137 236 256
164 242 231
33 40 23
96 149 19
39 159 102
163 185 95
48 176 166
121 128 140
79 217 134
62 222 57
197 235 204
66 165 199
26 155 251
74 214 182
101 154 21
14 146 112
86 117 90
87 132 143
44 183 246
25 145 211
24 76 18
41 193 43
71 147 254
97 135 67
119 178 103
12 209 37
181 188 105
45 122 239
59 190 113
205 210 253
61 180 49
82 84 196
31 58 91
186 243 110
142 184 244
70 208 173
127 170 32
85 236 240
3 137 187
7 242 16
164 179 36
33 99 223
40 126 249
98 149 55
75 96 15
39 169 53
159 250 141
131 185 218
163 245 136
176 248 109
48 144 201
121 206 38
77 128 230
79 175 50
69 217 161
62 162 81
195 222 114
108 197 64
63 235 171
72 165 115
66 215 51
5 155 189
26 174 167
214 238 116
74 168 133
52 154 89
101 107 46
68 146 198
14 255 20
54 86 106
117 229 30
17 132 234
87 129 228
44 94 65
8 183 202
25 124 150
145 241 60
76 207 172
22 24 11
29 41 4
193 252 194
71 100 200
147 237 233
135 158 88
97 125 148
178 216 123
119 225 56
209 226 73
12 191 35
188 221 177
181 232 153
30 196 1
184 230 212
68 178 120
156 223 42
75 83 78
117 155 13
56 233 47
59 84 34
16 32 151
102 176 160
161 222 139
26 133 224
14 202 227
124 252 213
188 225 92
190 210 247
31 186 220
85 170 27
126 164 6
55 159 10
48 136 203
128 134 111
57 171 83
51 189 192
154 168 9
54 112 28
18 145 104
43 254 118
12 177 152
113 239 80
180 253 219
184 186 156
70 170 157
187 240 256
36 242 231
33 126 23
53 250 102
136 185 95
109 201 166
77 206 140
50 69 134
81 222 57
63 197 204
115 215 199
168 238 182
46 89 21
20 198 112
54 229 90
17 87 143
8 65 246
150 241 211
22 207 18
29 193 43
200 237 254
125 135 67
178 225 103
35 209 37
177 181 105
122 130 239
32 251 1
122 163 212
64 235 204
181 209 152
80 240 42
208 249 151
125 238 120
29 201 1
103 253 1
19 50 78
162 235 83
237 248 1
32 239 42
48 174 1
138 243 220
172 209 47
1 89 1
54 198 28
46 52 21
110 142 156
32 187 27
116 228 13
168 255 13
56 120 120
47 118 47
156 243 156
147 199 120
37 209 37
160 212 212
58 196 138
1 168 1
100 147 254
89 168 9
21 164 1
49 210 219
34 130 34
123 223 1
56 123 103
28 198 28
30 246 227
7 27 151
51 106 13
105 237 47
162 182 1
36 213 1
124 241 211
120 183 120
192 218 1
153 203 1
11 76 18
84 156 220
105 188 105
170 212 212
151 212 212
26 120 120
64 212 212
7 99 6
146 255 112
120 198 120
147 200 254
39 250 102
101 119 120
37 120 120
160 206 78
136 203 203
76 241 104
73 153 152
245 248 203
95 185 95
197 212 212
120 199 120
120 154 120
228 246 2
47 120 120
148 177 92
130 253 247
29 219 1
19 30 1
82 110 220
71 248 1
194 249 1
40 79 212
189 211 120
51 165 199
126 133 1
241 255 120
13 183 13
221 244 1
62 225 1
23 223 23
223 254 1
101 174 224
93 178 93
49 57 212
115 204 1
120 246 120
139 212 212
42 126 42
219 247 247
12 221 152
39 141 102
88 123 93
38 238 1
104 252 213
87 137 1
132 230 1
61 253 219
158 184 1
24 150 104
113 183 1
189 214 224
218 256 212
1 43 1
52 172 120
46 200 120
49 253 219
92 225 92
191 241 47
147 193 118
104 229 120
138 249 42
90 131 1
19 106 1
65 118 120
185 201 203
1 204 1
1 38 1
46 73 120
162 188 1
227 246 227
4 169 1
173 217 212
1 103 1
1 27 1
7 223 6
51 115 199
15 98 19
7 36 231
129 234 143
29 120 120
71 135 47
36 223 6
89 188 120
177 232 105
8 44 246
126 223 23
35 103 92
142 253 34
69 175 134
90 117 90
125 210 1
10 151 212
129 228 228
220 242 42
46 224 224
49 156 34
23 179 6
28 189 13
138 230 212
164 212 212
163 218 95
59 121 212
71 233 254
109 245 203
116 168 182
131 245 95
86 229 90
139 209 1
9 238 9
122 190 80
96 119 1
73 214 120
46 116 9
43 76 213
85 157 27
13 228 13
183 228 2
47 88 47
186 244 156
54 227 227
72 92 120
49 205 219
28 117 28
4 133 120
23 90 1
40 99 23
205 247 247
98 102 10
52 64 1
169 233 1
121 212 212
78 95 78
1 121 1
126 173 151
115 155 192
64 109 78
11 88 47
46 251 224
21 120 120
113 130 80
95 197 78
116 202 13
56 178 103
57 142 212
14 35 120
27 187 27
136 245 136
106 229 90
125 158 67
16 189 1
43 216 47
98 230 78
1 251 1
16 223 6
112 229 28
2 192 13
239 247 247
153 221 105
23 186 42
116 133 182
10 245 160
196 242 42
103 133 120
1 50 1
82 199 1
86 106 106
116 224 224
126 181 1
21 52 21
73 152 152
61 205 219
63 69 139
12 226 37
7 231 231
75 190 212
15 55 19
173 216 1
145 220 1
13 46 13
84 212 212
19 223 212
190 239 80
121 180 212
59 220 34
53 159 102
13 17 13
152 233 47
120 228 120
102 201 160
33 244 42
92 148 92
192 255 13
106 117 90
146 245 1
151 208 151
13 117 13
19 98 19
52 101 21
63 213 1
3 214 1
5 224 224
139 235 139
190 219 247
72 167 192
2 125 120
84 142 220
63 166 78
133 234 13
243 244 156
1 226 1
51 171 1
1 195 1
75 149 19
80 212 212
6 127 151
1 157 1
9 224 224
119 216 103
54 117 90
60 150 211
154 181 120
154 230 1
172 214 120
153 251 120
81 213 1
22 241 104
18 36 1
81 174 1
175 223 212
89 107 21
1 39 1
27 95 212
212 248 212
47 125 47
159 169 102
68 223 1
165 231 1
147 213 213
56 248 1
12 128 1
47 243 1
87 202 2
1 235 1
167 206 1
2 50 1
27 70 27
215 224 224
201 212 212
222 248 78
14 198 112
64 108 64
21 196 1
10 55 10
42 252 1
190 198 1
148 225 93
120 254 120
58 233 1
18 211 104
193 249 1
94 202 246
194 242 1
118 213 213
177 191 152
71 108 1
145 150 211
183 216 120
4 59 1
168 214 182
218 245 95
1 120 1
106 202 227
143 206 1
95 184 212
34 49 34
124 153 47
158 167 120
139 164 212
176 196 212
202 217 1
78 122 212
79 163 78
13 89 13
8 160 1
177 231 1
1 137 1
13 167 13
120 152 120
11 128 1
47 152 47
10 98 10
1 227 1
48 218 203
87 234 143
18 111 1
16 158 1
85 238 1
60 118 213
50 139 139
1 237 1
202 255 227
1 130 1
1 47 1
220 244 220
34 122 34
80 190 80
131 203 203
221 232 105
26 182 224
15 53 10
42 212 212
155 251 251
42 156 42
31 34 34
154 238 9
196 204 212
20 117 28
86 243 1
34 220 34
38 49 212
62 140 139
130 239 239
49 138 34
148 178 93
110 184 156
81 204 83
148 232 92
91 196 138
94 126 1
35 73 37
132 207 120
39 166 160
51 52 224
11 25 104
5 165 192
169 201 160
78 193 1
84 184 220
68 120 120
53 135 1
138 220 220
58 220 220
48 163 203
13 194 120
118 120 120
102 149 10
42 205 42
48 68 1
126 196 42
175 237 1
16 240 151
61 199 1
31 243 220
1 105 1
5 251 251
15 218 160
64 245 78
2 105 120
77 230 230
161 230 111
235 241 1
31 110 220
56 115 120
100 233 254
32 173 157
120 165 120
210 230 212
58 199 1
24 211 104
20 87 227
9 13 13
37 83 1
159 162 78
40 166 212
74 117 13
43 172 213
1 213 1
1 175 1
190 208 42
1 71 1
19 157 212
18 142 1
142 212 212
61 210 219
22 73 47
109 212 212
20 90 28
80 133 1
47 147 47
27 127 27
81 114 57
178 189 120
164 254 1
44 246 246
71 237 254
144 163 203
44 129 2
144 250 160
92 93 92
123 142 1
13 146 13
75 158 1
20 227 227
25 192 120
171 204 204
35 247 1
64 204 204
37 225 92
36 126 6
63 108 204
1 21 1
34 239 34
97 207 47
52 180 1
38 134 111
12 73 37
7 164 231
57 248 78
110 178 1
1 247 1
12 105 152
79 233 1
36 70 151
45 164 42
55 78 78
34 254 1
187 212 212
168 224 224
60 124 211
144 176 166
73 191 37
112 212 1
135 148 67
84 91 138
29 207 213
77 78 78
210 247 247
208 254 1
116 194 120
27 173 27
186 239 34
36 228 1
190 251 1
12 30 120
1 26 1
41 252 43
152 243 1
15 19 19
120 213 120
151 236 151
28 244 1
144 248 166
194 221 47
131 163 95
133 152 120
30 106 90
52 107 21
199 220 1
32 240 27
52 54 13
151 191 1
80 184 34
25 174 120
67 117 120
216 252 47
127 223 151
13 215 13
133 172 120
1 212 1
131 144 203
1 135 1
80 239 80
58 247 34
79 161 134
187 230 212
159 200 1
57 64 83
112 181 120
210 236 42
117 209 120
211 227 120
51 181 120
4 147 118
127 208 157
246 255 227
41 171 1
206 212 212
92 232 92
1 42 1
139 242 212
165 192 192
62 195 57
59 165 1
23 210 42
187 236 256
1 155 1
41 194 43
28 90 28
81 141 78
26 110 1
232 255 120
110 231 42
8 112 227
1 59 1
183 249 1
40 242 6
205 239 247
83 195 83
35 232 152
140 206 140
92 191 92
31 84 138
131 136 95
79 106 1
24 108 1
69 79 134
16 17 1
2 129 2
32 40 151
8 94 246
27 31 42
101 105 120
31 113 34
191 209 37
6 36 6
129 132 143
15 163 160
1 234 1
74 212 1
47 178 47
79 230 111
92 195 1
78 160 78
133 247 1
127 161 212
17 94 2
89 236 1
7 247 42
1 3 1
94 224 13
117 158 120
176 203 203
66 115 199
55 85 212
9 231 1
210 219 219
3 155 1
186 196 220
97 158 67
66 155 192
52 129 13
133 238 182
127 173 157
50 217 134
19 250 10
38 121 38
182 192 224
25 40 1
21 161 1
70 164 151
136 212 212
78 196 212
22 104 104
54 141 1
22 76 18
85 187 256
23 99 23
44 202 246
102 214 1
79 118 1
201 248 166
86 120 120
60 209 47
1 32 1
179 223 6
102 166 160
66 117 13
115 186 1
215 216 120
23 164 6
202 227 227
15 69 78
99 245 212
34 61 34
26 66 192
153 177 105
51 64 1
74 116 182
83 237 1
31 62 212
181 221 105
82 91 138
104 207 104
63 153 1
197 210 212
170 173 157
132 195 1
120 124 120
1 149 1
38 159 78
160 185 160
14 106 28
20 172 120
33 146 1
47 221 47
116 182 182
89 115 224
1 70 1
105 150 47
194 213 213
119 232 92
24 25 104
26 89 224
4 193 43
106 155 13
141 154 1
5 167 251
7 89 1
120 133 120
67 88 67
85 140 212
61 114 212
42 240 42
64 78 78
17 234 234
9 179 1
16 147 1
85 143 1
90 146 28
28 146 28
165 228 13
58 243 220
120 234 120
92 103 92
185 191 1
30 158 120
162 195 57
61 168 1
70 129 1
211 213 213
100 227 120
83 250 78
73 221 152
190 194 1
52 123 120
30 117 30
81 157 212
180 239 247
51 125 120
203 250 160
13 14 13
18 51 120
1 141 1
62 92 1
161 175 134
97 213 47
3 236 256
23 40 23
190 222 212
77 212 212
99 105 1
106 109 1
120 194 120
147 254 254
113 247 247
31 82 138
13 227 13
181 191 152
98 250 10
99 151 151
83 106 1
170 208 157
172 213 213
56 126 1
86 206 1
114 207 1
214 215 224
104 236 1
99 127 151
59 212 212
58 127 42
113 180 247
149 180 212
10 102 10
136 168 1
105 232 105
96 160 160
10 202 1
20 146 112
50 212 212
69 178 1
19 53 10
149 234 1
56 216 103
29 147 118
15 148 1
127 154 1
31 196 138
1 183 1
4 232 47
150 172 104
68 240 1
7 173 151
96 227 1
54 228 227
83 160 78
35 186 1
58 215 1
95 245 95
54 246 227
87 120 120
99 126 23
49 212 212
42 249 42
1 136 1
72 135 120
27 256 27
158 225 93
118 237 118
166 201 166
36 208 151
9 72 224
138 184 220
108 250 78
25 43 213
8 69 1
122 158 1
134 198 1
25 60 211
6 240 151
37 103 92
51 72 199
223 237 1
40 82 42
80 216 1
129 134 1
58 174 1
64 139 139
138 190 34
94 182 13
1 206 1
158 249 1
27 32 27
114 162 57
51 215 51
82 186 220
84 113 34
182 221 120
14 38 1
180 205 219
203 220 212
29 77 1
119 153 92
101 133 9
9 214 9
88 178 93
39 124 1
221 226 152
42 223 42
73 127 1
26 145 120
190 192 1
1 253 1
8 227 227
61 160 212
27 168 1
103 153 92
125 145 47
10 78 78
73 135 92
147 148 47
18 100 213
32 188 1
195 224 1
88 97 67
7 127 151
30 212 1
1 85 1
10 75 10
35 47 47
77 121 140
206 230 140
105 235 1
197 241 1
91 184 220
72 198 13
170 236 27
58 59 34
196 210 34
76 160 1
163 182 1
117 202 227
142 198 1
27 42 42
20 177 120
42 138 42
108 171 204
152 207 47
79 247 212
92 177 92
10 96 10
191 226 37
51 198 13
1 106 1
22 138 1
78 195 78
5 174 251
97 148 148
9 168 9
128 139 139
175 211 1
197 215 1
38 81 139
214 229 13
189 224 224
4 237 118
89 182 9
78 239 212
52 74 9
1 78 1
20 171 1
31 75 212
15 127 212
157 256 27
46 154 21
1 255 1
26 234 13
43 233 118
37 149 1
132 246 2
33 249 23
58 82 138
112 170 1
13 28 13
48 166 166
1 231 1
171 197 204
55 96 19
4 194 43
88 234 120
171 235 171
166 175 78
169 208 212
78 201 78
30 86 90
68 229 28
53 161 78
29 253 1
176 244 212
8 47 120
55 160 160
3 21 1
69 158 1
172 194 213
131 255 1
188 237 47
1 132 1
120 132 120
5 66 192
4 29 4
138 253 34
6 168 1
93 177 92
32 246 1
8 45 1
144 149 160
80 248 212
21 46 21
184 243 156
120 207 120
175 217 134
34 110 34
7 179 231
199 224 224
23 122 42
119 123 103
120 209 120
36 249 6
6 45 42
155 237 120
1 246 1
52 218 1
21 210 1
125 144 1
212 231 212
67 89 120
34 80 34
178 221 92
236 240 240
13 224 13
7 236 151
114 134 139
197 222 83
47 121 1
60 145 60
205 219 219
174 189 251
105 152 152
196 243 220
136 186 212
74 238 182
37 220 1
66 151 1
207 241 104
186 208 42
155 189 189
35 221 152
174 251 251
15 149 19
1 150 1
165 237 120
14 15 1
157 167 1
139 197 139
130 184 34
111 232 1
98 233 1
11 212 1
2 172 120
1 20 1
211 212 1
32 70 157
136 151 212
59 255 1
202 209 120
112 128 1
71 190 1
185 246 1
34 103 1
12 116 120
137 208 27
63 81 83
41 99 1
12 107 120
46 122 1
118 167 120
142 151 42
119 174 120
149 159 10
19 208 212
42 82 42
54 216 120
70 93 1
61 121 212
34 172 1
53 160 160
75 212 212
48 212 212
201 221 1
2 87 2
1 256 1
25 225 47
68 220 1
15 233 1
36 166 212
61 99 42
78 190 212
153 172 47
16 51 1
48 70 212
61 100 1
117 227 227
215 234 13
110 244 156
49 59 247
7 158 1
63 78 78
154 246 13
2 240 1
51 213 120
190 252 1
93 123 93
217 225 1
55 234 1
27 201 212
155 167 251
81 83 83
163 219 212
152 209 152
188 232 105
5 189 189
54 120 120
141 169 102
75 156 212
151 223 151
127 249 151
66 167 192
6 15 212
156 180 34
16 151 151
1 29 1
143 186 1
75 159 10
133 224 224
136 241 1
10 111 78
129 232 120
111 217 111
99 236 151
1 57 1
26 51 192
5 192 192
94 157 1
105 171 1
50 251 1
34 50 212
169 236 212
107 189 224
175 212 212
1 129 1
144 201 201
13 198 13
46 106 13
60 250 1
89 214 9
11 241 104
227 234 227
3 212 212
121 217 111
60 172 104
6 151 151
79 108 139
1 242 1
1 151 1
42 70 42
91 199 1
37 47 47
32 85 27
65 129 2
204 233 1
213 252 213
25 156 1
118 254 118
1 107 1
55 239 212
55 75 19
59 210 247
187 255 1
94 227 227
45 113 80
94 183 246
146 256 1
1 160 1
4 119 47
223 242 6
176 217 78
1 179 1
1 203 1
85 185 212
7 215 1
126 151 151
238 246 13
42 233 1
48 248 166
45 74 1
52 234 13
1 161 1
9 181 120
48 187 212
79 96 78
44 125 120
1 10 1
22 71 213
101 129 13
66 199 199
90 158 120
39 53 53
76 215 120
92 238 120
84 138 138
62 139 139
163 222 78
42 197 212
26 189 251
197 238 1
102 137 212
7 251 1
120 241 120
194 256 1
59 130 80
21 224 224
185 253 212
182 186 1
93 200 47
30 122 1
67 178 93
122 154 1
14 214 13
66 144 1
105 133 120
59 247 247
38 161 111
112 197 1
178 246 120
5 238 224
19 49 212
14 229 28
186 245 212
233 252 118
56 98 1
70 229 1
26 102 1
8 107 13
87 195 1
60 252 213
47 53 1
16 87 1
106 177 120
159 210 212
228 229 227
81 235 83
231 256 151
67 221 92
57 179 212
155 215 192
84 125 1
161 212 212
66 189 192
135 203 1
1 201 1
88 125 67
212 223 212
155 174 251
40 52 1
145 213 213
11 120 120
102 234 1
13 189 13
1 191 1
55 101 1
67 128 1
117 136 1
169 218 160
42 208 42
179 232 1
67 148 67
70 137 27
38 128 140
68 131 1
125 133 120
94 107 13
47 237 47
184 207 1
147 151 1
228 234 143
208 212 212
145 211 211
81 164 212
103 125 93
140 217 111
57 235 83
82 87 1
81 195 57
109 131 203
187 250 212
42 45 42
55 123 1
17 208 1
32 55 212
1 138 1
160 199 1
111 139 139
1 115 1
136 166 203
84 255 1
3 156 42
10 162 78
6 37 1
72 126 1
153 188 105
5 51 192
1 51 1
72 241 120
83 235 83
21 246 13
35 120 120
53 198 1
13 221 120
79 152 1
99 122 42
116 238 116
223 228 1
60 233 213
66 191 120
53 141 102
44 78 1
109 144 166
107 244 1
117 139 1
42 154 1
46 250 1
57 134 139
226 255 120
96 245 160
46 133 9
175 226 1
43 207 213
90 255 28
63 212 212
106 179 1
122 180 247
35 173 1
137 254 1
38 95 78
20 142 1
94 132 2
204 217 139
164 186 42
16 179 231
169 199 1
6 179 6
252 254 118
21 78 1
62 65 1
93 248 1
165 215 199
164 233 1
63 111 139
1 188 1
12 163 1
23 42 42
201 236 212
32 33 151
83 217 139
71 249 1
185 194 1
58 244 220
83 163 78
142 243 156
98 128 78
107 230 1
69 160 78
13 135 120
26 74 224
166 220 212
52 168 9
66 72 199
79 85 212
7 16 16
144 173 212
13 120 120
34 228 1
22 172 18
51 167 192
122 160 212
30 57 1
121 230 140
161 220 212
108 210 212
160 201 160
22 199 120
200 230 1
131 218 218
18 241 104
52 106 13
135 170 1
27 246 1
19 102 10
192 244 1
81 109 78
47 145 47
149 218 160
17 246 2
17 51 13
152 164 1
14 239 1
117 127 1
100 137 1
75 245 160
113 184 34
193 203 1
171 185 78
106 120 120
129 143 143
47 213 47
148 216 93
153 197 1
5 19 1
85 115 1
104 216 47
112 146 112
212 239 212
48 102 160
73 232 152
203 204 78
75 78 78
123 226 92
175 206 111
41 101 120
22 203 1
160 230 78
69 128 111
99 227 1
2 17 2
55 218 160
1 7 1
126 236 151
66 239 1
113 151 42
91 224 1
29 58 1
99 154 1
28 31 1
83 142 212
6 39 212
85 127 27
82 212 212
68 94 227
30 112 28
25 146 120
47 100 47
164 239 42
72 122 1
80 86 1
199 251 192
33 219 42
1 23 1
2 209 120
64 171 204
90 198 28
100 124 213
50 123 1
17 129 143
18 207 18
75 174 1
65 202 246
137 140 212
58 184 220
24 104 104
67 161 1
27 174 1
152 174 120
93 97 93
96 142 212
112 189 13
137 187 187
46 182 9
89 189 224
13 132 13
67 216 93
91 220 220
22 145 104
3 227 1
46 239 1
68 255 112
76 213 213
237 252 118
114 144 78
107 112 13
3 173 27
216 226 92
101 116 9
159 225 1
20 54 28
1 153 1
206 253 212
31 71 1
3 204 212
100 203 1
4 9 120
77 179 212
42 113 42
166 212 212
93 223 1
1 214 1
78 235 78
120 153 120
202 232 120
18 24 18
202 246 246
58 142 220
59 122 80
100 176 1
2 43 120
123 177 92
102 160 160
19 39 10
188 255 120
19 97 1
130 159 212
82 227 1
34 247 34
73 178 92
106 227 227
8 192 13
169 254 1
20 26 13
44 228 2
34 113 34
131 248 203
11 127 1
74 120 120
113 137 42
86 210 1
1 75 1
84 234 1
97 216 93
212 220 212
52 155 224
116 199 224
50 197 139
4 252 43
8 64 1
78 163 78
20 98 1
167 215 192
9 101 9
29 43 43
64 114 83
26 215 192
50 75 78
61 76 1
40 85 151
112 227 227
3 256 256
165 199 199
2 223 1
47 106 120
132 228 143
50 122 212
6 40 6
77 190 212
59 174 1
113 172 1
55 235 78
29 173 1
126 179 6
105 189 120
119 148 93
92 158 92
90 105 120
119 158 93
76 86 120
125 140 1
70 157 157
38 230 140
1 40 1
125 207 47
188 189 120
111 140 111
38 111 111
162 222 57
155 194 120
143 239 1
157 170 157
141 225 1
127 243 42
154 182 9
53 59 212
201 246 1
143 227 227
125 172 47
135 243 1
110 186 110
98 195 78
79 245 78
141 212 212
5 26 251
82 99 42
23 92 1
60 213 213
14 231 1
85 91 42
97 108 1
16 136 212
17 228 143
145 253 1
92 210 1
70 96 212
101 252 120
217 240 212
84 247 34
48 109 166
39 168 1
74 127 1
53 138 212
67 92 92
54 55 1
9 66 224
69 83 139
67 225 93
167 189 251
212 219 212
36 88 1
163 203 203
40 231 6
85 164 151
140 200 1
169 243 212
144 203 203
196 212 212
30 199 13
173 221 1
83 206 139
108 235 204
62 114 57
122 219 247
137 224 1
54 181 120
5 191 120
106 190 1
8 53 1
130 190 80
1 82 1
13 251 13
56 88 93
22 193 213
223 249 23
70 134 212
13 214 13
16 154 1
136 218 95
124 131 1
1 101 1
189 215 192
169 181 1
82 138 138
47 105 47
110 194 1
1 80 1
89 238 9
2 234 2
194 195 1
155 214 224
4 11 213
24 252 213
175 232 1
66 238 224
10 157 212
176 201 166
110 210 34
100 103 47
134 249 212
120 221 120
120 215 120
1 238 1
116 158 120
28 56 120
6 236 151
178 208 1
33 36 6
1 196 1
61 81 212
37 152 152
84 196 196
1 56 1
65 87 2
111 161 111
67 73 92
47 216 47
39 114 78
64 102 78
35 226 37
66 182 224
61 159 212
192 198 13
144 171 78
10 158 1
33 110 42
1 100 1
82 122 34
117 163 1
64 222 83
53 71 1
38 244 212
235 245 78
67 125 67
129 243 1
50 204 139
9 94 13
43 118 118
70 145 1
140 148 1
73 92 92
95 225 1
9 12 120
28 68 28
134 212 212
11 211 104
50 111 111
8 169 1
46 107 46
92 216 92
185 245 95
34 142 34
42 152 1
36 57 212
97 152 92
59 109 212
30 68 28
47 150 47
140 230 140
127 215 1
51 120 120
160 176 160
27 86 1
14 28 28
38 79 111
93 103 93
200 254 254
52 116 9
11 60 104
78 212 212
31 175 212
1 112 1
120 233 120
86 102 1
83 202 1
157 211 1
7 148 1
22 95 1
156 228 1
6 212 212
33 208 151
58 147 1
36 179 36
95 166 203
238 249 1
47 172 47
49 213 1
23 249 23
134 223 212
149 178 1
22 100 213
75 219 212
139 163 78
27 208 27
131 212 212
223 255 1
99 157 151
49 130 247
14 176 1
10 135 1
75 98 19
156 191 1
192 251 192
30 54 90
49 80 247
122 183 1
44 214 13
155 192 192
98 218 160
58 183 1
104 224 120
135 216 93
128 147 1
165 212 1
182 254 120
153 157 1
69 94 1
110 119 1
167 192 192
191 216 92
25 104 104
61 243 34
1 127 1
56 148 93
96 202 1
146 216 120
16 194 1
87 115 13
1 119 1
208 236 27
1 5 1
125 178 93
177 193 47
2 8 2
7 147 1
72 237 120
47 73 47
94 108 1
15 78 78
111 206 111
148 160 1
42 44 1
79 134 134
221 241 47
49 117 1
11 71 213
39 160 160
114 212 212
77 136 78
21 165 224
53 100 1
60 120 120
103 132 120
14 84 1
175 219 212
141 242 212
189 241 120
175 208 212
35 160 1
70 144 212
1 143 1
107 123 120
18 105 47
59 113 113
98 169 10
76 104 104
82 180 34
9 37 120
28 168 13
10 19 10
169 186 212
4 24 213
12 176 1
35 153 152
6 214 1
156 167 1
24 207 18
139 159 78
56 240 1
101 206 1
1 97 1
49 58 34
192 200 120
38 140 140
143 228 143
54 109 1
40 42 42
152 229 120
53 78 78
79 81 139
34 82 34
156 161 212
11 172 18
162 212 212
38 62 139
214 224 224
92 153 92
54 255 28
54 68 28
47 135 47
43 116 120
85 223 151
8 59 1
179 242 231
52 135 120
96 244 212
211 247 1
91 139 212
187 249 151
74 101 9
59 80 80
2 65 2
47 192 120
86 236 1
193 254 118
151 156 42
1 225 1
151 241 1
42 80 42
39 48 160
62 256 212
31 169 212
1 49 1
42 114 212
55 166 160
134 217 134
98 136 160
111 208 212
16 112 1
134 162 139
42 210 42
27 91 42
76 206 1
3 42 42
71 145 213
139 222 139
27 88 1
6 99 6
62 128 139
87 94 2
47 81 1
1 202 1
109 149 160
221 228 120
194 198 120
117 235 1
114 171 83
97 153 92
128 159 78
89 133 9
11 18 18
17 60 120
89 101 21
174 199 192
160 163 160
44 103 120
20 94 227
109 185 203
227 255 227
47 226 47
142 249 42
16 173 151
53 97 1
159 214 1
114 221 1
72 120 120
41 100 118
38 206 38
13 77 1
171 175 139
41 190 1
7 33 6
49 111 212
207 255 120
138 215 1
157 212 212
41 147 118
39 96 10
14 143 227
71 252 118
28 139 1
56 97 93
226 254 47
123 153 92
44 123 120
15 202 1
92 120 120
167 180 1
14 86 28
44 116 13
60 76 104
112 116 13
51 154 224
111 187 212
20 52 13
145 207 104
7 155 1
34 181 1
39 139 78
11 124 104
56 215 120
132 171 1
57 162 57
4 26 120
46 115 224
57 202 1
60 115 120
66 214 224
27 157 27
135 241 47
111 162 139
127 128 212
77 104 1
57 108 83
71 117 120
141 218 160
37 247 1
161 176 78
34 253 34
134 157 212
143 163 1
133 168 133
85 240 240
55 98 55
78 139 78
171 206 139
73 177 152
102 119 1
20 68 112
234 246 2
13 94 13
112 129 227
36 251 1
108 222 83
51 221 120
68 91 1
198 255 112
14 68 112
92 250 1
64 99 212
5 35 120
31 142 220
57 212 212
141 149 10
148 253 1
97 144 1
16 126 6
216 225 103
37 60 47
1 35 1
63 64 204
205 248 212
100 200 200
50 161 134
183 212 1
17 202 2
76 106 120
40 88 1
68 227 227
12 57 1
67 153 92
233 254 254
155 252 120
38 92 1
71 130 1
58 161 212
69 140 111
163 235 78
111 168 1
49 255 1
28 187 1
58 213 1
81 150 1
95 208 212
17 212 1
75 228 1
29 194 43
53 170 212
169 228 1
177 214 120
88 148 67
105 146 120
94 155 13
50 128 111
42 145 1
9 45 1
72 124 120
58 138 138
16 212 212
51 149 1
106 255 28
64 105 1
96 237 1
187 226 1
195 235 83
109 151 212
149 177 1
5 205 1
93 241 47
22 251 120
232 256 1
124 193 213
93 192 120
229 244 1
47 181 47
32 42 42
5 50 1
76 180 1
27 47 1
138 180 34
197 204 204
3 71 1
212 249 212
91 166 212
88 92 92
16 250 212
24 43 213
30 130 1
129 246 2
75 164 212
57 78 78
50 106 1
1 131 1
50 201 78
101 182 9
64 174 1
30 74 13
46 218 1
150 181 47
47 93 47
180 226 1
127 187 27
127 157 157
143 245 1
26 109 1
182 209 120
6 105 1
44 141 1
35 159 1
20 149 1
28 234 227
93 169 1
81 112 1
1 173 1
173 231 151
157 173 157
18 194 213
182 189 224
238 247 1
130 174 1
72 159 1
132 174 13
63 195 83
25 172 104
39 218 160
20 55 1
105 153 105
97 101 120
39 55 10
94 117 227
25 118 213
107 118 120
212 240 212
65 125 120
28 200 120
175 255 1
160 245 160
111 185 78
88 120 120
150 239 1
114 195 114
140 219 212
32 202 1
52 53 1
9 116 9
109 132 1
28 132 227
40 157 151
105 121 1
164 223 6
16 36 231
122 242 42
10 53 10
49 133 1
3 53 212
1 76 1
55 212 212
25 94 120
212 230 212
179 205 42
84 239 34
52 66 224
140 235 139
15 212 212
37 171 1
16 216 1
175 230 111
19 55 19
88 152 92
79 212 212
77 175 111
7 151 151
171 190 212
26 154 224
168 205 1
1 163 1
29 130 1
1 167 1
50 245 78
34 59 34
38 74 1
42 220 42
11 164 1
152 187 1
7 226 1
1 140 1
138 214 1
87 163 1
42 83 212
71 254 254
99 124 1
155 177 120
72 155 192
138 182 1
77 171 139
140 144 78
69 81 139
48 177 1
29 233 118
43 120 120
6 33 6
115 150 120
20 122 1
15 72 1
30 144 1
89 116 9
77 84 212
51 146 13
202 215 13
4 43 43
1 104 1
56 201 1
73 226 73
127 212 212
58 175 212
1 114 1
85 137 256
28 60 120
34 180 34
18 50 1
62 100 1
122 205 247
15 49 212
88 98 1
151 157 151
151 249 151
203 207 1
43 247 1
154 170 1
16 99 6
88 216 93
120 155 120
1 69 1
112 153 120
148 188 92
139 171 139
240 254 1
47 252 47
4 25 213
65 228 2
44 195 1
53 63 78
102 109 160
132 227 227
36 80 42
17 204 1
67 170 1
190 205 247
164 207 1
4 104 213
111 121 111
71 180 1
12 233 47
1 102 1
88 107 120
129 154 13
27 226 1
22 174 120
108 114 83
137 212 212
96 152 1
1 145 1
57 139 139
76 162 1
78 222 78
103 226 92
122 131 212
121 252 1
44 54 227
63 227 1
26 47 120
93 154 120
115 189 192
36 206 212
65 130 1
186 230 212
119 152 92
136 214 1
21 168 9
65 66 13
106 146 28
22 56 47
45 180 247
115 197 1
136 163 136
72 148 120
39 86 1
28 142 1
97 159 1
24 124 104
215 233 120
160 192 1
121 184 212
15 66 1
121 153 1
168 247 1
45 169 212
112 120 120
141 244 212
54 106 106
7 130 42
94 151 1
172 208 1
49 125 1
97 119 93
89 122 1
31 200 1
24 75 1
129 210 1
128 205 212
80 243 34
20 252 120
147 236 1
93 173 1
67 185 1
8 93 120
80 205 247
17 120 120
93 101 120
180 203 212
115 251 192
211 237 213
69 171 139
106 112 28
107 132 13
172 211 104
1 232 1
116 239 1
145 180 1
137 151 151
51 65 13
102 127 212
4 213 213
39 42 212
39 98 10
152 232 152
1 37 1
93 237 47
61 169 212
33 142 42
64 141 78
9 115 224
7 184 42
109 202 1
1 219 1
12 137 1
102 227 1
32 206 212
6 204 212
136 176 203
200 233 254
107 114 1
129 202 2
28 180 1
213 254 213
126 231 6
64 184 212
237 253 1
34 78 212
57 206 139
42 142 42
145 158 47
19 159 10
70 212 212
36 231 231
106 135 120
154 193 120
126 157 151
1 63 1
93 225 93
40 179 6
107 221 120
22 60 104
90 136 1
82 176 212
217 221 1
52 238 9
1 65 1
117 231 1
148 158 67
116 189 224
59 83 212
42 196 42
91 204 212
193 253 1
18 22 18
42 170 42
67 175 1
175 204 139
7 42 42
42 104 1
104 124 104
20 228 227
107 215 224
70 147 1
35 57 1
123 148 93
80 244 34
197 247 212
73 241 47
95 155 1
133 154 9
53 203 160
74 84 1
133 214 182
169 239 212
134 175 134
73 188 152
106 127 1
32 208 157
115 167 192
52 216 120
145 233 213
49 87 1
123 173 1
35 181 152
93 204 1
11 42 1
110 129 1
185 203 203
124 145 211
69 212 212
84 244 220
184 212 212
18 97 47
23 214 1
47 211 47
29 56 47
100 105 47
35 37 37
8 158 120
58 253 34
88 225 93
150 246 120
108 169 78
37 155 120
11 103 47
45 239 239
238 256 1
20 196 1
30 227 227
25 162 1
36 187 151
134 139 139
171 183 1
35 191 35
188 238 120
170 256 27
165 186 1
19 80 212
123 221 92
76 145 104
61 113 247
5 21 224
3 27 27
89 126 1
86 230 1
12 110 1
1 197 1
1 207 1
48 76 1
50 78 78
172 181 47
1 209 1
193 194 194
17 68 227
142 199 1
197 250 78
49 239 247
25 178 47
66 126 1
123 135 93
139 185 78
7 82 42
102 191 1
195 225 1
91 156 220
121 229 1
142 231 42
160 169 160
226 240 1
139 140 139
142 236 42
120 211 120
190 245 212
118 196 1
74 167 224
15 85 212
180 236 42
70 244 42
146 242 1
53 179 212
57 98 78
38 203 78
120 224 120
178 203 1
43 47 47
87 251 13
29 100 118
61 120 1
1 34 1
120 216 120
87 122 1
8 27 1
72 176 1
36 121 212
49 171 212
150 200 213
168 182 182
175 195 139
152 175 1
56 128 1
49 108 212
107 160 1
116 211 120
175 179 212
50 168 1
132 222 1
19 149 19
98 179 212
64 170 212
4 215 120
71 194 118
104 114 1
8 234 2
77 117 1
93 163 1
49 196 34
144 159 160
55 251 1
2 232 120
69 111 111
58 120 1
77 161 111
18 88 47
66 201 1
34 58 34
98 151 212
92 226 92
14 166 1
14 112 112
23 76 1
108 130 212
55 197 78
111 210 212
48 232 1
6 96 212
1 220 1
5 244 1
76 124 104
1 74 1
19 139 78
212 243 212
102 248 160
30 250 1
192 242 1
115 227 13
21 30 13
161 206 111
1 41 1
123 125 93
70 110 42
23 212 212
42 256 42
165 238 224
80 148 1
46 214 9
184 223 42
207 209 47
149 154 1
60 102 1
24 113 1
31 66 1
13 192 13
59 126 42
104 172 104
33 162 212
33 224 1
37 41 47
88 93 93
118 241 213
62 171 83
101 120 120
6 12 1
120 251 120
108 168 1
152 226 152
42 204 212
156 220 220
186 193 1
18 60 104
36 240 151
55 189 1
34 210 34
125 232 92
39 209 1
214 231 1
29 254 118
4 39 1
2 13 13
240 242 151
164 216 1
67 182 120
51 126 1
1 111 1
2 158 120
50 234 1
216 246 120
1 125 1
50 182 1
230 239 212
95 176 203
157 253 42
41 211 213
33 151 151
4 255 120
102 123 1
77 91 212
52 115 224
24 50 1
34 47 1
61 239 247
56 188 92
13 197 1
3 85 256
128 197 139
130 235 212
206 250 78
24 103 47
59 246 1
189 251 251
54 135 120
53 106 1
9 174 224
99 200 1
101 168 9
170 188 1
116 212 1
200 202 120
74 110 1
29 117 120
26 72 192
103 256 1
54 90 90
125 148 148
161 195 139
41 222 1
37 73 37
20 27 1
91 244 220
25 112 120
94 211 120
30 152 120
70 256 27
53 187 212
6 184 42
1 25 1
6 176 212
25 143 120
15 75 15
44 101 13
141 159 141
82 182 1
80 122 80
136 160 160
5 199 192
45 236 42
145 230 1
43 176 1
37 188 152
63 205 212
45 253 247
128 206 140
82 196 196
14 20 20
101 214 9
38 217 111
17 72 13
46 204 1
2 253 1
29 144 1
58 63 212
106 245 1
24 98 1
157 225 1
104 251 120
14 60 120
2 111 1
29 97 47
73 93 92
13 51 13
7 118 1
22 154 120
97 179 1
33 180 42
152 167 120
138 210 34
136 150 1
194 254 118
37 211 47
72 215 199
192 224 224
92 110 1
196 231 42
15 141 10
96 141 10
152 253 1
44 216 120
80 247 247
3 187 187
202 222 1
27 120 1
36 40 6
127 186 42
28 100 120
218 239 212
81 169 78
84 220 220
36 123 1
174 224 224
154 234 13
71 155 120
15 103 1
73 105 152
49 179 42
11 238 120
13 55 1
131 176 203
149 240 212
119 128 1
109 158 1
177 188 177
48 121 78
1 221 1
19 131 160
1 60 1
209 232 152
184 236 42
51 192 192
11 104 104
48 201 201
182 197 1
34 212 212
180 223 42
38 163 78
49 84 34
180 186 34
75 251 1
193 205 1
92 187 1
55 188 1
74 123 120
39 248 160
122 239 239
1 48 1
50 162 139
11 41 213
34 186 34
173 224 1
167 224 224
217 219 212
45 190 80
88 137 1
6 23 6
137 256 256
107 168 9
32 157 157
24 187 1
57 195 57
233 237 233
11 207 18
182 196 1
137 183 1
81 212 212
102 212 212
61 164 42
226 233 47
20 152 120
12 155 120
26 38 1
1 128 1
72 189 192
80 88 1
21 104 120
13 90 13
22 44 120
96 186 212
81 121 139
142 192 1
111 230 111
30 174 13
44 143 2
14 152 120
208 247 42
17 101 13
77 174 1
110 174 1
203 243 212
41 249 1
20 215 13
2 183 2
100 127 1
81 210 212
113 253 247
41 213 213
1 64 1
78 203 78
174 203 1
104 150 104
7 23 6
20 86 28
119 207 47
69 121 111
70 99 151
224 255 13
1 224 1
101 189 224
141 189 1
226 231 1
55 141 10
62 208 212
13 74 13
45 80 80
78 102 78
80 166 212
13 161 1
93 108 1
54 169 1
102 145 1
84 182 1
118 170 1
151 190 42
135 225 93
103 178 103
131 160 160
74 165 224
21 230 1
102 242 212
105 177 105
69 156 212
162 174 1
15 164 212
60 158 47
239 251 1
210 225 1
32 126 151
21 214 9
52 224 224
128 135 1
85 173 27
23 94 1
44 92 120
24 125 47
8 121 1
98 246 1
102 235 78
67 186 1
24 213 213
52 120 120
10 240 212
25 107 120
4 207 213
44 65 65
53 94 1
6 233 1
173 236 27
170 240 27
14 117 28
152 154 120
37 194 47
161 246 1
113 219 247
35 169 1
43 121 1
108 162 83
112 201 1
130 172 1
117 234 227
68 79 1
27 49 42
137 240 256
135 169 1
73 120 120
47 92 47
127 225 1
185 212 212
41 103 47
23 117 1
114 235 83
6 7 6
145 199 120
28 227 227
33 98 212
135 137 1
122 244 34
26 156 1
120 226 120
85 160 212
23 126 23
72 85 1
80 192 1
49 249 42
110 240 42
1 84 1
63 158 1
27 171 212
137 186 42
41 208 1
144 192 1
69 89 1
52 182 9
2 48 1
118 252 118
160 248 160
112 246 227
48 185 203
185 249 212
113 155 1
77 158 1
63 130 212
13 217 1
200 213 213
124 164 1
185 217 78
6 251 1
12 199 120
3 194 1
187 223 151
114 176 78
143 219 1
39 87 1
154 179 1
195 217 139
138 144 212
56 176 1
115 145 120
150 210 1
31 117 1
30 76 120
70 85 27
57 192 1
136 169 160
40 223 23
45 130 130
80 227 1
106 152 120
70 185 212
179 228 1
95 215 1
120 238 120
118 200 118
58 145 1
21 101 21
9 249 1
71 115 120
1 113 1
3 203 212
120 121 1
212 250 212
110 179 42
78 154 1
78 111 78
52 69 1
75 204 78
27 178 1
1 252 1
85 151 151
165 207 120
118 150 213
161 171 139
145 201 1
116 243 1
77 218 78
32 247 42
73 109 1
78 128 78
74 89 9
90 227 227
50 187 212
176 226 1
75 242 212
98 123 1
94 149 1
33 60 1
1 118 1
1 17 1
29 172 213
192 229 13
88 158 88
11 132 120
124 148 47
65 226 120
169 249 212
76 147 213
164 205 42
166 225 1
22 91 1
161 196 212
26 99 1
124 220 1
1 233 1
144 212 212
1 245 1
39 62 78
95 163 95
183 246 246
98 164 212
24 97 47
21 255 13
29 84 1
187 214 1
79 195 139
48 247 212
13 129 13
189 192 192
49 204 212
48 141 160
2 20 227
89 136 1
109 194 1
113 122 80
48 237 1
141 248 160
31 156 220
56 82 1
188 241 47
184 256 42
78 136 78
95 140 78
25 241 211
48 159 160
124 221 47
135 166 1
3 240 256
112 127 1
14 96 1
156 207 1
118 215 120
60 183 120
9 123 120
140 197 139
130 180 247
109 234 1
142 200 1
33 166 212
44 229 227
14 190 1
35 177 152
11 111 1
150 207 104
180 255 1
35 65 120
82 126 42
109 206 78
2 92 120
9 154 9
160 216 1
129 181 120
20 243 1
1 95 1
210 237 1
126 149 212
38 245 78
191 253 1
8 14 227
208 235 212
1 6 1
77 79 111
49 189 1
90 225 120
96 131 160
17 62 1
84 230 212
194 207 213
1 46 1
169 203 160
89 165 224
156 219 34
189 236 1
46 252 120
36 215 1
183 234 2
124 135 47
1 90 1
223 256 151
181 195 1
134 161 134
133 192 224
110 205 34
16 42 42
85 105 1
158 214 120
17 100 120
167 199 192
206 231 212
83 97 1
1 152 1
31 85 42
25 120 120
86 87 227
7 29 1
67 115 120
63 114 83
52 151 1
5 149 1
46 255 13
216 227 120
4 186 1
49 247 247
127 151 151
85 199 1
136 253 212
21 182 9
193 213 213
168 227 13
91 160 212
187 251 1
85 172 1
29 252 43
87 246 2
9 120 120
162 197 83
8 126 1
49 162 212
48 55 160
175 216 1
57 228 1
84 180 34
70 224 1
26 68 13
148 248 1
87 212 1
247 253 247
65 163 1
1 169 1
1 172 1
149 160 160
100 194 118
71 101 120
40 240 151
109 218 203
100 144 1
87 213 120
89 154 89
27 52 1
183 227 227
74 215 224
154 235 1
27 126 151
137 238 1
7 230 212
181 223 1
92 151 1
41 43 43
139 161 139
26 177 120
42 164 42
48 110 212
102 185 160
55 149 55
9 165 224
116 177 120
104 145 104
84 152 1
1 99 1
29 155 120
105 179 1
53 61 212
107 182 9
124 247 1
13 66 13
225 241 47
191 232 152
107 202 13
17 217 1
78 250 78
116 230 1
143 202 2
42 194 1
203 225 1
77 201 78
38 73 1
156 229 1
164 244 42
29 212 1
78 83 78
98 239 212
78 206 78
20 193 120
14 30 28
110 201 212
157 246 1
46 101 46
226 227 120
13 65 13
109 207 1
73 220 1
160 218 160
87 207 120
9 255 13
56 60 47
160 203 160
137 142 42
101 167 224
156 184 156
26 83 1
111 212 212
1 92 1
22 29 213
208 239 42
149 250 10
218 251 1
65 238 13
188 247 1
41 94 120
59 162 212
14 248 1
79 197 139
62 230 139
26 60 120
178 181 92
36 175 212
141 249 212
120 192 120
99 249 23
13 172 120
65 194 120
85 145 1
129 227 227
15 173 212
12 119 92
186 191 1
130 154 1
19 212 212
162 218 78
87 204 1
11 93 47
24 224 120
243 252 1
123 174 120
13 68 13
155 182 224
148 191 92
138 244 220
13 33 1
42 239 42
110 156 156
25 213 213
106 233 120
189 227 13
219 253 219
67 177 92
1 254 1
1 109 1
105 236 1
63 121 139
133 256 1
62 160 78
67 199 120
33 188 1
196 237 1
169 250 102
30 187 1
76 179 1
48 114 78
18 208 1
10 173 212
112 198 112
1 243 1
95 248 203
16 206 212
101 161 1
28 120 120
149 203 160
217 239 212
28 226 120
163 176 203
5 215 192
10 141 10
212 244 212
22 41 213
16 138 42
184 200 1
195 197 83
105 120 120
55 187 212
165 197 1
110 236 42
49 245 212
17 113 1
95 242 212
78 252 1
43 131 1
59 89 1
159 245 160
15 207 1
44 254 120
192 215 192
148 195 1
69 78 78
88 150 47
90 120 120
117 198 28
35 131 1
4 52 120
30 173 1
11 190 1
104 156 1
15 39 10
111 191 1
17 115 13
113 191 1
195 244 212
48 126 212
118 172 213
15 31 212
49 113 247
68 117 28
189 219 1
102 247 212
1 228 1
16 163 212
217 230 111
91 245 212
4 254 118
75 187 212
86 227 227
83 201 78
65 115 13
197 230 139
68 166 1
139 204 139
100 109 1
77 188 1
4 135 47
217 218 78
96 98 19
47 103 47
86 180 1
5 120 120
21 211 120
1 110 1
140 196 212
23 88 1
21 79 1
123 231 1
19 164 212
86 185 1
13 122 1
56 207 47
17 44 2
83 179 212
61 130 247
107 183 13
69 110 212
170 239 42
60 241 60
76 187 1
70 240 27
132 200 120
118 124 213
160 231 212
17 249 1
74 182 182
140 221 1
1 2 1
26 192 192
104 191 47
136 181 1
25 224 120
191 228 120
140 171 139
59 239 80
130 244 34
84 210 34
121 197 139
142 156 156
42 58 42
8 125 120
152 221 152
99 173 151
34 156 34
118 189 120
120 148 120
14 109 1
27 136 212
175 218 78
35 105 152
169 175 78
28 44 227
125 129 120
38 213 1
115 203 1
25 175 1
13 209 120
43 106 120
41 174 120
55 147 1
78 178 1
2 122 1
149 214 1
77 246 1
21 133 9
5 85 1
86 246 227
94 172 120
10 196 212
29 160 1
166 218 203
5 109 1
89 205 1
98 159 10
204 235 204
34 77 212
177 237 47
212 217 212
99 223 223
58 194 1
109 121 78
118 147 118
1 165 1
84 120 1
115 228 13
10 236 212
71 200 200
93 158 93
2 228 2
110 118 1
91 243 220
78 158 1
166 170 212
215 239 1
36 236 151
189 196 1
8 54 227
39 221 1
124 172 104
1 72 1
42 137 42
171 213 1
49 181 1
39 163 160
97 209 92
105 117 120
49 122 247
229 255 28
22 103 47
92 152 92
149 212 212
16 33 6
218 254 1
7 40 6
173 210 42
81 92 1
144 219 212
17 200 120
90 235 1
62 64 83
43 237 118
85 208 27
60 147 213
13 165 13
3 239 42
96 109 160
123 181 92
123 191 92
156 170 42
33 42 42
62 117 1
21 93 120
62 211 1
23 140 212
30 127 1
113 140 212
28 54 28
41 56 47
151 218 212
5 74 224
196 220 220
28 108 1
36 184 42
64 130 212
15 133 1
13 143 13
206 254 1
128 244 212
38 250 78
145 183 120
19 147 1
85 235 212
120 147 120
227 242 1
38 232 1
56 225 56
191 215 120
136 216 1
26 251 251
37 252 47
30 146 28
38 185 78
37 221 152
63 222 83
162 202 1
167 210 1
69 195 139
81 139 139
217 229 1
92 233 47
163 244 212
39 46 1
22 92 47
208 240 27
59 88 1
112 223 1
7 168 1
55 231 212
171 238 1
110 163 212
32 122 42
132 241 120
6 190 42
28 61 1
119 125 93
99 112 1
173 230 212
63 175 139
128 149 78
74 115 224
201 254 1
181 226 152
139 238 1
13 112 13
49 250 212
9 68 13
51 69 1
31 48 212
115 165 115
145 195 1
114 173 212
18 203 1
22 98 1
57 198 1
96 102 10
47 76 47
103 120 120
28 232 120
113 160 212
153 191 152
53 136 160
1 91 1
140 175 111
14 22 120
2 71 120
18 109 1
218 248 203
128 254 1
56 114 1
116 251 224
128 235 139
133 166 1
134 181 1
24 172 18
22 134 1
21 166 1
96 217 78
106 244 1
34 238 1
30 80 1
31 154 1
238 244 1
59 63 212
69 225 1
137 173 27
161 217 161
120 214 120
32 117 1
125 142 1
120 178 120
128 217 111
86 209 120
91 206 212
75 86 1
68 142 1
47 207 47
61 118 1
10 83 78
205 225 1
104 120 120
184 231 42
144 223 212
21 189 224
4 228 120
31 152 1
84 122 34
99 203 212
107 133 9
1 55 1
143 212 1
12 131 1
53 98 10
163 253 212
8 136 1
1 240 1
75 169 10
68 156 1
47 71 47
13 238 13
22 213 213
21 136 1
193 237 118
22 150 104
68 90 28
130 216 1
50 155 1
4 53 1
196 219 34
187 256 256
206 217 111
47 194 47
92 209 92
55 91 212
36 102 212
2 132 2
107 120 120
122 213 1
88 108 1
56 107 120
1 199 1
21 43 120
46 167 224
32 238 1
30 184 1
233 241 213
190 204 212
187 210 42
81 162 81
121 141 78
48 78 78
21 191 120
48 168 1
65 183 246
70 226 1
88 239 1
1 108 1
178 241 47
84 238 1
49 69 212
110 132 1
1 93 1
138 186 220
8 77 1
1 67 1
33 225 1
109 248 109
58 123 1
53 166 160
4 70 1
43 162 1
47 141 1
55 81 78
3 185 212
125 234 120
73 182 120
117 194 120
156 195 212
47 177 47
107 203 1
34 134 212
4 114 1
14 196 1
93 250 1
96 187 212
34 91 34
20 132 227
1 248 1
37 106 120
199 222 1
18 120 120
192 199 192
125 243 1
5 214 224
107 116 9
138 219 34
129 156 1
166 250 160
148 246 120
26 224 224
37 212 1
93 152 92
199 201 1
112 228 227
52 174 224
67 135 67
78 186 212
152 177 152
100 160 1
141 207 1
84 175 212
182 238 182
16 164 231
148 235 1
69 149 78
53 55 10
99 137 151
14 218 1
169 212 212
140 255 1
54 146 28
77 217 111
147 183 120
19 203 160
36 162 212
47 191 47
27 138 42
188 198 120
46 134 1
90 193 120
43 46 120
92 131 1
213 238 120
121 139 139
86 183 227
81 94 1
120 181 120
145 190 1
127 240 27
78 230 78
65 78 1
56 227 120
240 243 42
48 137 212
167 176 1
11 150 104
123 225 103
27 62 212
30 251 13
55 177 1
112 171 1
13 255 13
68 214 13
12 153 152
198 215 13
101 246 13
115 206 1
99 212 212
199 234 13
21 179 1
177 225 92
208 210 42
24 132 120
2 44 2
27 212 212
218 229 1
30 104 120
92 135 92
139 218 78
46 120 120
123 216 123
232 241 47
20 115 13
146 198 198
37 181 152
48 95 203
147 233 233
137 234 1
74 137 1
124 144 1
37 92 92
15 120 1
2 202 2
192 211 120
122 144 212
94 231 1
65 253 1
205 253 253
143 246 2
249 255 1
27 229 1
106 238 13
134 144 78
159 161 78
52 136 1
49 100 1
147 190 1
45 146 1
107 184 1
62 112 1
123 150 47
13 115 13
96 127 212
78 141 78
17 199 13
33 45 42
159 192 1
41 177 47
86 152 120
53 212 212
116 214 116
139 247 212
131 166 203
31 205 34
24 120 120
115 248 1
50 175 50
194 233 118
194 228 120
33 164 6
150 211 211
2 56 120
53 191 1
179 212 212
13 52 13
101 150 120
64 195 83
176 245 203
148 228 120
168 172 120
110 162 212
88 138 1
81 171 83
13 53 1
23 86 1
1 208 1
141 222 78
89 199 224
33 86 1
84 205 34
13 182 13
120 177 120
88 174 120
107 146 13
166 203 203
16 242 16
18 104 104
63 191 1
96 253 212
128 207 1
107 154 21
168 209 120
149 166 160
70 169 212
56 93 93
121 135 1
51 66 51
192 219 1
110 249 42
245 254 1
172 242 1
17 174 13
43 200 118
47 60 47
46 176 1
17 83 1
64 243 212
12 14 120
60 104 104
107 147 120
234 255 227
9 52 9
38 107 1
29 76 213
149 161 78
75 102 10
155 203 1
94 129 2
190 247 247
124 228 120
72 77 1
207 224 120
11 161 1
7 180 42
159 195 78
21 26 224
34 184 34
6 27 151
36 151 151
83 204 83
18 201 1
95 98 160
4 145 213
144 185 203
58 110 220
83 184 212
136 248 203
81 108 83
57 222 57
92 119 92
83 223 212
66 67 120
1 13 1
146 214 13
38 77 140
105 209 152
184 219 34
9 227 13
12 215 120
78 121 78
128 230 230
175 209 1
84 208 42
91 110 220
68 235 1
57 164 212
97 181 92
158 216 93
2 14 227
125 251 120
158 163 1
141 179 212
28 104 120
140 158 1
101 238 9
160 190 212
171 172 1
1 217 1
114 225 1
50 239 212
19 226 1
10 166 160
7 243 42
53 150 1
67 139 1
200 241 213
37 177 152
173 212 212
136 144 203
157 224 1
209 213 47
143 198 227
129 170 1
101 158 120
49 61 49
87 222 1
153 224 120
101 194 120
112 255 112
43 100 118
147 207 213
126 249 249
46 244 1
34 72 1
40 183 1
61 216 1
7 56 1
44 235 1
25 150 150
29 71 118
3 35 1
172 241 104
72 199 199
124 130 1
66 224 224
154 200 120
2 35 120
86 196 1
104 201 1
173 189 1
21 24 120
34 45 34
58 186 220
58 176 212
120 190 1
189 231 1
87 216 120
42 157 42
144 158 1
112 194 120
161 207 1
56 122 1
187 224 1
51 199 199
182 233 120
107 213 120
1 61 1
13 101 13
190 201 212
59 253 247
14 147 120
142 205 34
37 88 92
5 13 13
10 150 1
79 162 139
157 190 42
76 189 120
86 112 28
145 196 1
25 173 1
67 240 1
124 205 1
79 128 111
30 183 227
52 82 1
103 224 120
224 251 224
184 247 34
77 156 212
159 254 1
30 120 120
120 172 120
184 253 34
32 46 1
157 239 42
85 212 212
178 202 120
7 212 212
218 225 1
216 240 1
4 87 120
112 230 1
27 179 151
13 168 13
150 213 213
71 74 120
117 171 1
108 212 212
134 206 111
136 252 1
143 183 2
47 199 120
68 204 1
25 53 1
41 246 120
51 156 1
64 66 1
14 32 1
150 191 47
108 195 83
45 226 1
151 209 1
106 198 28
19 182 1
16 119 1
134 163 78
29 148 47
30 203 1
66 168 224
32 207 1
88 103 93
48 135 1
161 244 212
123 151 1
87 159 1
10 95 160
127 137 27
10 212 212
153 176 1
165 251 192
1 86 1
56 92 92
53 102 102
22 148 47
91 138 138
78 144 78
223 231 6
86 105 120
85 234 1
128 137 212
222 230 139
34 230 212
109 256 212
58 86 1
194 214 120
57 62 57
32 127 32
95 144 203
117 165 13
125 221 92
114 202 1
103 108 1
1 170 1
6 137 151
7 249 6
51 209 120
34 255 1
153 226 152
68 251 13
57 105 1
71 203 1
59 178 1
164 248 212
59 111 212
42 179 42
61 187 42
82 142 220
52 184 1
20 28 28
62 108 83
165 168 224
151 187 151
17 54 227
50 96 78
172 200 213
161 186 212
51 237 120
149 222 78
103 237 47
1 164 1
43 252 43
67 167 120
122 231 42
41 47 47
172 220 1
94 199 13
139 162 139
85 242 151
120 252 120
113 244 34
45 71 1
55 248 160
74 133 133
1 244 1
25 67 47
121 183 1
68 132 227
149 193 1
25 208 1
131 168 1
163 193 1
40 68 1
22 120 120
47 225 47
124 210 1
62 63 83
161 210 212
94 230 1
163 201 203
153 232 153
190 199 1
224 225 120
44 227 227
28 30 28
32 174 1
3 126 151
131 210 212
108 176 78
92 115 120
195 212 212
36 98 212
167 191 120
65 234 2
79 171 139
184 222 212
79 111 111
9 193 120
18 252 213
99 231 6
134 179 212
76 192 120
48 131 203
167 220 1
68 192 13
25 136 1
102 107 1
23 248 212
31 119 1
45 150 1
74 195 1
57 83 83
78 175 78
107 231 1
83 230 139
91 223 42
17 39 1
51 168 224
113 162 212
111 170 212
57 242 212
36 180 42
56 210 1
34 109 212
31 70 42
1 193 1
142 196 220
58 99 42
16 256 151
84 197 212
32 234 1
69 139 139
9 229 13
192 227 13
39 102 102
105 181 105
113 249 42
89 160 1
1 53 1
128 163 78
9 199 224
2 138 1
30 156 1
62 232 1
5 143 13
180 219 219
57 65 1
59 242 42
186 205 34
116 245 1
80 104 1
120 225 120
128 152 1
69 187 212
69 206 111
102 251 1
74 174 224
42 213 1
97 254 47
100 237 254
34 208 42
1 45 1
20 73 120
182 199 224
123 200 47
118 179 1
33 165 1
8 132 2
7 61 42
220 254 1
122 212 212
86 108 1
78 218 78
13 187 1
4 32 1
136 158 1
102 171 78
36 157 151
10 163 160
26 235 1
68 86 28
65 215 13
188 191 152
204 215 1
39 52 1
5 116 224
67 158 67
156 192 1
25 161 1
153 254 47
164 249 6
231 242 231
139 203 78
1 4 1
103 115 120
33 135 1
204 206 139
56 214 120
90 110 1
130 214 1
94 246 246
24 37 47
72 107 224
9 73 120
67 142 1
56 158 93
84 110 220
114 245 78
71 159 1
1 116 1
79 83 139
40 206 212
14 224 13
79 140 111
39 75 10
64 156 212
89 244 1
209 250 1
108 185 78
21 201 1
124 169 1
154 188 120
117 224 13
184 244 244
103 216 103
29 225 47
196 249 42
55 89 1
73 147 47
72 94 13
1 33 1
32 196 42
28 59 1
72 147 120
24 79 1
145 208 1
203 227 1
124 230 1
15 160 160
140 212 212
47 97 47
6 219 42
168 180 1
167 198 13
53 242 212
4 202 120
35 46 120
111 216 1
88 156 1
64 147 1
155 199 192
93 148 93
210 252 1
40 200 1
80 215 1
74 224 224
156 186 156
14 165 13
24 205 1
47 119 47
71 75 1
33 195 212
198 248 1
17 227 227
156 254 1
39 144 160
47 124 47
70 94 1
75 77 78
1 11 1
61 162 212
34 145 1
36 63 212
47 63 1
83 104 1
64 144 78
68 115 13
160 256 212
54 195 1
169 176 160
60 78 1
78 248 78
52 227 13
152 225 92
125 168 120
59 156 34
75 146 1
17 117 227
63 198 1
31 180 34
18 25 104
170 218 212
62 250 78
120 189 120
23 242 6
26 167 167
9 20 13
172 193 213
28 231 1
104 233 213
143 147 120
194 208 1
3 208 27
56 67 93
119 253 1
136 217 78
13 256 1
191 231 1
169 172 1
120 232 120
37 180 1
66 205 1
81 197 83
225 251 120
1 87 1
34 67 1
137 156 42
76 153 47
35 215 120
34 42 42
177 209 152
97 177 92
25 216 47
57 106 1
6 223 6
38 66 1
7 240 151
54 206 1
177 229 120
55 139 78
66 89 224
42 151 42
89 215 224
56 171 1
47 95 1
107 177 120
57 69 139
121 194 1
80 210 247
71 153 47
111 128 111
93 218 1
54 217 1
110 212 212
121 247 212
106 189 13
173 256 27
67 214 120
137 144 212
105 221 105
124 229 120
107 239 1
80 180 247
9 155 224
41 128 1
43 165 120
92 123 92
53 96 10
27 239 42
1 124 1
83 147 1
64 121 139
173 250 212
43 123 47
32 137 27
32 230 212
194 200 118
44 48 1
20 104 120
209 221 152
78 204 78
9 112 13
80 217 212
33 255 1
141 144 160
31 202 1
12 47 47
101 218 1
111 136 78
12 237 47
1 158 1
68 182 13
40 226 1
182 224 224
3 113 42
5 125 120
141 219 212
200 252 118
204 240 212
94 112 227
68 76 120
27 232 1
1 73 1
179 210 42
75 243 212
16 19 212
104 254 213
44 80 1
37 230 1
1 154 1
62 78 78
164 208 151
169 195 78
156 252 1
175 187 212
19 32 212
94 143 2
1 200 1
197 226 1
171 182 1
51 144 1
116 226 120
59 149 212
12 152 152
29 159 1
208 220 42
98 214 1
52 235 1
107 179 1
78 166 78
43 166 1
50 232 1
41 118 118
8 114 1
20 255 20
43 52 120
156 245 212
55 250 10
188 216 92
24 246 120
29 116 120
21 135 120
103 135 93
110 222 212
23 24 1
41 124 213
61 213 1
109 192 1
96 174 1
52 248 1
66 174 192
178 215 120
45 120 1
110 211 1
113 176 212
85 251 1
122 253 247
73 130 1
78 197 78
53 151 212
14 228 227
62 81 81
34 167 1
117 146 28
101 229 13
162 171 83
66 188 120
111 134 111
1 178 1
32 93 1
122 138 34
84 157 42
125 143 120
27 170 27
154 197 1
157 177 1
91 123 1
14 227 227
172 182 120
104 241 104
72 115 115
42 235 212
179 253 42
33 114 212
13 116 13
90 191 120
120 146 120
50 153 1
183 229 227
2 226 120
57 197 83
73 249 1
143 146 227
75 114 78
151 256 151
212 218 212
126 240 151
46 238 9
81 161 139
21 238 9
2 246 2
143 210 1
81 98 78
1 83 1
28 171 1
114 222 114
106 182 13
123 250 1
28 147 120
158 191 92
30 229 30
66 160 1
15 46 1
89 174 224
118 233 118
17 97 120
53 173 212
3 127 27
33 80 42
44 145 120
184 190 34
108 137 212
114 244 212
158 178 93
31 184 220
121 134 111
34 219 34
178 244 1
124 211 211
95 135 1
31 210 34
54 101 13
13 242 1
63 204 204
115 221 120
71 232 47
123 206 1
17 30 227
15 144 160
56 108 1
46 49 1
86 241 120
17 109 1
111 175 111
29 145 213
87 167 13
151 224 1
168 199 224
88 188 92
154 213 120
104 192 120
40 115 1
153 155 120
3 163 212
127 256 27
8 238 13
20 218 1
49 101 1
59 87 1
2 120 120
146 246 227
90 94 227
25 168 120
18 43 213
69 157 212
218 223 212
97 124 47
71 213 213
180 244 34
8 87 2
66 123 120
20 138 1
141 202 1
51 224 224
159 178 1
96 133 1
124 254 213
37 123 92
58 165 1
59 68 1
6 178 1
82 128 212
177 245 1
2 115 13
144 195 78
40 113 42
9 53 1
13 199 13
2 106 227
35 148 92
144 222 78
8 209 120
42 173 42
159 212 212
43 181 47
177 213 47
84 207 1
213 223 1
180 212 212
57 95 78
25 211 211
96 206 78
136 139 78
178 217 1
215 251 192
55 169 10
246 254 120
50 131 78
76 150 104
174 192 192
16 41 1
210 220 34
117 154 13
98 157 212
99 248 212
173 219 42
80 118 1
82 220 220
158 189 120
47 123 47
129 208 1
38 43 1
141 232 1
169 248 160
57 111 139
27 134 212
180 231 42
139 199 1
29 127 1
23 187 151
103 138 1
14 50 1
85 230 212
151 251 1
64 198 1
60 207 104
32 50 212
37 179 1
98 148 1
149 169 10
146 148 120
76 172 172
40 249 249
37 232 152
189 208 1
21 167 224
34 244 34
158 218 1
38 78 78
81 137 212
6 249 6
83 180 212
60 63 1
115 127 1
53 109 160
28 111 1
158 177 92
162 206 139
10 48 160
61 220 34
94 106 227
7 136 212
70 247 42
118 146 120
189 218 1
4 157 1
239 253 247
140 224 1
186 247 34
167 174 167
11 99 1
22 124 104
99 256 151
31 49 34
58 156 220
179 239 42
158 193 47
113 114 212
60 151 1
11 98 1
196 244 220
1 205 1
147 248 1
202 223 1
9 182 9
210 244 34
54 133 13
79 84 212
128 210 212
94 196 1
227 229 227
222 235 83
32 226 1
150 249 1
144 245 203
167 229 13
80 149 212
126 219 42
186 233 1
56 155 120
57 252 1
36 256 151
9 81 1
22 102 1
60 211 211
72 225 120
120 237 120
85 89 1
77 139 139
15 77 78
19 200 1
42 236 42
22 72 120
39 147 1
190 253 247
183 196 1
1 14 1
151 231 151
33 220 42
1 79 1
180 237 1
104 107 120
87 157 1
77 235 139
2 94 2
180 247 247
73 166 1
50 246 1
185 239 212
15 250 10
142 185 212
116 181 120
8 28 227
75 88 1
89 164 1
164 165 1
244 253 34
201 203 203
187 242 151
100 252 118
94 234 2
58 242 42
45 97 1
57 109 78
165 220 1
95 228 1
59 163 212
170 233 1
134 250 78
165 208 1
59 166 212
62 200 1
39 104 1
95 159 160
132 182 13
119 188 92
24 182 120
196 247 34
9 89 9
3 249 151
111 229 1
42 231 42
12 213 47
135 160 1
70 87 1
103 113 1
159 197 78
144 183 1
156 212 212
179 249 6
67 93 93
1 156 1
95 212 212
39 51 1
219 252 1
28 118 120
216 245 1
5 46 224
60 238 120
2 227 227
45 240 42
24 229 120
60 194 213
119 135 93
199 209 120
59 215 1
164 204 212
1 30 1
66 190 1
3 9 1
46 202 13
68 198 198
138 156 220
117 132 227
126 242 6
72 180 1
130 247 247
66 120 120
60 164 1
207 235 1
93 105 92
25 253 1
232 254 47
21 254 120
86 122 1
134 136 78
140 237 1
13 21 13
15 230 78
146 168 13
161 166 78
118 173 1
160 250 160
38 241 1
92 183 120
198 234 227
39 212 212
134 140 111
17 33 1
115 122 1
165 167 192
140 248 78
11 47 47
26 115 192
220 236 42
90 112 28
132 208 1
198 256 1
191 227 120
71 167 120
10 149 10
23 36 6
62 228 1
24 107 120
187 215 1
10 250 10
10 81 78
80 124 1
54 214 13
152 236 1
10 230 78
183 219 1
37 243 1
30 37 120
123 204 1
29 70 1
81 234 1
6 58 42
77 105 1
105 138 1
43 148 47
191 221 152
27 192 1
55 138 212
235 253 212
179 231 231
222 225 1
103 123 103
103 186 1
163 251 1
141 156 212
58 83 212
36 224 1
7 129 1
173 174 1
64 142 212
35 80 1
205 240 42
67 211 47
152 235 1
203 248 203
88 131 1
18 182 120
52 189 224
55 77 78
135 232 92
51 93 120
166 185 203
37 153 152
85 224 1
14 120 120
53 60 1
82 256 42
56 132 120
8 129 2
1 186 1
198 225 120
39 183 1
61 142 34
42 184 42
1 159 1
25 232 47
102 147 1
184 220 220
20 120 120
12 108 1
48 111 78
27 128 212
94 193 120
8 241 120
125 171 1
136 201 203
217 220 212
116 120 120
83 121 139
96 201 160
188 214 120
41 121 1
74 164 1
18 172 18
58 85 42
109 166 166
78 105 1
183 255 227
138 213 1
1 66 1
20 176 1
15 126 212
76 113 1
21 89 21
83 151 212
9 11 120
23 245 212
47 200 47
11 61 1
99 243 42
224 230 1
1 88 1
49 224 1
33 72 1
180 190 247
37 124 47
106 131 1
18 137 1
21 116 9
188 228 120
43 183 120
26 252 120
51 194 120
151 220 42
50 179 212
30 198 28
85 153 1
76 165 120
85 130 42
34 205 34
80 174 1
115 198 13
15 159 10
134 205 212
211 248 1
40 247 42
45 133 1
77 134 111
12 216 92
42 111 212
80 225 1
110 243 110
120 197 1
18 234 120
22 121 1
24 94 120
104 196 1
194 209 47
18 49 1
17 96 1
95 211 1
56 156 1
195 252 1
150 231 1
125 146 120
38 175 111
24 93 47
141 204 78
110 190 34
68 88 120
5 150 120
128 173 212
4 42 1
59 196 34
44 230 1
1 198 1
67 180 1
101 190 1
9 106 13
16 103 1
26 199 192
187 211 1
119 137 1
11 43 213
115 166 1
16 71 1
128 169 78
22 25 104
9 51 224
83 161 139
86 208 1
124 189 120
52 96 1
84 253 34
127 152 1
7 153 1
4 200 118
233 239 1
8 120 120
117 255 28
138 162 212
71 185 1
5 178 120
175 242 212
42 121 212
31 33 42
22 246 120
128 209 1
130 139 212
122 220 34
105 200 47
61 194 1
59 252 1
69 236 212
37 93 92
102 181 1
99 250 212
26 230 1
99 251 1
32 132 1
47 233 47
11 145 104
23 149 212
10 178 1
46 212 1
80 253 247
25 147 213
27 59 42
138 228 1
83 136 78
161 178 1
49 145 1
167 232 120
238 239 1
15 96 15
118 207 213
42 186 42
83 109 78
11 69 1
4 129 120
104 199 120
170 198 1
97 103 93
14 99 1
65 133 13
45 62 212
141 237 1
29 237 118
110 138 220
40 49 42
4 245 1
6 244 42
53 206 78
57 75 78
84 126 42
1 15 1
95 201 203
65 166 1
40 54 1
9 26 224
66 251 192
111 182 1
138 225 1
121 175 111
39 148 1
121 156 212
26 178 120
67 77 1
60 114 1
46 113 1
65 132 2
76 118 213
86 158 120
110 198 1
153 174 120
163 236 212
47 231 1
25 237 213
107 134 1
164 210 42
148 211 47
84 118 1
13 91 1
106 239 1
133 169 1
147 224 120
17 254 120
90 229 90
5 154 224
45 205 247
87 90 227
74 153 120
60 228 120
132 236 1
78 146 1
41 120 120
23 190 42
61 154 1
10 132 1
13 30 13
78 120 1
77 225 1
1 184 1
94 198 227
22 211 104
177 199 120
12 181 152
10 62 78
82 216 1
39 58 212
56 237 47
230 234 1
98 183 1
65 158 120
35 93 92
91 212 212
18 193 213
14 236 1
20 162 1
43 80 1
19 119 1
96 252 1
23 49 42
174 217 1
22 250 1
74 254 120
77 89 1
218 226 1
6 155 1
64 197 64
34 190 34
19 21 1
116 164 1
31 81 212
29 216 47
10 15 10
93 125 93
25 55 1
10 175 78
142 244 244
13 70 1
26 86 13
13 246 13
40 189 1
118 183 120
83 139 139
49 99 42
8 228 2
87 215 13
145 148 47
41 241 213
54 114 1
15 245 160
123 129 120
95 190 212
44 50 1
72 161 1
81 102 78
51 226 120
77 140 140
49 193 1
96 179 212
29 200 118
41 254 118
47 78 1
111 249 212
25 29 213
193 246 120
65 165 13
5 115 192
45 57 212
59 229 1
59 192 1
236 249 151
43 88 47
70 225 1
36 161 212
186 256 42
118 194 118
145 221 47
133 182 182
104 238 120
1 187 1
158 210 1
23 227 1
174 252 120
240 256 256
46 153 120
39 152 1
40 185 212
171 224 1
82 213 1
41 200 118
1 162 1
128 250 78
7 64 212
59 230 212
139 221 1
181 234 120
97 175 1
189 199 192
18 75 1
155 159 1
15 201 160
39 78 78
3 220 42
180 195 212
133 171 1
208 243 42
11 173 1
13 86 13
85 101 1
106 242 1
16 195 212
35 152 152
20 187 1
121 195 139
141 221 1
141 201 160
24 147 213
186 209 1
28 38 1
95 183 1
46 67 120
50 64 139
32 245 212
29 35 47
204 230 139
10 115 1
25 50 1
157 208 157
125 155 120
128 174 1
117 174 13
173 215 1
105 192 120
49 219 219
149 227 1
40 110 42
132 183 2
4 60 213
13 137 1
87 200 120
1 230 1
12 251 120
116 183 13
25 251 120
75 218 160
150 219 1
9 141 1
1 28 1
77 131 78
31 166 212
36 241 1
15 92 1
52 233 120
69 213 1
49 229 1
138 175 212
226 249 1
56 193 47
6 55 212
40 128 212
25 26 120
97 173 1
180 250 212
13 234 13
221 240 1
86 130 1
87 119 120
77 191 1
23 236 151
3 152 1
34 235 212
221 223 1
182 217 1
134 170 212
42 251 1
91 210 34
164 174 1
7 126 6
46 168 9
134 155 1
17 147 120
93 217 1
32 236 27
247 248 212
34 201 212
24 145 104
37 116 120
93 116 120
204 250 78
50 171 139
49 190 247
195 208 212
69 255 1
143 214 13
22 194 213
126 203 212
158 240 1
1 94 1
15 102 10
50 140 111
44 147 120
33 37 1
45 212 212
80 237 1
114 139 139
218 235 78
132 187 1
46 233 120
27 85 27
8 52 13
11 30 120
104 134 1
91 182 1
17 93 120
107 238 9
45 49 247
71 118 118
68 222 1
109 180 212
106 251 13
168 192 224
56 135 93
144 179 212
127 192 1
33 245 212
14 211 120
71 169 1
3 180 42
170 179 151
213 247 1
16 231 231
60 137 1
48 57 78
23 231 6
10 197 78
199 215 199
107 198 13
56 242 1
87 143 143
43 194 43
119 241 47
186 210 34
131 240 212
107 155 224
9 17 13
84 243 220
46 225 120
156 174 1
68 101 13
151 211 1
58 227 1
138 200 1
95 102 160
191 199 120
32 172 1
38 256 212
125 228 120
38 48 78
15 254 1
119 122 1
138 183 1
82 190 34
170 175 212
40 60 1
54 225 120
123 137 1
7 97 1
163 197 78
21 54 13
1 144 1
81 90 1
143 231 1
87 181 120
42 73 1
197 206 139
20 229 28
14 52 13
74 233 120
52 117 13
42 130 42
173 220 42
22 86 120
74 192 224
93 120 120
6 14 1
118 193 118
157 187 27
195 204 83
209 240 1
41 178 47
70 77 212
32 231 151
164 209 1
118 181 47
93 207 47
103 212 1
97 163 1
29 150 213
119 120 120
81 95 78
172 207 172
51 159 1
63 217 139
179 216 1
221 254 47
34 242 42
56 245 1
72 193 120
3 121 212
39 145 1
99 164 6
34 240 42
82 238 1
141 155 1
46 74 9
137 170 27
42 190 42
85 165 1
120 202 120
27 151 151
65 171 1
183 230 1
84 119 1
85 121 212
110 219 34
95 196 212
153 200 47
76 139 1
145 153 47
71 144 1
32 88 1
52 93 120
97 165 120
59 236 42
123 198 120
45 47 1
9 217 1
54 143 227
60 113 1
242 256 151
103 169 1
171 244 212
100 163 1
29 164 1
166 186 212
66 157 1
174 223 1
52 215 224
190 244 34
18 32 1
151 235 212
94 160 1
94 250 1
72 123 120
6 156 42
174 236 1
104 153 47
62 212 212
208 224 1
148 199 120
167 249 1
154 169 1
162 181 1
132 220 1
65 157 1
190 212 212
203 215 1
137 145 1
82 162 212
117 126 1
41 157 1
11 143 120
148 221 92
147 252 118
20 158 120
68 185 1
35 225 92
8 11 120
70 206 212
33 52 1
24 71 213
189 207 120
123 247 1
51 68 13
36 183 1
69 88 1
82 121 212
86 88 120
1 236 1
62 101 1
96 153 1
75 129 1
64 192 1
110 115 1
172 252 213
41 119 47
119 233 47
36 99 6
4 230 1
82 244 220
92 96 1
14 78 1
223 247 42
78 185 78
75 152 1
17 213 120
123 168 120
55 127 212
43 196 1
7 211 1
116 221 120
63 150 1
40 164 6
17 112 227
121 189 1
26 229 13
23 44 1
160 189 1
188 253 1
195 255 1
12 87 120
80 137 42
42 242 42
55 113 212
175 183 1
180 207 1
122 240 42
209 216 92
170 196 42
129 191 120
103 229 120
84 147 1
105 243 1
151 213 1
120 168 120
108 142 212
144 236 212
165 198 13
31 80 34
25 47 47
174 198 13
58 256 42
14 65 227
40 236 151
70 123 1
1 249 1
19 160 160
120 191 120
140 190 212
40 137 151
91 180 34
149 175 78
27 223 151
143 155 13
62 204 83
28 106 28
36 127 151
15 58 212
72 226 120
54 77 1
98 124 1
33 136 212
103 168 120
18 77 1
242 245 212
40 151 151
203 234 1
57 227 1
163 194 1
19 153 1
152 241 47
85 231 151
38 235 139
75 203 160
164 206 212
8 184 1
121 187 212
4 47 47
38 44 1
47 56 47
12 147 47
90 101 13
143 144 1
100 145 213
64 186 212
19 148 1
28 112 28
77 111 111
52 89 89
13 202 13
161 204 139
13 171 1
67 169 1
178 218 1
211 239 1
72 153 120
34 111 212
106 194 120
150 232 47
117 129 227
2 85 1
49 194 1
17 230 1
84 237 1
122 247 247
199 249 1
97 168 120
58 191 1
127 236 27
226 252 47
20 106 28
102 141 102
36 95 212
173 247 42
37 89 120
105 158 92
32 60 1
78 226 1
120 229 120
30 185 1
87 241 120
77 98 78
71 82 1
87 155 13
73 209 73
95 203 203
21 154 21
155 171 1
73 244 1
77 184 212
56 78 1
25 206 1
115 188 120
39 84 212
183 231 1
29 213 213
78 159 78
117 191 120
169 244 212
75 206 78
42 180 42
203 246 1
25 92 47
55 108 78
118 232 47
123 213 47
209 230 1
139 195 139
139 142 212
116 154 9
182 214 182
11 51 120
78 140 78
125 126 1
214 241 120
187 206 212
120 203 1
27 213 1
51 70 1
47 174 120
46 193 120
32 242 151
132 135 120
1 166 1
118 142 1
4 141 1
68 119 120
101 180 1
131 179 212
127 162 212
103 188 92
123 215 120
27 249 151
185 221 1
149 247 212
25 166 1
109 116 1
144 230 78
79 139 139
23 239 42
51 119 120
105 183 120
107 115 224
92 141 1
81 215 1
112 158 120
61 202 1
139 149 78
18 124 104
128 170 212
25 254 213
25 66 120
48 142 212
163 166 203
160 247 212
75 179 212
15 89 1
119 254 47
160 174 1
200 253 1
91 176 212
31 42 42
108 204 204
67 110 1
13 133 13
2 117 227
33 196 42
17 73 120
164 173 151
17 156 1
76 211 104
102 220 212
8 190 1
153 207 47
168 175 1
31 101 1
94 130 1
59 235 212
70 151 151
161 248 78
168 218 1
96 211 1
24 53 1
151 173 151
67 104 47
1 139 1
28 163 1
18 121 1
80 138 34
73 208 1
22 153 47
74 160 1
161 211 1
48 75 160
28 233 120
141 171 78
170 206 212
109 136 203
224 249 1
95 136 95
35 178 92
47 54 120
1 176 1
56 168 120
1 216 1
23 33 23
81 177 1
128 186 212
85 249 151
41 125 47
48 128 78
96 112 1
21 68 13
53 171 78
99 197 212
33 155 1
122 217 212
25 155 120
53 231 212
39 80 212
90 206 1
3 255 1
181 193 47
100 213 213
33 179 6
47 138 1
79 206 111
4 71 118
69 77 111
74 208 1
9 59 1
118 249 1
18 213 213
12 188 152
126 187 151
33 230 212
187 217 212
188 226 152
187 253 42
80 219 247
4 233 118
72 182 224
216 221 92
9 47 120
186 237 1
101 227 13
126 166 212
53 251 1
108 129 1
16 65 1
108 248 78
31 212 212
56 84 1
46 175 1
102 157 212
41 75 1
17 143 143
151 240 151
90 169 1
62 130 212
12 37 37
93 135 93
2 123 120
113 193 1
37 50 1
163 212 212
40 170 151
25 194 213
78 171 78
52 249 1
55 122 212
120 167 120
219 244 34
56 203 1
90 106 90
7 131 212
9 46 9
165 184 1
100 118 118
160 239 212
126 183 1
23 103 1
59 254 1
24 58 1
12 198 120
129 255 227
37 182 120
101 213 120
206 223 212
63 230 139
109 215 1
4 131 1
60 83 1
42 247 42
92 97 92
70 111 212
87 237 120
16 105 1
181 217 1
15 189 1
113 223 42
69 161 161
130 168 1
87 110 1
12 225 92
77 114 139
120 217 1
32 37 1
99 215 1
207 254 213
127 167 1
8 176 1
48 227 1
89 132 13
22 173 1
83 216 1
10 185 160
96 169 10
64 68 1
11 38 1
3 158 1
88 246 120
49 90 1
189 193 120
63 72 1
75 137 212
104 214 120
10 221 1
107 216 120
114 136 78
111 114 139
60 180 1
87 164 1
135 215 120
144 160 160
68 176 1
165 224 224
102 168 1
45 91 34
191 246 120
102 169 102
78 94 1
46 51 224
96 247 212
158 221 92
107 167 224
3 193 1
59 82 34
83 95 78
96 108 78
38 42 212
176 218 203
176 250 160
118 203 1
114 160 78
56 232 92
22 118 213
187 239 42
41 237 118
61 122 247
71 154 120
139 244 212
107 245 1
11 48 1
100 140 1
188 194 47
29 118 118
59 153 1
146 172 120
83 94 1
57 144 78
112 254 120
43 241 213
31 149 212
54 222 1
12 171 1
61 96 212
98 181 1
169 217 78
61 190 247
160 249 212
14 46 13
27 209 1
70 155 1
78 149 78
4 192 120
42 135 1
155 180 1
212 247 212
38 186 212
7 73 1
174 230 1
97 178 93
38 39 78
14 90 28
6 42 42
115 146 13
106 224 13
66 241 120
57 63 83
145 178 47
105 110 1
82 188 1
38 219 212
10 159 10
149 201 160
32 181 1
97 252 47
218 227 1
12 97 92
83 177 1
13 119 120
213 237 213
72 236 1
31 209 1
4 151 1
145 227 120
98 212 212
61 82 34
67 118 47
59 91 34
59 86 1
43 125 47
51 59 1
34 162 212
31 114 212
83 210 212
166 245 203
61 153 1
152 181 152
85 125 1
71 195 1
33 218 212
1 148 1
31 124 1
133 155 224
42 243 42
11 91 1
128 179 212
121 151 212
3 138 42
46 169 1
8 213 120
1 31 1
228 238 13
223 246 1
24 241 104
170 182 1
50 121 111
106 203 1
139 191 1
114 128 139
165 174 192
57 154 1
32 133 1
1 189 1
227 228 227
117 249 1
11 134 1
45 208 42
59 98 212
209 249 1
37 163 1
163 184 212
44 87 2
109 152 1
147 196 1
82 173 42
54 190 1
82 116 1
135 231 1
203 245 203
44 199 13
10 220 212
233 242 1
17 85 1
215 247 1
120 158 120
41 90 120
68 226 120
173 251 1
104 194 213
78 79 78
45 110 34
34 126 42
157 243 42
63 162 83
79 174 1
6 164 6
91 137 42
96 103 1
63 77 139
219 220 34
57 236 212
6 21 1
210 250 212
124 207 104
55 69 78
46 146 13
23 151 151
61 156 34
53 241 1
59 147 1
108 109 78
97 225 93
111 171 139
1 174 1
10 160 160
75 120 1
193 233 118
97 107 120
100 101 120
134 171 139
80 254 1
141 160 160
42 122 42
81 85 212
42 105 1
38 69 111
110 256 42
107 224 224
28 73 120
96 128 78
55 185 160
142 166 212
125 201 1
13 82 1
112 188 120
69 74 1
19 151 212
149 211 1
109 163 203
23 252 1
89 191 120
203 218 203
36 129 1
110 223 42
174 182 224
13 24 120
7 111 212
23 211 1
200 228 120
47 94 120
160 235 78
66 245 1
113 159 212
141 150 1
89 103 120
118 192 120
217 247 212
58 212 212
176 190 212
9 222 1
188 217 1
94 210 1
19 78 78
37 84 1
40 256 151
68 111 1
118 168 120
130 205 247
132 192 13
82 184 220
114 231 212
198 227 227
13 95 1
128 140 140
97 199 120
157 231 151
83 197 83
27 89 1
139 181 1
1 222 1
1 180 1
62 235 83
79 205 212
78 200 1
55 233 1
20 150 120
50 227 1
3 25 1
12 134 1
112 145 120
219 239 247
152 240 1
137 243 42
60 247 1
151 227 1
123 178 123
175 231 212
7 34 42
40 139 212
46 227 13
22 131 1
183 198 227
79 223 212
33 233 1
100 240 1
110 203 212
26 144 1
89 143 13
96 159 10
104 221 47
69 117 1
154 162 1
140 182 1
133 189 224
35 90 120
70 86 1
124 183 120
13 241 120
191 252 47
73 119 92
91 142 220
86 199 13
13 54 13
167 171 1
194 215 120
151 179 151
212 253 212
75 176 160
48 92 1
149 186 212
54 72 13
18 150 104
139 173 212
9 194 120
17 173 1
94 176 1
6 80 42
66 68 13
86 163 1
127 248 212
83 212 212
13 72 13
93 122 1
3 103 1
17 86 227
35 92 92
65 94 65
171 222 83
94 97 120
89 120 120
75 213 1
121 238 1
9 114 1
132 152 120
79 255 1
114 149 78
45 67 1
57 80 212
61 88 1
32 212 212
15 125 1
50 222 139
114 189 1
30 90 90
153 166 1
92 244 1
89 224 224
18 144 1
59 219 247
128 220 212
6 19 212
113 212 212
111 147 1
18 63 1
120 200 120
47 212 1
138 227 1
132 237 120
158 169 1
121 250 78
50 62 139
122 250 212
147 244 1
114 181 1
6 201 212
25 54 120
112 203 1
51 232 120
98 211 1
1 123 1
31 244 220
29 197 1
97 106 120
119 185 1
55 240 212
44 100 120
44 234 2
109 159 160
31 141 212
6 242 6
10 216 1
44 193 120
212 235 212
26 105 120
199 214 224
57 176 78
34 248 212
26 175 1
68 225 120
56 191 92
62 85 212
70 222 212
138 147 1
88 163 1
42 254 1
174 215 192
173 240 27
124 178 47
9 167 224
13 16 1
70 187 27
67 91 1
36 90 1
192 238 224
31 182 1
67 105 92
109 143 1
46 177 120
1 182 1
11 216 47
120 255 120
145 252 213
4 94 120
98 145 1
108 156 212
24 134 1
82 203 212
203 244 212
198 199 13
19 169 10
38 169 78
9 98 1
75 128 78
85 99 151
179 215 1
111 231 212
64 127 212
35 97 92
64 83 83
61 219 219
156 205 34
82 171 212
161 247 212
113 217 212
204 223 212
26 108 1
88 181 92
45 193 1
50 134 134
11 165 120
44 158 120
114 164 212
83 113 212
113 237 1
160 238 1
36 195 212
6 16 6
54 203 1
99 184 42
228 245 1
55 58 212
18 152 47
91 211 1
6 13 1
115 224 224
45 219 247
200 211 213
3 219 42
148 190 1
78 219 212
36 47 1
98 171 78
68 127 1
207 211 104
117 246 227
167 168 224
162 204 83
33 187 151
48 98 160
61 143 1
182 218 1
158 226 92
222 250 78
144 218 203
172 221 47
89 242 1
211 217 1
92 105 92
50 98 78
29 247 1
116 167 224
54 138 1
7 62 212
42 49 42
128 141 78
114 204 83
65 109 1
93 119 93
63 131 78
61 195 212
123 192 120
42 95 212
88 105 92
122 165 1
173 207 1
183 240 1
95 99 212
11 137 1
20 130 1
130 196 34
21 84 1
198 210 1
61 127 42
138 142 220
108 179 212
224 242 1
8 170 1
212 226 1
50 82 212
10 61 212
169 238 1
12 125 92
82 164 42
28 192 13
86 90 90
20 112 112
43 71 118
99 202 1
175 247 212
193 255 120
172 245 1
69 183 1
99 174 1
26 142 1
123 224 120
67 188 92
83 194 1
154 167 224
13 174 13
13 207 120
20 30 28
56 63 1
27 195 212
74 255 13
209 247 1
7 216 1
131 159 160
96 118 1
188 233 47
36 218 212
47 209 47
24 235 1
33 231 6
59 256 42
75 167 1
160 161 78
42 117 1
20 175 1
16 63 212
169 194 1
39 225 1
58 94 1
151 164 151
16 23 6
3 170 27
72 187 1
65 143 2
65 72 13
124 213 213
10 32 212
129 171 1
91 133 1
144 216 1
121 204 139
45 138 34
211 226 47
52 92 120
35 193 47
177 254 47
142 220 220
115 116 224
107 117 13
69 86 1
50 52 1
54 194 120
187 229 1
56 255 120
122 210 247
99 191 1
15 180 212
46 164 1
19 54 1
115 159 1
47 160 1
1 44 1
75 93 1
101 228 13
151 242 151
30 92 120
222 243 212
33 39 212
66 148 120
36 238 1
158 219 1
184 246 1
15 112 1
69 182 1
93 147 47
17 81 1
129 251 13
5 32 1
50 76 1
50 108 139
104 211 104
51 174 192
25 193 213
5 255 13
195 213 1
69 234 1
174 239 1
233 240 1
184 216 1
177 252 47
154 155 224
56 103 103
47 148 47
112 182 13
64 76 1
68 210 1
122 150 1
67 100 47
42 127 42
69 96 78
39 106 1
33 204 212
243 245 212
125 162 1
70 126 151
195 196 212
157 240 27
1 215 1
71 186 1
101 215 224
68 106 28
120 227 120
124 159 1
41 48 1
11 167 120
216 222 1
212 236 212
16 40 6
62 159 78
141 177 1
38 94 1
107 214 9
92 133 120
1 229 1
4 224 120
80 161 212
140 161 111
47 107 120
218 234 1
3 231 151
53 114 78
107 186 1
166 193 1
91 227 1
159 175 78
29 170 1
181 253 1
47 153 47
118 198 120
7 154 1
124 245 1
9 103 120
28 37 120
31 140 212
32 92 1
59 205 247
16 38 212
12 103 92
203 212 212
57 243 212
16 94 1
79 203 78
128 212 212
44 155 13
218 253 212
115 135 120
131 151 212
92 179 1
68 246 227
29 206 1
130 231 42
46 170 1
135 233 47
188 222 1
78 216 1
74 217 1
103 244 1
17 169 1
231 235 212
59 216 1
98 141 10
123 199 120
231 244 42
138 150 1
24 49 1
19 199 1
95 117 1
73 126 1
53 84 212
