128 3553
4 89 1
67 84 56
52 76 44
14 31 14
9 13 2
6 41 1
83 111 74
92 111 92
93 106 86
35 58 26
2 87 2
42 102 32
60 122 50
2 96 2
32 47 32
54 71 44
56 95 56
5 98 1
5 88 1
64 89 56
119 128 110
105 109 98
41 120 32
44 50 44
26 104 26
57 111 50
38 40 32
82 92 74
3 127 1
52 123 44
74 112 74
96 117 86
15 38 8
38 43 32
42 122 32
86 120 86
23 87 14
44 56 44
88 120 80
23 29 14
90 124 80
85 106 74
1 15 1
26 113 26
52 108 44
48 114 38
71 111 62
68 94 68
38 123 38
63 122 56
105 113 98
101 118 92
26 80 26
109 126 98
35 59 26
5 127 1
1 23 1
5 40 1
2 9 2
97 125 86
39 57 32
79 86 68
39 117 32
91 125 80
74 117 74
2 122 2
56 70 56
25 110 14
14 17 8
63 67 56
71 110 62
93 127 86
12 40 2
2 119 2
100 102 92
76 122 68
14 27 14
62 87 62
26 115 26
64 123 56
35 89 26
100 109 92
1 50 1
52 56 44
37 70 26
66 124 56
77 126 68
90 113 80
20 50 20
30 109 20
117 125 110
8 41 8
1 66 1
28 112 20
32 70 32
71 98 62
68 85 68
112 127 104
115 128 104
47 71 38
69 90 62
67 107 56
86 95 86
27 31 20
22 120 14
31 106 20
101 103 92
5 108 1
83 91 74
66 85 56
23 115 14
82 84 74
19 118 8
70 92 62
35 67 26
14 53 14
31 99 20
14 73 14
62 88 62
1 85 1
90 92 80
106 107 98
73 89 62
26 122 26
8 82 8
2 105 2
43 128 32
44 94 44
95 114 86
20 66 20
59 82 50
14 15 8
89 102 80
27 38 20
68 83 68
41 65 32
64 67 56
68 102 68
18 29 8
63 105 56
72 127 62
83 114 74
64 75 56
21 22 14
25 74 14
43 73 32
107 124 98
27 39 20
96 97 86
48 54 38
114 126 104
1 36 1
43 105 32
70 97 62
15 95 8
51 110 44
1 16 1
44 118 44
52 65 44
20 52 20
1 11 1
25 125 14
61 104 50
8 23 8
81 126 74
2 109 2
16 52 8
38 44 38
31 113 20
56 94 56
8 128 8
6 98 1
51 66 44
60 98 50
87 127 80
23 126 14
48 80 38
87 125 80
25 91 14
2 13 2
80 128 80
30 115 20
1 119 1
47 60 38
19 100 8
66 95 56
2 99 2
31 47 20
20 117 20
23 68 14
6 28 1
4 84 1
24 60 14
15 102 8
36 109 26
16 93 8
9 60 2
100 103 92
14 37 14
88 92 80
19 128 8
10 74 2
44 111 44
34 65 26
32 42 32
115 116 104
8 86 8
8 39 8
1 19 1
15 24 8
88 128 80
99 108 92
18 105 8
102 112 92
31 122 20
4 6 1
51 112 44
44 65 44
21 101 14
46 62 38
50 54 44
6 123 1
4 13 1
75 106 68
51 107 44
14 122 14
42 46 32
91 112 80
14 82 14
44 67 44
114 119 104
38 89 38
12 83 2
17 40 8
17 108 8
46 70 38
61 115 50
97 99 86
70 95 62
31 92 20
94 125 86
56 61 50
44 57 44
57 58 50
28 111 20
78 101 68
58 64 50
6 45 1
12 85 2
17 34 8
38 67 38
37 68 26
74 97 74
3 81 1
81 82 74
23 58 14
38 122 38
1 44 1
44 61 44
42 121 32
80 113 80
27 104 20
6 112 1
67 117 56
25 47 14
67 70 56
45 75 38
80 91 80
12 67 2
9 66 2
2 18 2
27 80 20
102 109 92
51 123 44
22 116 14
6 60 1
74 79 68
65 80 56
35 114 26
105 128 98
13 99 2
42 50 32
55 68 44
61 71 50
51 80 44
20 53 20
119 126 110
1 77 1
21 62 14
45 63 38
22 108 14
35 40 26
38 47 38
8 18 8
45 92 38
55 58 44
86 128 86
70 118 62
72 100 62
15 37 8
28 94 20
111 116 104
1 34 1
54 55 44
14 103 14
22 92 14
33 80 26
1 39 1
94 103 86
20 40 20
35 90 26
40 54 32
29 88 20
33 38 26
109 119 98
121 125 110
9 94 2
32 55 32
102 120 92
25 81 14
75 109 68
5 125 1
64 107 56
6 19 1
2 75 2
21 24 14
99 111 92
80 96 80
70 93 62
8 52 8
4 111 1
24 49 14
88 126 80
26 43 26
26 28 20
96 105 86
37 46 26
33 58 26
72 111 62
38 111 38
23 82 14
1 61 1
1 80 1
30 102 20
81 116 74
98 123 98
68 128 68
99 103 92
90 128 80
89 106 80
52 55 44
2 82 2
97 106 86
1 69 1
44 91 44
26 64 26
84 86 74
46 87 38
32 88 32
11 73 2
27 115 20
95 109 86
94 127 86
4 100 1
1 108 1
1 7 1
11 43 2
73 106 62
11 59 2
113 116 104
44 66 44
38 76 38
32 114 32
32 99 32
103 128 92
123 125 116
10 99 2
96 103 86
18 19 8
17 78 8
8 75 8
25 66 14
32 53 32
41 47 32
38 106 38
18 125 8
14 64 14
93 125 86
49 114 38
26 53 26
52 67 44
32 81 32
17 60 8
68 81 68
44 64 44
26 44 26
79 103 68
38 116 38
98 108 98
83 90 74
64 79 56
59 61 50
22 34 14
65 112 56
98 105 98
8 119 8
11 108 2
22 122 14
91 128 80
36 117 26
46 99 38
86 123 86
26 89 26
13 89 2
62 82 62
2 114 2
52 95 44
34 115 26
46 73 38
21 28 14
17 46 8
36 64 26
110 123 110
28 67 20
56 62 56
77 78 68
62 77 62
40 51 32
8 26 8
1 71 1
3 75 1
24 59 14
36 92 26
30 56 20
74 121 74
20 38 20
27 122 20
74 94 74
3 71 1
20 80 20
3 126 1
8 76 8
49 121 38
53 92 44
2 67 2
91 120 80
11 26 2
13 16 2
9 65 2
92 96 86
18 74 8
2 6 1
46 68 38
52 60 44
1 49 1
10 94 2
78 87 68
1 120 1
83 118 74
79 100 68
112 123 104
29 43 20
65 111 56
88 96 80
106 113 98
56 83 56
9 10 2
80 111 80
44 68 44
29 83 20
30 31 20
35 81 26
32 51 32
83 108 74
32 87 32
67 121 56
10 111 2
45 85 38
13 68 2
56 65 56
109 118 98
24 93 14
61 75 50
98 100 92
56 128 56
28 115 20
66 75 56
6 61 1
60 84 50
34 99 26
46 54 38
102 108 92
121 122 110
64 82 56
31 66 20
89 91 80
2 81 2
4 72 1
60 120 50
28 64 20
61 66 50
97 102 86
14 24 14
9 112 2
19 126 8
58 107 50
91 109 80
50 74 50
20 28 20
68 75 68
25 119 14
67 90 56
55 60 44
73 98 62
27 40 20
53 56 44
62 97 62
33 101 26
42 45 32
96 99 86
31 39 20
93 108 86
5 64 1
14 44 14
10 14 2
98 116 98
27 91 20
3 78 1
37 107 26
56 86 56
73 97 62
38 121 38
52 112 44
27 71 20
68 124 68
73 127 62
36 57 26
73 77 62
1 33 1
47 63 38
18 32 8
47 80 38
42 86 32
14 93 14
60 85 50
4 55 1
80 104 80
86 94 86
56 111 56
12 72 2
94 98 86
116 128 116
32 121 32
46 121 38
88 94 80
5 50 1
18 52 8
24 111 14
57 98 50
1 56 1
71 103 62
80 127 80
31 88 20
21 49 14
13 52 2
112 115 104
77 114 68
79 90 68
2 65 2
62 73 62
44 97 44
15 106 8
32 106 32
2 73 2
79 81 68
49 52 38
46 109 38
18 48 8
90 106 80
46 108 38
32 93 32
68 113 68
25 33 14
16 74 8
46 113 38
31 118 20
64 95 56
26 111 26
2 107 2
73 100 62
58 125 50
43 87 32
26 33 26
7 84 1
8 51 8
38 104 38
48 100 38
31 98 20
36 126 26
49 72 38
118 126 110
70 96 62
68 84 68
10 88 2
95 100 86
32 56 32
1 100 1
78 79 68
4 5 1
67 114 56
51 97 44
32 83 32
10 63 2
75 80 68
98 118 98
39 54 32
19 57 8
21 116 14
75 123 68
17 69 8
84 90 74
46 48 38
4 17 1
32 82 32
61 100 50
111 114 104
62 79 62
10 21 2
113 114 104
18 23 8
97 128 86
75 113 68
37 101 26
119 124 110
119 122 110
14 72 14
1 5 1
32 60 32
104 127 104
70 128 62
21 67 14
2 39 2
78 102 68
12 91 2
8 46 8
1 103 1
58 61 50
111 115 104
39 40 32
2 117 2
115 121 104
26 120 26
57 66 50
68 106 68
62 102 62
18 49 8
56 77 56
43 110 32
111 126 104
45 46 38
99 102 92
30 107 20
50 68 50
9 119 2
89 101 80
90 110 80
24 34 14
82 88 74
83 100 74
20 92 20
28 31 20
73 74 62
107 115 98
45 70 38
3 119 1
3 56 1
31 86 20
6 108 1
55 73 44
34 72 26
1 117 1
4 43 1
47 111 38
37 88 26
107 126 98
1 35 1
83 97 74
63 79 56
93 94 86
1 126 1
15 19 8
106 120 98
94 124 86
21 70 14
68 126 68
45 99 38
44 119 44
101 128 92
44 124 44
32 44 32
13 32 2
93 121 86
118 128 110
45 77 38
110 120 110
37 39 26
25 62 14
60 113 50
71 100 62
94 114 86
87 106 80
56 108 56
59 91 50
28 47 20
2 79 2
7 102 1
79 82 68
14 121 14
1 3 1
58 122 50
92 95 86
17 81 8
43 84 32
56 67 56
1 62 1
33 53 26
24 53 14
101 126 92
33 93 26
99 104 92
31 77 20
54 95 44
39 83 32
98 110 98
39 42 32
39 128 32
21 25 14
8 95 8
94 102 86
71 84 62
50 121 50
20 128 20
69 97 62
33 97 26
69 77 62
117 124 110
15 21 8
34 41 26
55 104 44
45 71 38
90 117 80
46 49 38
99 120 92
91 118 80
45 78 38
19 38 8
31 74 20
34 93 26
2 11 2
16 26 8
2 90 2
7 120 1
5 20 1
31 63 20
21 84 14
1 22 1
107 121 98
35 36 26
17 61 8
84 87 74
55 75 44
35 44 26
88 99 80
33 43 26
33 96 26
30 101 20
31 62 20
35 54 26
41 109 32
11 95 2
21 36 14
92 125 92
11 87 2
112 122 104
94 121 86
55 115 44
27 70 20
25 102 14
15 40 8
55 98 44
20 82 20
76 87 68
79 93 68
95 105 86
45 128 38
59 101 50
25 67 14
8 10 2
98 124 98
52 57 44
62 95 62
38 81 38
73 116 62
84 115 74
1 104 1
8 88 8
32 65 32
82 98 74
17 126 8
95 128 86
33 99 26
74 89 74
35 92 26
45 118 38
58 63 50
9 128 2
43 48 32
12 32 2
63 99 56
24 84 14
53 84 44
15 16 8
38 69 38
49 128 38
48 77 38
3 123 1
8 72 8
110 127 110
52 106 44
48 64 38
29 115 20
71 82 62
58 90 50
31 126 20
43 54 32
13 113 2
38 49 38
68 93 68
66 77 56
27 118 20
25 78 14
47 103 38
14 56 14
111 112 104
20 42 20
8 9 2
67 94 56
53 63 44
77 125 68
85 110 74
75 118 68
8 117 8
5 42 1
61 73 50
45 47 38
27 77 20
86 109 86
3 96 1
94 96 86
65 96 56
8 84 8
68 89 68
52 74 44
16 58 8
2 17 2
52 70 44
21 98 14
40 69 32
36 120 26
60 121 50
34 98 26
26 50 26
87 112 80
16 127 8
3 74 1
56 76 56
121 126 110
29 117 20
11 125 2
36 83 26
44 76 44
10 56 2
20 30 20
41 115 32
87 104 80
2 10 2
58 88 50
87 101 80
1 14 1
59 126 50
55 112 44
6 29 1
106 109 98
2 37 2
49 111 38
53 120 44
69 96 62
62 122 62
18 92 8
41 108 32
1 114 1
13 44 2
20 85 20
65 92 56
22 109 14
93 100 86
14 66 14
16 90 8
2 34 2
39 56 32
71 123 62
83 113 74
14 49 14
13 65 2
57 91 50
82 90 74
89 93 80
42 109 32
38 50 38
82 87 74
120 126 110
50 65 50
37 86 26
94 128 86
107 110 98
62 76 62
9 12 2
106 112 98
8 16 8
16 96 8
25 85 14
40 50 32
76 79 68
8 22 8
20 71 20
8 55 8
12 115 2
117 120 110
5 58 1
33 41 26
16 91 8
84 107 74
39 106 32
20 57 20
77 96 68
117 123 110
26 49 26
59 86 50
49 61 38
46 82 38
80 89 80
57 88 50
93 96 86
10 73 2
74 93 74
112 117 104
16 107 8
62 72 62
70 124 62
20 124 20
95 123 86
41 43 32
40 114 32
101 104 92
95 96 86
32 85 32
71 77 62
90 104 80
70 112 62
6 62 1
61 84 50
17 33 8
3 106 1
26 76 26
96 119 86
68 72 62
4 123 1
71 128 62
53 77 44
54 85 44
1 51 1
33 113 26
26 73 26
38 77 38
24 76 14
51 60 44
16 35 8
26 38 26
3 128 1
71 127 62
25 88 14
7 39 1
29 85 20
1 40 1
14 34 14
18 90 8
39 112 32
85 93 74
1 27 1
86 114 86
3 38 1
45 48 38
24 128 14
11 18 2
11 40 2
38 55 38
58 95 50
8 118 8
79 88 68
80 87 80
53 116 44
26 70 26
26 51 26
37 83 26
64 103 56
41 89 32
15 23 8
79 80 68
38 74 38
56 60 50
7 117 1
40 43 32
7 19 1
28 86 20
33 125 26
43 57 32
42 103 32
75 111 68
1 90 1
37 52 26
2 72 2
25 128 14
15 120 8
68 111 68
23 54 14
50 101 50
50 127 50
86 91 80
87 100 80
25 45 14
116 124 116
62 128 62
97 103 86
28 104 20
2 43 2
8 33 8
32 120 32
50 118 50
88 121 80
86 125 86
99 122 92
32 48 32
26 78 26
45 104 38
53 128 44
12 15 2
82 112 74
116 123 116
51 73 44
53 72 44
51 98 44
87 119 80
37 38 26
8 69 8
105 112 98
29 127 20
8 93 8
26 83 26
3 117 1
30 45 20
1 53 1
59 88 50
25 86 14
39 52 32
20 59 20
23 85 14
7 104 1
44 84 44
84 94 74
18 124 8
50 87 50
28 59 20
76 77 68
6 17 1
91 115 80
23 90 14
52 54 44
27 53 20
65 91 56
1 95 1
56 82 56
103 111 92
63 66 56
63 93 56
6 10 1
118 121 110
83 128 74
110 119 110
121 124 110
87 117 80
77 128 68
52 81 44
24 81 14
6 77 1
27 119 20
18 123 8
50 72 50
44 99 44
26 46 26
34 74 26
27 48 20
32 71 32
36 37 26
104 121 104
108 120 98
8 78 8
26 74 26
33 128 26
32 95 32
94 123 86
55 128 44
74 75 68
25 109 14
42 68 32
53 103 44
47 96 38
22 55 14
114 120 104
70 113 62
23 128 14
107 118 98
65 79 56
42 79 32
44 51 44
97 98 86
2 7 1
74 101 74
48 49 38
28 100 20
58 66 50
77 79 68
52 97 44
3 12 1
22 27 14
114 117 104
14 40 14
8 43 8
26 67 26
29 82 20
89 124 80
40 127 32
54 65 44
1 72 1
57 96 50
60 62 50
99 128 92
58 59 50
86 103 86
2 14 2
1 25 1
32 43 32
27 29 20
91 93 80
72 84 62
14 106 14
5 22 1
80 103 80
56 72 56
13 84 2
40 94 32
55 113 44
95 111 86
32 76 32
55 85 44
56 96 56
104 110 104
80 99 80
59 62 50
86 88 80
52 75 44
82 127 74
39 84 32
81 111 74
38 72 38
26 59 26
57 85 50
75 108 68
29 102 20
110 111 104
39 45 32
112 116 104
99 109 92
33 37 26
21 99 14
27 50 20
51 55 44
23 97 14
55 93 44
11 64 2
48 121 38
45 73 38
14 41 14
89 92 80
1 93 1
100 119 92
1 30 1
16 75 8
34 36 26
14 74 14
20 64 20
2 12 2
76 124 68
9 33 2
65 107 56
78 99 68
64 87 56
19 69 8
14 104 14
108 111 98
28 52 20
29 116 20
21 66 14
40 95 32
66 83 56
45 54 38
2 100 2
51 113 44
22 33 14
5 110 1
60 91 50
86 124 86
68 122 68
7 81 1
14 107 14
58 110 50
78 96 68
51 63 44
63 95 56
5 6 1
70 73 62
123 128 116
57 116 50
56 104 56
63 81 56
60 94 50
38 114 38
59 83 50
80 84 74
90 94 80
6 116 1
14 39 14
14 87 14
32 40 32
2 30 2
15 125 8
53 75 44
8 99 8
60 114 50
58 118 50
40 64 32
5 66 1
13 43 2
5 26 1
24 41 14
32 38 32
69 128 62
81 109 74
26 42 26
38 68 38
38 120 38
62 84 62
91 95 80
63 97 56
44 85 44
91 99 80
29 30 20
47 113 38
68 112 68
7 33 1
105 126 98
26 30 20
99 100 92
74 86 74
14 33 14
118 120 110
22 124 14
3 5 1
54 88 44
76 125 68
12 118 2
68 127 68
76 97 68
7 115 1
41 73 32
14 35 14
22 114 14
22 103 14
47 65 38
122 128 122
32 54 32
3 7 1
81 93 74
20 55 20
1 38 1
5 7 1
83 123 74
104 105 98
1 128 1
69 73 62
6 73 1
42 43 32
106 116 98
26 116 26
62 110 62
2 15 2
63 78 56
42 44 32
82 117 74
22 70 14
73 105 62
1 107 1
71 80 62
47 83 38
46 56 38
65 87 56
52 86 44
16 56 8
14 68 14
9 26 2
50 126 50
6 24 1
26 88 26
16 111 8
86 117 86
12 100 2
20 29 20
106 127 98
75 95 68
21 119 14
90 95 80
59 72 50
10 83 2
46 128 38
40 82 32
20 33 20
103 109 92
44 80 44
11 121 2
32 79 32
2 76 2
111 120 104
32 72 32
6 102 1
68 91 68
10 128 2
118 124 110
29 92 20
74 84 74
50 79 50
41 68 32
95 107 86
7 123 1
54 107 44
33 44 26
10 54 2
38 75 38
11 27 2
81 88 74
41 56 32
48 51 38
96 112 86
31 128 20
15 119 8
3 6 1
12 13 2
25 60 14
65 98 56
20 24 14
14 90 14
112 118 104
68 79 68
8 29 8
11 13 2
82 105 74
56 88 56
112 113 104
94 105 86
79 128 68
21 50 14
21 121 14
82 121 74
22 24 14
9 21 2
17 63 8
26 72 26
61 128 50
113 121 104
6 111 1
65 126 56
87 94 80
96 111 86
100 128 92
93 111 86
55 95 44
87 128 80
59 73 50
66 73 56
95 118 86
14 102 14
97 122 86
8 36 8
74 126 74
11 81 2
20 96 20
42 92 32
102 113 92
74 83 74
109 125 98
53 106 44
44 96 44
20 93 20
54 127 44
46 120 38
15 69 8
25 98 14
50 55 44
37 90 26
26 32 26
14 54 14
38 127 38
56 90 56
28 99 20
2 59 2
92 115 92
74 90 74
56 126 56
99 112 92
33 35 26
94 119 86
25 80 14
113 125 104
95 97 86
98 127 98
34 67 26
8 89 8
8 74 8
55 107 44
109 123 98
96 109 86
14 118 14
29 71 20
81 98 74
17 57 8
124 126 116
83 88 74
14 71 14
71 97 62
49 109 38
40 61 32
14 85 14
73 85 62
40 53 32
57 100 50
10 19 2
93 99 86
20 67 20
115 123 104
95 119 86
47 127 38
23 77 14
106 126 98
38 80 38
19 113 8
66 101 56
49 108 38
32 49 32
10 26 2
19 96 8
107 109 98
10 62 2
80 114 80
37 112 26
63 65 56
69 120 62
97 113 86
8 61 8
6 32 1
28 92 20
46 125 38
67 92 56
122 125 116
15 62 8
66 67 56
65 128 56
62 68 62
44 83 44
29 98 20
14 67 14
23 56 14
41 101 32
56 63 56
93 128 86
65 110 56
4 58 1
121 127 110
65 68 56
7 57 1
15 52 8
8 38 8
69 99 62
72 128 62
14 126 14
2 120 2
16 34 8
22 23 14
7 66 1
2 44 2
4 59 1
32 45 32
98 102 92
59 125 50
70 127 62
86 89 80
20 115 20
20 46 20
74 125 74
33 60 26
45 121 38
10 115 2
65 120 56
38 98 38
62 127 62
80 120 80
23 25 14
21 95 14
1 110 1
68 70 62
64 78 56
85 92 74
32 78 32
2 124 2
20 61 20
8 37 8
33 87 26
7 13 1
20 102 20
26 125 26
71 76 62
86 90 80
41 113 32
113 122 104
83 99 74
51 64 44
46 58 38
98 117 98
49 119 38
26 112 26
8 65 8
31 79 20
11 39 2
42 112 32
56 113 56
86 101 86
34 92 26
88 89 80
64 114 56
7 110 1
31 37 20
79 123 68
86 106 86
53 126 44
75 78 68
6 63 1
36 106 26
24 99 14
1 63 1
105 124 98
18 40 8
84 106 74
27 106 20
13 128 2
40 76 32
74 110 74
106 128 98
84 122 74
87 89 80
2 35 2
35 119 26
105 106 98
15 94 8
16 32 8
43 65 32
38 99 38
14 45 14
116 126 116
78 121 68
102 118 92
115 120 104
36 99 26
74 119 74
88 110 80
98 104 98
35 37 26
108 123 98
70 106 62
13 56 2
84 95 74
13 116 2
95 104 86
25 49 14
87 103 80
60 105 50
94 110 86
15 100 8
41 105 32
92 118 92
89 103 80
10 11 2
59 74 50
10 109 2
52 84 44
6 48 1
11 53 2
60 90 50
71 120 62
85 124 74
18 65 8
55 110 44
36 42 26
38 115 38
51 125 44
6 105 1
48 126 38
28 39 20
70 123 62
41 118 32
13 119 2
71 107 62
8 48 8
8 11 2
64 93 56
13 62 2
61 69 50
115 122 104
115 126 104
1 99 1
2 4 1
80 115 80
127 128 116
49 127 38
52 88 44
20 108 20
45 125 38
74 92 74
46 95 38
110 118 110
23 40 14
114 115 104
16 72 8
32 105 32
50 90 50
20 123 20
14 47 14
50 52 44
75 119 68
58 81 50
43 102 32
62 67 56
88 123 80
64 116 56
96 123 86
59 93 50
36 72 26
12 71 2
56 75 56
73 78 62
93 107 86
14 95 14
85 100 74
45 53 38
60 65 50
21 48 14
50 91 50
106 125 98
88 113 80
70 100 62
12 99 2
18 113 8
77 118 68
59 119 50
47 49 38
21 75 14
8 19 8
84 96 74
73 110 62
27 105 20
59 60 50
100 117 92
64 69 56
16 37 8
10 24 2
16 128 8
8 24 8
61 68 50
8 20 8
9 84 2
2 29 2
100 124 92
5 128 1
5 31 1
50 58 50
81 103 74
9 87 2
38 82 38
21 26 14
35 122 26
14 115 14
38 62 38
54 100 44
74 96 74
59 81 50
30 33 20
34 96 26
46 116 38
74 99 74
55 77 44
17 19 8
47 105 38
83 127 74
62 71 62
74 118 74
12 126 2
28 109 20
90 114 80
39 127 32
21 113 14
80 105 80
3 60 1
62 100 62
76 78 68
60 79 50
24 117 14
16 65 8
26 36 26
93 117 86
10 58 2
52 94 44
14 76 14
85 128 74
51 54 44
102 126 92
49 99 38
56 123 56
102 111 92
47 128 38
5 41 1
76 92 68
33 79 26
97 112 86
32 67 32
43 122 32
8 34 8
50 114 50
88 119 80
14 79 14
24 57 14
46 122 38
31 46 20
15 53 8
8 42 8
19 64 8
14 29 14
1 54 1
100 101 92
42 83 32
26 87 26
2 31 2
2 80 2
69 103 62
62 123 62
85 101 74
109 120 98
66 115 56
30 124 20
4 34 1
79 116 68
86 110 86
21 77 14
88 91 80
70 101 62
117 126 110
2 71 2
35 56 26
8 106 8
43 50 32
78 128 68
114 122 104
59 106 50
24 38 14
16 19 8
69 71 62
37 102 26
75 124 68
1 121 1
57 83 50
98 101 92
122 127 116
63 118 56
38 92 38
96 98 86
28 55 20
108 125 98
89 109 80
107 128 98
44 79 44
95 121 86
26 27 20
69 118 62
47 123 38
24 72 14
64 91 56
75 87 68
35 80 26
49 58 38
44 48 38
12 128 2
86 104 86
72 113 62
5 48 1
11 85 2
23 84 14
8 102 8
42 59 32
18 78 8
29 77 20
74 78 68
121 123 110
98 113 98
83 117 74
50 94 50
6 56 1
6 117 1
92 124 92
82 128 74
109 113 98
87 113 80
3 50 1
57 71 50
69 91 62
74 113 74
40 128 32
55 127 44
101 123 92
50 110 50
86 102 86
27 61 20
23 24 14
61 123 50
2 112 2
91 113 80
9 30 2
73 99 62
59 87 50
11 104 2
61 122 50
12 28 2
26 79 26
78 98 68
102 117 92
2 32 2
20 25 14
56 103 56
80 109 80
50 63 50
58 87 50
12 36 2
111 125 104
1 64 1
56 120 56
32 57 32
46 75 38
42 111 32
124 127 116
28 114 20
29 111 20
18 101 8
83 119 74
41 107 32
64 66 56
19 83 8
48 125 38
63 128 56
46 118 38
52 80 44
3 27 1
107 116 98
21 93 14
62 120 62
95 113 86
71 86 62
9 110 2
4 60 1
92 116 92
67 103 56
62 91 62
44 112 44
74 82 74
16 121 8
107 108 98
12 120 2
46 72 38
42 123 32
44 46 38
20 35 20
87 99 80
22 128 14
47 48 38
100 112 92
75 76 68
100 105 92
58 74 50
85 120 74
20 26 20
28 29 20
6 21 1
4 117 1
13 31 2
29 118 20
89 98 80
52 59 44
65 81 56
30 100 20
32 59 32
69 83 62
78 106 68
56 99 56
75 112 68
5 126 1
83 120 74
6 7 1
55 86 44
11 49 2
14 19 8
13 107 2
93 95 86
17 18 8
81 83 74
79 111 68
8 35 8
14 57 14
53 113 44
84 102 74
26 41 26
63 64 56
77 119 68
89 125 80
45 105 38
63 106 56
92 113 92
108 126 98
55 79 44
87 114 80
3 36 1
99 114 92
55 121 44
17 128 8
24 100 14
34 69 26
36 114 26
10 119 2
65 66 56
9 70 2
8 109 8
119 125 110
28 51 20
8 85 8
68 71 62
107 117 98
105 107 98
43 56 32
59 110 50
113 115 104
39 74 32
118 127 110
55 114 44
8 25 8
20 101 20
46 92 38
68 69 62
51 61 44
22 71 14
91 92 80
72 81 62
9 58 2
103 115 92
3 73 1
35 128 26
83 115 74
20 109 20
4 39 1
94 95 86
56 127 56
39 96 32
86 116 86
26 77 26
7 106 1
2 50 2
103 119 92
46 119 38
70 102 62
53 91 44
102 123 92
38 64 38
22 100 14
38 126 38
5 43 1
34 119 26
84 85 74
74 105 74
2 49 2
55 105 44
95 98 86
76 82 68
19 111 8
70 117 62
24 92 14
81 128 74
14 124 14
101 116 92
44 55 44
118 125 110
38 108 38
21 47 14
14 111 14
33 103 26
32 50 32
126 128 116
40 111 32
106 108 98
31 120 20
57 117 50
88 111 80
40 74 32
63 91 56
14 50 14
31 53 20
32 35 26
84 105 74
5 102 1
43 70 32
89 111 80
57 119 50
47 126 38
67 102 56
69 123 62
28 85 20
77 80 68
40 42 32
64 71 56
26 29 20
51 77 44
37 51 26
93 118 86
16 31 8
26 126 26
48 62 38
22 67 14
2 46 2
28 118 20
8 59 8
3 65 1
21 55 14
20 74 20
67 128 56
56 74 56
43 83 32
25 89 14
6 128 1
57 60 50
39 70 32
4 28 1
38 73 38
84 89 74
56 57 50
49 82 38
94 111 86
40 71 32
32 69 32
38 112 38
66 125 56
2 118 2
38 58 38
8 12 2
107 113 98
49 95 38
15 35 8
14 62 14
50 60 50
2 27 2
16 70 8
15 109 8
70 78 62
11 109 2
70 107 62
119 121 110
26 90 26
31 54 20
66 123 56
109 124 98
42 60 32
19 30 8
17 59 8
89 112 80
88 118 80
72 116 62
115 119 104
9 108 2
48 79 38
86 118 86
111 124 104
39 98 32
48 128 38
4 107 1
58 103 50
100 114 92
15 107 8
1 75 1
32 61 32
52 53 44
41 70 32
11 128 2
10 80 2
49 73 38
77 115 68
6 55 1
111 117 104
82 123 74
10 87 2
100 116 92
55 80 44
120 128 110
62 114 62
13 49 2
21 71 14
80 94 80
12 26 2
1 21 1
24 86 14
87 120 80
46 117 38
58 128 50
5 118 1
105 125 98
58 91 50
1 26 1
63 71 56
45 49 38
15 71 8
26 81 26
20 73 20
39 124 32
62 98 62
4 86 1
1 42 1
13 121 2
45 116 38
21 107 14
2 28 2
64 72 56
112 114 104
7 30 1
10 35 2
80 116 80
70 76 62
26 107 26
30 83 20
93 98 86
2 26 2
74 108 74
67 124 56
59 102 50
83 92 74
82 113 74
7 41 1
70 71 62
37 40 26
39 104 32
57 61 50
122 126 116
125 128 116
62 83 62
8 127 8
68 80 68
16 25 8
20 91 20
39 114 32
20 81 20
66 98 56
44 45 38
107 123 98
91 106 80
73 122 62
7 63 1
27 30 20
66 114 56
64 74 56
75 116 68
30 128 20
115 118 104
8 30 8
46 104 38
25 42 14
70 109 62
38 56 38
14 46 14
19 20 8
92 105 92
53 123 44
7 15 1
23 125 14
26 109 26
32 90 32
54 111 44
108 128 98
94 101 86
8 13 2
69 72 62
2 20 2
63 72 56
73 80 62
12 31 2
18 115 8
32 124 32
28 98 20
35 41 26
1 37 1
54 73 44
87 90 80
96 128 86
61 116 50
86 121 86
65 89 56
38 59 38
39 85 32
102 105 92
90 91 80
48 127 38
87 91 80
65 85 56
58 67 50
11 36 2
90 127 80
25 39 14
41 80 32
44 69 44
51 128 44
22 54 14
7 9 1
4 87 1
17 53 8
8 68 8
26 128 26
8 77 8
1 28 1
50 92 50
38 45 38
57 67 50
89 123 80
55 125 44
44 62 44
96 125 86
15 92 8
24 69 14
82 107 74
50 51 44
37 92 26
25 127 14
74 128 74
64 115 56
57 101 50
29 60 20
82 97 74
65 82 56
43 51 32
33 52 26
63 68 56
40 88 32
34 113 26
9 91 2
1 6 1
38 103 38
9 107 2
14 30 14
66 105 56
69 76 62
5 55 1
26 47 26
8 40 8
50 88 50
8 122 8
76 116 68
1 82 1
112 128 104
56 124 56
36 103 26
4 71 1
10 31 2
49 98 38
14 16 8
53 122 44
100 122 92
9 14 2
65 101 56
76 111 68
52 91 44
56 118 56
108 124 98
21 86 14
21 40 14
10 85 2
8 71 8
16 36 8
104 113 104
29 128 20
104 106 98
17 28 8
18 21 8
42 110 32
44 54 44
98 128 98
43 95 32
98 109 98
91 122 80
59 128 50
57 59 50
14 51 14
42 56 32
2 21 2
34 94 26
112 119 104
39 99 32
75 105 68
46 84 38
37 100 26
15 17 8
36 47 26
13 14 2
42 58 32
67 76 56
2 25 2
72 108 62
20 56 20
20 48 20
4 35 1
119 123 110
7 119 1
84 124 74
81 85 74
12 17 2
108 127 98
110 113 104
70 77 62
101 124 92
78 91 68
50 116 50
1 89 1
83 87 74
2 64 2
30 86 20
5 16 1
81 124 74
44 52 44
30 125 20
21 51 14
20 87 20
41 62 32
52 116 44
15 68 8
30 50 20
22 117 14
35 88 26
10 33 2
64 65 56
14 128 14
47 100 38
19 72 8
36 71 26
8 98 8
86 96 86
3 124 1
29 112 20
22 42 14
19 50 8
43 116 32
53 60 44
24 110 14
56 69 56
60 118 50
55 83 44
110 115 104
50 111 50
92 93 86
3 45 1
2 77 2
10 12 2
78 125 68
116 119 110
21 31 14
29 31 20
6 86 1
31 61 20
56 71 56
32 113 32
55 102 44
1 91 1
27 81 20
8 70 8
5 92 1
5 44 1
5 23 1
35 100 26
10 75 2
105 117 98
2 74 2
1 32 1
14 36 14
55 126 44
49 122 38
81 84 74
49 83 38
120 124 110
35 108 26
6 87 1
12 102 2
60 71 50
64 128 56
46 53 38
20 54 20
14 32 14
47 68 38
99 118 92
50 105 50
59 79 50
111 118 104
45 93 38
33 112 26
34 40 26
99 107 92
102 110 92
44 60 44
37 53 26
63 84 56
50 98 50
56 78 56
24 51 14
20 44 20
83 109 74
75 115 68
25 69 14
39 58 32
68 73 62
26 39 26
53 73 44
104 109 98
101 107 92
6 46 1
40 75 32
8 49 8
44 82 44
60 109 50
68 99 68
117 118 110
26 54 26
111 123 104
9 31 2
67 79 56
101 127 92
63 96 56
12 41 2
73 75 62
49 115 38
18 122 8
61 111 50
29 126 20
13 35 2
26 102 26
112 126 104
9 25 2
74 122 74
88 103 80
114 116 104
27 96 20
27 34 20
33 76 26
2 24 2
1 65 1
21 82 14
92 108 92
77 127 68
115 127 104
16 114 8
11 21 2
53 115 44
100 115 92
11 98 2
77 90 68
49 69 38
20 118 20
98 99 92
44 108 44
4 38 1
116 118 110
1 8 1
119 120 110
32 110 32
103 110 92
26 97 26
23 37 14
87 88 80
77 111 68
5 52 1
25 52 14
54 89 44
79 104 68
36 56 26
27 54 20
5 104 1
29 47 20
23 28 14
110 124 110
45 67 38
62 63 56
97 119 86
2 60 2
32 62 32
73 94 62
97 126 86
32 58 32
8 14 8
2 69 2
90 102 80
13 88 2
15 46 8
44 47 38
44 49 38
38 39 32
50 117 50
50 56 50
4 126 1
104 120 104
53 86 44
41 103 32
72 79 62
76 128 68
71 90 62
23 36 14
15 48 8
32 36 26
105 121 98
22 25 14
19 33 8
22 89 14
2 78 2
34 95 26
14 63 14
64 126 56
62 109 62
34 63 26
106 118 98
66 72 56
2 3 1
36 108 26
56 92 56
4 88 1
19 45 8
47 61 38
1 18 1
25 27 14
2 103 2
10 97 2
88 107 80
96 114 86
100 104 92
17 97 8
103 120 92
71 121 62
44 72 44
41 45 32
74 123 74
69 126 62
4 128 1
39 69 32
16 42 8
27 56 20
37 77 26
92 97 86
41 50 32
25 94 14
32 41 32
44 87 44
33 77 26
32 94 32
14 48 14
33 36 26
26 35 26
101 102 92
89 95 80
6 104 1
62 85 62
102 127 92
44 63 44
126 127 116
12 114 2
26 123 26
12 73 2
99 126 92
16 124 8
68 120 68
42 76 32
1 84 1
62 81 62
69 70 62
3 61 1
44 128 44
9 54 2
1 74 1
59 105 50
74 81 74
1 43 1
112 124 104
1 79 1
49 103 38
31 117 20
1 122 1
66 92 56
76 94 68
76 114 68
43 45 32
31 72 20
80 85 74
55 76 44
51 119 44
28 128 20
81 95 74
14 114 14
67 68 56
58 89 50
14 94 14
33 45 26
20 103 20
114 118 104
25 54 14
34 49 26
101 105 92
58 120 50
25 58 14
15 97 8
7 31 1
14 18 8
1 68 1
83 93 74
82 104 74
26 86 26
117 121 110
26 95 26
99 121 92
35 87 26
76 104 68
26 62 26
40 46 32
50 69 50
41 111 32
32 109 32
9 22 2
102 121 92
124 128 116
45 79 38
90 122 80
19 58 8
2 23 2
69 124 62
49 100 38
75 104 68
67 98 56
25 65 14
6 88 1
38 48 38
16 18 8
13 59 2
70 105 62
6 92 1
35 98 26
15 63 8
44 74 44
11 126 2
44 115 44
44 73 44
39 87 32
86 107 86
34 102 26
23 50 14
65 103 56
2 22 2
12 109 2
8 110 8
8 63 8
5 106 1
36 88 26
104 111 104
20 31 20
24 79 14
120 125 110
32 108 32
50 53 44
14 109 14
80 83 74
56 112 56
56 58 50
113 120 104
14 80 14
35 77 26
14 83 14
4 95 1
81 127 74
47 73 38
38 118 38
97 107 86
73 128 62
7 17 1
45 65 38
47 110 38
55 88 44
94 118 86
117 127 110
37 113 26
32 125 32
45 103 38
57 73 50
38 100 38
78 97 68
97 124 86
84 110 74
13 71 2
20 22 14
8 67 8
34 53 26
79 125 68
31 59 20
31 96 20
65 75 56
81 105 74
11 110 2
37 128 26
21 23 14
122 124 116
53 55 44
65 69 56
82 115 74
41 85 32
62 106 62
96 120 86
48 76 38
109 128 98
47 91 38
38 52 38
19 109 8
32 98 32
39 41 32
53 69 44
48 87 38
29 123 20
82 83 74
28 122 20
54 116 44
18 76 8
61 119 50
26 119 26
12 59 2
71 93 62
77 105 68
9 64 2
12 42 2
99 115 92
116 121 110
74 77 68
8 32 8
20 75 20
20 34 20
61 113 50
101 112 92
1 2 1
96 115 86
45 59 38
15 104 8
105 118 98
9 117 2
29 57 20
38 66 38
85 114 74
81 89 74
91 123 80
36 44 26
59 99 50
78 92 68
93 114 86
52 119 44
56 81 56
87 92 80
42 47 32
39 44 32
62 124 62
77 120 68
13 50 2
2 8 2
32 64 32
58 80 50
14 21 14
34 73 26
29 75 20
114 121 104
44 59 44
48 92 38
26 106 26
92 114 92
103 127 92
26 48 26
23 69 14
23 45 14
7 49 1
60 92 50
29 48 20
60 77 50
32 84 32
43 115 32
56 84 56
49 64 38
103 124 92
20 63 20
61 105 50
8 83 8
58 60 50
73 107 62
42 119 32
6 20 1
97 115 86
14 25 14
80 118 80
71 74 62
74 91 74
74 124 74
8 64 8
51 53 44
77 124 68
26 69 26
80 98 80
80 110 80
14 26 14
18 82 8
63 86 56
26 37 26
44 123 44
21 52 14
114 128 104
66 128 56
89 90 80
20 95 20
14 75 14
10 68 2
9 17 2
8 21 8
52 128 44
123 127 116
111 127 104
89 104 80
47 57 38
40 85 32
8 31 8
82 85 74
90 111 80
110 128 110
38 128 38
117 122 110
101 110 92
87 108 80
53 67 44
81 118 74
115 124 104
3 4 1
2 36 2
26 45 26
43 72 32
50 84 50
13 57 2
90 105 80
22 81 14
2 128 2
81 100 74
76 112 68
93 103 86
27 128 20
50 59 50
35 45 26
7 95 1
70 91 62
15 128 8
42 128 32
52 58 44
14 58 14
113 117 104
26 55 26
42 115 32
45 98 38
19 125 8
1 9 1
11 68 2
76 127 68
8 27 8
75 93 68
1 10 1
14 55 14
1 106 1
75 79 68
54 82 44
83 84 74
29 63 20
32 96 32
50 115 50
71 102 62
18 33 8
19 41 8
75 77 68
63 101 56
14 119 14
38 107 38
5 27 1
54 86 44
40 60 32
65 109 56
16 73 8
9 73 2
33 54 26
71 115 62
33 102 26
108 112 98
1 60 1
7 69 1
76 106 68
2 55 2
74 102 74
38 86 38
69 113 62
58 113 50
18 69 8
66 97 56
67 106 56
36 86 26
8 44 8
12 25 2
13 90 2
99 124 92
77 110 68
65 113 56
33 104 26
2 57 2
113 128 104
44 53 44
1 13 1
19 102 8
14 69 14
20 106 20
33 109 26
11 118 2
72 115 62
2 83 2
68 110 68
7 38 1
89 127 80
7 92 1
94 107 86
81 86 74
1 4 1
116 117 110
55 66 44
4 42 1
26 105 26
28 62 20
14 28 14
55 56 44
117 119 110
21 127 14
8 56 8
10 32 2
108 119 98
97 100 86
18 59 8
48 89 38
64 77 56
42 114 32
122 123 116
50 77 50
92 128 92
50 128 50
13 100 2
37 47 26
17 95 8
58 99 50
44 70 44
82 125 74
56 68 56
32 75 32
47 115 38
11 79 2
50 85 50
29 36 20
91 105 80
65 123 56
44 105 44
38 83 38
14 52 14
6 34 1
59 117 50
33 107 26
14 110 14
100 108 92
23 59 14
59 64 50
103 125 92
31 76 20
23 95 14
18 96 8
99 117 92
2 101 2
62 64 56
41 51 32
16 69 8
11 57 2
56 79 56
56 119 56
36 128 26
67 78 56
32 128 32
57 108 50
10 13 2
5 33 1
15 105 8
1 105 1
26 63 26
68 90 68
49 76 38
8 101 8
90 103 80
11 55 2
41 121 32
82 114 74
60 116 50
111 121 104
102 116 92
6 110 1
32 112 32
16 77 8
53 54 44
29 101 20
58 119 50
93 97 86
51 121 44
13 77 2
61 106 50
1 92 1
77 121 68
25 92 14
75 83 68
13 95 2
6 42 1
43 106 32
23 67 14
87 116 80
2 19 2
26 65 26
2 33 2
30 106 20
4 7 1
20 51 20
32 34 26
81 96 74
52 93 44
3 64 1
97 127 86
32 89 32
7 22 1
25 50 14
40 78 32
73 102 62
60 101 50
80 95 80
50 83 50
9 98 2
32 73 32
74 111 74
99 101 92
38 60 38
12 107 2
71 72 62
85 109 74
6 71 1
8 57 8
8 113 8
92 103 92
8 94 8
14 65 14
109 111 98
28 91 20
10 118 2
92 119 92
52 111 44
92 101 92
32 86 32
11 88 2
48 75 38
30 44 20
18 70 8
29 33 20
8 126 8
89 128 80
8 17 8
25 79 14
99 105 92
35 86 26
65 67 56
23 122 14
34 125 26
4 118 1
49 116 38
21 128 14
40 77 32
2 110 2
95 116 86
62 94 62
111 119 104
24 89 14
105 108 98
44 58 44
41 87 32
12 94 2
101 117 92
25 96 14
107 119 98
14 22 14
94 97 86
8 28 8
7 107 1
54 108 44
8 15 8
39 43 32
16 103 8
37 54 26
87 123 80
97 123 86
38 117 38
46 57 38
35 64 26
11 12 2
79 96 68
26 40 26
109 122 98
17 45 8
88 124 80
1 78 1
18 88 8
59 124 50
52 104 44
86 87 80
2 5 1
91 98 80
50 99 50
101 122 92
28 124 20
26 34 26
78 118 68
72 83 62
38 61 38
11 113 2
87 124 80
97 118 86
32 102 32
125 126 116
22 62 14
30 71 20
72 73 62
111 113 104
65 95 56
80 112 80
40 67 32
56 73 56
46 91 38
20 27 20
90 116 80
2 51 2
5 61 1
108 122 98
98 126 98
13 67 2
20 111 20
29 59 20
5 114 1
55 108 44
81 102 74
33 64 26
56 101 56
7 99 1
20 99 20
116 120 110
50 104 50
95 120 86
49 70 38
107 127 98
20 65 20
59 94 50
50 119 50
99 123 92
21 32 14
92 102 92
61 127 50
104 107 98
40 86 32
14 120 14
88 114 80
2 16 2
6 82 1
51 96 44
21 54 14
44 126 44
21 105 14
20 69 20
41 42 32
18 47 8
63 69 56
107 120 98
49 86 38
43 76 32
77 88 68
71 96 62
8 50 8
96 108 86
120 121 110
7 128 1
120 123 110
62 104 62
83 85 74
20 114 20
34 81 26
1 31 1
24 82 14
46 98 38
88 90 80
60 103 50
17 29 8
62 101 62
67 112 56
47 114 38
64 92 56
18 66 8
123 126 116
38 124 38
41 95 32
20 120 20
25 53 14
103 121 92
57 128 50
32 33 26
64 108 56
44 114 44
11 127 2
78 103 68
51 58 44
12 62 2
65 100 56
84 121 74
27 33 20
77 97 68
30 66 20
12 75 2
51 52 44
15 116 8
11 101 2
85 126 74
24 27 14
7 47 1
54 125 44
70 74 62
32 80 32
49 53 38
90 118 80
10 89 2
102 103 92
94 104 86
56 107 56
46 47 38
11 105 2
2 121 2
92 117 92
42 107 32
11 103 2
35 85 26
14 105 14
62 66 56
18 103 8
14 78 14
68 97 68
28 74 20
1 123 1
28 101 20
98 106 98
53 71 44
15 60 8
5 60 1
44 86 44
48 101 38
9 124 2
43 107 32
79 91 68
104 128 104
38 63 38
39 97 32
7 52 1
68 87 68
74 76 68
5 99 1
1 52 1
14 23 14
62 90 62
6 120 1
27 84 20
20 105 20
20 32 20
50 71 50
26 31 20
64 88 56
41 58 32
62 125 62
36 45 26
83 101 74
55 124 44
13 72 2
23 93 14
44 101 44
2 115 2
31 124 20
28 44 20
16 17 8
29 56 20
8 54 8
20 100 20
2 62 2
34 128 26
80 93 80
2 92 2
102 128 92
39 61 32
50 70 50
2 56 2
23 89 14
31 45 20
21 81 14
121 128 110
21 112 14
71 122 62
33 34 26
5 32 1
51 69 44
1 24 1
92 112 92
5 67 1
60 128 50
119 127 110
115 117 104
111 122 104
63 108 56
32 52 32
43 49 32
44 90 44
10 29 2
50 124 50
62 69 62
80 81 74
56 80 56
38 42 32
65 122 56
70 98 62
106 111 98
28 48 20
2 48 2
100 111 92
20 23 14
7 8 1
14 97 14
81 108 74
101 106 92
54 63 44
36 66 26
39 81 32
74 114 74
28 88 20
1 48 1
111 128 104
84 128 74
24 33 14
16 86 8
2 42 2
110 112 104
14 77 14
71 99 62
28 77 20
54 113 44
48 94 38
38 78 38
34 35 26
15 77 8
77 109 68
16 49 8
42 120 32
62 105 62
16 85 8
21 85 14
2 111 2
66 127 56
17 115 8
11 119 2
71 124 62
2 53 2
38 41 32
103 114 92
40 41 32
109 114 98
45 50 38
20 110 20
26 68 26
118 119 110
27 28 20
64 83 56
42 117 32
107 114 98
11 120 2
10 77 2
22 30 14
51 114 44
20 21 14
82 93 74
23 107 14
17 50 8
4 127 1
91 127 80
50 82 50
50 100 50
106 110 98
56 59 50
12 90 2
44 116 44
10 112 2
78 107 68
1 41 1
104 116 104
81 99 74
18 128 8
20 37 20
32 39 32
74 95 74
33 92 26
85 116 74
28 40 20
4 21 1
72 124 62
92 94 86
80 82 74
50 120 50
98 103 92
1 83 1
33 108 26
92 123 92
106 122 98
117 128 110
28 30 20
50 122 50
108 109 98
73 104 62
94 113 86
26 103 26
9 75 2
120 122 110
5 15 1
124 125 116
58 117 50
14 127 14
11 97 2
24 104 14
41 128 32
1 17 1
70 72 62
9 11 2
41 114 32
7 89 1
62 65 56
41 63 32
34 37 26
60 61 50
9 118 2
44 88 44
38 79 38
32 122 32
28 95 20
75 128 68
44 113 44
53 74 44
14 88 14
33 82 26
31 80 20
15 18 8
3 82 1
36 105 26
125 127 116
109 117 98
32 63 32
123 124 116
11 92 2
74 85 74
54 128 44
32 37 26
7 20 1
104 108 98
98 115 98
108 110 98
71 73 62
59 80 50
11 34 2
2 66 2
66 120 56
50 81 50
21 102 14
1 12 1
69 100 62
82 103 74
68 103 68
10 45 2
63 123 56
24 25 14
46 71 38
110 114 104
11 122 2
33 100 26
92 110 92
35 69 26
26 92 26
73 96 62
62 75 62
