128 4748
17 86 42
83 117 66
104 109 121
30 96 30
114 127 127
63 106 106
35 62 80
40 58 58
17 33 58
108 117 108
67 89 89
12 91 111
23 88 88
26 30 30
72 108 106
89 94 89
2 66 2
23 49 49
30 72 30
61 103 61
30 104 121
15 106 53
20 24 79
22 31 22
2 35 2
2 79 2
52 126 61
27 50 127
82 102 82
76 106 76
19 45 4
39 62 102
15 114 22
25 40 25
86 110 42
11 65 11
69 123 69
95 118 118
20 35 80
47 71 78
3 119 56
30 92 30
33 69 69
63 114 22
61 100 61
108 114 22
16 71 78
76 87 76
6 65 6
49 112 112
70 122 122
37 83 66
16 115 98
41 111 41
105 114 22
62 112 112
33 73 74
39 53 53
58 125 126
52 84 61
7 86 42
10 37 20
5 35 80
37 43 20
68 69 69
17 109 64
36 70 8
69 85 69
70 94 94
36 57 122
17 57 122
25 69 69
47 78 78
40 121 121
52 100 61
13 57 122
9 96 118
24 80 79
24 71 78
3 17 45
67 96 103
1 47 1
67 128 28
49 60 88
47 100 124
1 105 1
62 89 89
34 126 126
15 98 98
72 82 106
101 106 106
77 108 2
52 59 61
80 113 113
32 66 1
17 44 45
69 128 28
32 105 1
37 44 20
78 107 107
8 13 8
75 93 75
26 65 41
2 43 2
87 102 75
8 38 8
43 58 58
2 42 42
48 99 29
22 118 22
126 127 127
53 54 53
63 125 126
1 20 1
73 91 74
8 110 76
6 28 28
27 75 75
91 101 23
88 111 88
10 109 64
6 54 6
39 98 98
67 102 103
62 65 65
84 97 43
15 82 53
14 67 103
8 66 66
4 89 89
6 57 122
13 15 53
27 79 79
54 93 91
13 83 66
58 89 89
5 119 56
8 109 64
34 69 69
6 74 74
27 59 69
85 97 6
29 127 29
11 12 11
66 121 121
59 89 69
30 55 30
24 72 79
112 120 81
54 124 124
32 33 1
81 92 81
42 59 42
28 55 28
50 103 127
23 93 23
78 102 78
101 105 105
13 36 82
55 70 11
13 25 25
13 34 82
31 85 6
6 78 78
33 78 78
1 32 1
6 22 22
88 97 88
124 126 124
55 121 121
50 117 127
66 104 121
45 82 45
88 128 88
62 107 107
89 104 121
26 103 41
45 64 64
8 26 41
7 22 22
56 116 107
44 86 42
24 86 42
46 125 25
28 88 88
28 44 28
68 75 75
2 80 2
104 107 107
19 42 42
58 98 98
12 50 127
8 81 81
5 30 30
29 69 29
56 63 56
69 103 69
41 102 41
77 83 2
1 33 1
33 56 58
34 120 81
90 125 112
42 43 42
76 79 76
66 123 66
92 118 118
61 78 78
28 53 28
71 124 78
76 109 76
28 51 28
7 51 30
79 89 79
20 91 20
15 112 53
86 88 88
19 58 58
93 109 64
34 50 127
29 42 29
8 19 4
39 101 23
1 75 1
11 118 11
61 104 121
88 112 88
56 59 69
30 38 30
2 77 2
43 47 124
30 113 30
1 69 1
60 112 88
62 69 69
88 103 88
95 121 121
7 97 113
96 125 126
35 110 76
69 107 107
105 113 113
70 107 107
25 122 25
5 125 126
85 95 6
49 95 49
50 104 127
92 93 91
19 65 4
1 2 1
15 73 53
10 72 106
30 47 30
57 73 122
37 52 61
71 78 78
19 46 25
29 104 29
39 120 81
18 92 94
53 85 53
38 127 127
31 61 61
52 85 61
62 118 118
65 101 23
39 97 97
44 85 6
16 93 91
44 125 126
63 93 91
18 126 126
115 117 98
41 123 41
64 96 64
18 51 30
73 90 112
11 24 11
53 113 53
13 47 124
26 42 42
3 44 97
38 87 75
1 82 1
95 97 97
41 112 112
1 31 1
87 89 89
58 121 121
10 124 124
11 125 11
26 94 41
14 107 107
97 107 107
25 107 107
46 74 25
82 94 94
47 101 124
14 48 89
104 125 121
103 125 126
37 119 20
6 80 6
97 117 65
37 114 22
10 121 121
3 49 49
41 89 89
11 36 11
41 126 126
108 110 76
31 97 97
71 79 78
5 11 11
50 109 127
45 60 88
33 38 58
21 83 66
3 36 10
107 113 107
20 55 11
81 98 81
107 115 107
67 103 103
21 95 105
11 97 11
64 89 64
64 123 64
23 58 58
22 32 1
64 124 124
28 57 28
51 52 30
94 110 76
3 72 106
7 41 113
38 62 27
18 118 94
16 81 81
110 127 127
13 22 22
22 57 22
59 94 69
49 98 98
10 26 41
23 96 49
25 111 25
3 51 30
40 92 16
17 123 45
30 42 42
120 126 81
45 79 79
4 109 64
59 108 69
18 34 94
32 78 1
22 49 22
38 123 27
71 85 78
57 125 126
11 110 11
10 16 10
17 113 113
57 69 69
88 91 88
87 111 75
92 100 14
32 73 1
26 112 112
119 120 81
51 128 28
6 101 6
103 108 103
34 39 108
20 70 8
10 84 43
49 99 29
81 88 88
35 126 126
38 128 28
113 128 28
17 92 45
11 59 11
35 48 89
96 114 22
46 59 69
23 127 127
78 99 29
19 39 4
84 107 107
71 94 78
17 20 45
107 118 107
31 52 61
12 36 111
64 111 64
47 116 107
41 68 41
42 116 107
6 110 76
86 101 42
28 60 88
28 107 107
41 96 41
13 52 61
48 85 89
3 77 2
54 62 31
75 125 126
51 70 30
14 122 122
100 117 14
70 117 8
43 117 65
19 52 61
25 80 25
71 127 127
69 105 69
68 104 121
24 62 79
11 63 11
41 120 81
97 100 14
19 75 75
17 91 45
25 26 25
47 79 124
33 51 30
56 120 81
54 95 31
74 85 74
95 98 98
18 57 122
57 99 29
64 128 28
23 124 124
20 125 126
63 84 43
55 89 11
13 96 49
25 35 25
13 84 82
99 109 29
14 108 108
40 115 98
38 71 78
24 123 79
67 72 106
61 81 81
23 89 89
60 72 88
43 45 45
18 95 94
31 87 75
62 99 29
22 72 22
36 68 63
44 95 44
34 94 94
29 126 29
97 111 111
43 114 22
121 127 127
72 111 106
34 65 108
14 77 2
79 125 79
11 47 124
6 104 121
94 95 94
18 122 122
51 92 30
12 86 42
79 102 79
29 52 29
1 120 1
24 69 69
57 66 66
102 119 56
2 92 2
45 105 45
24 89 79
49 50 127
52 107 107
42 113 42
75 77 2
107 121 107
19 32 1
4 81 81
10 128 28
40 119 56
51 78 78
16 117 65
32 98 1
28 120 28
47 102 124
33 109 64
89 100 89
13 20 20
82 83 66
57 117 122
51 114 30
2 17 2
7 63 113
74 80 74
86 127 127
40 106 106
10 96 49
98 105 98
8 108 8
3 52 61
63 64 64
80 94 94
90 115 98
48 92 89
38 118 118
41 59 69
32 106 1
23 116 107
18 64 64
12 30 30
8 37 8
86 107 107
62 117 65
10 22 22
55 75 11
82 108 82
36 39 10
2 64 2
29 106 29
29 72 29
38 92 44
40 125 126
41 56 41
84 120 81
64 86 42
3 5 97
12 56 111
29 66 29
52 74 61
69 112 69
45 46 25
79 111 79
109 115 98
18 44 94
8 100 8
99 106 29
3 29 29
93 97 91
87 97 75
114 125 22
47 123 124
75 124 124
7 104 121
40 101 23
5 100 14
20 118 118
98 100 98
54 61 61
52 58 61
80 114 22
59 67 69
31 68 63
36 38 10
42 114 42
88 108 88
35 92 80
10 100 14
23 62 23
51 88 88
52 91 61
19 102 4
23 113 113
8 67 103
24 33 79
54 65 65
66 88 88
80 84 80
5 59 69
1 86 1
109 126 64
26 46 25
35 91 80
42 72 42
21 56 105
56 101 23
1 27 1
55 101 11
4 92 4
97 127 127
99 111 29
110 118 76
51 85 30
42 108 42
63 102 63
2 6 2
95 116 107
6 121 121
24 118 79
34 44 108
18 45 94
78 83 78
61 90 61
16 34 108
3 21 105
18 120 81
78 86 78
26 100 41
27 72 106
35 100 80
7 27 113
24 93 79
24 127 127
25 113 25
42 105 42
53 103 53
1 127 1
55 77 2
50 121 127
15 54 53
9 75 75
8 63 8
6 109 64
53 120 81
13 41 41
18 59 69
2 13 2
2 120 81
54 102 31
50 122 127
78 126 78
96 99 29
65 97 65
11 57 11
89 90 112
58 77 2
63 119 56
25 91 25
84 99 29
34 91 108
37 69 69
39 48 89
91 97 91
56 93 91
18 54 94
27 110 76
6 97 6
32 128 1
3 76 76
18 77 2
48 57 89
83 92 66
38 46 25
15 88 88
81 126 81
9 13 118
5 67 103
47 99 29
77 113 2
59 63 69
38 72 106
42 119 42
21 105 105
90 95 112
12 48 89
6 24 79
100 102 14
1 23 1
82 91 82
50 74 127
38 52 61
17 97 45
33 111 58
52 71 78
82 103 103
24 41 79
20 62 20
30 48 30
50 53 127
73 88 88
42 126 42
51 106 30
111 126 126
17 117 45
63 110 76
66 118 66
42 80 42
13 97 82
20 59 69
37 87 75
29 51 29
55 119 11
62 80 80
13 113 113
26 62 41
29 58 29
64 83 66
86 94 42
39 77 2
33 46 25
20 104 121
27 73 74
7 53 53
87 126 126
9 98 98
22 88 88
36 123 10
81 100 81
16 60 88
1 68 1
10 73 74
72 99 29
77 98 2
13 37 20
17 40 45
2 116 107
86 122 42
73 108 74
86 119 42
5 16 16
20 66 66
32 117 1
44 52 61
52 57 61
110 123 76
8 114 22
75 117 75
36 128 28
45 125 126
15 67 53
83 90 66
22 104 121
14 103 103
57 89 89
46 90 25
38 40 16
5 19 4
30 114 30
39 40 16
17 84 45
35 78 78
33 127 127
43 65 65
1 53 1
11 35 11
60 122 88
19 31 4
9 43 118
7 58 113
76 98 76
76 90 76
60 114 88
34 83 66
45 120 81
46 69 69
12 17 45
43 103 103
35 98 98
34 105 105
22 111 22
7 84 113
21 79 79
22 101 22
27 114 22
6 59 69
35 90 112
76 123 76
75 119 75
19 74 74
14 101 23
28 123 28
109 120 81
56 60 88
61 107 107
36 44 10
90 104 121
2 32 1
43 98 98
54 113 113
30 78 78
45 124 124
37 70 8
52 77 61
20 106 106
14 76 76
24 39 79
53 68 53
45 112 112
56 90 112
7 9 113
44 75 75
15 49 53
64 118 64
27 31 31
114 123 22
29 90 29
69 92 69
2 11 2
11 102 11
77 99 29
33 37 58
100 120 81
50 87 127
11 104 121
34 72 106
37 86 42
70 93 8
72 101 106
21 84 105
45 98 98
125 128 28
16 67 103
8 45 8
76 95 76
37 64 64
57 107 107
73 125 126
61 86 42
76 115 76
12 18 94
81 120 81
25 117 25
20 117 20
26 57 122
30 126 30
25 124 124
41 46 25
10 36 10
34 82 82
9 56 118
16 42 42
25 86 42
3 18 94
7 39 113
20 76 76
101 127 127
83 127 127
37 125 126
59 70 69
29 70 29
107 125 107
77 128 28
14 24 79
99 108 29
30 61 30
87 119 75
38 86 42
7 13 113
23 103 103
44 123 44
23 86 42
55 115 11
74 128 28
7 111 113
62 83 66
20 90 112
99 118 29
2 24 2
79 103 79
53 116 107
122 127 127
51 126 30
44 67 103
73 103 74
32 116 1
6 114 22
44 80 80
61 82 61
25 108 25
34 95 108
60 94 88
17 39 45
16 41 41
2 108 2
8 9 118
26 82 41
88 101 88
94 127 127
58 69 69
7 47 124
39 42 42
18 63 94
4 105 4
35 97 80
18 83 66
12 71 78
60 90 88
41 127 127
25 50 127
46 52 61
68 84 43
22 94 22
57 108 122
96 100 49
50 56 127
28 43 28
112 117 112
50 78 127
32 110 1
82 114 22
80 101 80
82 100 82
65 75 75
115 125 98
5 26 41
30 110 30
37 94 94
26 80 41
2 29 29
28 81 28
58 87 75
24 63 79
76 121 121
67 122 122
68 107 107
50 128 127
90 127 127
115 124 124
31 55 11
35 122 122
17 76 76
74 125 126
18 79 79
98 104 121
25 90 25
23 56 23
92 116 107
70 90 112
75 115 98
22 44 22
116 127 107
96 110 76
43 92 43
69 72 69
26 60 88
8 40 8
1 28 1
33 94 58
73 101 74
16 46 25
48 79 79
17 85 6
67 108 103
24 112 112
36 43 43
8 87 75
69 120 81
70 100 8
104 120 121
48 103 89
41 74 74
83 118 66
3 40 97
27 117 65
31 70 8
35 112 112
21 27 105
15 46 25
10 19 4
53 62 53
9 83 66
108 115 98
3 120 81
58 104 121
55 71 78
36 40 10
79 122 79
72 110 76
83 112 66
57 83 66
67 119 103
53 80 53
101 126 126
21 76 76
50 76 127
42 128 28
52 117 61
21 24 79
34 79 79
26 36 41
15 89 53
45 96 49
97 125 126
70 78 78
48 84 89
69 126 69
78 125 78
4 128 28
53 92 53
42 46 42
45 72 106
73 74 74
44 111 111
83 113 66
67 87 75
11 126 11
35 95 80
50 118 127
2 54 2
33 84 58
73 81 81
46 54 25
48 72 106
2 104 121
26 74 74
57 128 28
1 125 1
38 107 107
36 116 107
86 87 42
43 82 82
87 118 75
77 111 2
91 102 91
16 18 94
24 88 88
53 106 53
12 75 75
13 58 58
34 55 11
55 72 11
52 127 127
47 62 124
43 51 30
113 115 98
25 79 25
3 109 64
47 74 124
85 128 28
25 57 25
15 58 53
21 43 105
54 126 126
24 64 64
18 114 22
73 112 112
6 53 53
7 73 74
67 95 103
9 102 118
3 39 97
104 114 121
24 117 79
19 90 112
1 46 1
46 56 25
63 72 106
58 96 58
22 55 11
68 115 98
11 38 11
66 69 69
77 115 2
16 118 118
35 119 80
31 101 23
56 73 74
72 89 106
78 95 78
33 57 122
78 92 78
15 120 81
11 121 121
39 54 31
66 115 66
68 98 98
110 112 76
42 77 42
99 124 29
14 102 14
14 52 61
32 112 1
3 78 78
62 68 63
31 48 89
110 126 76
40 86 42
77 126 2
43 69 69
42 95 42
23 91 23
88 125 88
14 72 106
8 115 98
27 28 28
66 108 66
45 103 103
10 45 45
1 25 1
54 79 79
28 71 78
36 96 49
30 74 30
8 103 103
15 34 53
55 90 11
120 127 127
9 117 118
9 109 64
79 91 79
47 84 124
40 48 89
14 34 108
29 93 29
2 59 2
68 85 6
67 83 66
54 100 14
71 99 29
36 87 75
14 114 22
59 78 78
5 87 75
17 70 8
22 106 22
19 37 4
43 44 43
74 93 74
30 34 30
6 126 126
20 83 66
10 105 105
23 114 22
48 62 89
1 107 1
73 119 74
58 90 112
84 128 28
29 88 29
63 107 107
55 88 88
63 85 6
1 100 1
5 114 22
97 101 23
51 81 30
84 102 43
39 127 127
42 74 42
73 85 74
24 66 66
103 118 103
47 58 124
58 82 58
101 122 122
84 87 75
3 127 127
37 95 20
55 126 11
46 77 2
52 53 61
71 125 78
62 90 112
81 95 81
43 56 43
47 54 124
12 21 111
120 124 124
110 117 76
41 75 75
117 126 126
71 88 88
12 93 111
29 99 29
29 60 29
25 78 78
26 39 41
2 76 2
23 68 23
72 127 127
11 70 11
6 43 6
63 109 64
51 86 42
62 96 49
3 30 30
36 42 42
4 106 106
70 114 22
12 102 111
36 37 20
104 106 121
51 66 30
105 117 105
47 92 124
40 41 41
66 77 2
50 73 127
55 64 11
88 99 29
23 119 23
122 125 126
100 116 107
2 78 78
90 94 112
29 50 29
15 50 127
79 97 79
20 85 6
40 72 106
87 107 107
35 76 76
108 109 64
91 93 91
21 102 105
66 78 78
7 122 122
7 79 79
19 118 118
99 122 29
15 22 22
6 8 6
14 21 105
31 92 31
10 64 64
29 121 29
40 46 25
9 114 22
115 118 98
87 95 75
7 18 113
58 59 69
20 57 122
8 15 53
87 100 75
41 113 113
20 80 80
91 113 113
80 109 64
36 110 76
60 95 88
38 102 27
3 16 97
28 38 28
8 124 124
66 96 66
6 46 25
41 71 78
51 95 30
7 70 113
86 98 42
44 109 64
61 93 61
102 103 103
34 66 66
55 59 11
90 124 124
48 61 61
69 122 69
52 89 61
28 77 28
61 124 124
74 122 122
73 115 98
7 66 66
72 103 106
1 9 1
121 126 121
40 110 76
26 66 66
4 113 113
49 74 74
83 105 66
108 125 126
88 98 88
60 78 88
13 93 82
19 123 4
16 17 45
5 72 106
63 90 112
87 98 98
70 72 106
94 126 126
62 119 56
2 107 107
97 122 122
43 101 23
46 87 25
41 103 41
4 84 4
116 125 107
88 120 88
81 99 29
24 79 79
72 118 106
109 113 64
59 107 107
63 87 75
16 84 43
97 126 126
10 48 89
16 54 31
41 110 76
21 26 41
15 19 53
4 97 4
64 72 64
62 95 62
61 67 61
2 89 2
26 52 61
16 126 126
49 118 118
66 74 66
79 116 107
28 116 107
53 66 66
8 60 88
53 93 53
87 101 75
56 102 56
33 75 75
48 64 64
18 116 107
72 83 66
13 49 49
77 102 2
40 62 16
15 105 53
49 73 74
77 125 2
20 45 45
56 71 78
31 73 74
13 26 41
87 96 75
104 121 121
94 105 94
16 91 91
2 71 78
96 118 118
9 111 118
21 75 75
34 108 108
19 125 126
48 100 89
95 128 28
18 42 42
30 106 30
108 112 112
87 103 75
12 38 111
32 43 1
46 115 25
24 106 79
5 120 81
61 80 61
7 96 113
58 86 42
11 25 11
28 42 28
40 102 16
22 60 88
13 29 29
19 81 81
54 109 64
110 121 121
89 106 106
5 17 45
82 99 29
59 65 69
71 72 78
21 70 8
106 124 124
40 74 74
41 69 69
61 84 61
5 50 127
59 90 69
13 72 106
54 90 112
79 95 79
7 125 126
84 119 43
40 84 43
17 31 45
27 115 98
43 73 74
21 34 105
88 123 88
8 99 29
4 104 121
93 116 107
5 94 94
27 101 23
23 28 28
64 66 66
1 64 1
59 111 69
44 89 89
37 78 78
17 65 45
17 119 45
5 102 123
16 113 113
5 36 10
64 113 64
21 86 42
53 114 22
34 51 30
27 128 28
68 94 94
111 113 113
33 61 61
9 80 118
30 87 30
55 96 11
76 92 76
97 105 105
72 121 121
71 123 78
39 71 78
10 55 11
39 47 124
33 81 81
112 115 98
6 86 42
47 81 124
12 31 111
30 76 30
26 33 58
33 53 53
56 96 49
9 70 118
41 90 112
42 121 121
4 52 61
3 82 82
77 81 81
106 123 106
30 59 30
28 61 28
90 106 112
34 62 108
64 127 127
5 52 61
45 74 74
89 107 107
86 128 28
4 74 74
7 61 61
21 89 89
74 83 66
106 115 98
111 125 126
28 108 28
3 13 82
57 102 122
36 109 64
77 88 88
64 115 98
23 100 23
51 77 30
6 87 6
78 101 78
54 105 105
113 118 113
19 127 127
31 83 66
53 90 53
49 120 81
17 26 41
44 106 106
89 105 89
46 58 25
117 122 122
21 51 30
51 71 78
88 106 88
19 21 4
61 73 61
47 56 124
37 111 20
76 113 76
38 48 89
1 72 1
27 111 111
9 28 28
15 128 28
19 27 4
33 71 78
111 124 124
34 78 78
22 115 22
4 118 118
72 98 98
73 97 74
53 77 2
58 111 58
45 92 45
88 96 88
28 111 28
42 112 42
72 120 81
2 94 2
19 109 64
93 126 126
9 49 118
9 39 118
22 78 78
64 69 69
46 121 121
10 25 25
63 122 122
2 52 61
58 73 74
92 119 56
21 45 45
11 60 88
71 73 78
22 47 124
65 87 75
8 70 8
36 115 98
20 68 20
58 102 58
7 107 107
35 103 103
11 46 11
64 74 64
3 96 49
35 66 66
58 63 58
65 98 98
22 127 127
24 29 29
15 27 53
37 103 103
96 123 49
24 47 124
104 127 127
35 106 106
52 101 61
5 23 23
49 121 121
30 49 30
54 92 31
48 69 69
14 90 112
86 113 42
27 62 27
28 59 28
68 95 63
99 113 29
68 97 63
44 114 22
27 42 42
28 46 28
19 108 4
7 103 113
36 62 10
42 58 42
48 91 89
28 39 28
33 52 61
22 114 22
48 78 78
19 84 4
60 104 88
7 26 113
51 53 30
26 126 126
80 89 89
4 110 76
22 28 28
4 95 4
49 64 64
44 64 64
29 38 29
115 116 107
50 75 127
16 52 61
16 114 22
27 68 63
25 65 25
112 119 112
9 76 76
5 62 123
41 106 106
95 126 126
40 54 31
84 85 6
66 114 22
23 83 66
7 77 2
40 66 66
57 123 122
93 115 98
33 62 58
32 64 1
48 107 107
29 81 29
30 88 88
40 81 81
84 101 23
34 92 108
82 90 112
61 70 61
27 54 31
101 117 23
4 51 30
30 83 30
1 11 1
5 58 58
57 97 122
26 105 41
77 89 2
85 101 6
50 105 127
83 98 66
11 42 42
73 127 127
85 89 89
19 87 75
104 111 121
64 73 64
76 96 76
48 71 78
26 38 41
21 91 105
8 102 8
24 75 79
65 124 124
4 93 4
37 57 122
75 91 75
10 57 122
42 55 42
15 40 53
23 65 23
44 47 124
81 96 81
27 118 118
51 120 30
42 94 42
56 92 56
4 78 78
28 127 127
19 101 4
33 106 106
2 127 127
15 16 53
21 42 42
92 96 49
67 84 103
17 18 94
78 87 78
29 59 29
5 40 16
37 90 112
28 69 28
15 80 53
38 73 74
53 99 29
30 115 30
6 112 112
8 32 1
26 116 107
55 67 11
12 104 121
42 87 42
68 102 63
48 63 89
29 30 29
18 119 94
78 122 78
65 95 65
63 94 94
77 124 124
24 28 28
9 53 53
21 120 81
37 91 20
18 90 112
1 95 1
27 122 122
41 87 75
12 109 64
3 68 63
48 111 89
4 91 4
120 121 121
36 92 10
10 28 28
82 97 82
95 125 126
63 100 14
27 38 27
34 90 112
37 109 64
76 111 76
41 101 41
28 90 28
23 115 98
100 119 14
33 47 124
76 77 2
57 87 122
80 120 81
65 113 113
8 48 89
10 65 65
97 128 28
13 51 30
33 108 58
39 95 102
38 110 76
18 31 94
57 81 81
31 35 80
3 125 126
74 76 76
18 117 94
25 98 25
46 66 25
37 65 20
32 69 1
31 91 91
6 81 81
58 115 98
103 121 121
35 120 81
39 103 103
3 33 58
11 100 11
2 49 2
88 126 88
26 78 78
25 72 25
19 111 4
69 73 69
26 84 41
11 78 78
9 35 118
102 115 98
13 45 45
52 88 88
26 79 79
62 100 14
4 85 6
11 106 11
62 122 122
4 103 103
70 105 8
56 111 111
10 99 29
114 118 22
23 122 122
40 57 122
58 97 58
13 14 82
9 128 28
24 58 79
16 66 66
25 31 25
21 119 105
21 44 105
49 63 49
90 109 112
76 81 81
25 127 127
5 73 74
46 88 88
55 82 11
27 88 88
15 122 53
77 80 2
90 128 28
44 115 98
81 107 107
32 79 1
45 85 6
41 83 66
57 70 122
13 81 81
72 93 106
35 59 69
91 98 98
85 105 6
11 109 11
19 71 78
42 88 88
94 119 94
2 75 2
53 57 53
53 125 53
3 80 80
16 77 2
29 35 29
2 28 28
93 120 81
112 113 112
64 107 107
15 91 53
54 64 64
55 87 11
73 128 28
4 82 4
12 52 61
53 123 53
7 102 113
3 31 97
69 125 69
17 23 45
20 37 20
21 37 20
49 78 78
37 84 20
17 121 121
61 88 88
6 100 6
94 112 112
39 92 44
101 104 121
10 76 76
9 82 118
19 35 4
16 96 49
3 93 91
17 21 45
4 21 4
18 25 25
36 85 6
74 127 127
41 57 122
73 99 29
54 73 74
90 126 112
56 98 98
16 37 20
34 61 61
1 83 1
20 77 2
66 103 66
91 126 126
62 72 106
65 90 112
3 107 107
75 112 112
23 77 2
90 96 112
57 90 112
71 116 107
55 74 11
64 126 64
28 47 28
35 73 74
19 38 4
67 73 74
45 100 45
77 107 107
30 123 30
29 33 29
63 97 63
35 93 80
91 112 112
77 100 2
43 128 28
14 66 66
27 96 49
70 75 75
30 45 30
31 57 122
15 71 78
34 57 122
69 76 76
37 107 107
7 16 113
49 67 103
69 113 69
59 99 29
5 45 45
103 115 98
41 58 58
55 80 11
14 55 11
69 115 69
48 89 89
10 106 106
75 122 122
24 57 79
107 120 107
1 24 1
15 72 53
32 80 1
24 122 79
31 107 107
22 37 22
99 121 29
18 40 94
87 108 75
2 30 30
33 85 6
83 126 66
48 55 11
45 67 103
35 70 80
108 126 126
10 107 107
44 71 78
14 73 74
22 113 22
76 91 76
60 74 88
61 66 61
94 120 81
47 128 28
107 128 107
18 107 107
58 75 75
87 122 122
23 30 30
30 125 30
36 111 111
16 33 58
67 90 112
102 112 112
44 58 58
42 91 42
66 81 81
1 29 1
92 115 98
15 78 78
15 93 53
8 14 8
6 76 76
10 34 108
6 108 6
1 60 1
38 117 65
107 116 107
120 125 81
61 119 61
111 121 121
31 41 41
36 114 22
39 73 74
1 70 1
19 55 11
21 38 105
3 83 66
37 54 20
20 41 41
21 53 53
95 109 64
17 95 45
25 126 25
7 116 107
82 93 82
54 128 28
85 116 107
45 123 45
17 83 66
94 115 98
109 122 64
7 67 113
26 40 41
18 78 78
91 109 64
60 91 88
28 32 1
2 51 30
34 84 108
57 106 106
42 110 42
45 63 45
68 88 88
6 14 6
1 37 1
59 91 69
32 96 1
14 105 105
16 89 89
78 93 78
59 92 69
7 25 25
23 76 76
50 67 127
57 68 122
78 117 78
21 90 112
40 60 88
78 88 88
65 68 65
47 109 124
75 113 75
74 108 74
82 95 82
5 107 107
36 79 79
40 73 74
48 127 127
9 40 118
71 87 78
4 124 124
75 103 75
12 46 25
13 63 82
113 116 107
7 31 113
69 89 69
34 119 108
33 68 58
45 70 8
19 24 79
95 124 124
55 76 11
45 48 89
83 95 66
4 12 4
35 58 58
81 121 121
36 127 127
48 114 22
54 68 63
84 115 98
59 60 88
44 68 63
7 15 53
32 123 1
62 84 43
26 27 41
48 50 127
113 120 81
28 117 28
92 109 64
31 65 65
67 127 127
45 59 69
23 82 23
26 90 112
21 36 105
42 70 42
2 18 2
7 62 113
35 43 80
15 92 53
24 126 79
27 126 126
43 127 127
15 125 53
12 15 53
58 67 58
20 42 42
17 127 127
3 57 122
11 108 11
14 86 42
98 126 98
34 87 75
10 56 56
85 122 122
105 124 124
15 121 121
47 122 124
30 82 30
100 112 112
93 119 91
123 126 126
43 74 74
78 128 78
26 124 124
27 37 20
12 112 112
27 55 11
30 66 30
40 90 112
47 60 88
15 81 81
31 117 65
6 18 6
24 45 79
75 94 75
38 93 91
41 43 41
14 59 69
119 126 126
49 102 49
104 117 121
48 128 28
55 95 11
50 98 127
13 43 82
73 114 22
60 85 88
40 127 127
21 39 105
29 34 29
17 42 42
20 127 127
26 54 41
90 100 112
77 109 2
72 123 106
9 48 89
105 112 112
9 101 118
20 98 98
78 124 78
74 111 74
16 59 69
6 72 106
77 127 127
45 106 106
7 24 79
2 58 2
33 55 11
17 93 45
47 64 124
14 110 76
110 124 124
44 128 28
44 78 78
40 117 65
51 55 30
10 90 112
76 80 76
72 107 107
12 126 126
95 103 103
29 56 29
15 126 53
9 25 25
19 51 30
46 107 107
22 97 22
29 109 29
89 123 89
106 125 106
2 74 2
17 73 74
36 95 10
2 113 2
82 128 28
35 114 22
77 120 81
19 94 94
78 113 78
38 119 56
68 93 91
82 85 6
79 88 88
105 120 81
16 85 6
33 90 112
103 126 126
40 68 63
40 96 49
4 29 29
34 98 98
45 128 28
32 122 1
21 107 107
85 119 6
6 48 89
29 120 29
91 119 91
40 55 11
28 93 28
86 126 42
53 115 98
12 128 28
67 71 78
64 121 121
44 84 43
13 111 111
112 122 112
84 95 43
38 114 22
26 101 41
56 95 56
13 71 78
3 85 6
15 25 25
72 92 106
39 106 106
7 69 69
15 63 53
33 45 58
15 77 2
65 120 81
74 96 74
118 126 126
75 109 64
87 117 75
30 64 30
54 67 103
57 95 122
44 119 56
35 37 80
58 123 58
41 80 41
93 108 108
33 120 81
20 119 20
9 51 30
37 92 20
18 41 41
51 110 30
88 127 88
19 112 112
63 95 63
93 110 76
19 100 4
78 81 78
16 119 56
13 50 127
63 118 118
3 26 41
1 85 1
83 107 107
2 61 61
1 112 1
79 108 79
22 62 22
9 66 66
20 58 58
39 111 111
72 91 106
21 69 69
37 75 75
9 73 74
29 47 29
22 46 22
83 100 66
42 67 42
1 50 1
89 93 89
33 99 29
25 71 78
15 41 53
62 111 111
81 85 81
19 36 4
8 77 2
8 23 8
18 88 88
22 83 22
12 96 49
22 91 22
109 110 76
52 75 61
60 80 88
33 88 88
15 118 53
3 116 107
79 114 22
16 86 42
22 99 29
31 67 103
2 53 2
31 37 20
69 77 2
38 120 81
59 68 69
4 99 29
87 114 22
18 105 94
33 40 58
89 96 89
33 63 58
24 98 98
64 77 2
4 64 64
33 48 89
13 73 74
28 29 29
73 126 126
5 12 111
7 8 113
15 95 53
6 9 6
39 46 25
52 105 61
5 88 88
39 52 61
17 96 49
36 99 29
1 61 1
43 96 49
27 36 10
42 47 42
7 55 11
36 72 106
59 88 88
6 94 6
76 101 76
44 93 91
6 124 124
114 124 124
26 125 126
33 60 88
38 65 65
37 77 2
7 94 113
84 111 111
42 122 42
49 76 76
17 79 79
10 12 111
37 81 81
5 101 23
40 82 82
18 104 121
44 53 53
97 109 64
76 110 76
7 72 106
75 76 76
34 100 108
5 57 122
84 86 42
21 114 22
38 84 43
32 48 1
65 73 74
45 65 45
76 103 76
17 43 45
101 108 23
97 112 112
96 119 49
31 95 31
31 100 14
42 96 42
61 115 61
13 16 82
92 114 22
26 72 106
54 121 121
2 124 124
32 41 1
6 73 74
12 39 111
98 108 98
45 47 124
14 120 81
47 52 124
11 124 124
80 86 42
11 14 11
46 104 121
31 58 58
19 43 4
60 81 88
106 113 106
35 113 113
6 33 6
53 128 28
20 74 74
19 49 4
27 60 88
81 119 81
40 52 61
105 122 122
43 88 88
16 44 16
29 44 29
49 55 11
40 112 112
35 79 79
74 99 29
8 27 8
6 122 122
66 106 66
22 126 22
16 95 16
34 38 108
28 68 28
68 100 14
52 65 61
9 38 118
34 112 112
26 95 41
34 37 20
60 121 88
1 116 1
30 109 30
61 62 61
19 85 6
67 86 42
16 92 16
37 58 58
67 115 98
69 109 69
1 90 1
21 35 80
15 29 29
7 117 113
1 114 1
100 128 28
22 42 42
71 111 78
85 108 6
2 21 2
3 99 29
66 76 76
4 87 75
70 119 8
34 110 76
96 102 49
16 83 66
56 89 89
31 46 25
31 128 28
70 116 107
43 93 91
23 85 6
38 90 112
75 111 75
78 79 78
25 104 121
95 123 123
8 94 94
27 32 1
27 44 44
76 122 76
9 61 61
88 116 88
67 111 103
88 94 88
105 123 105
10 102 10
57 126 126
23 87 75
7 109 64
95 110 76
46 53 25
27 116 107
59 72 69
57 78 78
17 62 45
11 51 30
94 124 124
74 113 74
6 60 88
26 49 41
95 119 56
20 116 107
56 72 106
17 36 45
64 116 107
13 39 82
7 115 98
112 123 112
9 16 118
82 106 106
20 123 20
50 102 127
81 125 81
13 100 82
28 115 28
7 83 66
2 41 2
105 110 76
19 122 122
24 91 79
40 95 16
77 92 2
79 107 107
76 88 88
48 106 106
33 43 58
46 96 25
5 54 31
18 38 94
107 112 107
39 51 30
51 103 30
101 107 107
6 105 6
55 103 11
58 119 58
118 123 118
47 118 124
34 115 98
28 126 28
23 97 23
32 101 1
94 123 94
39 104 121
62 93 91
41 85 6
10 39 10
24 116 107
17 60 88
32 74 1
26 119 41
81 118 81
7 121 121
29 91 29
82 109 64
39 70 8
45 62 45
23 70 8
34 96 49
47 95 124
51 91 30
13 87 75
80 85 6
16 120 81
18 39 94
49 110 76
63 88 88
21 59 69
90 116 107
24 32 1
116 120 107
5 103 103
21 67 103
23 110 76
65 84 65
33 34 58
110 111 76
67 117 103
39 41 41
51 75 30
93 125 126
71 119 78
106 112 112
12 101 111
68 125 126
36 117 65
5 126 126
38 44 44
27 103 103
23 36 23
5 15 53
75 88 88
82 101 23
51 100 30
17 35 80
13 42 42
59 119 69
3 38 97
66 113 66
51 96 30
69 117 69
23 34 23
18 127 127
37 42 42
75 79 79
49 71 78
10 67 103
3 15 53
64 112 112
16 56 56
69 86 42
25 54 25
75 126 126
39 44 44
9 93 118
114 122 22
66 93 66
23 57 122
12 95 111
22 24 22
25 94 25
115 127 127
26 44 41
17 102 45
12 84 111
5 21 105
51 127 127
29 61 29
95 117 65
7 17 113
2 84 2
54 108 108
87 121 121
58 68 58
78 89 78
29 43 29
38 70 8
1 16 1
9 68 118
4 100 4
9 121 121
27 100 14
32 83 1
13 128 28
39 94 94
53 83 66
47 85 124
55 108 11
93 101 23
32 119 1
27 113 113
8 51 30
32 54 1
69 90 69
16 22 22
40 67 103
38 125 126
6 118 6
96 126 126
1 80 1
59 69 69
16 100 14
24 74 79
77 94 2
34 43 108
51 73 30
10 92 10
47 77 124
43 80 80
11 30 30
20 47 124
38 122 122
17 47 124
36 82 82
70 121 121
99 120 29
36 74 74
4 90 112
83 123 66
50 116 107
5 39 123
13 125 126
28 87 28
88 124 88
32 62 1
34 97 108
39 76 76
73 78 78
17 101 45
73 109 64
32 59 1
5 13 82
18 67 103
49 51 30
4 19 4
6 96 6
12 100 111
3 94 94
17 87 75
61 72 61
34 41 41
16 106 106
54 58 58
58 110 76
26 63 41
49 100 49
58 108 58
43 60 88
72 102 106
76 127 127
30 33 30
33 58 58
3 97 97
37 40 20
33 128 28
86 106 42
27 120 81
30 120 30
8 116 107
10 71 78
57 113 122
115 121 121
53 82 53
63 83 66
98 125 98
80 107 107
26 73 74
24 92 79
93 123 91
9 84 118
72 117 106
55 85 11
52 86 42
72 119 106
18 30 30
26 93 41
9 89 89
57 104 121
88 118 88
114 117 22
23 37 20
63 70 8
47 69 124
4 102 4
12 88 88
24 25 25
24 104 121
45 61 61
19 99 29
24 65 79
88 115 88
122 126 126
36 58 58
4 77 2
39 59 69
25 64 25
55 120 81
53 61 61
26 71 78
36 54 10
87 113 75
32 115 1
99 105 29
5 46 25
15 102 53
63 104 121
27 41 41
41 61 61
8 17 8
59 120 81
35 111 80
70 102 8
46 111 25
77 90 2
23 35 80
26 117 41
32 90 1
24 105 79
73 92 74
62 71 78
24 70 79
88 102 88
3 24 79
22 50 127
62 87 75
1 26 1
9 92 118
31 42 42
74 98 98
20 67 103
52 80 61
24 113 79
1 87 1
17 120 81
35 45 80
37 85 6
7 65 113
23 40 23
9 58 58
45 73 74
57 93 122
87 124 124
10 15 53
28 121 121
35 84 80
22 116 107
71 82 78
8 118 118
21 88 88
100 123 14
101 119 23
50 84 127
24 51 30
6 39 6
66 82 66
34 53 53
103 110 76
82 92 82
59 95 69
11 15 11
48 70 89
10 52 61
70 87 75
15 94 53
23 73 74
27 35 80
22 125 22
91 95 91
34 45 45
61 63 61
2 125 2
25 42 42
35 67 103
83 115 66
64 78 78
4 115 98
95 115 98
23 25 25
80 82 80
29 74 29
14 43 14
17 63 45
15 37 53
21 115 98
3 4 4
6 55 11
54 110 76
2 69 2
60 88 88
108 118 118
43 120 81
33 36 58
25 53 25
70 96 49
27 93 91
39 88 88
110 114 76
64 94 64
76 114 76
57 67 122
11 80 11
34 114 22
89 114 22
52 87 61
48 82 89
42 78 78
38 51 30
53 69 69
12 40 111
58 66 66
80 118 118
70 83 66
14 56 14
3 53 53
83 122 66
93 106 106
78 106 78
13 123 82
56 87 75
57 76 76
26 85 6
106 122 106
51 105 30
40 128 28
15 55 11
79 109 64
93 100 14
40 53 53
43 106 106
6 98 98
30 46 30
9 78 78
3 91 91
15 45 53
5 91 91
69 110 76
83 116 107
5 109 64
13 85 6
25 81 81
14 117 14
18 43 94
5 98 98
42 63 42
34 125 126
55 78 78
50 70 127
18 61 61
19 62 4
10 68 63
20 93 20
48 83 66
37 112 112
50 63 127
59 61 61
65 128 28
22 110 76
8 88 88
74 123 74
66 92 66
53 98 98
52 81 81
60 107 88
91 124 124
12 35 80
14 50 127
34 99 29
10 35 80
21 93 105
22 87 22
9 44 118
53 81 81
88 100 88
4 73 74
28 96 28
66 95 66
8 95 8
14 88 88
23 95 23
12 43 111
10 95 10
24 90 112
58 60 88
66 84 66
63 73 74
1 79 1
27 74 74
35 86 42
10 17 45
6 19 6
93 122 122
46 109 25
2 8 2
28 52 28
49 124 124
12 72 106
13 78 78
59 127 127
34 71 78
78 127 127
55 106 11
14 37 20
25 27 25
47 110 124
72 87 106
9 125 126
89 122 89
57 59 69
29 107 29
12 82 111
74 110 76
1 30 1
10 31 10
4 11 11
42 86 42
12 60 88
35 56 80
33 44 58
10 81 81
54 66 66
11 83 11
31 72 106
4 15 53
33 95 58
12 105 111
18 32 1
85 103 6
22 84 22
101 113 113
35 63 80
58 100 58
48 105 89
11 96 11
12 66 66
80 116 107
28 54 28
13 31 82
38 74 74
15 24 53
15 86 42
22 52 61
12 37 20
7 89 89
90 101 112
76 124 124
101 115 98
47 72 124
2 98 2
13 44 82
83 124 124
58 92 58
18 46 25
2 47 124
31 36 10
107 110 107
49 125 126
71 128 78
96 112 112
16 70 8
31 33 58
25 119 25
5 49 49
78 121 121
85 123 6
42 83 42
25 95 25
66 124 124
51 89 30
23 60 88
65 96 49
12 70 8
117 118 118
83 106 66
124 128 28
91 108 108
117 123 65
26 31 41
2 57 2
84 117 65
24 84 79
15 97 53
3 20 20
57 92 122
36 93 91
62 76 76
30 81 30
68 89 89
20 50 127
28 114 28
79 101 79
52 121 121
25 32 1
9 95 118
1 71 1
70 125 126
74 89 89
3 64 64
106 118 106
27 76 76
57 61 61
106 109 64
45 113 113
68 105 105
2 83 2
7 105 113
71 89 78
83 85 66
35 49 49
19 33 58
127 128 127
11 95 11
33 102 58
42 56 42
70 85 6
48 95 89
5 92 44
72 109 64
16 99 29
27 119 56
11 61 61
24 99 29
75 82 75
112 127 127
20 109 64
36 126 126
20 51 30
38 109 64
69 82 69
13 68 82
93 117 91
67 78 78
60 124 88
21 62 105
22 25 22
10 93 91
11 81 81
61 121 121
55 97 11
49 109 64
66 112 66
36 101 23
55 110 11
39 75 75
68 121 121
31 84 43
35 87 75
48 123 89
121 125 121
12 90 112
5 118 118
77 86 42
48 93 89
29 100 29
101 124 124
28 95 28
57 103 122
30 122 30
29 89 29
38 67 103
100 101 23
21 68 105
38 68 63
19 82 4
109 121 121
61 116 107
68 96 49
52 113 61
51 113 30
29 80 29
94 113 113
51 76 30
11 115 11
25 36 25
38 57 122
12 63 111
37 100 20
5 116 107
23 94 94
56 112 112
21 111 111
22 73 22
25 30 30
47 126 124
48 118 89
25 74 25
67 120 81
30 95 30
121 122 121
109 124 124
1 88 1
75 107 107
12 73 74
30 77 30
104 112 121
65 77 2
24 40 79
63 123 63
46 86 42
2 122 2
75 127 127
26 106 106
1 113 1
6 119 6
18 48 89
21 63 105
49 113 113
27 67 103
7 52 61
53 102 53
37 108 20
54 72 106
72 113 106
72 81 81
45 51 30
19 92 4
21 64 64
3 73 74
22 69 22
110 122 76
102 117 65
13 59 69
53 95 53
97 124 124
28 30 28
79 123 79
19 128 28
60 128 88
21 60 88
30 121 121
49 72 106
35 105 80
56 66 66
26 115 98
59 124 124
26 96 41
33 116 107
43 95 43
10 30 30
65 116 107
57 85 122
93 105 105
62 101 23
10 33 58
79 112 112
1 15 1
95 108 108
75 104 121
5 68 63
22 85 22
39 67 103
9 52 61
77 118 2
72 105 106
96 128 28
30 51 30
46 61 61
51 117 30
119 121 121
40 111 111
3 104 121
39 100 14
32 47 1
20 60 88
63 77 2
49 85 6
118 121 121
67 114 22
51 63 30
19 30 30
33 126 126
91 96 49
35 53 53
70 84 8
60 92 88
2 73 2
41 118 41
100 122 122
22 71 78
126 128 28
17 46 25
33 101 58
20 73 74
30 58 30
14 35 80
33 50 127
3 126 126
33 114 22
24 35 79
29 46 29
45 91 45
70 92 8
50 51 127
11 117 11
36 97 10
9 74 74
86 89 42
10 127 127
40 124 124
55 107 107
24 121 121
20 46 25
34 73 74
27 83 66
9 18 94
16 78 78
22 81 81
96 113 113
39 84 43
115 128 28
70 104 121
24 43 79
18 33 58
57 75 122
57 94 122
42 97 42
90 112 112
17 48 89
64 90 112
2 118 2
67 98 98
40 45 45
27 34 108
52 110 61
16 61 61
19 86 42
2 115 2
21 54 105
10 118 118
71 121 121
72 97 106
29 73 29
97 115 98
75 86 42
71 120 78
113 127 127
43 63 43
7 95 113
7 35 113
74 119 74
114 120 81
31 93 91
1 74 1
95 105 105
11 48 11
6 83 66
74 101 74
17 22 22
112 128 28
28 82 28
39 124 124
98 106 98
68 119 56
21 23 105
108 120 81
40 65 65
45 111 45
99 126 29
21 61 61
36 45 45
78 118 78
23 80 80
86 115 42
34 46 25
13 38 82
30 86 42
59 85 69
11 128 28
9 20 118
2 86 42
16 122 122
22 26 22
20 112 112
35 128 28
11 29 29
30 97 30
8 68 8
52 114 61
18 101 94
47 87 124
47 75 124
20 78 78
60 83 88
7 14 113
96 104 121
1 124 1
60 123 88
105 108 105
40 59 69
66 125 66
46 67 25
72 90 112
21 40 105
44 74 74
73 89 89
96 115 98
48 121 121
34 109 64
9 45 118
109 118 64
106 127 127
31 110 76
3 108 108
23 51 30
24 81 81
86 96 42
9 15 53
7 49 113
54 84 43
9 77 2
9 126 126
43 86 42
48 120 81
15 100 53
65 118 118
1 128 1
54 116 107
50 113 127
62 85 6
95 114 22
57 71 78
14 115 98
49 105 49
17 74 74
18 35 94
86 100 42
9 105 118
56 83 66
68 87 75
57 91 122
58 64 64
50 127 127
7 10 113
36 103 103
14 95 14
77 123 2
53 104 121
28 72 28
46 76 76
22 122 22
31 114 22
3 100 14
43 83 66
53 72 53
40 69 69
85 110 76
89 97 89
57 84 122
96 98 98
95 122 122
109 119 64
8 61 61
47 107 107
24 54 79
10 101 23
18 28 28
55 114 11
2 110 2
31 39 31
12 29 29
82 112 112
105 119 105
24 36 79
24 95 79
25 48 25
77 78 78
73 86 42
46 65 25
88 110 88
30 103 30
73 121 121
75 100 75
59 117 69
13 108 82
24 26 79
2 63 2
35 85 6
1 99 1
19 61 61
2 95 2
57 111 122
82 105 105
5 93 91
89 126 89
78 103 78
98 109 98
38 116 107
42 104 121
53 127 127
2 55 2
61 127 127
115 123 98
14 20 20
33 91 58
36 102 10
44 54 31
36 64 64
58 99 29
22 102 22
106 120 81
61 105 61
38 41 41
24 55 11
39 72 106
39 90 112
43 87 75
12 19 4
41 128 28
4 36 4
17 110 76
55 118 11
30 80 30
56 85 6
8 50 127
95 106 106
37 63 20
100 106 106
112 126 112
22 121 121
88 104 88
12 22 22
45 109 64
17 78 78
42 68 42
7 75 75
15 107 107
24 83 66
21 117 105
35 38 80
88 105 88
28 34 28
66 116 107
41 82 41
59 100 69
54 123 31
101 123 23
73 100 74
23 39 23
82 120 81
54 56 56
53 124 124
10 13 82
62 73 74
95 99 29
54 89 89
3 32 1
34 63 108
42 75 42
60 110 88
18 70 94
47 96 124
58 127 127
3 37 20
17 51 30
55 58 11
94 121 121
23 63 23
9 14 118
66 117 66
83 114 22
61 76 61
4 42 42
19 29 29
26 68 41
73 123 74
28 35 28
31 34 108
41 67 41
38 64 64
51 124 30
13 126 126
9 60 88
102 107 107
68 116 107
18 66 66
1 3 1
8 93 8
54 60 88
119 123 56
72 114 22
81 109 81
35 54 80
14 96 49
92 101 23
11 43 11
66 79 66
11 94 11
56 118 118
98 116 107
61 65 61
1 104 1
22 53 22
6 41 6
42 82 42
21 57 122
39 119 56
31 89 89
50 57 127
29 103 29
86 102 42
96 107 107
85 107 107
11 77 2
42 99 29
25 59 69
9 54 118
67 76 76
43 109 64
25 70 25
95 127 127
79 115 98
50 82 127
105 111 111
46 95 25
99 117 29
59 106 69
44 88 88
15 108 53
37 73 74
36 121 121
69 88 88
67 109 64
11 28 28
27 85 6
42 101 42
3 34 108
67 116 107
25 89 25
59 98 69
1 93 1
74 97 74
4 79 79
19 124 124
6 120 81
18 21 94
19 77 2
94 109 64
15 101 53
99 110 29
3 48 89
44 82 82
49 92 49
34 116 107
11 90 11
36 90 112
13 48 89
20 33 58
45 56 45
81 102 81
8 35 80
9 69 69
7 99 29
48 87 89
13 69 69
78 120 78
10 14 14
5 95 123
61 74 61
41 48 89
3 19 4
55 81 81
60 96 88
39 89 89
1 73 1
43 64 64
84 100 14
46 122 25
1 45 1
27 84 43
117 119 65
79 127 127
3 84 43
113 126 126
57 72 106
4 53 53
92 102 44
21 116 107
47 57 124
56 67 103
14 83 66
65 123 65
4 16 4
51 116 107
98 110 76
22 100 22
3 47 124
37 62 20
73 116 107
93 102 91
53 105 53
59 122 69
1 42 1
89 121 121
79 86 42
29 114 29
4 122 122
4 7 113
71 102 78
4 26 41
42 102 42
60 102 88
61 120 81
53 121 121
72 84 106
19 56 4
110 125 76
118 128 28
73 117 74
41 76 76
1 6 1
72 96 106
67 93 103
85 125 126
52 61 61
43 115 98
54 101 23
6 93 6
14 27 14
51 90 30
85 114 22
32 95 1
7 33 113
64 95 64
83 84 66
61 69 61
3 118 118
11 91 11
15 103 53
44 61 61
20 32 1
28 62 28
17 19 4
93 96 49
26 61 61
46 51 30
84 109 64
56 127 127
46 83 25
8 75 75
44 62 44
70 120 81
5 7 113
32 61 1
31 111 111
90 105 112
22 74 22
15 127 127
12 57 122
36 50 127
23 112 112
34 58 58
85 102 6
60 98 88
16 110 76
11 79 11
11 76 11
91 122 122
15 123 53
12 74 74
6 107 107
28 103 28
6 62 6
32 37 1
57 77 2
15 44 53
28 106 28
117 125 126
50 91 127
28 104 121
24 68 79
43 94 94
17 106 106
19 73 74
43 59 69
71 84 78
28 109 28
2 126 2
26 98 98
74 95 74
29 102 29
41 50 127
29 41 29
1 49 1
57 62 122
112 114 22
108 121 121
24 61 61
33 96 58
54 81 81
87 120 81
92 110 76
25 76 76
13 117 82
89 117 89
41 84 41
17 38 45
18 108 94
67 125 126
26 89 89
68 123 63
61 83 61
5 25 25
52 108 61
61 109 61
2 15 2
19 91 4
3 35 80
62 67 103
93 111 111
13 102 82
84 121 121
68 92 63
20 101 20
2 33 2
36 84 43
27 125 126
20 108 20
27 40 16
2 38 2
7 56 113
48 73 89
1 54 1
24 124 124
87 91 75
97 102 97
13 118 118
46 84 25
63 115 98
53 79 53
22 107 107
98 127 127
19 23 4
31 109 64
104 124 121
61 95 61
28 85 28
77 97 2
80 115 98
51 69 30
14 29 29
73 118 74
23 55 11
7 91 113
27 63 63
95 120 81
21 73 74
41 95 41
75 84 75
31 75 75
32 46 1
62 79 79
36 48 89
111 115 98
29 128 29
26 41 41
98 118 98
22 105 22
94 128 28
94 118 94
26 81 81
4 35 4
71 96 78
3 62 97
34 77 2
82 123 82
81 124 124
34 111 111
18 100 94
33 42 42
13 92 82
89 112 112
74 94 74
11 67 11
52 63 61
46 127 127
38 39 27
92 113 113
28 65 28
25 128 28
15 61 61
82 104 121
14 15 53
47 59 124
8 57 122
17 56 45
73 95 74
26 55 11
59 81 81
11 114 11
19 67 103
14 71 78
3 115 98
6 13 6
66 126 66
121 128 121
17 94 94
39 66 66
13 27 82
68 81 81
114 121 121
42 53 42
54 55 11
52 96 61
52 78 78
11 112 11
83 128 28
9 113 113
49 56 49
16 48 89
5 84 43
7 37 113
57 100 122
24 114 22
46 63 25
10 111 111
69 114 22
78 94 78
88 107 88
44 124 124
13 112 112
10 21 105
9 91 118
48 97 89
89 95 89
36 59 69
4 40 4
52 67 61
19 34 4
20 53 53
84 96 49
63 91 91
76 85 76
7 38 113
36 78 78
20 26 41
14 57 122
42 117 42
64 125 64
15 66 66
13 40 82
33 110 76
52 123 61
63 92 63
49 52 61
18 68 94
25 88 88
13 90 112
95 101 23
55 102 11
3 102 97
19 59 69
25 114 22
34 56 108
84 93 91
46 113 25
39 114 22
7 42 42
17 58 58
54 87 75
22 98 22
71 101 78
1 78 1
81 127 127
12 68 111
7 126 126
13 21 105
34 80 80
39 68 63
7 112 112
83 120 81
90 117 112
28 86 28
28 64 28
38 115 98
9 119 118
17 105 45
18 128 28
67 121 121
8 79 79
43 100 14
50 80 127
19 103 103
56 77 2
28 89 28
15 119 53
100 126 126
11 44 11
66 105 66
7 74 74
19 26 41
69 95 69
5 38 27
67 123 103
95 113 113
58 95 58
47 82 124
17 30 30
53 110 76
68 82 82
1 117 1
58 81 81
87 116 107
55 69 11
2 26 2
29 45 29
92 124 124
52 68 61
16 104 121
62 105 105
114 116 107
60 67 88
14 70 8
16 124 124
65 125 126
11 55 11
22 33 22
74 102 74
84 92 43
60 79 88
28 80 28
19 119 4
36 83 66
83 88 88
16 107 107
77 79 2
3 92 97
11 33 11
68 77 2
54 96 49
45 87 75
62 97 97
6 111 6
48 81 81
22 112 22
37 99 29
56 88 88
58 106 106
104 115 121
35 74 74
34 123 108
4 9 118
80 96 49
12 92 111
98 128 28
55 61 61
68 101 23
17 108 45
37 82 20
52 104 121
22 59 22
26 70 41
71 113 78
67 105 103
12 116 107
28 78 78
17 126 126
101 112 112
53 64 53
25 67 25
95 96 49
44 50 127
12 13 111
35 118 118
39 125 126
1 66 1
8 113 113
18 125 126
57 74 122
11 120 81
40 77 2
34 104 121
10 85 6
75 108 75
66 73 66
5 90 112
23 64 64
37 93 20
81 91 81
77 91 2
94 125 126
13 107 107
26 92 41
13 98 98
29 75 29
55 60 88
80 128 28
5 70 8
29 32 1
34 40 108
13 67 103
18 85 6
46 124 124
60 75 88
65 70 8
12 54 111
45 115 98
59 115 69
5 117 65
123 125 126
1 110 1
71 81 78
38 61 61
82 124 124
9 97 118
59 114 22
46 98 25
86 121 121
102 118 118
63 96 49
43 75 75
2 7 2
65 106 106
56 114 22
43 61 61
57 105 122
33 67 58
42 127 127
5 75 75
25 55 11
19 95 4
14 54 14
45 110 76
55 62 11
46 60 88
20 95 20
30 127 127
67 82 103
103 116 107
33 82 58
40 98 98
16 65 65
62 94 94
1 55 1
48 67 89
22 95 22
67 107 107
105 115 98
42 76 42
66 75 66
52 92 61
58 126 126
117 120 81
13 89 89
3 9 118
2 70 2
4 123 4
108 111 111
6 77 2
1 39 1
8 12 8
6 63 6
12 108 111
12 44 111
34 128 28
16 26 41
84 90 112
9 100 118
88 113 88
29 71 29
1 7 1
79 126 79
6 117 6
44 107 107
19 57 122
20 84 20
85 126 126
18 26 41
74 75 74
83 110 76
71 100 78
86 103 42
11 34 11
7 54 113
25 125 25
24 103 79
87 90 112
37 47 124
59 109 69
70 73 74
21 99 29
86 120 42
22 34 22
44 100 14
10 49 49
62 70 8
33 100 58
76 82 76
33 113 113
49 88 88
47 121 121
13 17 45
91 118 118
28 113 28
73 94 74
7 34 113
8 97 8
81 112 81
26 34 41
87 112 112
81 122 81
10 86 42
52 95 61
71 117 78
96 117 49
8 62 8
45 52 61
41 53 53
70 123 8
68 70 8
2 109 2
92 117 65
19 41 41
20 124 124
58 103 58
48 126 89
54 80 80
26 47 124
17 116 107
63 126 126
44 101 23
11 66 11
75 83 66
9 112 112
38 69 69
74 104 121
7 82 113
23 72 106
51 108 30
58 84 58
18 36 94
64 106 64
23 43 23
37 68 20
59 112 69
29 31 29
8 11 11
22 119 22
98 113 98
35 39 80
67 68 103
16 101 23
17 68 45
67 126 126
14 79 79
39 99 29
5 33 58
42 69 42
77 87 2
51 107 107
25 115 25
13 110 76
1 43 1
95 112 112
86 95 42
38 100 14
6 95 6
60 77 88
94 103 103
26 75 75
40 123 16
13 77 2
18 123 94
10 20 20
12 125 126
18 87 75
14 42 42
15 53 53
40 87 75
88 89 88
44 122 122
41 66 66
63 117 65
6 103 6
34 118 118
33 41 58
34 121 121
80 117 80
3 117 65
28 83 28
12 45 45
63 120 81
3 101 23
34 101 23
107 124 107
52 124 124
32 107 1
40 49 49
104 128 121
5 104 121
1 22 1
39 115 98
39 117 65
5 31 31
13 65 82
38 54 31
40 93 91
29 124 29
19 89 89
27 106 106
10 69 69
73 77 2
94 96 94
12 23 111
23 125 126
89 118 89
64 76 76
95 102 102
10 119 56
8 18 94
1 109 1
22 64 22
8 127 127
106 111 106
9 59 69
19 70 4
61 125 61
11 116 107
12 59 69
7 113 113
19 120 81
91 127 127
34 93 108
54 74 74
49 101 49
15 111 53
7 11 11
62 126 126
30 94 30
23 81 81
11 88 88
2 81 81
61 110 61
74 120 81
81 106 81
60 111 88
61 113 61
42 52 42
101 121 121
12 85 6
69 94 69
63 81 81
21 125 126
96 122 122
82 119 82
22 117 22
29 77 29
43 81 81
20 64 64
50 88 88
91 104 121
26 45 41
23 102 23
40 89 89
1 81 1
60 66 88
4 44 4
10 44 10
65 100 14
71 114 78
34 76 76
41 86 42
41 44 41
5 71 78
26 110 76
37 39 20
16 29 29
5 128 28
15 87 53
32 60 1
73 122 122
8 111 8
107 127 107
3 7 113
22 90 22
53 88 88
64 122 64
59 110 76
14 19 4
13 91 82
32 82 1
16 50 127
24 111 79
68 86 42
108 122 122
91 116 107
123 128 28
23 101 23
3 123 97
45 97 45
46 94 25
26 32 1
3 59 69
41 121 121
82 111 111
22 48 22
85 86 42
84 110 76
26 35 41
14 65 14
92 121 121
35 40 80
12 118 118
3 106 106
10 117 65
57 119 122
71 107 107
16 24 79
66 127 127
72 85 106
15 21 53
9 37 118
8 65 8
83 109 66
1 52 1
42 60 88
17 28 28
50 60 88
28 110 28
56 104 121
76 125 76
35 51 30
48 52 61
14 62 14
32 77 1
30 53 30
66 110 76
100 124 124
50 107 107
44 104 121
71 104 121
13 115 98
8 30 30
50 86 127
35 108 80
72 104 121
60 62 88
34 102 108
81 93 81
13 60 88
18 113 113
30 70 30
68 76 76
111 114 22
72 76 76
18 50 127
11 64 11
5 63 63
12 78 78
75 123 75
27 92 44
9 24 79
16 68 63
2 25 2
89 127 127
65 110 76
25 38 25
59 104 121
4 69 69
19 93 4
54 91 91
41 97 41
83 86 42
33 118 58
58 122 122
60 63 88
69 71 78
67 74 74
27 47 124
38 101 23
5 34 108
37 110 76
64 93 64
49 111 49
58 109 64
70 80 80
34 113 113
60 108 88
42 51 42
112 125 112
40 79 79
50 81 127
36 118 118
30 69 30
15 62 53
59 75 69
24 50 127
7 44 113
87 106 106
80 95 80
46 99 29
50 68 127
44 83 66
40 64 64
69 104 121
42 115 42
3 22 22
73 76 76
12 119 111
34 54 108
3 27 97
5 18 94
12 34 111
46 100 25
2 114 2
8 55 11
35 36 80
93 118 118
23 26 41
37 105 20
54 70 8
76 112 76
53 86 42
49 80 49
73 106 106
86 93 42
27 70 8
54 75 75
23 46 25
28 45 28
79 118 79
70 101 8
23 59 69
25 45 25
64 119 64
56 84 43
10 43 43
42 109 42
25 85 25
19 44 4
19 105 4
51 64 30
105 109 64
24 96 79
70 103 103
53 117 53
20 27 20
13 70 8
92 123 44
87 123 75
116 119 107
123 127 127
18 55 11
18 97 94
1 36 1
48 68 89
111 120 81
12 113 113
26 97 41
21 52 61
67 97 103
31 119 56
21 100 105
10 70 8
67 69 69
53 76 76
20 94 94
38 95 27
18 20 94
6 128 28
12 33 58
10 18 94
33 74 74
5 110 76
24 119 79
10 53 53
71 80 78
7 80 113
25 56 25
6 79 79
42 81 42
44 117 65
73 80 74
56 62 56
45 116 107
26 67 41
50 97 127
68 73 74
15 115 98
62 114 22
10 87 75
80 104 121
73 75 74
60 101 88
69 127 127
91 125 126
1 106 1
13 103 103
77 95 2
78 104 121
72 86 42
37 55 11
37 102 20
16 57 122
35 96 49
28 99 29
10 79 79
10 94 94
80 126 126
10 110 76
60 119 88
33 92 58
8 56 8
19 117 4
41 109 64
31 121 121
45 127 127
107 114 107
76 86 42
53 70 53
8 59 69
20 56 20
58 120 81
1 115 1
39 123 123
15 74 53
125 127 127
9 12 118
52 70 61
54 119 56
17 77 2
15 18 53
12 117 111
16 74 74
2 40 2
13 95 82
1 58 1
29 86 29
5 61 61
88 109 88
80 98 98
34 64 64
55 79 11
34 86 42
27 81 81
90 91 112
64 75 64
22 109 22
47 67 124
69 124 124
33 97 58
55 65 11
1 96 1
43 125 126
56 113 113
6 127 127
99 128 29
70 108 8
36 61 61
27 33 58
55 93 11
5 78 78
56 100 14
49 83 66
24 125 79
88 95 88
69 116 107
16 36 10
90 97 112
73 82 74
47 88 88
65 93 91
12 110 76
30 112 30
13 114 22
70 110 76
18 106 106
81 123 81
75 114 22
61 96 61
43 89 89
27 107 107
16 90 112
11 19 11
33 87 75
44 51 30
20 69 69
100 115 98
43 70 8
24 76 76
95 111 111
14 113 113
17 122 122
33 125 126
1 5 1
18 56 94
48 124 124
32 118 1
24 30 30
61 89 61
78 96 78
7 81 81
39 96 49
27 95 27
84 123 43
27 105 105
34 67 103
23 66 66
25 58 25
2 119 2
91 100 14
28 48 28
4 41 41
16 35 80
26 43 41
46 126 25
20 121 121
53 75 53
22 30 30
9 55 11
64 117 64
53 78 78
58 70 58
71 95 78
19 115 98
34 35 80
48 108 89
69 96 69
52 54 61
94 107 107
3 54 97
17 80 80
66 87 66
18 73 74
19 97 4
10 32 1
59 113 69
28 112 28
43 68 43
4 80 4
11 82 11
30 71 78
50 95 127
95 107 107
81 103 81
67 94 103
4 63 4
49 122 122
50 110 127
3 86 42
69 99 29
19 63 4
28 70 28
62 92 44
11 127 127
3 95 97
25 93 25
28 66 28
6 11 11
39 79 79
16 125 126
91 105 105
90 93 112
35 102 80
36 124 124
33 80 58
95 100 14
81 89 81
60 103 88
40 99 29
29 95 29
17 27 45
19 79 79
52 98 61
69 101 69
67 91 103
11 99 29
51 65 30
83 87 66
79 100 79
63 98 98
72 78 78
75 85 6
47 65 124
68 118 118
41 65 41
1 97 1
109 123 64
38 96 49
30 79 30
75 95 75
21 101 105
110 119 76
6 36 6
42 48 42
30 111 30
26 56 41
72 95 106
95 104 121
88 121 88
70 95 8
75 101 75
46 117 25
4 55 11
97 119 56
18 65 94
21 97 105
88 92 88
54 114 22
4 112 112
74 116 107
67 80 103
7 45 113
12 103 103
11 98 11
30 124 30
57 65 122
14 100 14
45 95 45
57 64 64
66 101 66
2 88 88
34 48 89
8 120 81
26 28 28
56 107 107
66 102 66
27 86 42
11 68 11
30 107 107
3 90 112
35 99 29
1 121 1
73 98 98
17 37 45
16 69 69
100 125 126
50 111 127
40 44 16
9 120 81
93 95 91
29 116 29
41 47 124
36 51 30
35 80 80
75 99 29
30 68 30
10 113 113
46 64 25
18 121 121
29 115 29
7 108 113
15 38 53
9 22 22
92 95 44
21 82 105
4 43 4
5 99 29
6 82 6
92 107 107
