256 127
204 220 172
94 226 128
3 253 91
12 175 33
28 225 90
18 134 216
15 219 37
46 140 94
49 146 102
21 162 119
14 149 28
67 250 59
120 235 165
9 202 75
63 221 68
8 145 85
33 115 256
122 240 42
84 184 198
60 71 8
62 170 168
37 159 16
6 35 133
57 254 153
10 141 34
16 96 35
24 189 222
112 215 54
106 241 135
90 144 157
32 179 138
155 200 120
26 201 25
66 181 26
17 243 44
23 45 106
252 255 110
157 176 187
150 165 50
29 237 154
86 133 203
5 153 126
93 171 82
72 135 179
19 172 149
20 160 105
99 102 73
52 183 87
185 196 117
34 231 77
124 166 245
212 223 185
2 214 49
56 58 209
38 98 155
36 249 189
101 113 17
68 108 62
77 109 67
40 163 23
197 213 156
187 211 55
143 152 101
105 205 214
222 251 244
117 232 21
89 195 253
239 242 230
95 178 182
177 203 234
50 136 255
164 244 130
173 246 112
158 186 212
209 218 239
27 127 227
74 75 52
69 88 219
154 248 46
114 182 246
51 234 81
47 130 233
7 48 237
54 83 151
41 174 224
22 118 122
11 167 132
44 190 63
100 230 118
139 256 220
111 245 184
65 80 254
25 210 180
148 217 137
13 73 11
151 247 213
208 227 1
82 194 104
79 216 166
64 81 12
121 128 249
110 142 195
228 236 192
39 138 69
76 123 202
31 107 61
78 87 31
85 238 186
168 169 80
126 229 171
92 119 141
116 224 58
131 137 207
161 207 41
91 193 95
97 104 98
147 156 127
59 199 152
103 132 191
30 191 217
4 61 236
55 206 7
125 180 40
129 198 66
42 53 71
43 233 20
70 192 18
