128 4102
30 88 30
5 93 1
57 126 50
39 106 34
81 127 74
81 107 74
54 96 54
77 124 70
40 114 34
7 106 2
79 116 74
2 21 2
73 97 66
96 121 90
32 91 26
37 48 30
54 122 54
13 15 6
19 72 14
12 91 6
18 59 18
9 94 2
2 19 2
11 18 6
101 112 94
43 75 38
1 6 1
29 55 22
26 61 26
3 39 1
92 108 86
34 77 34
94 105 94
9 57 2
42 59 42
55 107 50
72 99 66
4 18 1
5 105 1
76 107 70
66 87 66
48 49 42
7 45 2
35 70 30
22 108 22
2 42 2
90 121 90
77 94 70
14 48 14
101 120 94
60 86 54
109 120 102
33 92 26
1 51 1
14 54 14
36 78 30
44 119 38
81 82 74
54 64 54
77 86 70
39 98 34
79 87 74
42 63 42
69 80 62
24 71 18
76 99 70
46 117 46
82 118 82
40 81 34
50 112 50
24 121 18
18 26 18
7 19 2
20 74 14
24 100 18
72 111 66
74 104 74
9 44 2
64 98 58
14 43 14
77 111 70
37 70 30
71 97 66
53 61 46
29 44 22
21 120 14
47 63 42
79 80 74
62 97 62
107 119 102
57 96 50
66 72 66
18 60 18
97 104 90
11 55 6
40 122 34
10 124 10
32 71 26
6 34 6
62 107 62
10 63 10
52 81 46
74 89 74
4 6 1
83 90 78
44 75 38
75 125 70
59 64 54
65 113 58
71 114 66
119 128 114
81 122 74
99 111 94
30 72 30
1 27 1
86 88 82
25 79 18
15 104 10
59 81 54
16 73 10
60 61 54
100 122 94
70 76 70
119 122 114
41 51 34
25 85 18
38 67 38
1 70 1
24 38 18
14 28 14
35 113 30
33 128 26
14 36 14
24 115 18
22 55 22
59 71 54
50 81 50
10 24 10
11 92 6
44 47 38
83 126 78
51 119 46
39 81 34
50 93 50
124 125 118
10 93 10
28 29 22
37 121 30
71 90 66
26 29 22
45 52 38
90 102 90
74 77 70
10 64 10
1 85 1
81 95 74
28 119 22
40 65 34
105 106 98
58 76 58
100 126 94
42 64 42
10 32 10
16 103 10
3 65 1
28 104 22
78 89 78
105 121 98
12 127 6
51 110 46
1 65 1
57 119 50
66 91 66
38 54 38
22 27 22
35 126 30
103 121 98
19 27 14
23 89 18
102 126 102
32 88 26
19 49 14
59 82 54
23 59 18
16 38 10
15 71 10
76 108 70
2 75 2
71 87 66
16 40 10
45 64 38
4 46 1
10 80 10
10 95 10
28 83 22
7 86 2
42 117 42
17 22 10
45 122 38
2 30 2
66 117 66
4 128 1
86 126 86
9 45 2
26 81 26
19 83 14
54 85 54
109 114 102
5 113 1
58 97 58
45 124 38
75 77 70
74 101 74
14 66 14
14 114 14
97 105 90
51 100 46
39 52 34
89 119 82
2 44 2
54 58 54
90 104 90
17 109 10
62 74 62
19 93 14
2 4 1
6 38 6
12 82 6
53 55 46
1 123 1
15 63 10
34 86 34
62 72 62
22 37 22
14 78 14
110 126 110
78 116 78
21 57 14
65 91 58
14 53 14
86 94 86
18 98 18
94 109 94
35 122 30
2 68 2
76 122 70
108 124 102
29 37 22
111 120 106
13 55 6
78 102 78
9 74 2
45 90 38
107 120 102
2 7 2
14 79 14
33 108 26
43 92 38
15 119 10
22 54 22
19 92 14
73 110 66
12 44 6
73 101 66
30 79 30
39 55 34
32 60 26
25 36 18
90 98 90
33 109 26
91 99 86
57 80 50
35 121 30
17 81 10
54 63 54
38 89 38
50 69 50
88 98 82
119 120 114
39 114 34
14 73 14
64 65 58
29 30 22
7 122 2
2 8 2
25 48 18
26 74 26
104 124 98
5 23 1
14 119 14
29 93 22
4 24 1
17 77 10
77 100 70
38 44 38
5 7 1
24 91 18
45 65 38
14 38 14
59 85 54
86 118 86
60 67 54
51 57 46
100 128 94
12 46 6
111 124 106
11 20 6
24 62 18
27 123 22
38 116 38
112 113 106
6 48 6
73 106 66
14 47 14
74 121 74
4 117 1
92 119 86
45 115 38
105 119 98
6 15 6
14 118 14
66 119 66
72 88 66
6 7 2
41 53 34
76 97 70
1 114 1
44 107 38
37 111 30
34 48 34
46 50 46
21 104 14
28 30 22
105 114 98
87 118 82
98 117 98
32 73 26
8 115 2
68 122 62
25 55 18
22 64 22
30 44 30
18 77 18
35 105 30
47 119 42
30 48 30
82 105 82
68 79 62
28 62 22
23 69 18
33 63 26
96 106 90
101 118 94
34 51 34
70 95 70
14 52 14
57 98 50
9 112 2
32 65 26
24 85 18
10 33 10
80 118 74
4 31 1
41 111 34
47 110 42
119 127 114
8 125 2
60 93 54
117 126 110
24 99 18
6 111 6
19 85 14
121 127 114
20 41 14
69 89 62
35 97 30
6 126 6
121 126 114
94 110 94
1 24 1
26 58 26
32 53 26
70 80 70
22 56 22
1 48 1
1 111 1
78 119 78
31 87 26
27 28 22
18 126 18
78 97 78
46 48 42
17 65 10
23 60 18
22 127 22
3 93 1
104 114 98
41 43 34
45 60 38
101 125 94
18 29 18
61 66 54
74 84 74
6 44 6
54 127 54
76 78 70
25 117 18
22 26 22
11 85 6
4 67 1
18 35 18
10 59 10
2 11 2
14 108 14
71 88 66
13 117 6
23 122 18
34 39 34
83 105 78
50 101 50
53 113 46
15 37 10
47 99 42
18 52 18
85 115 78
10 57 10
93 117 86
15 125 10
79 120 74
64 67 58
26 39 26
80 84 74
18 47 18
23 115 18
2 45 2
71 86 66
2 29 2
50 64 50
31 77 26
89 98 82
72 73 66
26 34 26
34 126 34
115 126 110
80 100 74
15 96 10
67 71 62
1 73 1
10 54 10
110 118 110
41 95 34
2 14 2
90 111 90
97 103 90
61 114 54
64 84 58
76 119 70
8 106 2
29 111 22
103 127 98
27 124 22
60 107 54
7 25 2
28 92 22
14 97 14
1 91 1
63 119 58
12 67 6
33 57 26
31 51 26
18 57 18
6 26 6
5 31 1
11 93 6
30 78 30
70 123 70
46 65 46
64 120 58
56 72 50
5 26 1
101 103 94
28 66 22
19 20 14
8 45 2
13 96 6
122 127 122
19 50 14
6 78 6
86 87 82
113 120 106
36 87 30
100 114 94
3 45 1
9 47 2
38 83 38
80 96 74
5 79 1
2 34 2
62 127 62
46 60 46
68 85 62
5 76 1
41 60 34
5 92 1
28 99 22
71 122 66
22 57 22
58 104 58
10 41 10
30 67 30
14 67 14
21 73 14
64 110 58
27 63 22
55 66 50
55 97 50
16 48 10
39 128 34
18 19 14
72 81 66
103 115 98
22 35 22
14 24 14
107 124 102
80 95 74
1 5 1
1 36 1
18 113 18
50 102 50
19 46 14
52 65 46
18 33 18
6 21 6
22 77 22
42 83 42
25 73 18
83 99 78
82 123 82
42 89 42
23 24 18
28 35 22
18 62 18
7 64 2
50 92 50
90 99 90
95 106 90
42 76 42
55 93 50
76 106 70
3 85 1
22 39 22
68 104 62
19 22 14
55 76 50
102 121 102
6 41 6
69 119 62
26 54 26
113 126 106
13 39 6
99 127 94
24 119 18
88 91 82
25 41 18
58 63 58
59 109 54
19 126 14
19 40 14
75 88 70
7 67 2
46 88 46
81 109 74
92 126 86
6 56 6
72 74 66
2 87 2
11 21 6
6 9 2
5 51 1
26 121 26
84 120 78
45 116 38
80 122 74
35 103 30
65 71 58
22 34 22
87 88 82
22 32 22
27 30 22
46 119 46
14 82 14
95 105 90
37 77 30
58 123 58
24 76 18
22 72 22
40 118 34
38 73 38
18 27 18
87 104 82
58 109 58
16 93 10
81 87 74
59 73 54
39 115 34
4 23 1
8 38 2
92 97 86
55 85 50
45 67 38
51 58 46
4 109 1
103 126 98
69 71 62
33 99 26
66 96 66
85 109 78
29 75 22
6 24 6
32 79 26
64 85 58
46 105 46
30 31 26
31 102 26
120 125 114
4 59 1
63 80 58
80 103 74
42 53 42
43 95 38
2 100 2
35 118 30
22 45 22
58 84 58
54 118 54
38 90 38
32 66 26
107 122 102
80 86 74
47 117 42
112 125 106
13 80 6
118 128 118
48 120 42
27 118 22
68 70 62
2 33 2
88 103 82
9 120 2
33 77 26
9 31 2
31 71 26
48 66 42
2 24 2
60 110 54
64 125 58
90 113 90
61 84 54
10 96 10
50 61 50
10 125 10
30 69 30
58 69 58
104 120 98
68 101 62
94 101 94
106 111 106
50 122 50
24 25 18
90 110 90
19 55 14
1 52 1
37 118 30
9 90 2
75 78 70
85 120 78
45 71 38
30 53 30
82 108 82
10 123 10
29 96 22
46 74 46
4 96 1
92 93 86
29 119 22
35 77 30
39 93 34
9 87 2
56 58 50
102 119 102
112 119 106
34 41 34
53 72 46
79 105 74
21 76 14
18 99 18
16 52 10
13 58 6
22 62 22
9 102 2
61 126 54
10 99 10
101 115 94
7 121 2
89 125 82
12 65 6
81 114 74
108 119 102
3 26 1
14 50 14
83 127 78
7 39 2
34 74 34
30 59 30
3 58 1
73 122 66
37 65 30
19 33 14
70 103 70
32 61 26
18 28 18
50 80 50
18 124 18
86 105 86
10 71 10
53 58 46
23 87 18
58 60 54
88 93 82
47 49 42
62 79 62
80 120 74
73 75 66
57 113 50
66 82 66
55 115 50
70 85 70
8 20 2
6 92 6
4 21 1
81 117 74
106 123 106
11 64 6
66 77 66
44 81 38
92 120 86
42 112 42
97 98 90
40 77 34
58 72 58
16 32 10
16 37 10
90 95 90
6 84 6
2 78 2
22 117 22
69 114 62
23 61 18
74 124 74
22 41 22
87 96 82
59 101 54
87 103 82
26 33 26
87 111 82
17 115 10
30 55 30
75 123 70
38 56 38
56 121 50
70 89 70
7 87 2
6 62 6
93 97 86
8 58 2
107 110 102
50 125 50
46 59 46
109 117 102
112 118 106
1 120 1
30 77 30
9 70 2
12 107 6
35 120 30
10 119 10
6 14 6
22 91 22
18 127 18
7 65 2
78 79 74
85 106 78
20 111 14
34 103 34
61 87 54
30 54 30
69 127 62
42 44 38
91 109 86
21 89 14
49 115 42
8 50 2
97 111 90
38 71 38
2 121 2
3 88 1
49 121 42
68 90 62
39 42 34
16 19 10
106 107 102
50 95 50
94 107 94
72 117 66
3 59 1
84 121 78
44 103 38
32 51 26
21 66 14
27 80 22
34 73 34
66 94 66
6 13 6
60 103 54
33 95 26
79 111 74
52 102 46
43 106 38
38 77 38
64 88 58
83 113 78
10 23 10
27 76 22
87 123 82
73 125 66
99 101 94
56 69 50
2 12 2
1 86 1
42 46 42
6 64 6
92 124 86
10 12 6
59 61 54
66 67 62
6 53 6
10 15 10
1 34 1
30 128 30
36 109 30
51 60 46
3 113 1
21 122 14
25 38 18
91 94 86
2 52 2
34 71 34
9 73 2
98 118 98
103 122 98
94 113 94
80 90 74
4 22 1
20 118 14
36 66 30
12 42 6
52 54 46
37 128 30
6 120 6
59 117 54
16 126 10
95 127 90
13 71 6
61 79 54
16 47 10
113 115 106
10 117 10
16 18 10
39 59 34
76 112 70
26 37 26
69 122 62
29 84 22
19 66 14
74 92 74
119 124 114
14 61 14
2 120 2
51 113 46
55 64 50
5 94 1
11 37 6
88 110 82
77 113 70
23 118 18
22 126 22
12 110 6
62 70 62
114 128 114
10 11 6
17 57 10
64 103 58
33 87 26
18 73 18
60 71 54
96 109 90
57 118 50
62 103 62
49 103 42
8 9 2
48 67 42
72 124 66
42 65 42
25 98 18
5 63 1
39 47 34
3 128 1
42 92 42
32 126 26
92 102 86
34 98 34
105 113 98
53 119 46
74 125 74
2 35 2
55 56 50
9 23 2
43 96 38
18 121 18
1 53 1
50 83 50
43 105 38
96 119 90
14 32 14
1 16 1
27 114 22
14 64 14
10 28 10
13 111 6
1 68 1
1 17 1
26 49 26
21 63 14
22 36 22
22 88 22
40 64 34
25 65 18
37 101 30
90 122 90
55 89 50
77 109 70
38 86 38
46 81 46
23 30 18
123 127 118
91 113 86
116 125 110
74 99 74
65 97 58
107 115 102
24 74 18
75 119 70
81 103 74
76 77 70
2 26 2
62 104 62
63 65 58
96 114 90
46 116 46
45 50 38
33 67 26
12 58 6
91 114 86
57 75 50
14 30 14
71 116 66
40 124 34
18 46 18
10 29 10
10 19 10
116 117 110
12 112 6
34 113 34
69 104 62
28 96 22
9 115 2
22 50 22
65 126 58
1 47 1
89 92 82
52 53 46
67 96 62
16 69 10
9 35 2
46 56 46
19 31 14
66 83 66
60 117 54
14 91 14
69 118 62
21 121 14
116 127 110
11 70 6
27 40 22
10 120 10
81 102 74
48 100 42
52 57 46
17 80 10
96 127 90
22 85 22
25 119 18
10 112 10
52 126 46
27 54 22
24 79 18
3 80 1
79 86 74
54 102 54
72 75 66
11 74 6
81 112 74
17 45 10
17 38 10
51 61 46
10 26 10
78 84 78
57 92 50
93 98 86
4 52 1
35 73 30
68 106 62
99 115 94
35 85 30
119 126 114
54 62 54
32 33 26
35 56 30
1 18 1
56 86 50
43 70 38
82 114 82
32 41 26
21 99 14
62 116 62
25 75 18
72 84 66
88 124 82
15 21 10
67 69 62
60 77 54
49 111 42
17 30 10
18 100 18
36 54 30
31 106 26
22 42 22
15 49 10
14 122 14
15 57 10
23 32 18
36 37 30
2 114 2
77 83 70
48 125 42
92 118 86
9 26 2
46 101 46
40 126 34
90 108 90
10 68 10
1 81 1
22 97 22
18 53 18
63 79 58
23 126 18
95 109 90
26 86 26
6 54 6
10 60 10
1 12 1
59 79 54
42 51 42
42 94 42
24 120 18
44 118 38
4 51 1
54 69 54
52 64 46
1 10 1
38 45 38
10 113 10
38 69 38
121 124 114
57 69 50
14 103 14
3 5 1
63 90 58
21 116 14
104 110 98
15 68 10
80 119 74
32 68 26
38 64 38
99 105 94
5 54 1
23 48 18
78 85 78
46 53 46
112 121 106
1 7 1
110 120 110
59 92 54
105 122 98
76 127 70
16 17 10
37 53 30
84 103 78
9 65 2
100 124 94
9 48 2
25 90 18
6 35 6
7 8 2
74 108 74
47 68 42
46 106 46
6 105 6
33 38 26
87 97 82
29 98 22
41 76 34
107 109 102
18 68 18
65 78 58
66 100 66
31 36 26
45 53 38
71 111 66
52 93 46
83 106 78
88 97 82
111 121 106
31 33 26
51 106 46
3 124 1
24 122 18
35 47 30
100 108 94
104 127 98
32 120 26
107 121 102
6 113 6
100 110 94
88 119 82
22 59 22
18 22 18
78 112 78
6 110 6
66 103 66
105 107 98
74 86 74
100 123 94
35 61 30
30 47 30
13 84 6
30 113 30
18 30 18
6 127 6
26 115 26
84 94 78
69 77 62
73 107 66
26 76 26
52 108 46
79 98 74
14 19 14
9 64 2
98 116 98
50 62 50
48 83 42
115 119 110
125 126 118
34 80 34
61 110 54
52 66 46
11 12 6
69 116 62
109 116 102
78 111 78
68 96 62
23 78 18
26 108 26
94 118 94
73 87 66
56 103 50
32 36 26
50 68 50
2 49 2
34 64 34
41 50 34
83 128 78
91 97 86
79 115 74
29 105 22
43 50 38
10 40 10
103 116 98
14 26 14
78 86 78
38 62 38
1 45 1
111 113 106
27 93 22
40 87 34
43 60 38
34 38 34
79 99 74
12 86 6
92 101 86
79 90 74
111 115 106
14 39 14
60 97 54
22 68 22
69 100 62
3 67 1
63 94 58
2 74 2
123 125 118
34 62 34
46 55 46
57 66 50
17 118 10
31 81 26
42 85 42
12 80 6
40 60 34
14 16 10
12 123 6
68 93 62
35 98 30
83 103 78
11 115 6
42 67 42
17 108 10
61 96 54
1 57 1
4 16 1
74 88 74
59 77 54
14 62 14
1 4 1
37 126 30
9 118 2
55 122 50
67 72 62
6 22 6
98 123 98
39 82 34
12 17 6
47 87 42
120 122 114
22 103 22
8 28 2
45 93 38
6 85 6
30 62 30
40 95 34
29 41 22
61 111 54
56 70 50
79 107 74
17 79 10
27 101 22
39 84 34
7 31 2
48 65 42
82 104 82
58 99 58
48 119 42
44 109 38
17 31 10
20 82 14
62 122 62
99 120 94
30 42 30
104 126 98
91 126 86
38 80 38
78 80 74
84 111 78
14 70 14
37 50 30
1 32 1
55 99 50
18 37 18
52 128 46
23 95 18
12 70 6
13 60 6
116 118 110
4 115 1
14 23 14
65 81 58
34 115 34
56 98 50
96 98 90
28 50 22
25 122 18
35 65 30
42 103 42
21 68 14
42 93 42
13 25 6
18 70 18
14 59 14
31 120 26
14 25 14
22 63 22
61 76 54
76 86 70
31 126 26
51 99 46
44 79 38
18 125 18
73 115 66
95 117 90
80 99 74
71 75 66
50 55 50
1 106 1
55 65 50
12 90 6
7 100 2
62 77 62
23 124 18
93 122 86
49 116 42
75 104 70
20 120 14
17 54 10
16 80 10
60 92 54
21 98 14
49 72 42
1 71 1
32 48 26
41 58 34
31 76 26
34 90 34
13 52 6
21 59 14
86 115 86
15 66 10
25 60 18
79 108 74
70 96 70
58 83 58
33 60 26
85 97 78
21 125 14
50 75 50
26 55 26
13 114 6
41 126 34
95 108 90
80 88 74
8 103 2
50 79 50
102 118 102
69 103 62
98 101 94
88 99 82
56 122 50
11 50 6
33 34 26
26 52 26
1 75 1
52 127 46
75 115 70
26 102 26
42 54 42
46 91 46
111 117 106
87 93 82
32 89 26
46 57 46
15 122 10
101 105 94
105 124 98
8 32 2
1 56 1
32 108 26
109 124 102
35 128 30
48 64 42
82 94 82
62 101 62
6 18 6
37 73 30
5 125 1
7 102 2
47 73 42
66 74 66
117 124 110
110 123 110
9 71 2
101 117 94
21 28 14
58 91 58
3 34 1
70 90 70
30 101 30
13 119 6
39 99 34
35 72 30
53 116 46
5 30 1
57 104 50
5 66 1
18 41 18
40 123 34
1 105 1
24 118 18
44 90 38
67 90 62
36 112 30
74 111 74
102 120 102
28 126 22
94 106 94
68 77 62
16 87 10
34 87 34
86 102 86
106 115 106
120 128 114
26 42 26
90 96 90
59 80 54
20 49 14
63 110 58
18 110 18
35 54 30
18 21 14
61 77 54
93 99 86
87 122 82
91 112 86
18 48 18
99 110 94
46 102 46
105 126 98
62 75 62
47 118 42
59 94 54
36 116 30
99 126 94
17 71 10
101 110 94
99 116 94
42 119 42
56 77 50
42 57 42
56 83 50
8 31 2
26 28 22
102 123 102
50 53 46
58 86 58
1 43 1
29 33 22
80 117 74
1 116 1
38 47 38
29 107 22
35 127 30
91 105 86
48 52 42
58 64 58
49 126 42
35 53 30
9 113 2
75 126 70
82 83 78
57 107 50
81 97 74
83 92 78
44 76 38
40 113 34
33 36 26
93 125 86
46 104 46
36 60 30
6 57 6
39 126 34
50 104 50
28 48 22
48 112 42
33 97 26
2 59 2
15 45 10
1 55 1
54 81 54
6 8 2
23 104 18
22 31 22
53 84 46
62 92 62
70 92 70
46 123 46
30 123 30
45 125 38
4 41 1
9 68 2
55 124 50
2 20 2
2 81 2
37 114 30
1 122 1
1 58 1
2 50 2
62 80 62
2 6 2
114 126 114
2 105 2
56 78 50
18 105 18
2 48 2
74 81 74
111 114 106
30 92 30
34 42 34
123 126 118
110 121 110
31 86 26
98 113 98
67 78 62
1 62 1
14 88 14
23 85 18
12 66 6
60 94 54
9 16 2
89 93 82
10 74 10
98 127 98
117 125 110
30 119 30
3 96 1
25 113 18
81 121 74
14 76 14
26 116 26
47 86 42
31 92 26
6 68 6
3 64 1
26 53 26
36 114 30
65 106 58
103 111 98
57 65 50
14 95 14
7 58 2
79 96 74
94 97 90
47 109 42
76 85 70
23 63 18
86 98 86
62 125 62
34 61 34
13 101 6
21 67 14
18 72 18
2 118 2
79 94 74
75 124 70
2 65 2
18 111 18
22 89 22
122 123 118
86 100 86
13 95 6
98 104 98
42 61 42
100 109 94
62 106 62
79 82 74
48 81 42
44 57 38
95 97 90
31 40 26
37 59 30
69 101 62
6 17 6
18 107 18
29 123 22
14 112 14
17 32 10
12 21 6
39 41 34
14 113 14
58 112 58
6 102 6
81 119 74
3 117 1
12 128 6
14 68 14
79 100 74
50 82 50
37 85 30
6 31 6
69 70 62
6 16 6
23 99 18
77 120 70
97 108 90
27 66 22
11 69 6
90 114 90
9 75 2
5 38 1
93 105 86
29 76 22
81 106 74
65 98 58
105 120 98
26 101 26
14 101 14
29 31 22
7 11 2
86 120 86
45 81 38
72 100 66
85 89 78
17 97 10
75 111 70
6 99 6
53 117 46
58 118 58
3 99 1
61 89 54
29 53 22
54 71 54
36 115 30
24 26 18
39 66 34
46 72 46
100 111 94
36 111 30
8 112 2
39 57 34
16 58 10
83 88 78
68 119 62
22 70 22
90 93 86
4 58 1
31 67 26
47 55 42
29 65 22
56 91 50
44 105 38
9 110 2
113 121 106
47 96 42
24 46 18
88 128 82
3 82 1
45 66 38
10 50 10
98 112 98
69 72 62
98 110 98
65 101 58
51 74 46
62 114 62
105 109 98
30 126 30
32 46 26
67 110 62
75 127 70
93 120 86
23 105 18
44 111 38
68 109 62
16 88 10
59 102 54
19 106 14
18 88 18
2 41 2
48 76 42
78 99 78
63 127 58
99 113 94
1 113 1
71 74 66
79 110 74
89 127 82
40 75 34
33 121 26
66 89 66
57 85 50
50 72 50
38 75 38
88 111 82
5 64 1
94 98 94
88 116 82
34 69 34
76 121 70
103 109 98
50 60 50
63 84 58
30 45 30
123 124 118
49 64 42
84 122 78
26 88 26
85 124 78
86 124 86
4 64 1
38 84 38
1 9 1
46 93 46
38 39 34
33 116 26
16 91 10
31 54 26
34 72 34
9 66 2
12 31 6
96 128 90
17 72 10
105 118 98
48 97 42
108 126 102
93 113 86
62 100 62
34 63 34
2 90 2
14 71 14
114 116 110
8 57 2
79 81 74
13 24 6
67 121 62
92 127 86
44 116 38
28 59 22
94 112 94
68 112 62
55 112 50
48 92 42
42 48 42
6 32 6
13 124 6
2 127 2
116 119 110
70 79 70
21 36 14
12 27 6
22 124 22
15 38 10
81 128 74
74 117 74
70 83 70
16 124 10
85 110 78
21 55 14
8 22 2
111 123 106
9 33 2
65 83 58
28 33 22
38 52 38
12 96 6
54 86 54
121 123 114
71 78 66
2 80 2
17 78 10
20 81 14
29 79 22
58 124 58
5 28 1
54 57 50
7 57 2
67 73 62
30 70 30
22 83 22
50 51 46
29 63 22
1 64 1
41 46 34
94 103 94
6 73 6
64 126 58
69 97 62
32 43 26
25 109 18
56 80 50
38 43 38
78 107 78
24 110 18
6 122 6
12 26 6
13 89 6
77 78 70
8 104 2
6 103 6
114 127 114
66 90 66
8 64 2
2 128 2
78 106 78
16 34 10
82 119 82
29 58 22
21 22 14
34 78 34
17 117 10
27 74 22
65 94 58
62 83 62
25 62 18
7 91 2
40 71 34
92 98 86
43 74 38
64 95 58
34 59 34
57 90 50
22 101 22
48 126 42
15 83 10
1 76 1
64 82 58
25 77 18
30 63 30
1 66 1
55 90 50
26 27 22
120 123 114
56 119 50
45 104 38
78 92 78
27 119 22
7 36 2
1 14 1
18 34 18
6 20 6
15 77 10
33 66 26
51 91 46
80 127 74
10 118 10
58 89 58
98 100 94
101 126 94
79 104 74
8 123 2
27 97 22
34 124 34
94 117 94
34 43 34
39 40 34
46 110 46
13 23 6
48 78 42
80 124 74
14 41 14
81 126 74
16 125 10
90 116 90
74 118 74
23 54 18
11 111 6
10 46 10
73 98 66
43 51 38
8 46 2
1 69 1
109 126 102
25 105 18
12 62 6
102 108 102
46 90 46
1 82 1
85 117 78
63 128 58
14 75 14
19 76 14
55 81 50
26 105 26
30 127 30
28 98 22
14 92 14
79 89 74
47 102 42
18 61 18
41 66 34
1 21 1
2 72 2
3 66 1
49 58 42
7 90 2
74 123 74
110 119 110
2 23 2
36 110 30
26 123 26
83 121 78
100 125 94
43 52 38
14 21 14
2 104 2
2 76 2
70 117 70
79 103 74
42 70 42
81 98 74
10 45 10
15 84 10
61 80 54
26 104 26
22 79 22
63 76 58
77 99 70
38 53 38
18 115 18
1 37 1
6 93 6
8 122 2
83 85 78
43 73 38
26 113 26
42 60 42
6 60 6
22 92 22
54 123 54
12 98 6
61 125 54
125 127 118
64 118 58
18 54 18
46 82 46
99 123 94
20 46 14
25 94 18
74 103 74
40 97 34
69 113 62
103 117 98
22 73 22
115 120 110
30 95 30
32 101 26
69 121 62
10 27 10
34 96 34
4 95 1
43 125 38
10 102 10
26 78 26
34 53 34
19 59 14
73 95 66
15 110 10
95 115 90
30 96 30
39 67 34
26 43 26
31 70 26
16 30 10
84 119 78
1 104 1
99 119 94
97 123 90
60 118 54
70 110 70
59 74 54
117 118 110
32 56 26
45 99 38
1 44 1
65 109 58
41 89 34
38 115 38
58 127 58
124 127 118
1 127 1
104 111 98
79 91 74
38 107 38
25 59 18
28 95 22
86 123 86
37 71 30
7 51 2
62 88 62
63 100 58
12 85 6
55 88 50
46 78 46
64 117 58
12 126 6
23 26 18
56 125 50
85 126 78
45 92 38
70 120 70
74 97 74
44 83 38
66 95 66
90 128 90
34 44 34
80 105 74
116 126 110
6 49 6
4 93 1
1 128 1
11 25 6
44 128 38
38 59 38
10 73 10
107 108 102
93 126 86
112 120 106
1 107 1
99 103 94
13 37 6
74 105 74
13 22 6
13 68 6
56 117 50
38 66 38
37 66 30
58 100 58
110 113 106
65 82 58
28 124 22
58 105 58
26 31 26
68 126 62
25 107 18
82 120 82
3 78 1
123 128 118
27 126 22
11 108 6
4 56 1
43 80 38
38 97 38
24 75 18
14 40 14
72 126 66
70 114 70
11 88 6
50 110 50
30 81 30
47 105 42
86 93 86
42 96 42
102 117 102
65 80 58
14 109 14
73 88 66
81 92 74
14 27 14
5 41 1
26 67 26
18 44 18
16 82 10
3 95 1
60 116 54
24 105 18
30 51 30
108 114 102
38 124 38
13 26 6
83 115 78
10 43 10
118 124 118
23 110 18
110 115 110
44 66 38
39 56 34
31 108 26
63 64 58
6 118 6
21 78 14
30 106 30
30 33 26
67 79 62
20 92 14
14 120 14
66 68 62
108 117 102
7 113 2
17 93 10
17 42 10
6 88 6
110 116 110
56 102 50
3 41 1
1 23 1
87 116 82
40 100 34
14 110 14
50 58 50
48 88 42
8 54 2
53 105 46
74 75 70
39 125 34
12 83 6
42 52 42
10 52 10
21 108 14
19 42 14
3 24 1
14 69 14
10 79 10
69 98 62
111 126 106
15 59 10
49 114 42
44 108 38
1 115 1
2 82 2
48 85 42
110 112 106
15 126 10
36 117 30
30 43 30
10 110 10
48 118 42
4 20 1
51 123 46
26 99 26
24 127 18
6 30 6
10 48 10
62 78 62
25 29 18
76 118 70
63 126 58
18 75 18
101 124 94
108 127 102
44 92 38
112 117 106
26 118 26
42 55 42
4 116 1
24 49 18
52 118 46
83 97 78
15 24 10
54 94 54
71 101 66
23 94 18
1 61 1
107 117 102
58 106 58
83 124 78
26 72 26
28 69 22
89 126 82
58 61 54
100 119 94
121 122 114
35 95 30
98 122 98
73 85 66
101 122 94
12 37 6
38 117 38
74 96 74
76 84 70
40 41 34
59 125 54
38 105 38
52 120 46
1 88 1
11 13 6
18 24 18
10 35 10
20 25 14
11 45 6
40 111 34
12 15 6
17 95 10
41 120 34
47 89 42
7 81 2
66 115 66
94 127 94
16 84 10
61 101 54
27 47 22
110 111 106
19 118 14
49 57 42
5 117 1
43 76 38
52 97 46
60 104 54
42 91 42
26 110 26
10 14 10
32 105 26
63 108 58
81 91 74
62 96 62
37 40 30
56 126 50
29 34 22
19 111 14
34 45 34
23 128 18
16 67 10
2 15 2
3 103 1
82 128 82
8 43 2
1 84 1
6 27 6
42 122 42
18 49 18
11 90 6
22 111 22
46 75 46
45 72 38
6 58 6
112 128 106
102 105 98
10 111 10
58 71 58
43 45 38
39 116 34
26 36 26
59 70 54
1 35 1
65 128 58
93 115 86
8 102 2
11 42 6
70 104 70
31 113 26
14 126 14
87 107 82
103 108 98
93 123 86
55 114 50
71 107 66
29 117 22
108 123 102
100 121 94
95 102 90
96 113 90
3 31 1
52 60 46
57 88 50
67 112 62
30 49 30
111 112 106
104 115 98
84 89 78
52 58 46
1 54 1
28 44 22
22 52 22
25 86 18
99 109 94
1 77 1
51 52 46
6 108 6
85 104 78
68 115 62
19 21 14
21 75 14
74 113 74
56 111 50
38 48 38
63 96 58
37 88 30
25 114 18
18 42 18
20 112 14
6 11 6
10 75 10
42 68 42
9 10 2
3 17 1
98 99 94
103 114 98
14 56 14
14 89 14
106 124 106
1 28 1
119 121 114
73 94 66
91 95 86
50 128 50
103 124 98
60 83 54
14 31 14
1 22 1
3 10 1
10 47 10
1 20 1
50 70 50
49 100 42
9 89 2
85 103 78
47 103 42
31 123 26
66 105 66
31 96 26
47 56 42
65 85 58
105 112 98
84 104 78
100 117 94
6 23 6
11 41 6
16 102 10
10 36 10
71 118 66
72 80 66
40 108 34
64 72 58
49 125 42
69 124 62
37 39 30
15 88 10
35 93 30
55 80 50
92 104 86
24 126 18
101 106 94
50 56 50
27 116 22
1 3 1
9 22 2
7 49 2
6 63 6
45 61 38
47 104 42
102 113 102
36 75 30
85 100 78
98 106 98
57 79 50
75 108 70
88 107 82
92 95 86
60 66 54
22 112 22
105 128 98
66 76 66
64 69 58
6 45 6
119 125 114
50 100 50
64 111 58
19 29 14
26 59 26
1 100 1
45 121 38
27 45 22
106 126 106
66 110 66
23 125 18
10 42 10
74 76 70
17 52 10
11 56 6
52 115 46
71 123 66
1 63 1
64 104 58
81 99 74
21 27 14
51 54 46
74 115 74
42 102 42
68 91 62
61 123 54
16 49 10
1 33 1
102 124 102
30 32 26
26 62 26
62 87 62
34 65 34
10 30 10
30 115 30
47 48 42
66 97 66
40 67 34
11 52 6
22 74 22
98 105 98
90 112 90
90 126 90
57 63 50
88 126 82
49 70 42
102 115 102
74 91 74
20 126 14
3 91 1
57 73 50
39 127 34
20 62 14
72 79 66
120 127 114
11 78 6
62 63 58
58 79 58
38 74 38
29 72 22
26 92 26
2 97 2
39 87 34
56 127 50
45 75 38
18 51 18
10 13 6
1 103 1
79 101 74
68 100 62
17 69 10
67 106 62
10 39 10
104 125 98
74 95 74
64 81 58
34 49 34
44 65 38
22 119 22
23 51 18
62 82 62
44 49 38
95 96 90
18 78 18
96 116 90
69 84 62
26 44 26
3 110 1
7 77 2
93 128 86
37 78 30
53 56 46
42 97 42
24 50 18
89 104 82
108 115 102
42 66 42
46 64 46
70 109 70
68 117 62
69 110 62
6 86 6
117 123 110
62 98 62
14 100 14
67 126 62
65 79 58
84 102 78
40 91 34
38 50 38
1 95 1
115 125 110
1 26 1
60 82 54
25 126 18
96 110 90
96 108 90
55 83 50
4 26 1
59 107 54
46 115 46
12 64 6
86 92 86
26 71 26
118 126 118
38 99 38
68 124 62
78 105 78
104 106 98
62 95 62
84 109 78
20 75 14
94 111 94
90 100 90
84 112 78
77 126 70
3 74 1
38 57 38
10 84 10
33 100 26
24 81 18
71 76 66
13 94 6
15 28 10
54 108 54
41 68 34
4 107 1
46 98 46
2 46 2
77 119 70
14 84 14
42 47 42
84 90 78
117 128 110
61 91 54
12 19 6
101 127 94
26 57 26
44 58 38
51 75 46
115 117 110
87 92 82
67 68 62
48 56 42
30 66 30
5 42 1
3 33 1
77 115 70
30 110 30
9 17 2
75 91 70
12 25 6
82 125 82
92 99 86
22 121 22
48 87 42
43 84 38
13 126 6
20 102 14
18 36 18
107 116 102
95 122 90
15 97 10
41 109 34
70 115 70
24 60 18
116 121 110
91 116 86
46 49 42
18 25 18
62 123 62
2 27 2
101 111 94
20 53 14
78 83 78
42 71 42
2 126 2
8 83 2
47 126 42
3 90 1
40 52 34
2 31 2
71 100 66
84 128 78
34 76 34
54 88 54
2 99 2
18 32 18
61 120 54
76 124 70
30 58 30
39 102 34
10 83 10
65 103 58
84 96 78
38 126 38
38 98 38
14 15 10
30 105 30
40 54 34
51 64 46
99 104 94
6 97 6
25 93 18
11 35 6
48 84 42
41 86 34
19 57 14
46 68 46
116 120 110
108 113 102
120 126 114
73 117 66
107 123 102
116 128 110
46 125 46
7 21 2
2 38 2
53 106 46
68 95 62
35 69 30
9 81 2
16 64 10
91 103 86
47 66 42
40 103 34
67 77 62
50 109 50
60 90 54
4 100 1
69 126 62
48 60 42
11 128 6
45 103 38
47 78 42
107 128 102
48 104 42
88 89 82
62 112 62
61 73 54
82 113 82
100 127 94
39 91 34
39 65 34
50 85 50
9 111 2
79 114 74
31 63 26
2 25 2
3 36 1
24 37 18
74 79 74
108 120 102
20 29 14
28 60 22
17 29 10
54 56 50
113 128 106
116 123 110
13 62 6
34 110 34
44 101 38
27 84 22
58 80 58
91 124 86
5 67 1
30 98 30
6 55 6
7 96 2
40 44 34
30 68 30
29 101 22
15 102 10
83 98 78
41 92 34
21 70 14
1 40 1
10 53 10
2 103 2
9 15 2
87 125 82
43 56 38
23 62 18
43 49 38
22 107 22
24 39 18
97 128 90
14 104 14
64 93 58
63 82 58
62 126 62
42 128 42
59 67 54
27 121 22
18 120 18
72 77 66
49 74 42
14 17 10
115 123 110
4 42 1
62 128 62
22 76 22
24 31 18
21 105 14
38 112 38
70 94 70
11 53 6
11 105 6
51 114 46
71 91 66
1 117 1
97 122 90
111 127 106
99 118 94
45 126 38
10 92 10
114 117 110
36 45 30
13 67 6
38 110 38
28 84 22
4 5 1
15 22 10
86 125 86
46 96 46
97 117 90
34 116 34
79 126 74
3 111 1
89 128 82
99 100 94
13 35 6
32 72 26
96 107 90
78 128 78
1 29 1
83 101 78
3 73 1
69 79 62
95 100 90
64 105 58
22 84 22
7 30 2
5 109 1
8 127 2
16 108 10
113 116 106
31 47 26
44 78 38
6 83 6
28 42 22
35 62 30
85 93 78
3 61 1
18 38 18
47 82 42
97 115 90
20 119 14
67 123 62
27 77 22
122 125 118
60 120 54
111 116 106
10 78 10
20 76 14
99 122 94
67 120 62
67 103 62
62 69 62
1 50 1
23 28 18
33 113 26
62 71 62
5 21 1
11 110 6
120 124 114
60 62 54
40 116 34
45 123 38
5 61 1
37 80 30
26 93 26
46 73 46
1 109 1
21 127 14
14 22 14
26 48 26
14 44 14
5 103 1
91 118 86
71 73 66
29 82 22
28 93 22
72 119 66
44 72 38
10 69 10
50 63 50
70 81 70
110 125 110
52 105 46
18 82 18
29 122 22
45 70 38
7 50 2
126 128 122
18 40 18
102 103 98
54 117 54
103 112 98
79 95 74
38 106 38
5 45 1
11 43 6
5 126 1
84 115 78
71 72 66
50 124 50
13 116 6
40 125 34
84 107 78
57 91 50
73 74 66
42 88 42
50 71 50
31 78 26
64 127 58
48 117 42
31 122 26
83 107 78
10 17 10
49 106 42
6 106 6
34 55 34
13 41 6
30 99 30
76 81 70
5 49 1
31 35 26
31 64 26
10 31 10
17 43 10
105 117 98
85 128 78
38 119 38
6 89 6
116 122 110
54 125 54
84 126 78
80 97 74
33 85 26
6 79 6
6 76 6
48 54 42
31 69 26
24 80 18
6 33 6
5 115 1
104 108 98
79 85 74
74 114 74
25 92 18
14 72 14
1 41 1
53 76 46
5 32 1
49 71 42
28 106 22
27 75 22
68 74 62
6 39 6
32 112 26
28 38 22
56 60 50
35 82 30
78 81 74
79 117 74
2 125 2
4 30 1
118 121 114
28 57 22
78 93 78
76 80 70
72 127 66
51 72 46
78 94 78
110 127 110
22 47 22
66 114 66
82 100 82
68 116 62
21 40 14
58 96 58
17 24 10
56 57 50
47 80 42
18 109 18
2 111 2
3 79 1
57 67 50
113 117 106
94 99 94
63 72 58
27 29 22
50 127 50
37 123 30
67 86 62
34 88 34
37 56 30
36 106 30
9 95 2
46 67 46
15 128 10
70 91 70
14 105 14
34 46 34
14 94 14
76 92 70
12 38 6
102 116 102
31 42 26
97 112 90
42 110 42
53 78 46
36 97 30
7 69 2
24 35 18
67 74 62
80 81 74
98 128 98
106 109 102
57 71 50
19 77 14
4 126 1
54 72 54
30 83 30
6 66 6
19 109 14
9 25 2
49 54 42
103 105 98
77 118 70
26 127 26
21 25 14
49 84 42
22 29 22
58 85 58
33 102 26
57 128 50
10 87 10
34 106 34
52 121 46
90 103 90
30 122 30
43 93 38
102 110 102
66 69 62
56 120 50
33 104 26
97 106 90
84 108 78
60 108 54
93 114 86
42 90 42
63 97 58
91 102 86
117 122 110
18 103 18
42 108 42
50 52 46
54 55 50
42 43 38
45 62 38
3 92 1
20 71 14
17 91 10
59 118 54
115 121 110
68 71 62
10 22 10
97 126 90
77 101 70
25 82 18
10 16 10
54 90 54
38 40 34
43 77 38
95 119 90
54 78 54
51 53 46
5 39 1
23 117 18
17 55 10
66 123 66
46 94 46
23 29 18
73 112 66
53 107 46
34 92 34
48 114 42
22 118 22
2 3 1
69 94 62
6 40 6
18 74 18
63 107 58
73 83 66
67 113 62
97 113 90
75 82 70
92 128 86
68 110 62
76 82 70
13 40 6
53 75 46
9 21 2
65 102 58
48 86 42
14 46 14
34 83 34
80 93 74
23 127 18
117 127 110
17 90 10
17 126 10
103 120 98
18 65 18
23 90 18
18 90 18
64 114 58
106 108 102
35 68 30
49 108 42
97 120 90
21 102 14
24 94 18
37 106 30
6 19 6
107 125 102
7 23 2
106 117 106
67 116 62
31 46 26
48 94 42
2 43 2
22 102 22
15 16 10
103 113 98
93 100 86
8 77 2
28 36 22
4 49 1
75 80 70
113 124 106
69 108 62
29 104 22
77 98 70
102 111 102
30 34 30
2 91 2
70 116 70
24 96 18
58 107 58
88 114 82
26 80 26
55 118 50
71 81 66
70 124 70
35 125 30
71 94 66
71 125 66
4 87 1
110 114 110
92 113 86
83 91 78
67 87 62
27 71 22
7 84 2
94 95 90
49 61 42
55 57 50
44 126 38
101 104 94
66 73 66
30 52 30
21 77 14
64 101 58
40 119 34
13 120 6
38 109 38
18 117 18
35 43 30
12 81 6
34 100 34
59 108 54
21 82 14
90 118 90
18 20 14
38 96 38
45 48 38
107 114 102
122 128 122
15 98 10
2 18 2
1 94 1
64 106 58
89 122 82
8 113 2
10 72 10
75 103 70
82 91 82
15 48 10
6 46 6
27 98 22
67 107 62
94 100 94
46 128 46
109 125 102
23 111 18
49 76 42
53 70 46
4 40 1
13 110 6
20 61 14
22 67 22
58 93 58
36 42 30
14 86 14
35 37 30
1 79 1
26 51 26
36 98 30
52 110 46
33 54 26
7 107 2
12 109 6
16 96 10
7 82 2
69 109 62
79 124 74
16 75 10
75 76 70
12 53 6
94 128 94
32 124 26
10 91 10
30 38 30
36 85 30
9 12 2
6 25 6
17 106 10
85 108 78
53 71 46
35 89 30
16 26 10
91 100 86
4 85 1
66 71 66
58 59 54
109 128 102
58 122 58
90 92 86
42 124 42
62 64 58
49 53 42
45 109 38
4 15 1
4 72 1
84 127 78
10 105 10
51 104 46
2 10 2
4 105 1
15 91 10
87 113 82
95 126 90
124 128 118
80 116 74
19 103 14
38 122 38
71 121 66
63 91 58
55 110 50
10 116 10
28 49 22
81 85 74
14 55 14
52 123 46
19 70 14
66 81 66
26 60 26
14 83 14
36 118 30
22 24 18
29 120 22
95 125 90
38 108 38
38 111 38
11 97 6
27 64 22
32 39 26
56 65 50
55 126 50
23 113 18
11 126 6
85 90 78
82 102 82
30 56 30
91 111 86
11 98 6
41 123 34
51 105 46
19 65 14
40 121 34
46 126 46
37 38 30
9 124 2
26 63 26
25 112 18
50 57 50
27 96 22
2 60 2
55 102 50
9 20 2
21 42 14
1 8 1
47 65 42
5 72 1
59 119 54
55 67 50
74 87 74
15 40 10
61 94 54
77 96 70
12 60 6
9 40 2
56 73 50
21 52 14
115 122 110
72 87 66
8 126 2
82 85 78
4 70 1
105 123 98
62 67 62
18 76 18
10 65 10
39 118 34
89 118 82
41 117 34
59 69 54
27 79 22
112 123 106
104 122 98
68 84 62
79 113 74
6 115 6
46 89 46
36 76 30
10 21 10
39 107 34
104 109 98
72 108 66
110 117 110
13 20 6
103 110 98
44 87 38
18 50 18
6 75 6
30 46 30
118 123 118
44 95 38
60 68 54
33 40 26
84 101 78
8 84 2
30 112 30
67 114 62
46 86 46
13 47 6
3 81 1
104 107 98
55 75 50
38 81 38
40 46 34
47 112 42
59 111 54
59 96 54
39 58 34
2 115 2
50 73 50
34 118 34
29 97 22
23 25 18
51 69 46
39 97 34
44 55 38
27 100 22
31 62 26
3 62 1
42 81 42
39 121 34
92 111 86
74 78 74
8 119 2
18 79 18
55 77 50
99 125 94
25 61 18
108 125 102
50 116 50
36 63 30
61 109 54
12 29 6
75 110 70
91 92 86
9 43 2
22 44 22
38 101 38
42 115 42
28 100 22
30 104 30
22 95 22
10 106 10
43 124 38
52 68 46
88 112 82
72 121 66
37 97 30
31 66 26
64 100 58
85 101 78
23 97 18
25 102 18
2 55 2
78 126 78
87 126 82
39 80 34
105 127 98
96 117 90
59 105 54
37 86 30
67 119 62
48 110 42
71 126 66
4 39 1
54 74 54
30 86 30
5 107 1
46 58 46
60 70 54
10 70 10
49 91 42
17 74 10
91 93 86
104 105 98
89 91 82
12 13 6
34 56 34
50 118 50
10 121 10
60 65 54
85 94 78
96 120 90
1 49 1
45 49 38
63 114 58
51 76 46
31 32 26
67 118 62
66 124 66
80 102 74
42 78 42
60 127 54
80 82 74
2 102 2
46 54 46
105 125 98
43 126 38
13 38 6
44 67 38
56 84 50
44 114 38
47 76 42
29 126 22
60 126 54
113 123 106
56 63 50
52 104 46
37 68 30
24 33 18
4 111 1
69 81 62
28 47 22
42 107 42
20 60 14
50 97 50
59 121 54
6 52 6
114 123 114
60 91 54
39 74 34
50 111 50
100 101 94
21 118 14
57 77 50
2 32 2
43 48 38
98 103 98
79 84 74
4 121 1
15 70 10
61 63 54
53 81 46
10 114 10
19 84 14
50 76 50
87 109 82
72 93 66
43 66 38
69 125 62
69 120 62
44 60 38
74 83 74
8 48 2
24 34 18
53 62 46
6 80 6
66 111 66
16 90 10
1 13 1
38 88 38
80 108 74
24 88 18
34 112 34
64 83 58
21 33 14
82 88 82
26 66 26
28 41 22
31 98 26
18 95 18
32 123 26
4 110 1
28 55 22
1 11 1
53 60 46
44 86 38
40 106 34
45 118 38
70 126 70
6 71 6
87 101 82
46 121 46
34 120 34
26 38 26
2 58 2
60 96 54
36 57 30
74 90 74
97 110 90
100 113 94
41 79 34
1 46 1
46 52 46
18 83 18
3 60 1
1 42 1
97 124 90
3 126 1
71 103 66
92 103 86
55 74 50
54 77 54
107 113 102
49 82 42
3 77 1
76 111 70
21 96 14
65 66 58
59 76 54
17 116 10
98 109 98
7 125 2
15 107 10
45 98 38
20 109 14
9 126 2
50 99 50
1 60 1
2 13 2
79 119 74
6 42 6
46 51 46
53 110 46
49 79 42
113 114 106
117 121 110
38 123 38
3 109 1
35 41 30
37 51 30
11 36 6
77 93 70
106 113 106
86 127 86
114 118 114
97 107 90
86 95 86
52 78 46
37 102 30
28 67 22
32 74 26
28 107 22
17 102 10
83 87 78
86 108 86
29 115 22
38 94 38
38 82 38
45 107 38
25 91 18
6 12 6
71 93 66
24 104 18
63 111 58
70 71 66
22 28 22
53 121 46
95 116 90
98 102 98
70 127 70
4 14 1
73 114 66
53 126 46
59 60 54
27 120 22
127 128 122
70 97 70
25 45 18
92 107 86
16 62 10
87 98 82
69 75 62
6 36 6
8 33 2
6 43 6
74 102 74
49 110 42
24 125 18
34 125 34
6 47 6
115 128 110
11 44 6
94 120 94
34 94 34
11 76 6
16 65 10
66 104 66
21 85 14
25 97 18
16 94 10
27 81 22
26 41 26
109 118 102
57 117 50
8 15 2
75 121 70
7 13 2
10 18 10
24 93 18
58 119 58
24 41 18
1 25 1
3 40 1
100 106 94
82 90 82
37 75 30
25 111 18
26 75 26
71 96 66
83 93 78
61 64 54
32 106 26
14 49 14
34 37 30
10 109 10
14 60 14
43 104 38
35 52 30
71 124 66
12 93 6
59 86 54
39 54 34
10 49 10
1 124 1
11 40 6
9 58 2
30 61 30
35 36 30
94 114 94
31 128 26
72 85 66
43 85 38
121 128 114
35 88 30
42 73 42
108 122 102
7 9 2
44 45 38
1 80 1
9 104 2
88 121 82
1 31 1
85 87 78
38 42 38
74 100 74
93 107 86
41 100 34
22 49 22
65 111 58
39 68 34
38 58 38
80 121 74
2 36 2
31 53 26
87 94 82
12 41 6
112 126 106
9 122 2
6 37 6
63 120 58
101 114 94
46 95 46
100 116 94
4 65 1
4 62 1
57 102 50
126 127 122
36 126 30
89 102 82
33 125 26
57 100 50
100 115 94
114 119 114
52 99 46
26 40 26
68 127 62
1 78 1
18 86 18
22 33 22
10 88 10
47 83 42
78 113 78
68 80 62
108 111 102
20 70 14
42 123 42
60 79 54
26 89 26
95 118 90
25 81 18
37 52 30
30 100 30
47 69 42
30 97 30
104 116 98
77 104 70
105 115 98
38 76 38
51 73 46
67 128 62
4 99 1
62 91 62
12 100 6
84 85 78
91 117 86
26 69 26
97 127 90
52 75 46
18 81 18
85 96 78
78 110 78
94 96 90
2 5 1
62 86 62
21 113 14
42 58 42
77 102 70
81 118 74
7 54 2
47 60 42
29 92 22
36 73 30
26 97 26
14 85 14
89 105 82
14 34 14
45 128 38
80 106 74
34 101 34
104 121 98
91 125 86
68 69 62
50 91 50
68 123 62
60 122 54
56 97 50
7 63 2
59 68 54
42 106 42
61 72 54
100 118 94
21 47 14
22 71 22
80 112 74
109 112 102
45 78 38
60 78 54
35 46 30
33 56 26
75 118 70
5 11 1
60 74 54
103 107 98
46 79 46
7 126 2
55 69 50
31 34 26
22 128 22
63 69 58
70 78 70
46 92 46
21 31 14
42 80 42
7 66 2
62 110 62
125 128 118
118 119 114
23 123 18
3 102 1
95 103 90
95 121 90
34 40 34
29 49 22
61 95 54
70 74 70
2 22 2
56 81 50
89 123 82
19 63 14
71 99 66
5 25 1
14 37 14
98 125 98
63 118 58
12 125 6
55 121 50
41 93 34
21 29 14
83 110 78
40 66 34
30 64 30
29 56 22
14 111 14
90 94 90
21 126 14
18 92 18
2 53 2
101 102 94
61 105 54
10 25 10
66 125 66
63 85 58
1 2 1
66 99 66
5 110 1
6 114 6
8 89 2
26 50 26
18 43 18
95 104 90
33 124 26
101 121 94
76 101 70
59 123 54
80 91 74
28 90 22
29 69 22
12 72 6
83 86 78
10 89 10
76 126 70
34 36 30
89 106 82
108 116 102
9 91 2
50 65 50
40 83 34
52 84 46
21 110 14
58 95 58
23 109 18
27 33 22
2 47 2
92 109 86
18 23 18
28 54 22
5 34 1
73 99 66
69 83 62
10 81 10
10 44 10
45 108 38
71 77 66
32 118 26
37 120 30
71 82 66
1 98 1
92 116 86
19 112 14
54 61 54
18 69 18
26 100 26
113 127 106
53 94 46
115 116 110
14 121 14
23 100 18
54 73 54
86 122 86
70 73 66
101 107 94
4 120 1
22 90 22
28 112 22
72 128 66
113 119 106
38 95 38
107 111 102
54 100 54
15 87 10
13 112 6
6 10 6
2 39 2
49 95 42
10 38 10
54 111 54
94 124 94
55 113 50
13 28 6
61 116 54
15 17 10
78 103 78
81 124 74
14 65 14
75 116 70
108 109 102
82 84 78
13 78 6
18 96 18
56 85 50
48 93 42
92 105 86
41 116 34
16 105 10
46 99 46
30 36 30
26 126 26
18 116 18
86 109 86
33 117 26
34 35 30
43 98 38
112 114 106
37 82 30
16 70 10
15 67 10
30 89 30
49 62 42
52 100 46
14 18 14
27 73 22
54 114 54
18 39 18
43 121 38
83 84 78
36 102 30
15 35 10
10 56 10
1 39 1
58 75 58
46 66 46
51 126 46
62 94 62
70 112 70
87 100 82
1 126 1
112 122 106
54 103 54
76 115 70
64 86 58
9 105 2
6 95 6
20 36 14
75 99 70
91 96 86
30 50 30
20 35 14
67 117 62
21 39 14
50 59 50
44 94 38
22 66 22
42 82 42
80 126 74
36 70 30
98 124 98
14 45 14
14 57 14
23 46 18
46 71 46
37 63 30
65 115 58
104 118 98
2 17 2
113 122 106
5 114 1
86 89 82
76 104 70
46 47 42
93 109 86
60 113 54
52 59 46
18 66 18
70 119 70
6 72 6
30 41 30
22 25 18
92 110 86
43 86 38
18 56 18
44 121 38
43 44 38
19 39 14
18 84 18
32 59 26
42 105 42
2 16 2
29 116 22
54 126 54
27 53 22
107 126 102
64 78 58
78 101 78
76 87 70
122 124 118
103 104 98
92 114 86
96 103 90
76 128 70
92 125 86
88 115 82
108 118 102
41 91 34
5 9 1
54 80 54
2 9 2
122 126 122
13 29 6
29 60 22
56 88 50
99 117 94
48 115 42
34 95 34
51 71 46
81 94 74
118 127 118
56 76 50
77 88 70
75 112 70
88 127 82
42 45 38
34 109 34
38 91 38
26 73 26
75 94 70
76 123 70
86 110 86
96 97 90
111 122 106
89 99 82
3 4 1
54 66 54
111 118 106
120 121 114
66 116 66
72 116 66
33 69 26
78 114 78
51 80 46
22 23 18
64 94 58
44 98 38
53 112 46
53 74 46
69 76 62
82 111 82
60 73 54
1 15 1
20 21 14
62 65 58
25 128 18
17 63 10
13 104 6
21 54 14
26 32 26
96 123 90
82 101 82
33 126 26
32 98 26
63 122 58
54 113 54
87 124 82
63 123 58
32 81 26
111 128 106
9 54 2
102 104 98
90 91 86
65 87 58
114 115 110
19 124 14
32 40 26
39 105 34
30 39 30
94 126 94
23 56 18
71 80 66
87 89 82
17 70 10
2 40 2
83 100 78
33 127 26
64 80 58
51 95 46
30 57 30
19 69 14
34 75 34
66 84 66
75 113 70
59 126 54
22 40 22
17 49 10
6 29 6
52 106 46
1 30 1
6 28 6
43 53 38
70 72 66
109 111 102
58 66 58
58 103 58
17 124 10
4 76 1
57 116 50
107 112 102
67 97 62
96 126 90
36 80 30
46 108 46
10 20 10
41 48 34
7 97 2
51 86 46
69 78 62
26 46 26
38 79 38
47 120 42
44 61 38
70 100 70
52 116 46
60 100 54
2 54 2
88 96 82
73 126 66
38 41 34
8 59 2
118 120 114
11 104 6
26 56 26
46 69 46
36 108 30
47 52 42
33 111 26
97 101 90
98 108 98
54 65 54
63 67 58
77 117 70
18 85 18
73 92 66
7 24 2
38 51 38
70 106 70
50 87 50
36 47 30
13 100 6
11 113 6
72 96 66
124 126 118
46 61 46
24 69 18
24 30 18
15 23 10
