128 2986
95 108 1
80 95 29
97 108 32
94 95 88
80 111 99
43 108 107
27 97 60
41 95 127
4 94 116
45 80 121
23 111 50
91 108 78
43 63 104
16 97 28
27 102 71
58 95 42
41 103 128
94 118 30
4 49 86
8 80 124
20 45 51
105 111 81
23 82 47
14 108 61
65 91 120
43 56 2
10 63 52
31 97 11
16 44 77
27 123 76
62 102 55
87 95 22
7 58 110
33 41 69
26 103 114
67 94 25
18 118 59
4 9 66
19 49 46
80 96 98
8 35 83
45 70 53
17 20 115
37 111 112
12 105 15
21 23 64
82 101 90
13 108 79
14 34 109
91 100 106
65 93 24
43 117 89
56 84 72
63 119 126
10 68 48
36 97 122
3 31 125
16 54 74
40 44 57
27 92 6
38 123 73
5 102 75
39 62 85
14 92 32
5 120 32
33 128 128
6 39 71
1 16 1
109 119 107
100 101 1
51 86 29
47 99 99
6 89 32
21 82 47
66 110 88
5 56 32
37 84 1
29 94 29
10 91 107
87 128 127
26 33 128
24 91 120
20 96 121
3 122 11
1 89 1
10 42 1
30 88 88
19 86 86
9 80 29
1 48 1
64 120 1
13 121 1
27 74 60
45 115 51
39 40 60
5 73 71
13 36 32
33 48 1
58 101 29
7 26 127
65 107 107
44 76 60
11 78 32
26 95 127
53 63 1
101 105 50
11 77 28
4 8 29
54 77 77
80 83 124
3 47 1
106 108 78
86 93 1
8 59 29
3 68 32
7 112 29
9 86 86
1 55 1
1 44 1
26 125 1
47 115 99
72 80 1
35 96 124
46 49 46
13 64 1
3 97 11
100 117 107
25 51 29
17 45 51
55 68 32
52 126 52
59 116 116
3 112 1
16 40 77
5 23 1
41 88 88
19 112 29
60 62 60
104 126 104
60 92 60
64 86 29
32 105 1
49 56 1
25 118 30
40 54 77
61 93 78
1 59 1
1 61 1
70 125 1
33 113 127
21 105 50
83 124 124
72 89 2
1 56 1
31 111 1
30 59 30
61 78 78
5 38 71
85 92 71
1 77 1
29 112 29
44 77 77
78 88 1
8 38 1
24 118 1
18 86 116
56 126 104
37 81 81
24 107 107
62 71 71
110 127 127
56 89 2
88 103 88
30 33 88
82 90 90
28 78 32
32 44 32
79 109 61
44 54 77
34 38 32
19 30 116
49 120 1
7 95 42
52 102 32
20 90 99
29 53 29
21 101 47
8 102 1
65 78 78
57 60 60
1 15 1
112 114 29
26 42 127
89 125 32
11 97 11
58 117 1
7 29 29
1 60 1
29 44 1
35 80 124
67 96 29
38 92 76
17 91 1
58 69 127
79 93 78
29 66 29
104 107 107
5 39 55
95 122 1
99 111 99
41 55 1
48 104 104
32 104 32
44 74 77
55 85 55
32 92 32
48 84 104
1 51 1
62 75 55
1 120 1
4 110 88
87 113 22
58 74 1
29 58 29
29 83 29
59 88 88
42 103 127
43 109 107
30 95 88
75 108 32
12 111 81
12 77 1
103 110 127
49 114 88
26 107 1
59 94 30
13 78 78
51 121 121
59 122 1
66 103 88
73 123 73
1 50 1
23 25 29
32 65 32
23 123 1
75 85 55
96 119 1
37 87 29
16 74 74
32 48 32
22 107 1
31 54 28
7 113 42
40 92 60
48 119 52
13 44 32
43 104 104
11 98 1
40 99 1
64 83 99
58 113 42
7 42 42
27 73 76
45 99 99
3 84 32
12 99 99
2 117 2
67 118 30
33 103 128
53 98 121
89 104 104
32 106 32
9 29 29
80 115 121
29 127 29
9 18 116
43 84 2
58 114 127
21 64 64
13 102 32
6 62 71
32 40 32
71 77 60
54 63 32
84 104 104
120 124 1
15 109 1
1 2 1
48 56 104
111 128 29
44 78 32
64 66 29
92 118 1
49 100 1
23 101 47
21 84 1
12 112 81
4 66 66
21 45 99
21 63 1
7 101 29
105 115 99
18 29 29
39 75 55
17 53 51
64 112 50
41 59 88
79 100 78
100 109 78
61 79 61
68 119 52
32 123 32
16 92 60
18 67 30
6 31 60
41 42 127
89 95 1
63 65 107
29 30 29
6 111 1
50 75 1
29 110 29
37 50 50
21 111 50
32 36 32
35 98 124
30 122 1
30 42 88
71 75 71
42 59 88
22 26 127
38 55 71
33 88 88
87 116 88
45 105 99
62 111 1
75 76 71
101 117 1
4 59 116
72 91 107
21 90 47
2 32 32
1 79 1
12 108 1
42 126 1
94 127 88
73 85 71
64 82 47
108 109 61
1 111 1
36 47 1
32 52 32
54 74 74
95 105 29
47 102 1
19 87 88
84 88 1
19 116 116
115 121 121
65 95 1
12 101 50
3 32 32
41 114 128
70 124 121
31 77 28
42 127 127
57 128 1
62 77 60
18 19 116
54 98 1
38 122 60
35 94 29
65 100 120
29 45 29
115 124 121
17 70 51
115 122 1
63 84 104
42 70 29
45 66 29
15 34 1
8 34 1
61 117 107
64 77 1
13 59 1
1 30 1
15 111 81
73 74 60
9 88 88
12 103 29
86 109 1
77 93 32
16 57 77
24 72 107
29 78 1
20 121 121
104 111 1
4 30 116
22 85 1
63 68 52
110 128 127
54 102 60
1 29 1
61 73 32
17 29 29
35 38 1
9 103 88
38 65 32
19 125 1
17 80 121
9 67 116
28 44 28
4 18 116
29 121 29
89 117 89
31 40 28
1 25 1
68 107 107
10 84 104
64 90 47
42 82 29
33 114 128
20 115 115
14 44 32
19 37 29
4 19 86
87 110 42
38 76 76
66 114 88
31 122 11
103 127 127
60 120 32
41 54 1
25 67 25
14 117 107
24 100 120
43 77 32
90 99 99
5 85 55
12 81 81
69 127 127
37 82 50
54 126 32
47 124 99
103 116 88
53 115 51
42 88 88
63 107 107
46 59 116
34 43 107
100 114 1
60 126 32
68 126 52
33 109 1
95 116 88
50 68 1
34 65 78
43 74 32
12 37 81
1 49 1
60 124 1
34 61 61
20 69 29
60 125 60
47 101 47
65 106 120
56 109 107
100 107 107
52 92 32
59 118 59
42 116 88
2 36 32
89 126 104
44 107 32
36 58 1
54 104 32
15 53 99
10 119 52
43 72 2
18 113 88
5 62 55
1 101 1
13 30 1
78 93 78
55 62 55
25 93 1
57 125 28
88 116 88
64 92 1
96 111 99
1 72 1
23 53 99
36 99 1
54 95 1
37 99 99
119 120 107
26 58 127
15 43 1
29 124 29
32 39 32
1 43 1
29 81 29
22 128 127
17 98 121
100 104 107
35 51 121
74 91 32
45 112 99
64 115 99
54 57 77
94 116 116
96 121 121
113 114 127
26 98 29
1 122 1
26 61 1
6 11 60
32 84 32
2 43 2
17 100 1
27 60 60
93 119 107
9 121 29
9 25 116
31 39 60
16 60 60
96 116 29
10 126 52
21 37 50
14 77 32
29 113 29
87 90 29
19 97 1
59 86 116
98 124 124
15 81 81
15 28 1
2 107 107
26 41 128
107 109 107
25 59 30
32 107 32
95 98 29
49 82 29
41 102 1
33 50 29
92 105 1
34 108 61
18 120 1
1 128 1
78 120 78
29 88 29
68 89 104
17 111 99
93 109 78
110 125 1
78 109 78
101 104 1
40 53 1
1 73 1
96 115 121
29 98 29
78 106 78
96 124 124
47 50 50
39 99 1
10 101 1
32 60 32
51 53 51
36 114 1
16 64 1
26 69 128
48 126 52
48 67 1
54 64 1
1 123 1
15 112 81
40 90 1
42 110 42
46 123 1
105 124 99
98 113 29
50 101 50
25 88 88
35 70 121
65 68 107
19 94 116
18 105 29
33 79 1
39 76 71
1 117 1
24 78 78
10 32 32
22 47 29
6 72 32
90 115 99
50 90 50
6 32 32
20 105 99
62 123 71
67 88 88
50 70 99
8 66 29
18 94 30
19 91 1
4 102 1
1 4 1
54 122 28
48 111 1
9 49 86
21 29 29
6 38 76
79 84 107
1 27 1
1 105 1
3 48 32
13 34 61
15 59 29
34 79 61
57 118 1
1 20 1
28 60 60
16 19 1
19 66 86
18 115 29
6 73 76
34 99 1
46 86 86
13 109 61
8 72 1
64 105 50
62 128 1
32 56 32
83 98 124
40 60 60
5 81 1
93 100 120
1 86 1
17 51 51
96 99 99
58 81 29
44 97 28
83 117 1
26 110 127
122 123 60
48 89 104
65 120 120
55 107 32
29 99 29
5 6 71
69 118 88
73 83 1
15 85 1
6 76 76
9 51 29
4 29 29
60 75 60
13 61 61
42 113 42
3 108 32
45 52 1
24 74 32
34 106 78
52 63 52
83 121 121
76 88 1
74 77 77
10 117 104
12 118 29
32 108 32
76 91 32
80 124 124
44 71 60
59 127 88
25 113 88
10 128 1
29 87 29
25 46 116
12 50 50
17 96 121
82 112 50
49 117 1
5 100 32
40 104 32
51 124 121
35 59 29
36 40 28
55 94 1
1 107 1
20 77 1
6 123 76
39 125 60
35 53 121
37 125 1
1 12 1
42 54 1
97 125 11
1 26 1
50 112 50
44 60 60
2 51 1
29 128 29
56 117 2
86 98 29
9 118 116
110 118 88
29 118 29
59 66 116
47 82 47
48 62 32
6 60 60
10 85 32
61 105 1
8 53 121
57 74 77
45 98 121
17 46 29
2 64 1
97 127 1
76 92 76
71 79 32
31 34 32
93 108 78
43 119 104
97 122 122
54 92 60
43 93 107
1 100 1
67 86 116
11 55 60
21 54 1
43 78 107
20 70 51
48 63 52
75 87 1
25 125 1
78 113 1
59 114 88
14 105 1
58 87 42
24 69 1
90 121 99
117 120 107
40 77 77
81 116 29
22 110 42
48 93 107
29 52 1
3 80 1
27 93 32
81 107 1
81 120 1
1 9 1
28 97 28
56 99 1
117 122 32
56 62 32
44 96 1
76 85 71
1 125 1
92 108 32
32 71 32
50 111 50
26 128 128
57 124 1
37 100 1
4 16 1
8 98 124
86 88 88
45 124 121
93 126 107
25 94 25
71 73 71
44 114 1
34 89 107
42 109 1
39 102 55
83 96 124
46 66 86
6 19 1
34 78 78
75 114 1
21 31 1
38 44 60
27 36 60
3 54 28
122 125 11
29 70 29
26 88 88
49 59 116
10 104 104
62 93 32
24 104 107
41 127 127
71 102 71
23 47 47
5 55 55
24 106 120
20 53 51
51 68 1
13 99 1
33 119 1
36 109 32
32 89 32
67 113 88
7 49 88
42 69 127
8 17 121
104 124 1
8 96 124
40 46 1
18 25 30
62 69 1
1 70 1
35 41 29
18 97 1
14 52 107
27 121 1
28 99 1
1 37 1
36 48 32
106 126 107
22 58 42
15 82 50
74 120 32
57 77 77
47 123 1
70 80 121
13 116 1
83 93 1
1 110 1
52 97 32
37 104 1
49 88 88
96 117 1
69 122 1
14 93 78
33 75 1
53 69 29
82 120 1
12 85 1
1 64 1
57 122 28
46 108 1
114 124 29
98 121 121
63 72 104
21 75 1
21 42 29
13 76 32
107 126 107
43 107 107
15 58 29
28 31 28
10 113 1
26 83 29
29 37 29
11 108 32
32 79 32
28 48 32
15 90 50
18 76 1
69 88 88
48 68 48
34 93 78
1 87 1
16 107 32
34 111 1
33 127 127
18 95 88
56 115 1
84 107 107
71 74 60
28 125 28
36 120 32
12 82 50
32 117 32
23 34 1
33 58 127
52 106 107
27 75 71
34 107 107
15 126 1
63 87 1
63 126 126
6 112 1
74 93 32
39 94 1
2 91 107
30 57 1
12 120 1
58 97 1
6 98 1
15 73 1
95 103 127
55 71 71
42 94 88
41 87 127
17 23 99
13 14 61
18 26 88
6 71 71
1 5 1
54 68 32
91 106 106
32 128 1
88 101 29
4 112 29
95 127 127
28 54 28
58 127 127
88 94 88
19 29 29
9 116 116
60 109 32
47 60 1
16 73 60
11 74 28
48 52 52
4 53 29
111 126 1
66 68 1
34 84 107
15 29 29
8 47 99
15 84 1
6 26 1
29 115 29
53 61 1
5 60 60
56 72 72
56 104 104
15 37 81
33 69 69
53 88 29
42 86 88
1 74 1
81 82 50
30 116 116
108 120 78
4 88 88
77 106 32
53 105 99
36 84 32
22 103 127
22 33 127
42 87 42
19 70 29
1 38 1
23 64 64
67 75 1
106 115 1
67 116 116
9 45 29
10 122 32
15 23 50
21 50 50
19 26 88
107 117 107
32 99 1
78 99 1
11 54 28
32 76 32
22 59 88
42 49 88
26 66 88
7 22 42
29 107 1
5 83 1
15 102 1
41 69 69
36 76 60
2 87 1
15 125 1
11 21 1
85 102 55
67 121 29
100 127 1
29 82 29
60 71 60
58 98 29
11 83 1
68 72 104
1 82 1
66 112 29
29 41 29
53 74 1
86 118 116
71 116 1
71 95 1
39 60 60
33 105 29
64 101 47
37 105 81
29 50 29
33 47 29
68 80 1
5 75 75
12 102 1
1 116 1
84 108 107
11 24 32
31 60 60
28 64 1
64 128 29
40 102 60
18 89 1
66 85 1
24 95 1
29 47 29
3 77 28
21 81 50
82 102 1
98 115 121
117 126 104
24 50 1
51 88 29
39 122 60
13 85 32
74 100 32
16 26 1
61 107 107
64 99 99
71 92 71
1 93 1
1 62 1
2 10 104
29 74 1
9 127 88
12 15 15
40 74 77
89 106 107
11 32 32
1 28 1
31 44 28
43 69 1
34 100 78
81 111 81
39 113 1
54 65 32
1 68 1
40 120 32
21 35 99
48 124 1
44 100 32
45 84 1
3 60 60
32 87 1
43 71 32
74 126 32
29 86 29
41 70 29
49 66 86
31 98 1
48 109 107
23 84 1
101 128 29
60 76 60
23 90 47
35 83 83
8 109 1
23 49 29
48 72 104
47 117 1
60 103 1
119 126 126
45 47 99
2 79 107
76 123 76
34 48 107
77 127 1
74 127 1
12 35 99
1 76 1
59 87 88
75 120 32
1 98 1
99 112 99
37 113 29
49 110 88
27 41 1
1 6 1
95 110 42
5 101 1
101 112 50
21 87 29
49 94 116
88 128 88
69 104 1
93 106 120
81 114 29
9 19 86
60 99 1
19 52 1
1 88 1
7 15 29
10 56 104
94 126 1
27 62 71
1 39 1
27 38 76
52 84 104
72 76 32
73 102 71
38 82 1
24 44 32
25 47 29
94 109 1
25 66 116
77 125 28
39 127 1
4 90 29
24 79 78
28 66 1
115 127 29
72 119 104
13 86 1
4 97 1
22 41 127
20 29 29
32 34 32
3 117 32
3 85 60
14 100 78
19 95 88
68 109 107
5 58 1
57 71 60
1 121 1
41 116 88
18 101 29
29 93 1
77 100 32
12 47 50
8 83 83
98 104 1
15 54 1
15 46 29
1 53 1
42 128 127
25 128 88
34 120 78
74 113 1
36 102 60
31 112 1
41 85 1
92 123 76
17 99 99
47 105 50
76 110 1
37 44 1
61 92 32
4 81 29
8 31 1
93 124 1
8 92 1
32 61 32
54 120 32
2 20 1
91 109 78
64 65 1
30 90 29
10 99 1
7 89 1
7 54 1
80 117 1
69 103 128
81 123 1
12 64 50
65 122 32
14 18 1
36 77 28
77 108 32
29 35 29
9 71 1
54 58 1
29 49 29
52 71 32
69 128 128
109 115 1
7 31 1
1 3 1
95 114 127
54 66 1
106 107 107
107 108 107
37 112 112
8 85 1
2 72 2
8 87 29
1 118 1
37 86 29
48 117 104
35 47 99
41 96 29
6 92 6
6 41 1
54 128 1
70 96 121
43 52 104
73 77 60
48 100 107
59 67 30
2 105 1
70 99 99
71 84 32
94 108 1
1 11 1
40 111 1
22 64 29
97 120 32
31 52 32
1 10 1
5 10 32
55 102 55
58 103 127
49 113 88
36 75 60
102 123 71
65 111 1
43 79 107
19 88 88
46 96 29
59 89 1
50 99 99
32 120 32
1 96 1
29 114 29
114 127 127
5 21 1
52 89 104
13 52 107
25 56 1
5 79 32
59 65 1
120 125 32
29 102 1
10 71 32
2 121 1
80 122 1
88 118 88
10 48 48
15 89 1
70 97 1
64 70 99
71 85 71
1 19 1
60 66 1
37 101 50
34 45 1
37 47 50
2 56 2
4 46 86
68 88 1
64 98 99
60 73 60
36 73 60
33 110 127
33 59 88
2 89 2
88 127 88
15 99 99
11 72 32
41 51 29
20 42 29
54 125 28
47 64 47
36 83 1
6 44 60
38 53 1
30 77 1
21 116 29
37 127 29
105 123 1
24 34 78
54 106 32
3 126 32
61 124 1
31 36 11
12 26 29
127 128 127
99 106 1
37 114 29
42 58 42
22 118 88
48 50 1
79 120 78
9 126 1
44 58 1
13 100 78
60 119 32
14 122 32
116 126 1
89 101 1
45 100 1
10 52 52
34 112 1
51 116 29
22 127 127
29 67 29
104 105 1
28 116 1
34 69 1
2 126 104
8 105 99
24 32 32
30 102 1
13 120 78
70 115 51
9 56 1
36 125 11
32 78 32
50 64 50
40 65 32
45 60 1
103 114 114
51 64 99
30 127 88
91 107 107
15 87 29
15 47 50
2 78 107
31 125 125
99 124 99
32 125 32
12 128 29
17 114 29
66 67 116
102 127 1
100 112 1
17 121 121
80 99 99
70 111 99
24 120 120
89 107 107
65 73 32
87 107 1
9 35 29
20 41 29
63 117 104
7 93 1
67 125 1
21 127 29
51 117 1
6 74 60
121 122 1
103 107 1
43 68 104
1 66 1
46 65 1
60 85 60
60 104 32
24 85 32
11 125 11
22 117 1
34 114 1
37 115 99
73 92 76
18 30 30
1 14 1
14 107 107
41 83 29
36 44 28
74 123 60
91 93 120
11 70 1
2 115 1
20 27 1
12 124 99
40 122 28
55 75 55
3 79 32
7 99 29
18 81 29
1 47 1
1 80 1
23 96 99
1 124 1
28 82 1
106 109 78
27 49 1
45 116 29
87 101 29
61 70 1
46 113 88
76 111 1
51 107 1
4 52 1
23 48 1
22 98 29
1 65 1
6 67 1
36 122 122
14 15 1
84 89 2
14 112 1
22 46 88
61 65 78
105 112 81
97 104 32
1 113 1
28 102 60
84 117 2
64 118 29
4 26 88
3 67 1
32 110 1
9 125 1
47 79 1
41 100 1
3 40 28
32 100 32
1 40 1
4 79 1
73 117 32
36 116 1
17 124 121
27 31 60
5 86 1
1 94 1
35 115 121
17 31 1
12 29 29
2 52 104
74 99 1
58 86 88
96 112 99
116 128 88
31 126 32
9 33 88
17 125 1
76 100 32
104 117 104
27 35 1
65 119 107
3 30 1
16 89 32
24 36 32
63 98 1
69 114 128
35 48 1
60 102 60
26 29 29
8 104 1
11 28 28
57 114 1
79 86 1
11 102 60
23 99 99
87 94 88
26 62 1
21 89 1
53 99 99
41 128 128
37 45 99
68 100 107
37 51 99
107 120 107
28 114 1
70 98 121
70 83 121
57 69 1
48 106 107
18 114 88
109 125 32
25 49 116
14 54 32
110 113 42
72 117 2
3 10 32
59 101 29
77 118 1
79 111 1
106 123 32
100 126 107
20 47 99
35 84 1
6 27 6
120 123 32
5 32 32
46 94 116
36 45 1
1 114 1
19 46 46
4 58 88
30 110 88
61 106 78
111 114 29
32 54 32
14 96 1
3 14 32
43 50 1
17 106 1
33 37 29
24 126 107
72 74 32
32 88 1
11 76 60
29 95 29
78 100 78
111 112 112
12 57 1
73 99 1
26 77 1
96 118 29
27 107 32
3 29 1
12 70 99
48 121 1
84 119 104
93 120 120
61 120 78
18 33 88
4 60 1
8 60 1
83 106 1
63 64 1
46 104 1
46 111 29
32 126 32
3 107 32
31 107 32
25 58 88
2 27 32
88 113 88
25 121 29
17 120 1
4 92 1
82 105 50
30 111 29
4 123 1
101 110 29
4 89 1
108 126 107
81 105 81
72 118 1
16 28 28
93 96 1
14 24 78
23 29 29
1 8 1
3 28 28
39 96 1
100 120 120
12 96 99
50 67 29
14 106 78
9 30 116
88 114 88
85 123 71
46 55 1
75 123 71
99 105 99
12 24 1
52 107 107
27 122 60
70 89 1
52 68 52
126 127 1
49 118 116
3 18 1
15 105 15
40 123 60
1 18 1
36 57 28
48 79 107
28 123 60
62 126 32
40 56 32
81 97 1
45 108 1
40 57 57
8 29 29
17 107 1
34 35 1
9 46 86
37 102 1
14 91 78
20 98 121
11 85 60
61 67 1
25 52 1
56 97 32
15 121 99
4 86 86
33 91 1
10 70 1
2 68 104
64 81 50
78 108 78
100 106 106
35 82 99
3 5 60
28 46 1
44 57 57
8 99 99
17 115 115
12 78 1
5 123 71
77 90 1
107 123 32
12 52 1
26 49 88
38 57 60
19 96 29
30 51 29
28 119 32
40 52 32
55 123 71
9 109 1
39 85 85
37 65 1
53 124 121
14 51 1
41 90 29
60 74 60
35 63 1
20 101 99
54 70 1
23 50 50
8 106 1
26 80 29
67 72 1
116 118 116
1 21 1
125 127 1
68 85 32
7 46 88
49 67 116
1 104 1
41 94 88
29 42 29
106 127 1
18 83 29
3 74 28
17 118 29
24 37 1
78 119 107
32 98 1
40 43 32
85 122 60
44 90 1
16 31 28
1 36 1
70 122 1
56 70 1
37 124 99
61 91 78
23 110 29
41 48 1
85 107 32
15 79 1
82 89 1
67 91 1
23 105 50
46 58 88
79 126 107
84 115 1
38 73 73
1 34 1
32 74 32
14 56 107
50 125 1
30 94 30
27 30 1
44 92 60
65 124 1
26 114 114
18 112 29
32 43 32
77 105 1
36 41 1
58 89 1
21 36 1
32 91 32
11 44 28
62 76 71
60 123 60
23 119 1
13 91 78
33 101 29
114 128 128
25 114 88
21 102 1
25 70 29
56 79 107
74 122 28
99 121 99
9 73 1
38 39 71
41 113 127
25 98 29
6 87 1
32 109 32
70 77 1
1 69 1
33 73 1
1 102 1
79 89 107
35 49 29
2 55 32
26 117 1
5 33 1
61 83 1
43 75 32
13 58 1
27 76 76
8 110 29
102 104 32
94 114 88
62 87 1
27 113 1
39 57 60
59 104 1
17 128 29
28 85 60
11 122 11
6 33 1
117 118 1
28 36 28
46 75 1
8 51 121
85 99 1
1 7 1
74 76 60
72 107 107
1 35 1
31 70 1
61 125 32
35 122 1
7 60 1
11 52 32
21 59 29
91 94 1
62 86 1
94 105 29
34 63 107
28 52 32
36 72 32
106 128 1
14 89 107
73 76 76
35 92 1
48 105 1
18 116 116
1 42 1
18 61 1
13 84 107
57 97 28
70 93 1
53 70 53
1 91 1
13 43 107
13 83 1
77 79 32
35 128 29
54 96 1
118 127 88
23 113 29
72 84 72
39 47 1
45 106 1
8 70 121
6 75 71
26 46 88
61 62 32
18 41 88
34 68 107
1 63 1
23 41 29
35 106 1
37 49 29
31 73 60
32 77 32
47 119 1
98 99 99
65 108 78
2 106 107
99 101 99
32 75 32
66 118 116
51 70 51
29 69 29
37 121 99
60 122 60
81 112 81
63 81 1
55 73 71
72 78 107
10 107 107
52 85 32
9 68 1
44 47 1
84 92 32
35 124 124
27 44 60
54 60 60
8 23 99
62 73 71
59 71 1
18 43 1
16 72 32
29 33 29
87 99 29
52 104 104
2 77 32
2 66 1
46 84 1
2 119 104
39 54 60
20 35 121
2 104 104
13 89 107
96 120 1
9 62 1
14 79 61
46 67 116
4 54 1
51 99 99
52 72 104
18 88 88
40 106 32
90 101 90
66 99 29
27 80 1
17 50 99
87 118 88
32 55 32
9 66 66
23 79 1
11 82 1
118 121 29
111 121 99
5 11 60
52 73 32
53 112 99
32 122 32
82 83 99
46 88 88
1 126 1
81 103 29
13 126 107
36 92 60
19 58 88
1 83 1
27 77 60
4 51 29
4 25 116
45 121 121
50 105 50
21 70 99
28 63 32
86 119 1
34 91 78
2 122 32
25 29 29
62 117 32
34 95 1
9 92 1
22 96 29
30 89 1
8 13 1
4 65 1
58 92 1
54 113 1
41 71 1
77 86 1
8 84 1
18 72 1
25 84 1
13 107 107
28 50 1
40 124 1
88 110 88
89 120 107
1 115 1
23 116 29
25 78 1
64 68 1
30 66 116
19 53 29
85 86 1
78 101 1
89 119 104
22 87 22
84 93 107
22 30 88
45 103 29
16 32 32
10 16 32
24 113 1
10 36 32
5 110 1
53 110 29
11 51 1
66 116 116
22 42 42
123 125 60
77 112 1
58 110 110
58 60 1
58 94 88
112 113 29
65 85 32
56 88 1
6 82 1
30 36 1
35 91 1
22 114 127
28 39 60
61 121 1
82 100 1
68 123 32
79 107 107
32 57 32
38 64 1
72 93 107
39 101 1
125 126 32
10 55 32
19 111 29
37 58 29
94 96 29
64 85 1
27 71 71
50 56 1
97 126 32
28 77 28
31 75 60
96 104 1
112 118 29
55 59 1
12 80 99
31 57 28
102 111 1
20 23 99
70 106 1
26 52 1
33 122 1
3 93 32
38 100 32
2 96 1
69 110 127
94 125 1
35 81 99
60 97 60
25 116 116
47 104 1
25 82 29
62 85 85
76 128 1
50 51 99
98 101 99
12 125 1
18 111 29
26 93 1
58 99 29
68 117 104
74 111 1
61 64 1
83 99 99
41 123 1
1 106 1
92 98 1
43 87 1
31 56 32
43 80 1
41 64 29
63 66 1
1 52 1
95 123 1
1 67 1
14 61 61
99 115 99
55 77 60
26 123 1
24 71 32
61 108 61
76 107 32
20 59 29
27 86 1
100 113 1
24 93 24
48 65 107
22 104 1
67 124 29
53 90 99
9 48 1
17 83 121
35 55 1
35 64 99
77 111 1
43 89 89
2 42 1
110 121 29
44 88 1
77 96 1
6 119 32
10 72 104
57 116 1
28 71 60
104 119 104
69 87 127
49 69 88
46 61 1
55 95 1
17 123 1
87 103 127
38 45 1
13 63 107
83 109 1
16 41 1
12 126 1
23 67 29
3 9 1
60 113 1
42 63 1
80 82 99
7 114 127
28 81 1
36 39 60
59 69 88
16 77 77
44 51 1
112 119 1
7 115 29
5 57 60
111 124 99
107 119 107
102 122 60
89 105 1
23 28 1
23 93 1
81 99 99
16 95 1
61 104 107
22 29 29
50 82 50
16 96 1
76 87 1
38 48 32
1 109 1
124 125 1
56 63 104
73 111 1
7 35 29
44 83 1
34 46 1
90 117 1
18 48 1
44 128 1
44 53 1
57 75 60
92 117 32
6 9 1
29 116 29
72 124 1
74 89 32
39 46 1
7 87 42
43 100 107
16 23 1
27 119 32
26 124 29
10 58 1
78 89 107
37 94 29
1 95 1
48 61 107
80 105 99
1 112 1
68 128 1
61 109 61
25 110 88
28 79 32
1 99 1
67 117 1
98 116 29
23 102 1
7 69 127
1 108 1
18 65 1
23 59 29
74 97 28
51 76 1
19 40 1
1 81 1
25 32 1
58 122 1
20 83 121
8 77 1
8 115 121
15 96 99
65 127 1
22 113 22
84 126 104
69 83 29
27 58 1
55 121 1
1 119 1
23 36 1
27 33 1
54 87 1
20 99 99
7 33 127
5 22 1
28 101 1
121 124 121
75 103 1
54 123 60
68 90 1
15 63 1
18 66 116
85 125 60
56 65 107
46 85 1
39 107 32
79 108 79
51 115 51
50 81 50
90 112 50
32 33 1
1 58 1
1 127 1
96 109 1
93 107 107
53 96 121
85 95 1
5 98 1
16 18 1
116 117 1
53 121 121
103 115 29
8 43 1
48 95 1
96 98 98
3 57 28
40 72 32
41 67 88
40 66 1
37 42 29
33 111 29
100 110 1
33 63 1
64 96 99
28 67 1
19 67 116
14 35 1
39 90 1
42 112 29
2 5 32
1 90 1
24 117 107
43 73 32
5 16 60
14 83 1
8 113 29
21 98 99
119 125 32
41 47 29
18 121 29
83 91 1
29 101 29
9 123 1
46 116 116
20 71 1
48 107 107
15 25 29
14 97 32
99 128 29
37 74 1
20 124 121
28 40 28
51 90 99
34 121 1
53 108 1
28 29 1
26 113 127
24 101 1
106 125 32
59 90 29
29 126 1
6 58 1
63 115 1
21 99 99
23 33 29
12 91 1
11 38 60
26 105 29
50 117 1
65 67 1
35 99 99
90 123 1
107 115 1
42 53 29
9 39 1
9 58 88
36 91 32
64 88 29
47 122 1
28 32 32
12 23 50
73 114 1
3 35 1
44 75 60
75 104 32
90 111 50
9 43 1
44 122 28
38 79 32
7 12 29
18 46 116
31 124 1
47 96 99
79 112 1
64 117 1
92 121 1
55 125 60
27 109 32
22 66 88
96 123 1
93 114 1
28 126 32
80 98 98
35 66 29
7 92 1
21 123 1
55 61 32
50 86 29
37 64 50
39 45 1
58 96 29
89 90 1
45 53 53
113 127 127
29 96 29
1 32 1
14 99 1
7 41 127
11 101 1
60 83 1
1 46 1
2 118 1
60 96 1
10 66 1
32 121 1
23 112 50
82 111 50
56 116 1
32 101 1
11 39 60
23 70 99
36 85 60
21 41 29
5 19 1
29 90 29
2 76 32
5 52 32
32 37 1
45 89 1
47 81 50
73 75 71
85 128 1
49 95 88
47 100 1
66 86 86
81 88 29
95 113 113
67 123 1
12 90 50
27 70 1
61 126 107
5 97 60
3 36 11
36 54 28
19 32 1
43 126 104
10 30 1
28 73 60
23 107 1
28 122 28
1 97 1
67 122 1
27 84 32
5 90 1
15 123 1
31 32 32
12 98 99
61 110 1
27 69 1
122 128 1
94 115 29
32 85 32
105 108 1
11 126 32
14 76 32
49 128 88
22 70 29
72 88 1
29 51 29
1 23 1
36 100 32
4 124 29
14 109 109
46 89 1
57 113 1
29 59 29
7 88 88
90 93 1
55 90 1
28 94 1
55 60 60
101 106 1
60 128 1
10 106 107
14 17 1
39 110 1
29 111 29
9 64 29
74 83 1
97 102 60
15 101 50
65 79 78
6 97 60
65 99 1
78 122 32
35 100 1
14 32 32
23 124 99
30 98 29
32 93 32
61 97 32
30 106 1
80 97 1
33 60 1
75 125 60
7 127 127
28 110 1
13 46 1
41 118 88
44 64 1
33 86 88
34 123 32
62 90 1
15 49 29
40 94 1
77 87 1
30 48 1
1 71 1
33 42 127
57 111 1
48 123 32
25 112 29
72 79 107
87 108 1
65 110 1
22 88 88
13 32 32
29 106 1
102 103 1
4 62 1
101 126 1
85 97 60
40 116 1
1 75 1
30 61 1
41 53 29
6 55 71
8 111 99
66 88 88
103 109 1
101 111 50
8 67 29
11 31 11
20 51 51
35 111 99
86 87 88
32 113 1
18 75 1
114 121 29
8 37 99
57 67 1
101 124 99
94 102 1
50 62 1
51 96 121
18 49 116
91 124 1
68 83 1
20 62 1
58 79 1
100 108 78
24 127 1
44 117 32
16 70 1
18 68 1
11 58 1
7 27 1
17 117 1
14 121 1
81 101 50
8 125 1
54 71 60
58 70 29
3 87 1
36 127 1
4 55 1
41 80 29
78 107 107
19 118 116
104 120 107
31 35 1
49 127 88
6 122 60
112 126 1
47 90 47
12 34 1
114 122 1
25 28 1
100 119 107
85 108 32
13 97 32
82 113 29
67 101 29
11 40 28
17 116 29
51 75 1
62 97 60
45 72 1
33 81 29
62 72 32
30 118 30
58 118 88
42 67 88
27 89 32
2 47 1
27 32 32
4 87 88
12 74 1
18 117 1
72 98 1
47 85 1
77 122 28
24 33 1
3 113 1
45 87 29
31 65 32
5 118 1
7 71 1
50 118 29
49 85 1
1 54 1
59 113 88
13 68 107
99 113 29
48 97 32
72 109 107
75 116 1
63 100 107
79 81 1
17 21 99
10 29 1
33 53 29
79 91 78
4 116 116
33 40 1
3 50 1
33 96 29
72 101 1
9 26 88
35 86 29
61 101 1
109 120 78
68 84 104
78 79 78
60 67 1
87 114 127
8 57 1
85 90 1
5 17 1
15 128 29
16 65 32
68 94 1
79 106 78
31 66 1
23 81 50
16 27 60
10 86 1
58 115 29
30 125 1
23 80 99
30 46 116
11 60 60
28 69 1
9 40 1
21 95 29
7 40 1
47 70 99
23 35 99
38 111 1
7 76 1
25 50 29
92 116 1
26 36 1
6 110 1
8 12 99
34 127 1
11 90 1
9 61 1
2 48 104
114 118 88
44 59 1
87 125 1
18 98 29
40 97 28
20 44 1
8 26 29
49 108 1
5 15 1
42 68 1
78 91 78
4 109 1
38 71 71
32 68 32
64 111 50
27 55 71
42 65 1
16 81 1
36 60 60
66 77 1
21 92 1
83 107 1
29 46 29
66 82 29
42 95 42
71 104 32
63 91 107
49 90 29
56 91 107
21 88 29
113 125 1
34 118 1
28 111 1
7 51 29
10 31 32
52 64 1
7 55 1
18 36 1
4 95 88
40 89 32
5 44 60
18 45 29
15 21 50
60 77 60
93 110 1
66 81 29
1 22 1
25 86 116
82 118 29
89 123 32
19 41 88
40 117 32
44 48 32
9 55 1
14 72 107
39 73 71
88 117 1
16 106 32
2 6 32
6 34 32
91 120 120
45 62 1
13 50 1
30 86 116
106 120 120
97 105 1
25 89 1
67 90 29
24 119 107
68 116 1
75 124 1
4 70 29
26 75 1
21 26 29
4 127 88
26 104 1
6 117 32
40 48 32
19 103 88
63 90 1
48 113 1
17 79 1
98 127 29
51 81 99
68 93 107
68 91 107
13 106 78
78 86 1
28 89 32
91 127 1
67 126 1
48 53 1
38 47 1
53 82 99
112 115 99
72 87 1
80 87 29
19 59 116
42 90 29
49 112 29
23 83 99
14 55 32
85 109 32
2 46 1
73 101 1
78 105 1
16 100 32
63 85 32
27 87 1
14 95 1
67 105 29
9 11 1
49 101 29
86 125 1
22 24 1
16 37 1
73 88 1
69 115 29
4 15 29
31 67 1
95 97 1
56 107 107
27 67 1
23 114 29
55 92 71
3 69 1
1 31 1
16 122 28
17 110 29
29 80 29
31 95 1
63 105 1
60 117 32
69 100 1
74 84 32
50 113 29
20 126 1
37 110 29
83 115 121
24 62 32
72 126 104
7 64 29
45 113 29
15 120 1
81 96 99
104 127 1
11 66 1
35 67 29
25 39 1
31 83 1
35 121 121
67 68 1
63 123 32
66 96 29
11 36 11
26 116 88
4 119 1
27 53 1
113 128 127
7 103 127
7 68 1
52 98 1
35 104 1
66 102 1
5 40 60
115 128 29
121 126 1
33 95 127
32 62 32
61 75 32
25 71 1
63 125 32
44 120 32
96 113 29
38 113 1
27 79 32
11 73 60
51 122 1
5 27 71
88 91 1
81 110 29
53 119 1
108 118 1
19 63 1
49 79 1
24 55 32
101 115 99
71 109 32
53 72 1
55 76 71
103 118 88
11 57 28
83 127 29
24 52 107
51 119 1
47 62 1
62 70 1
3 125 125
70 90 99
2 61 107
38 97 60
96 101 99
17 60 1
8 20 121
10 100 107
3 33 1
10 96 1
65 104 107
50 53 99
34 128 1
5 24 32
24 114 1
10 61 107
57 103 1
11 100 32
104 115 1
39 123 71
44 62 60
42 117 1
79 115 1
84 100 107
26 55 1
17 103 29
20 114 29
5 114 1
20 108 1
2 84 2
57 76 60
49 122 1
46 54 1
40 75 60
31 101 1
71 76 71
4 17 29
22 115 29
2 38 32
58 66 88
44 125 28
82 125 1
118 128 88
7 25 88
69 99 29
35 105 99
14 125 32
7 78 1
35 126 1
2 7 1
104 108 107
7 56 1
73 78 32
14 39 32
21 51 99
68 82 1
95 118 88
7 82 29
38 60 60
31 113 1
38 75 71
15 26 29
55 88 1
32 72 32
10 89 104
38 124 1
25 31 1
11 105 1
45 82 99
75 92 71
61 72 107
19 69 88
34 66 1
112 117 1
27 111 1
8 50 99
110 122 1
45 94 29
82 116 29
86 116 116
66 78 1
20 80 121
10 76 32
28 43 32
50 72 1
34 62 32
72 128 1
15 64 50
75 78 32
74 112 1
16 102 60
38 102 71
4 73 1
40 51 1
6 102 71
2 109 107
20 65 1
43 98 1
75 93 32
80 121 121
57 68 32
43 120 107
16 62 60
82 92 1
7 32 1
79 117 107
62 105 1
95 125 1
87 124 29
7 47 29
37 119 1
99 116 29
46 52 1
50 98 99
15 27 1
23 106 1
22 94 88
58 88 88
1 33 1
27 54 60
21 74 1
27 85 71
29 103 29
97 111 1
14 114 1
6 93 32
98 106 1
52 56 104
111 120 1
22 126 1
61 82 1
56 75 32
49 84 1
65 109 78
78 128 1
21 62 1
1 57 1
80 89 1
42 89 1
37 122 1
102 120 32
38 40 60
16 50 1
102 119 32
66 101 29
11 35 1
68 79 107
68 98 1
68 105 1
87 120 1
23 60 1
89 99 1
10 111 1
5 84 32
41 110 127
28 87 1
16 111 1
82 99 99
16 125 28
5 76 71
46 125 1
7 50 29
66 80 29
21 113 29
12 116 29
42 122 1
70 87 29
10 59 1
83 89 1
61 123 32
31 79 32
74 125 28
5 36 60
21 40 1
3 42 1
37 96 99
9 113 88
3 44 28
12 17 99
52 119 52
99 119 1
18 24 1
45 96 121
4 61 1
81 92 1
71 114 1
53 122 1
53 54 1
115 116 29
41 105 29
77 115 1
37 71 1
80 119 1
95 102 1
16 39 60
75 97 60
30 103 88
52 59 1
113 124 29
21 83 99
59 98 29
47 73 1
22 25 88
98 112 99
59 95 88
41 44 1
10 24 107
43 44 32
63 127 1
81 98 99
9 44 1
52 109 107
77 89 32
31 119 32
17 72 1
14 88 1
8 121 121
48 74 32
5 25 1
61 77 32
101 109 1
95 124 29
12 65 1
6 65 32
77 124 1
21 121 99
82 95 29
10 121 1
9 52 1
60 107 32
46 119 1
12 83 99
88 124 29
32 119 32
84 113 1
75 84 32
83 125 1
10 17 1
66 111 29
30 54 1
27 124 1
26 71 1
53 78 1
40 98 1
13 87 1
17 81 99
6 22 1
46 99 29
66 98 29
86 107 1
46 56 1
51 80 121
10 15 1
23 87 29
63 114 1
50 78 1
84 121 1
81 90 50
5 71 71
10 98 1
25 45 29
24 115 1
78 123 32
12 38 1
9 108 1
44 55 60
32 58 1
31 69 1
73 106 32
66 83 29
23 43 1
43 82 1
86 90 29
26 43 1
11 110 1
30 99 29
96 97 1
4 43 1
51 83 121
