64 1690
5 6 26
24 41 56
46 62 38
1 38 1
6 43 8
16 20 16
22 62 24
7 35 57
40 57 56
1 60 1
37 42 38
18 46 38
24 62 24
13 56 56
15 39 26
37 54 54
34 48 54
52 59 16
22 56 56
9 46 38
7 11 57
9 39 26
10 31 1
23 59 43
23 46 38
20 47 16
26 27 38
10 33 26
20 36 26
16 34 54
32 38 38
42 50 38
13 39 56
19 37 57
53 55 24
14 25 1
7 46 38
1 36 1
4 45 56
11 56 56
47 62 8
15 43 26
16 58 1
14 54 54
10 62 26
19 40 56
41 50 38
41 45 56
19 59 8
17 42 38
5 57 26
27 51 38
46 60 1
13 57 56
20 21 43
8 41 56
24 33 24
22 48 24
5 55 26
20 62 8
33 37 57
17 62 54
6 11 57
15 54 54
26 50 38
34 58 1
37 57 57
9 31 1
1 40 1
1 10 1
4 10 56
14 50 38
55 57 57
28 57 57
7 55 57
6 57 57
6 13 56
10 23 26
29 49 54
11 29 57
13 29 56
30 59 54
4 60 1
16 52 16
31 49 1
17 63 54
21 59 43
16 57 57
46 49 38
12 62 57
33 52 24
32 36 26
22 58 1
9 10 26
29 36 26
25 35 1
3 17 54
42 48 38
5 25 1
48 55 8
31 58 1
3 45 57
27 28 38
16 33 24
52 60 1
10 40 56
45 53 57
42 49 38
60 62 1
12 18 57
4 64 38
2 26 26
1 31 1
11 52 57
3 11 57
6 24 24
27 52 38
22 41 56
26 32 26
7 31 1
1 15 1
47 48 16
47 50 38
11 55 57
26 29 26
16 17 54
39 56 56
29 38 38
5 64 38
2 59 43
16 43 43
36 54 54
8 55 8
8 27 38
30 55 54
37 59 57
11 61 54
13 16 56
31 35 1
12 59 57
37 41 56
35 56 56
1 16 1
36 61 54
16 46 38
13 36 56
25 61 1
13 34 56
27 58 1
37 50 38
59 63 16
14 23 43
52 54 54
7 54 54
11 12 57
21 37 57
13 41 56
1 39 1
42 60 1
23 63 43
10 63 26
10 29 26
46 63 38
56 61 56
12 31 1
18 24 24
42 46 38
54 55 54
15 18 26
50 56 38
20 56 56
50 59 38
1 46 1
21 49 54
20 53 24
28 61 54
2 19 8
16 54 54
36 41 56
32 33 24
40 61 56
39 64 38
19 21 8
6 46 38
2 16 43
39 53 26
32 62 8
10 25 1
53 54 54
18 36 26
19 61 54
35 41 56
7 41 56
7 45 57
52 53 24
28 59 43
10 52 26
5 49 54
6 63 8
1 48 1
10 47 26
6 27 38
38 64 38
6 49 54
40 42 38
4 34 56
24 30 54
39 49 54
34 60 1
31 62 1
49 58 1
11 30 54
10 22 26
5 20 26
10 35 26
19 26 26
35 61 54
29 56 56
26 38 38
18 60 1
16 26 26
33 55 24
44 59 1
19 32 8
7 63 57
18 51 56
1 20 1
10 12 26
12 34 54
10 38 38
2 41 56
7 64 38
3 28 43
37 53 57
5 51 56
14 16 16
23 32 43
13 52 56
6 19 8
2 38 38
55 62 8
40 63 56
39 50 38
14 20 14
26 45 26
56 59 56
17 61 54
48 59 16
48 49 54
43 55 8
21 28 43
9 13 56
10 17 54
47 57 57
4 22 56
11 37 57
18 50 38
38 47 38
49 59 54
23 51 56
30 31 1
15 24 26
49 61 54
12 22 57
16 24 24
19 56 56
4 32 56
8 52 8
14 55 8
21 57 57
6 44 1
11 35 57
3 59 16
5 26 26
41 53 56
27 41 38
37 43 57
31 59 1
44 56 1
10 50 38
5 17 54
19 52 8
33 56 56
17 41 56
19 54 54
8 20 8
43 47 43
27 49 38
11 41 56
16 63 16
21 62 8
17 30 54
4 55 56
44 64 1
3 52 16
39 58 1
35 62 8
32 34 54
7 51 56
33 54 54
12 42 38
11 20 57
2 63 43
54 56 56
25 32 1
5 18 26
3 18 24
7 24 57
4 47 56
28 46 38
9 15 26
19 30 54
20 22 24
43 44 1
1 59 1
32 45 57
56 58 1
37 39 26
32 49 54
21 26 26
7 22 57
16 56 56
21 40 56
1 49 1
7 25 1
15 64 38
10 61 54
41 43 56
3 9 43
30 38 38
36 51 56
26 53 26
5 52 26
49 64 38
27 30 38
9 44 1
2 5 26
6 42 38
22 63 24
27 39 38
12 37 57
13 49 56
1 21 1
26 57 26
16 62 8
21 43 43
43 63 43
2 7 57
8 38 38
30 61 54
26 39 26
12 61 54
1 8 1
35 47 8
39 63 26
13 55 56
28 40 56
16 32 16
6 14 8
17 27 38
22 64 38
24 29 24
5 39 26
4 35 56
8 46 38
12 48 57
7 33 57
41 64 38
25 36 1
2 17 54
15 27 38
41 60 1
12 19 57
61 63 54
17 28 54
26 35 26
1 18 1
16 49 54
4 46 38
30 36 54
39 41 56
31 53 1
55 60 1
43 51 56
1 47 1
20 42 38
37 49 54
21 39 26
29 47 24
53 63 24
9 14 43
19 55 8
6 16 8
38 60 1
23 30 54
26 40 56
2 29 24
17 37 54
42 59 38
24 45 57
15 31 1
36 39 26
13 43 56
38 40 38
16 55 8
2 10 26
7 37 57
11 64 38
23 61 54
37 55 57
5 53 26
15 49 54
1 3 1
3 26 26
38 51 38
22 55 24
14 32 14
30 40 56
8 19 8
11 63 57
29 48 24
18 37 57
47 63 16
30 52 54
14 39 26
15 22 26
60 64 1
35 48 8
3 32 16
31 34 1
55 64 38
43 48 43
26 51 56
36 38 38
56 64 38
48 63 16
15 45 26
30 56 56
24 28 24
11 24 57
5 45 26
25 64 1
2 3 43
13 23 56
24 58 1
4 8 56
28 56 56
36 46 38
39 55 26
42 53 38
42 44 1
40 59 56
26 42 38
18 58 1
12 45 57
18 35 24
3 21 43
34 64 38
17 25 1
6 36 26
6 10 26
56 62 56
27 45 38
20 39 26
35 53 24
9 23 43
48 60 1
3 37 57
6 12 57
44 58 1
28 30 54
25 31 1
20 25 1
4 59 56
1 43 1
32 50 38
12 46 38
17 43 54
5 23 26
16 25 1
39 46 38
11 60 1
12 29 57
22 26 26
43 46 38
33 47 24
53 62 24
53 57 57
2 24 24
51 60 1
32 53 24
23 56 56
26 54 54
36 45 26
20 33 24
2 56 56
39 51 56
21 56 56
13 62 56
28 47 43
18 20 24
2 49 54
39 54 54
23 42 38
26 36 26
29 53 24
15 35 26
17 26 54
27 42 38
25 59 1
17 29 54
5 41 56
5 10 26
41 62 56
31 32 1
4 29 56
9 20 43
4 25 1
25 48 1
8 59 8
36 63 26
33 43 24
5 38 38
9 48 43
2 42 38
3 64 38
5 15 26
7 53 57
42 43 38
14 57 57
33 53 24
49 54 54
38 50 38
12 55 57
28 60 1
18 39 26
2 32 43
18 21 24
20 55 8
9 19 8
47 54 54
5 36 26
2 8 8
9 59 43
7 60 1
9 41 56
2 64 38
25 53 1
37 56 56
37 64 38
32 37 57
4 18 56
30 64 38
46 59 38
11 49 54
43 60 1
12 32 57
15 28 26
27 40 38
44 51 1
46 50 38
22 57 57
4 38 38
29 41 56
32 58 1
11 15 26
35 63 8
18 33 24
22 24 24
17 44 1
15 47 26
8 63 8
36 53 26
3 29 24
39 52 26
1 42 1
20 40 56
6 51 56
1 26 1
29 34 54
31 37 1
42 63 38
26 34 54
11 62 57
18 27 38
44 52 1
8 29 24
1 35 1
7 48 57
32 35 8
11 57 57
15 37 26
31 46 1
34 57 54
18 42 38
22 45 57
38 42 38
57 58 1
17 52 54
34 56 56
7 61 54
20 57 57
25 62 1
5 13 56
24 53 24
7 20 57
53 59 24
22 36 26
27 34 38
30 60 1
7 13 56
38 62 38
11 26 26
34 55 54
5 56 56
2 12 57
19 43 8
50 51 38
6 33 24
16 27 38
10 37 26
30 37 54
7 14 57
7 58 1
22 35 24
14 58 1
52 62 8
16 38 38
34 49 54
24 64 38
6 52 8
21 25 1
8 21 8
13 35 56
9 37 57
14 35 8
5 58 1
22 27 38
10 44 1
45 48 57
30 54 54
23 29 24
37 48 57
8 13 56
7 28 57
39 57 26
10 36 26
10 45 26
21 44 1
1 44 1
19 47 8
54 59 54
16 48 16
32 51 56
31 36 1
57 59 57
9 27 38
27 36 38
27 60 1
36 58 1
28 48 43
55 59 8
21 35 8
20 44 1
13 15 56
8 9 8
28 38 38
47 51 56
4 24 56
6 61 54
16 61 54
3 6 8
32 43 43
57 61 54
34 45 54
24 52 24
9 58 1
24 63 24
24 43 24
14 21 43
29 54 54
14 48 14
23 37 57
40 55 56
29 60 1
33 34 54
23 62 8
22 43 24
19 53 24
11 17 54
48 56 56
40 52 56
50 63 38
36 57 26
35 50 38
19 24 24
15 57 26
7 27 38
7 32 57
9 49 54
9 12 57
37 62 57
2 18 24
15 20 26
5 46 38
22 50 38
23 48 43
47 58 1
8 51 56
3 33 24
19 20 8
41 58 1
38 43 38
3 27 38
24 27 38
25 29 1
6 22 24
16 18 24
27 32 38
13 21 56
6 38 38
18 38 38
36 40 56
26 47 26
8 60 1
27 59 38
48 64 38
53 60 1
17 23 54
31 47 1
29 35 24
21 31 1
25 51 1
27 56 38
12 20 57
25 52 1
41 51 56
25 47 1
14 61 54
7 23 57
9 32 43
38 39 38
9 50 38
44 46 1
21 60 1
6 26 26
48 51 56
7 16 57
21 51 56
36 47 26
22 52 24
34 61 54
8 16 8
44 50 1
16 40 56
11 43 57
58 62 1
24 48 24
39 44 1
4 26 56
12 54 54
40 50 38
4 20 56
15 34 54
38 44 1
2 62 8
48 53 24
29 45 57
50 62 38
14 44 1
57 60 1
54 61 54
1 25 1
15 26 26
1 58 1
17 32 54
37 60 1
8 61 54
37 61 54
7 19 57
34 35 54
7 10 26
9 25 1
51 59 56
41 47 56
30 39 54
18 30 54
22 38 38
10 24 26
33 51 56
39 60 1
4 52 56
25 58 1
34 52 54
37 47 57
26 49 54
39 40 56
59 61 54
36 59 26
1 22 1
51 64 38
29 40 56
51 53 56
24 50 38
6 62 8
32 56 56
3 19 8
8 30 54
8 12 57
10 56 56
47 60 1
7 21 57
58 63 1
18 64 38
3 50 38
20 46 38
41 61 56
20 34 54
19 48 8
25 28 1
14 19 8
23 31 1
18 29 24
27 64 38
46 51 38
48 52 16
25 34 1
40 51 56
31 63 1
15 33 26
18 48 24
7 39 26
11 28 57
12 39 26
14 49 54
11 54 54
6 7 57
25 41 1
18 55 24
38 57 38
13 33 56
28 41 56
17 39 54
41 56 56
20 63 16
38 53 38
57 64 38
24 25 1
23 24 24
26 30 54
4 39 56
22 32 24
28 29 24
28 55 8
19 41 56
5 21 26
25 55 1
15 44 1
40 60 1
43 54 54
11 14 57
5 14 26
30 45 54
26 60 1
22 29 24
34 43 54
1 57 1
2 9 43
54 60 1
3 8 8
32 44 1
6 59 8
25 46 1
25 38 1
31 52 1
2 47 43
19 60 1
7 30 54
19 25 1
6 32 8
4 40 56
22 28 24
23 54 54
38 49 38
12 56 56
19 39 26
8 35 8
26 44 1
9 62 8
7 12 57
3 55 8
24 44 1
21 24 24
32 48 14
4 43 56
15 59 26
23 36 26
21 32 43
6 54 54
13 48 56
55 58 1
50 60 1
15 52 26
14 26 26
24 57 57
8 50 38
8 49 54
25 63 1
17 21 54
31 43 1
2 60 1
4 30 56
37 63 57
39 59 26
37 52 57
11 53 57
15 23 26
25 56 1
41 49 56
9 60 1
23 34 54
23 53 24
18 28 24
49 56 56
4 21 56
18 56 56
19 44 1
37 38 38
8 47 8
20 37 57
13 58 1
35 39 26
41 57 56
22 49 54
11 48 57
1 41 1
1 53 1
16 31 1
18 26 26
29 46 38
7 42 38
9 57 57
38 52 38
40 54 56
4 42 38
1 50 1
3 56 56
6 55 8
3 39 26
20 38 38
4 54 56
33 35 24
22 39 26
19 27 38
12 43 57
33 41 56
10 46 38
16 44 1
2 13 56
29 52 24
20 26 26
16 30 54
8 57 57
5 31 1
13 30 56
9 16 43
33 49 54
11 39 26
35 58 1
36 56 56
3 47 16
9 28 43
25 44 1
6 8 8
35 57 57
24 56 56
1 2 1
3 61 54
4 15 56
15 16 26
50 58 1
17 56 56
12 57 57
17 36 54
3 10 26
10 43 26
6 9 8
31 38 1
21 29 24
14 33 24
1 45 1
11 42 38
7 29 57
55 63 8
14 38 38
49 57 54
17 50 38
8 43 8
32 57 57
31 45 1
27 29 38
28 63 43
42 45 38
17 59 54
9 17 54
26 48 26
7 57 57
28 54 54
10 27 38
15 61 54
3 4 56
17 54 54
41 59 56
25 26 1
14 52 16
15 29 26
25 49 1
33 59 24
36 42 38
11 46 38
15 42 38
1 30 1
15 40 56
22 51 56
14 24 24
11 13 56
1 14 1
21 48 43
12 21 57
17 53 54
43 61 54
5 19 26
6 35 8
14 53 24
8 56 56
4 19 56
28 42 38
19 38 38
8 33 24
9 22 24
39 62 26
30 44 1
40 58 1
39 61 54
24 36 26
2 15 26
4 53 56
2 40 56
16 42 38
19 63 8
5 34 54
54 62 54
34 46 38
22 47 24
13 63 56
5 40 56
14 29 24
51 55 56
43 59 43
41 48 56
8 62 8
9 18 24
53 61 54
12 14 57
2 22 24
2 20 43
17 31 1
10 21 26
1 11 1
9 11 57
9 64 38
54 64 38
16 45 57
62 63 8
35 36 26
43 64 38
38 48 38
20 48 14
28 37 57
6 34 54
49 63 54
4 57 56
10 55 26
13 44 1
5 9 26
22 37 57
6 47 8
49 50 38
8 34 54
4 13 56
58 64 1
13 26 56
32 63 16
11 32 57
61 64 38
4 51 56
5 43 26
9 36 26
5 32 26
5 44 1
19 57 57
30 50 38
3 7 57
24 42 38
16 47 16
3 16 16
6 30 54
6 39 26
22 61 54
4 44 1
1 52 1
7 56 56
50 64 38
24 35 24
9 42 38
5 7 26
45 51 56
13 17 56
31 42 1
32 54 54
63 64 38
53 58 1
12 13 56
32 40 56
11 51 56
7 38 38
32 64 38
30 32 54
42 62 38
23 50 38
11 25 1
49 53 54
28 35 8
20 59 16
45 64 38
39 42 38
52 63 16
11 45 57
35 54 54
44 60 1
6 15 26
1 9 1
4 49 56
17 40 56
22 59 24
35 46 38
3 22 24
54 63 54
35 55 8
30 49 54
12 51 56
1 63 1
9 53 24
10 30 54
12 15 26
26 43 26
55 61 54
10 18 26
45 62 57
8 64 38
24 54 54
16 39 26
20 52 16
20 23 43
19 46 38
9 54 54
33 45 57
1 13 1
15 38 38
27 46 38
9 47 43
35 49 54
27 38 38
2 50 38
5 11 26
28 58 1
7 18 57
32 59 16
52 58 1
37 45 57
41 52 56
2 57 57
26 52 26
55 56 56
22 31 1
5 8 26
20 28 43
23 47 43
18 23 24
47 59 16
14 63 16
20 41 56
38 46 38
14 60 1
2 14 43
23 64 38
14 45 57
2 4 56
4 56 56
57 62 57
45 55 57
9 51 56
29 30 54
1 33 1
47 61 54
1 24 1
20 32 14
6 20 8
4 50 38
8 32 8
1 56 1
40 45 56
52 56 56
17 58 1
23 52 43
12 63 57
2 58 1
47 64 38
2 36 26
14 28 43
25 42 1
26 62 26
15 60 1
36 60 1
40 56 56
35 42 38
29 61 54
19 35 8
11 23 57
17 47 54
14 62 8
24 37 57
16 60 1
12 47 57
10 54 54
24 31 1
3 38 38
13 32 56
3 48 16
24 32 24
43 53 24
24 55 24
13 46 38
3 62 8
19 29 24
24 60 1
1 6 1
9 38 38
29 39 26
36 55 26
12 25 1
34 42 38
11 58 1
2 28 43
29 50 38
30 41 56
21 52 43
10 26 26
9 21 43
9 45 57
34 41 56
7 43 57
19 45 57
44 57 1
12 26 26
26 63 26
8 40 56
6 48 8
15 53 26
13 25 1
12 30 54
27 43 38
6 28 8
10 34 54
17 34 54
31 57 1
41 54 56
20 24 24
34 63 54
1 5 1
8 10 26
13 59 56
5 16 26
58 59 1
47 53 24
8 42 38
35 52 8
4 61 56
18 53 24
36 49 54
1 28 1
21 34 54
7 15 26
23 27 38
9 26 26
28 31 1
19 23 8
2 21 43
5 60 1
13 40 56
6 60 1
1 54 1
12 49 54
16 19 8
2 34 54
25 39 1
32 55 8
36 43 26
14 40 56
9 63 43
17 49 54
22 54 54
3 49 54
1 12 1
23 41 56
32 46 38
14 51 56
8 36 26
11 27 38
1 37 1
17 33 54
18 45 57
34 47 54
50 57 38
5 28 26
6 29 24
10 14 26
10 28 26
10 60 1
41 55 56
35 59 8
50 53 38
22 40 56
34 53 54
15 19 26
35 37 57
1 64 1
5 30 54
23 55 8
28 44 1
14 17 54
23 28 43
24 34 54
1 17 1
1 23 1
33 48 24
51 56 56
8 15 26
9 33 24
3 30 54
20 43 43
21 55 8
43 62 8
38 58 1
14 31 1
3 34 54
21 38 38
26 55 26
22 44 1
26 59 26
46 54 38
29 55 24
4 37 56
30 46 38
26 37 26
29 42 38
47 52 16
42 64 38
13 38 38
1 61 1
13 60 1
40 43 56
8 26 26
52 55 8
35 51 56
3 63 16
46 53 38
5 12 26
11 33 57
9 56 56
52 61 54
29 57 57
16 35 8
4 31 1
5 50 38
3 14 16
2 23 43
2 48 43
36 37 26
3 31 1
5 62 26
34 39 54
46 61 38
2 53 24
27 57 38
11 38 38
33 61 54
16 23 43
24 26 26
18 57 57
38 55 38
23 45 57
26 41 56
2 52 43
8 48 8
21 45 57
33 38 38
33 36 26
4 28 56
60 63 1
14 64 38
5 35 26
56 57 56
18 43 24
16 51 56
44 47 1
38 54 38
32 60 1
14 18 24
12 53 57
31 44 1
11 50 38
46 58 1
18 59 24
38 41 38
21 47 43
34 36 54
13 50 38
11 21 57
42 57 38
28 33 24
2 27 38
25 27 1
28 43 43
10 15 26
49 60 1
2 37 57
4 33 56
10 32 26
14 36 26
6 53 24
42 52 38
5 33 26
16 59 16
20 29 24
27 35 38
15 30 54
8 28 8
38 45 38
6 56 56
59 62 8
2 55 8
24 38 38
3 53 24
7 49 54
41 63 56
27 55 38
5 42 38
18 54 54
9 34 54
8 54 54
3 54 54
26 31 1
37 58 1
16 29 24
11 16 57
23 44 1
29 63 24
25 43 1
30 63 54
6 58 1
23 39 26
12 50 38
21 41 56
31 40 1
4 23 56
33 58 1
9 52 43
19 22 24
45 56 56
59 60 1
22 53 24
59 64 38
28 34 54
33 64 38
34 54 54
8 18 24
43 57 57
14 15 26
13 27 38
53 56 56
35 38 38
18 52 24
51 54 56
31 41 1
48 62 8
33 39 26
39 45 26
8 25 1
2 61 54
48 57 57
26 33 26
9 35 8
33 57 57
21 30 54
47 49 54
32 41 56
13 24 56
23 58 1
28 32 43
12 28 57
16 64 38
40 46 38
54 58 1
41 42 38
1 32 1
27 50 38
4 36 56
25 54 1
7 36 26
28 50 38
49 52 54
13 37 56
17 48 54
15 32 26
26 58 1
2 51 56
5 48 26
10 20 26
16 53 24
43 49 54
1 34 1
12 58 1
28 64 38
23 57 57
8 22 24
18 63 24
27 44 1
45 47 57
47 55 8
12 38 38
48 54 54
23 35 8
46 56 38
5 54 54
28 52 43
5 27 38
3 20 16
45 54 54
24 39 26
14 43 43
31 60 1
39 43 26
32 47 16
29 32 24
7 62 57
1 29 1
14 47 16
3 35 8
12 23 57
3 5 26
29 37 57
42 47 38
12 64 38
1 62 1
3 15 26
20 45 57
28 62 8
20 50 38
13 51 56
42 55 38
37 51 56
12 33 57
5 47 26
4 58 1
1 19 1
26 61 54
2 43 43
58 60 1
52 57 57
35 64 38
21 23 43
1 27 1
6 17 54
29 43 24
29 51 56
6 40 56
15 21 26
40 41 56
56 60 1
10 49 54
42 56 38
34 38 38
33 62 24
34 40 56
10 51 56
19 28 8
20 64 38
38 61 38
25 60 1
10 57 26
17 38 38
2 45 57
11 18 57
32 42 38
30 34 54
43 50 38
21 53 24
7 34 54
16 36 26
45 57 57
19 51 56
35 43 8
8 53 24
38 56 38
16 28 43
44 55 1
21 54 54
25 33 1
43 52 43
32 52 16
38 63 38
3 23 43
46 64 38
62 64 38
9 55 8
17 18 54
5 59 26
21 50 38
10 39 26
15 56 56
52 64 38
38 59 38
32 61 54
20 30 54
7 17 54
18 22 24
9 43 43
48 58 1
12 24 57
9 40 56
23 43 43
15 36 26
26 28 26
26 56 56
27 48 38
2 39 26
18 32 24
51 61 56
15 50 38
42 51 38
31 54 1
40 48 56
1 4 1
7 26 26
19 62 8
4 41 56
54 57 54
13 31 1
50 54 38
1 7 1
33 44 1
32 39 26
13 54 56
8 23 8
16 21 43
23 38 38
22 30 54
8 14 8
18 44 1
25 45 1
12 52 57
20 35 8
29 33 24
20 54 54
24 47 24
12 17 54
3 25 1
29 62 24
40 64 38
45 49 54
22 33 24
1 51 1
14 59 16
9 24 24
36 48 26
22 42 38
9 30 54
13 53 56
14 56 56
