128 4664
14 110 76
74 96 74
26 83 66
7 32 1
7 100 113
111 121 121
22 69 22
21 62 105
32 66 1
15 112 53
75 95 75
57 123 122
24 108 79
34 67 103
22 41 22
46 123 25
103 109 64
70 89 89
110 123 76
25 86 42
24 87 79
16 96 49
8 15 53
19 34 4
25 69 69
46 67 25
16 64 64
53 85 53
27 124 124
60 111 88
6 127 127
83 110 76
29 43 29
14 109 64
74 77 2
54 121 121
97 125 126
3 91 91
77 92 2
1 36 1
84 104 121
13 118 118
59 89 69
17 96 49
10 118 118
76 120 81
6 48 89
49 52 61
6 47 124
81 123 81
47 102 124
74 90 112
83 116 107
15 115 98
117 123 65
32 38 1
31 107 107
51 106 30
46 52 61
82 102 82
47 109 124
59 110 76
72 109 64
83 128 28
7 56 113
23 119 23
16 37 20
23 96 49
42 74 42
59 68 69
84 119 43
58 116 107
24 93 79
23 79 79
41 83 66
62 72 106
8 19 4
5 26 41
59 85 69
41 89 89
13 83 66
10 47 124
17 110 76
37 115 98
100 124 124
88 127 88
31 35 80
2 30 30
101 112 112
11 61 61
79 82 79
55 71 78
87 97 75
50 69 127
23 73 74
112 114 22
9 20 118
9 97 118
97 101 23
13 27 82
47 71 78
4 40 4
79 112 112
35 118 118
24 109 64
68 96 49
42 86 42
19 88 88
43 74 74
11 79 11
112 115 98
9 108 118
37 97 20
92 108 108
56 92 56
35 113 113
51 66 30
44 88 88
107 125 107
36 109 64
5 30 30
113 126 126
8 33 58
7 69 69
44 114 22
9 121 121
2 55 2
26 126 126
54 99 29
23 75 75
52 104 121
63 72 106
59 125 69
23 36 23
19 122 122
101 121 121
72 114 22
33 87 75
28 64 28
14 90 112
53 68 53
40 52 61
22 42 42
40 117 65
64 77 2
13 44 82
37 64 64
47 127 127
10 49 49
2 77 2
76 81 81
3 39 97
76 92 76
6 12 6
11 64 11
104 106 121
89 96 89
66 72 66
10 34 108
16 71 78
50 71 127
17 52 61
28 111 28
25 30 30
105 117 105
39 125 126
33 101 58
53 84 53
4 79 79
29 70 29
21 119 105
9 53 53
77 85 2
18 51 30
57 83 66
34 48 89
55 103 11
56 90 112
10 81 81
2 28 28
53 93 53
72 82 106
65 118 118
35 84 80
18 43 94
21 91 105
83 118 66
93 114 22
96 116 107
22 87 22
18 119 94
61 107 107
19 73 74
61 77 61
79 114 22
66 110 76
33 99 29
24 39 79
23 62 23
104 120 121
103 124 124
54 113 113
43 52 61
15 35 53
7 10 113
22 25 22
78 106 78
17 18 94
28 82 28
56 59 69
3 125 126
87 102 75
43 103 103
62 93 91
34 89 89
33 62 58
31 52 61
10 79 79
39 123 123
37 100 20
22 23 22
50 80 127
36 58 58
59 88 88
19 71 78
96 112 112
46 98 25
10 59 69
71 100 78
2 122 2
84 93 91
39 62 102
71 125 78
92 116 107
101 123 23
10 52 61
29 124 29
24 48 79
35 76 76
10 18 94
21 41 41
11 108 11
27 99 29
26 100 41
38 116 107
104 124 121
63 120 81
16 60 88
36 54 10
71 104 121
59 104 121
52 85 61
51 108 30
32 106 1
29 30 29
5 93 91
72 78 78
78 113 78
18 118 94
71 124 78
61 76 61
63 86 42
5 106 106
12 110 76
48 83 66
12 126 126
42 104 121
69 75 69
34 50 127
33 85 6
7 98 98
38 123 27
31 65 65
19 92 4
7 105 113
10 109 64
44 60 88
13 31 82
77 121 121
35 119 80
13 38 82
19 108 4
1 88 1
48 52 61
74 83 66
88 117 88
24 74 79
15 118 53
68 97 63
117 118 118
108 125 126
56 88 88
63 106 106
34 40 108
21 35 80
69 86 42
35 61 61
16 81 81
25 32 1
27 68 63
78 83 78
53 127 127
17 93 45
70 93 8
88 105 88
13 45 45
40 90 112
92 110 76
1 27 1
71 79 78
55 114 11
106 120 81
7 78 78
58 110 76
79 97 79
42 89 42
17 77 2
15 31 53
102 117 65
3 83 66
10 67 103
103 116 107
52 72 61
49 98 98
58 111 58
72 94 106
16 106 106
57 114 22
34 110 76
116 125 107
49 117 49
54 104 121
64 73 64
1 126 1
18 66 66
64 66 66
31 67 103
10 128 28
24 62 79
18 103 103
11 126 11
86 121 121
27 104 121
12 66 66
33 71 78
30 51 30
55 72 11
59 101 69
19 82 4
16 113 113
52 114 61
59 117 69
7 96 113
92 95 44
100 112 112
22 53 22
52 102 61
114 119 22
41 100 41
52 65 61
23 64 64
18 95 94
110 114 76
17 123 45
7 25 25
51 105 30
33 126 126
100 120 81
90 95 112
6 71 78
45 112 112
17 100 45
100 119 14
7 53 53
28 112 28
67 69 69
12 109 64
15 46 25
20 113 113
75 93 75
9 66 66
42 63 42
59 126 69
102 126 126
83 127 127
58 109 64
82 116 107
36 64 64
3 115 98
25 108 25
10 117 65
10 16 10
54 93 91
35 100 80
54 60 88
32 96 1
19 90 112
41 51 30
28 121 121
77 118 2
101 107 107
28 104 121
62 105 105
13 112 112
79 106 79
21 117 105
87 96 75
43 112 112
3 53 53
56 96 49
103 113 113
39 84 43
92 114 22
23 57 122
95 96 49
42 72 42
16 115 98
32 60 1
114 120 81
112 121 121
11 76 11
52 108 61
4 55 11
42 90 42
57 65 122
32 36 1
52 89 61
14 92 14
88 116 88
7 126 126
38 109 64
41 54 41
6 46 25
1 61 1
24 89 79
43 117 65
51 88 88
15 34 53
16 128 28
54 62 31
43 127 127
27 33 58
11 24 11
11 83 11
3 126 126
20 44 20
3 40 97
8 43 8
67 111 103
48 127 127
19 28 28
98 121 121
24 117 79
19 62 4
95 115 98
35 68 80
106 125 106
55 82 11
40 94 94
42 58 42
80 126 126
73 119 74
25 111 25
66 127 127
7 17 113
89 122 89
107 128 107
8 70 8
50 78 127
29 78 29
29 127 29
83 85 66
12 73 74
48 117 89
20 52 61
15 128 28
27 125 126
52 80 61
16 95 16
43 77 2
80 82 80
68 105 105
50 75 127
41 72 106
60 104 88
77 117 2
19 32 1
32 43 1
26 66 66
41 66 66
32 118 1
69 82 69
1 90 1
26 115 98
3 95 97
18 50 127
89 126 89
66 99 29
35 65 80
90 100 112
59 100 69
19 55 11
71 114 78
6 18 6
9 29 29
90 125 112
52 68 61
37 40 20
20 59 69
26 128 28
50 99 29
18 37 94
93 128 28
12 84 111
113 124 124
9 101 118
9 44 118
53 76 76
90 126 112
30 92 30
4 28 28
8 85 6
101 126 126
95 127 127
14 99 29
2 21 2
48 55 11
7 16 113
32 74 1
37 126 126
13 53 53
3 123 97
10 53 53
29 83 29
44 98 98
66 103 66
9 75 75
92 101 23
120 121 121
28 49 28
21 69 69
78 79 78
20 71 78
72 74 106
30 116 107
11 110 11
64 110 76
81 108 81
36 83 66
94 95 94
23 55 11
9 127 127
9 98 98
105 116 107
13 57 122
88 101 88
18 32 1
28 61 28
63 119 56
13 52 61
9 17 118
46 51 30
12 108 111
24 55 11
4 119 4
102 116 107
94 127 127
55 61 61
22 31 22
50 128 127
9 100 118
35 79 79
49 57 122
92 115 98
4 126 126
37 116 107
6 58 6
83 96 66
117 126 126
78 128 78
8 84 8
64 95 64
77 112 2
84 128 28
1 86 1
11 94 11
72 122 106
76 106 76
12 62 111
83 84 66
91 125 126
34 98 98
76 119 76
38 99 29
63 88 88
17 29 29
35 101 80
105 110 76
23 86 42
9 119 118
43 64 64
21 56 105
26 36 41
15 21 53
49 80 49
48 79 79
10 83 66
94 107 107
38 54 31
6 61 61
3 77 2
17 58 58
62 128 28
42 101 42
6 74 74
66 88 88
24 119 79
19 93 4
33 80 58
78 88 88
64 78 78
87 127 127
18 101 94
55 101 11
37 94 94
27 60 88
58 92 58
7 73 74
71 105 78
67 84 103
4 12 4
37 103 103
29 80 29
64 89 64
90 93 112
50 94 127
24 36 79
2 36 2
82 105 105
27 44 44
80 89 89
114 126 22
25 51 30
55 98 11
55 94 11
34 41 41
72 110 76
77 99 29
54 55 11
51 55 30
37 43 20
15 47 124
35 48 89
26 28 28
72 89 106
37 52 61
57 70 122
21 44 105
62 111 111
7 58 113
72 102 106
84 86 42
80 97 80
68 101 23
57 106 106
42 60 88
38 51 30
5 65 65
84 120 81
98 108 98
58 77 2
93 101 23
20 79 79
89 91 89
79 103 79
23 24 79
11 47 124
34 38 108
73 93 74
36 56 56
54 84 43
29 50 29
85 128 28
58 115 98
35 51 30
61 82 61
71 89 78
1 117 1
30 105 30
53 128 28
86 95 42
54 73 74
28 117 28
32 115 1
68 73 74
64 107 107
20 35 80
84 101 23
37 63 20
23 26 41
5 16 16
6 108 6
27 85 6
42 88 88
12 19 4
59 65 69
16 83 66
48 54 89
53 78 78
32 54 1
35 63 80
32 59 1
38 40 16
54 96 49
30 122 30
12 56 111
51 90 30
52 100 61
29 60 29
95 110 76
61 127 127
80 85 6
24 90 112
64 101 64
12 23 111
5 99 29
62 87 75
69 72 69
32 128 1
13 65 82
30 34 30
39 53 53
15 53 53
15 41 53
28 30 28
91 98 98
86 90 42
41 68 41
67 119 103
51 98 30
63 64 64
71 76 78
94 126 126
96 111 49
121 122 121
13 60 88
33 51 30
75 76 76
24 45 79
74 106 106
64 121 121
94 124 124
18 23 94
53 112 53
43 48 89
18 61 61
77 123 2
68 93 91
91 101 23
17 91 45
46 112 25
14 76 76
58 101 58
51 94 30
24 31 79
15 82 53
46 76 76
14 95 14
67 125 126
27 32 1
64 108 64
11 56 11
79 120 81
109 122 64
57 78 78
55 77 2
28 36 28
24 27 79
105 118 118
54 124 124
35 97 80
48 88 88
11 21 11
34 44 108
3 100 14
57 93 122
65 87 75
12 100 111
22 60 88
66 101 66
54 119 56
21 90 112
90 119 112
17 48 89
89 97 89
44 108 108
25 114 22
96 126 126
30 47 30
3 66 66
56 68 56
21 52 61
91 102 91
115 123 98
28 80 28
80 116 107
41 46 25
83 126 66
80 107 107
56 124 124
35 93 80
54 56 56
34 87 75
78 116 107
36 90 112
44 92 44
2 126 2
41 99 29
44 96 49
16 56 56
21 105 105
46 106 25
92 123 44
84 94 94
81 116 107
49 79 79
26 43 41
97 120 81
29 126 29
19 22 22
58 104 121
12 17 45
2 99 29
50 107 107
9 62 118
46 99 29
75 104 121
46 125 25
2 7 2
46 91 25
8 99 29
32 125 1
53 63 53
5 40 16
38 48 89
72 121 121
42 109 42
3 73 74
77 128 28
60 85 88
54 81 81
17 65 45
77 102 2
74 93 74
51 83 30
41 110 76
42 128 28
68 116 107
45 63 45
7 44 113
2 127 127
35 85 6
105 108 105
11 28 28
18 117 94
25 126 25
81 105 81
86 93 42
38 121 121
21 51 30
15 100 53
49 88 88
69 83 69
3 84 43
8 95 8
20 74 74
16 41 41
66 83 66
44 87 75
48 85 89
100 113 113
38 112 112
15 109 53
26 62 41
36 114 22
108 114 22
24 40 79
90 97 112
20 114 22
19 29 29
47 53 124
6 117 6
12 70 8
24 102 79
114 115 22
73 100 74
34 118 118
40 69 69
35 70 80
19 94 94
48 111 89
26 125 126
70 122 122
4 63 4
57 80 122
16 87 75
4 18 94
61 73 61
20 70 8
66 81 81
94 115 98
35 105 80
21 102 105
11 127 127
32 71 1
41 70 41
97 124 124
53 120 81
1 54 1
6 81 81
7 41 113
14 15 53
39 54 31
103 104 121
108 120 81
12 116 107
30 121 121
37 112 112
53 123 53
55 111 11
12 128 28
1 22 1
31 85 6
67 72 106
12 31 111
31 109 64
60 83 88
95 104 121
19 125 126
4 80 4
37 65 20
78 87 78
2 25 2
112 127 127
74 122 122
40 70 8
4 81 81
84 123 43
57 124 124
46 122 25
121 125 121
24 92 79
83 88 88
55 113 11
11 97 11
82 100 82
22 47 124
37 38 20
26 103 41
72 125 106
17 19 4
4 35 4
27 80 80
49 71 78
21 53 53
7 65 113
92 121 121
7 48 89
47 84 124
52 126 61
28 44 28
13 113 113
36 80 80
41 71 78
18 76 76
23 100 23
32 117 1
14 51 30
13 109 64
61 118 61
64 67 64
44 50 127
31 89 89
52 69 61
23 125 126
59 120 81
95 118 118
5 13 82
54 109 64
11 124 124
11 102 11
51 109 30
19 40 4
15 126 53
33 39 58
20 85 6
17 108 45
80 94 94
33 78 78
70 85 6
48 108 89
20 41 41
1 115 1
1 60 1
116 127 107
51 53 30
23 95 23
5 42 42
49 73 74
26 94 41
52 96 61
11 78 78
28 71 78
49 112 112
13 90 112
20 119 20
67 114 22
30 115 30
45 96 49
61 97 61
31 38 31
87 112 112
9 18 94
14 34 108
41 64 64
32 57 1
21 114 22
41 108 41
48 102 89
3 93 91
39 77 2
33 67 58
49 67 103
17 23 45
4 91 4
12 45 45
45 89 89
6 76 76
69 96 69
42 120 42
60 74 88
7 82 113
6 86 42
37 41 41
46 94 25
71 98 78
34 91 108
16 74 74
14 37 20
46 50 127
34 114 22
20 104 121
71 99 29
42 76 42
70 84 8
28 107 107
72 83 66
67 80 103
33 75 75
49 85 6
2 42 42
61 94 61
112 126 112
7 85 6
43 86 42
26 61 61
95 111 111
2 87 2
81 122 81
22 80 22
51 100 30
95 120 81
37 86 42
77 83 2
17 72 106
101 108 23
6 82 6
60 70 88
24 68 79
68 107 107
1 43 1
5 72 106
64 94 64
32 123 1
57 68 122
11 98 11
81 97 81
70 108 8
50 53 127
49 87 75
55 75 11
7 117 113
3 86 42
71 85 78
42 53 42
40 54 31
41 128 28
5 52 61
85 116 107
60 119 88
27 119 56
12 50 127
7 19 113
26 31 41
3 49 49
34 84 108
88 99 29
44 117 65
122 125 126
91 104 121
12 64 64
40 100 14
16 46 25
82 125 126
9 109 64
100 125 126
35 115 98
28 76 28
10 113 113
110 124 124
47 65 124
48 109 64
87 128 28
29 114 29
37 84 20
40 124 124
51 69 30
114 127 127
40 89 89
102 103 103
16 97 97
31 113 113
49 92 49
36 127 127
46 74 25
95 113 113
1 116 1
28 60 88
1 121 1
70 82 8
22 98 22
62 113 113
2 40 2
15 93 53
95 107 107
71 127 127
45 82 45
2 53 2
20 60 88
8 57 122
60 99 29
16 66 66
95 124 124
86 100 42
20 69 69
26 77 2
62 73 74
40 62 16
29 71 29
86 113 42
58 75 75
4 105 4
22 121 121
51 107 107
21 31 105
45 78 78
7 101 113
112 124 124
48 60 88
31 101 23
74 75 74
37 107 107
1 37 1
26 48 89
63 87 75
105 114 22
34 111 111
88 114 88
44 100 14
31 114 22
41 96 41
34 69 69
35 123 80
11 112 11
77 97 2
28 116 107
18 125 126
20 108 20
35 75 75
59 94 69
22 81 81
41 78 78
18 56 94
67 82 103
7 45 113
43 56 43
102 111 111
40 59 69
35 66 66
63 123 63
22 122 22
88 107 88
90 112 112
94 102 94
16 54 31
62 69 69
44 115 98
68 81 81
37 39 20
42 91 42
29 55 29
87 89 89
31 106 106
101 115 98
18 64 64
65 86 42
81 127 127
1 24 1
5 87 75
35 121 121
46 93 25
46 65 25
77 124 124
4 85 6
19 103 103
38 43 43
20 109 64
28 48 28
10 101 23
88 118 88
52 81 81
18 88 88
25 83 25
14 40 14
109 114 22
18 62 94
48 125 89
22 57 22
27 62 27
34 46 25
3 38 97
96 120 81
12 104 121
73 122 122
10 30 30
70 102 8
8 94 94
66 68 66
100 123 14
78 119 78
79 86 42
63 96 49
38 74 74
24 106 79
43 73 74
64 69 69
14 108 108
96 100 49
9 37 118
34 99 29
14 17 45
22 91 22
2 92 2
112 118 112
122 126 126
18 54 94
90 117 112
11 14 11
35 58 58
4 7 113
5 36 10
10 35 80
57 108 122
87 117 75
38 117 65
63 121 121
6 49 6
78 125 78
9 40 118
24 95 79
15 68 53
101 110 76
35 73 74
1 101 1
85 119 6
29 99 29
100 117 14
59 75 69
1 41 1
60 102 88
31 54 31
3 13 82
66 92 66
7 14 113
3 76 76
15 105 53
48 72 106
91 127 127
37 48 89
5 102 123
22 90 22
62 114 22
69 104 121
61 81 81
76 109 76
48 81 81
16 18 94
62 97 97
12 39 111
8 29 29
5 73 74
19 68 4
61 117 61
48 73 89
36 67 103
47 96 124
33 53 53
76 95 76
6 122 122
60 66 88
59 127 127
101 127 127
26 68 41
47 81 124
82 99 29
58 125 126
11 68 11
16 17 45
78 101 78
16 44 16
33 34 58
91 105 105
59 113 69
91 103 103
4 115 98
69 94 69
126 127 127
81 118 81
34 74 74
6 94 6
60 94 88
25 98 25
54 86 42
64 93 64
40 122 122
94 119 94
7 54 113
30 111 30
24 96 79
50 108 127
16 34 108
76 124 124
15 89 53
70 77 2
81 126 81
46 75 25
52 91 61
74 110 76
58 90 112
21 73 74
10 31 10
57 89 89
2 95 2
28 78 78
22 125 22
1 85 1
16 62 16
39 101 23
74 84 74
33 43 58
12 46 25
43 80 80
27 83 66
37 111 20
3 72 106
19 27 4
47 59 124
8 87 75
72 106 106
11 46 11
72 92 106
46 53 25
39 90 112
38 96 49
5 35 80
47 49 124
54 102 31
65 70 8
16 77 2
54 83 66
48 57 89
112 119 112
16 117 65
67 128 28
42 78 78
89 94 89
13 36 82
19 74 74
86 88 88
2 124 124
70 114 22
49 107 107
27 86 42
2 52 61
68 94 94
1 32 1
41 47 124
75 115 98
96 101 49
108 109 64
70 117 8
48 82 89
46 111 25
26 34 41
26 67 41
16 42 42
47 120 124
13 49 49
54 108 108
4 65 4
94 96 94
23 70 8
53 86 42
44 120 81
34 73 74
9 67 103
53 110 76
24 83 66
68 89 89
88 111 88
45 87 75
72 101 106
41 104 121
103 115 98
13 22 22
40 99 29
10 95 10
34 49 49
28 124 28
101 104 121
15 25 25
47 64 124
14 19 4
62 65 65
19 85 6
48 118 89
59 99 29
73 123 74
82 112 112
28 66 28
17 36 45
65 99 29
64 79 64
55 126 11
21 63 105
19 45 4
19 95 4
47 77 124
110 120 81
11 120 81
3 67 103
37 91 20
14 35 80
91 116 107
35 112 112
54 70 8
6 83 66
95 125 126
47 107 107
23 46 25
73 126 126
100 128 28
22 32 1
45 60 88
80 114 22
75 125 126
75 91 75
32 39 1
3 4 4
73 80 74
45 72 106
31 68 63
1 11 1
4 109 64
89 110 76
32 64 1
56 85 6
44 68 63
110 115 76
12 37 20
14 44 14
39 122 122
41 52 61
104 108 121
83 98 66
21 48 89
3 99 29
10 111 111
9 52 61
45 113 113
13 116 107
61 62 61
112 125 112
15 119 53
18 104 121
27 100 14
37 93 20
57 86 42
9 68 118
52 101 61
9 38 118
27 120 81
17 120 81
56 62 56
52 74 61
13 15 53
13 103 103
27 79 79
1 81 1
43 87 75
18 106 106
40 46 25
24 97 79
13 110 76
22 117 22
37 117 20
5 31 31
40 115 98
96 97 49
2 115 2
12 65 111
34 119 108
55 107 107
19 96 4
19 115 98
86 116 107
40 73 74
46 77 2
24 84 79
22 59 22
19 23 4
44 84 43
101 122 122
55 58 11
34 97 108
3 9 118
4 99 29
35 56 80
95 117 65
17 51 30
6 19 6
76 123 76
2 49 2
8 88 88
32 95 1
18 84 94
27 84 43
1 100 1
46 88 88
85 108 6
48 105 89
42 70 42
9 71 78
1 83 1
1 97 1
60 106 88
22 89 22
69 115 69
75 123 75
71 84 78
18 128 28
37 119 20
30 68 30
110 122 76
18 67 103
98 118 98
8 59 69
74 120 81
50 83 127
43 71 78
75 112 112
19 119 4
55 85 11
62 95 62
11 116 107
88 124 88
10 106 106
83 92 66
38 61 61
17 87 75
88 97 88
60 120 88
46 66 25
38 70 8
8 109 64
55 97 11
18 33 58
57 101 122
74 114 22
31 117 65
5 118 118
20 51 30
19 75 75
31 61 61
93 125 126
108 115 98
56 83 66
29 41 29
58 73 74
63 115 98
18 97 94
76 96 76
16 104 121
42 46 42
11 66 11
19 35 4
57 121 121
12 117 111
20 88 88
90 111 112
2 26 2
15 16 53
60 61 88
98 116 107
34 113 113
33 74 74
60 80 88
23 40 23
6 97 6
28 57 28
47 68 124
4 61 61
59 70 69
38 92 44
41 80 41
23 114 22
40 71 78
26 104 121
14 57 122
25 93 25
52 77 61
3 117 65
23 51 30
18 65 94
27 75 75
10 56 56
29 89 29
63 65 65
79 127 127
37 99 29
30 76 30
17 84 45
19 121 121
50 87 127
125 128 28
51 73 30
25 112 25
10 55 11
28 51 28
33 116 107
48 106 106
16 124 124
61 86 42
11 43 11
43 120 81
40 119 56
50 64 127
20 29 29
17 73 74
115 117 98
34 56 108
57 71 78
50 51 127
46 55 11
5 115 98
3 31 97
58 93 58
81 92 81
89 121 121
10 84 43
4 8 4
115 128 28
9 82 118
36 57 122
32 45 1
19 59 69
37 57 122
69 123 69
11 62 11
87 123 75
84 87 75
118 123 118
50 117 127
20 36 20
11 55 11
63 98 98
69 100 69
67 68 103
15 121 121
79 88 88
82 94 94
73 108 74
43 70 8
2 32 1
78 124 78
47 110 124
83 112 66
15 81 81
13 67 103
3 61 61
9 113 113
4 38 4
41 59 69
36 73 74
113 116 107
112 117 112
27 93 91
88 89 88
48 110 76
32 119 1
6 9 6
82 85 6
14 77 2
72 84 106
36 101 23
42 122 42
13 87 75
34 121 121
4 110 76
81 93 81
6 72 106
17 31 45
118 128 28
47 126 124
20 121 121
84 85 6
107 127 107
15 63 53
61 105 61
32 50 1
38 58 58
37 110 76
74 115 98
23 30 30
39 73 74
15 43 53
48 75 89
12 34 111
44 124 124
28 96 28
45 124 124
56 93 91
88 121 88
30 62 30
49 99 29
43 94 94
24 70 79
109 127 127
16 110 76
10 114 22
20 58 58
53 99 29
105 111 111
77 79 2
52 113 61
61 121 121
80 83 66
79 111 79
47 92 124
7 33 113
29 52 29
22 64 22
104 109 121
35 122 122
34 123 108
46 104 121
48 78 78
35 43 80
7 120 81
9 59 69
10 72 106
72 87 106
82 92 82
5 117 65
101 105 105
70 105 8
30 124 30
93 111 111
61 115 61
35 87 75
94 105 94
13 85 6
32 105 1
22 85 22
9 39 118
4 100 4
45 49 49
29 48 29
38 102 27
45 62 45
104 115 121
57 62 122
34 92 108
115 127 127
28 113 28
26 51 30
94 125 126
79 95 79
20 95 20
17 109 64
37 104 121
7 107 107
17 121 121
25 40 25
15 37 53
37 47 124
81 124 124
4 104 121
34 88 88
32 76 1
27 105 105
55 67 11
9 58 58
39 60 88
7 127 127
48 53 53
5 67 103
78 103 78
28 109 28
104 122 121
26 117 41
55 96 11
120 122 81
35 89 89
31 46 25
8 72 106
24 94 79
22 51 30
12 125 126
2 79 2
72 80 106
17 119 45
43 96 49
12 88 88
28 119 28
82 110 76
3 36 10
21 24 79
13 95 82
85 123 6
21 109 64
12 86 42
63 125 126
47 90 124
51 78 78
17 43 45
46 68 25
124 126 124
55 59 11
77 89 2
12 119 111
46 63 25
78 81 78
45 70 8
13 70 8
47 95 124
9 125 126
1 105 1
95 98 98
67 97 103
12 123 111
50 57 127
7 9 113
54 116 107
12 91 111
7 38 113
61 113 61
19 31 4
13 63 82
17 114 22
6 91 6
77 88 88
3 19 4
48 94 89
12 44 111
74 123 74
66 73 66
9 77 2
61 85 61
45 59 69
38 125 126
14 52 61
32 47 1
51 65 30
37 78 78
14 58 58
29 103 29
44 82 82
74 116 107
9 56 118
41 126 126
2 78 78
7 76 76
87 101 75
90 128 28
21 84 105
17 90 112
24 126 79
13 115 98
10 17 45
64 74 64
42 95 42
33 103 58
49 56 49
18 75 75
85 117 6
39 67 103
45 109 64
52 67 61
83 105 66
8 45 8
55 76 11
12 21 111
84 92 43
2 51 30
23 81 81
3 50 127
11 51 30
19 91 4
39 59 69
29 98 29
9 93 118
69 103 69
32 62 1
48 119 89
40 86 42
79 107 107
62 99 29
8 114 22
6 124 124
32 80 1
71 117 78
32 77 1
15 111 53
14 18 94
13 56 82
82 104 121
50 82 127
45 57 122
56 114 22
53 118 53
20 66 66
58 122 122
29 104 29
23 76 76
90 108 112
95 122 122
79 122 79
26 60 88
52 83 61
33 36 58
37 75 75
39 52 61
77 111 2
88 112 88
68 88 88
11 114 11
119 125 126
5 21 105
10 64 64
78 107 107
4 16 4
57 87 122
4 43 4
55 63 11
8 13 8
81 125 81
41 122 122
63 77 2
47 85 124
40 110 76
19 111 4
32 78 1
86 103 42
66 77 2
123 127 127
10 119 56
27 74 74
93 100 14
35 46 25
8 49 49
59 92 69
6 78 78
96 128 28
38 77 2
1 128 1
33 111 58
105 109 64
17 60 88
24 37 79
6 106 106
33 84 58
7 15 53
62 68 63
62 83 66
26 56 41
90 109 112
11 101 11
39 116 107
4 102 4
36 128 28
64 75 64
33 57 122
15 85 53
50 121 127
15 114 22
50 70 127
47 57 124
2 104 121
3 119 56
50 86 127
31 100 14
19 77 2
24 32 1
39 111 111
33 40 58
33 110 76
24 81 81
34 112 112
88 110 88
17 27 45
60 62 88
11 33 11
89 114 22
11 125 11
13 26 41
44 58 58
1 3 1
71 87 78
19 127 127
74 102 74
29 69 29
10 121 121
43 45 45
54 90 112
20 26 41
44 109 64
54 80 80
110 111 76
67 95 103
35 111 80
28 69 28
63 81 81
83 115 66
42 81 42
17 33 58
90 104 121
28 29 29
10 107 107
5 37 20
48 103 89
95 97 97
16 89 89
89 115 98
7 125 126
27 115 98
12 85 6
75 87 75
77 93 2
48 50 127
44 56 56
37 82 20
25 71 78
28 65 28
66 79 66
2 6 2
38 73 74
19 70 4
44 123 44
65 120 81
56 100 14
2 114 2
15 101 53
27 28 28
49 90 112
13 97 82
87 98 98
7 46 25
114 116 107
24 76 76
53 115 98
13 114 22
82 120 81
24 115 98
3 62 97
55 89 11
20 78 78
56 95 56
103 121 121
85 89 89
95 119 56
45 102 45
55 88 88
19 100 4
70 107 107
15 92 53
62 115 98
9 19 118
7 102 113
90 101 112
51 126 30
11 37 11
55 116 107
30 36 30
34 128 28
40 72 106
74 95 74
19 46 25
43 58 58
101 106 106
18 31 94
99 110 29
17 86 42
27 41 41
27 50 127
124 125 124
78 86 78
7 123 113
7 103 113
55 119 11
68 95 63
63 92 63
35 40 80
80 120 81
46 100 25
3 60 88
47 79 124
45 56 45
67 96 103
8 65 8
9 63 118
8 27 8
79 80 79
97 100 14
59 62 69
5 12 111
74 111 74
8 100 8
15 50 127
33 91 58
87 114 22
56 120 81
42 113 42
50 97 127
64 98 98
56 63 56
88 103 88
118 127 127
48 65 89
45 46 25
49 104 121
33 50 127
18 22 22
73 109 64
65 113 113
93 109 64
49 60 88
120 126 81
7 104 121
11 52 61
35 36 80
7 77 2
39 71 78
31 92 31
8 124 124
52 107 107
26 111 41
71 111 78
31 75 75
3 68 63
5 120 81
2 86 42
2 61 61
10 125 126
77 98 2
17 105 45
38 103 103
8 9 118
90 106 112
66 114 22
53 75 53
11 25 11
76 77 2
13 91 82
43 92 43
41 56 41
65 104 121
73 104 121
95 112 112
7 75 75
88 113 88
35 114 22
9 60 88
31 55 11
111 120 81
60 96 88
60 123 88
21 34 105
105 119 105
35 90 112
33 60 88
86 98 42
2 66 2
89 118 89
24 124 124
106 118 106
8 51 30
30 57 30
20 46 25
60 126 88
70 96 49
48 93 89
24 121 121
12 40 111
36 119 56
20 118 118
80 117 80
48 74 89
45 73 74
73 102 74
27 54 31
9 83 66
98 109 98
42 127 127
18 123 94
47 60 88
93 96 49
84 115 98
22 116 107
40 79 79
66 112 66
3 51 30
42 48 42
72 99 29
1 50 1
54 95 31
58 99 29
3 28 28
27 114 22
87 126 126
12 59 69
66 123 66
33 45 58
15 87 53
15 70 53
6 73 74
57 100 122
3 80 80
90 105 112
61 65 61
13 119 82
14 104 121
70 78 78
84 88 88
76 98 76
42 110 42
94 128 28
47 86 42
73 91 74
84 109 64
57 76 76
19 49 4
19 24 79
35 54 80
23 94 94
15 122 53
57 103 122
21 99 29
84 100 14
15 67 53
23 66 66
44 47 124
10 21 105
6 118 6
14 48 89
29 106 29
40 95 16
69 77 2
74 107 107
80 86 42
25 109 25
28 122 28
57 73 122
95 103 103
4 128 28
55 87 11
56 67 103
46 64 25
34 62 108
49 122 122
73 83 66
2 105 2
53 94 53
86 118 42
12 103 103
92 117 65
3 85 6
57 120 81
9 105 118
4 60 88
27 73 74
15 26 53
32 69 1
10 85 6
3 44 97
110 119 76
100 110 76
19 26 41
36 50 127
46 87 25
52 54 61
62 81 81
10 13 82
3 104 121
18 41 41
3 116 107
26 84 41
71 88 88
22 29 29
5 95 123
65 73 74
57 107 107
64 114 22
20 116 107
8 81 81
88 128 88
28 43 28
37 114 22
1 46 1
47 117 124
110 117 76
22 44 22
5 83 66
22 95 22
22 126 22
79 89 79
54 79 79
48 92 89
44 97 97
1 47 1
64 115 98
91 108 108
30 94 30
63 95 63
4 121 121
26 82 41
53 61 61
110 118 76
59 60 88
5 18 94
60 92 88
25 45 25
18 77 2
38 83 66
3 102 97
1 31 1
70 110 76
14 125 126
3 29 29
22 104 121
71 82 78
65 71 78
105 120 81
44 95 44
60 88 88
86 122 42
14 88 88
44 93 91
108 119 108
55 122 11
84 97 43
85 99 29
62 71 78
19 102 4
35 37 80
67 122 122
8 120 81
17 116 107
106 123 106
19 128 28
19 63 4
98 113 98
24 114 22
69 110 76
26 71 78
42 51 42
12 27 111
13 73 74
9 74 74
104 107 107
92 126 126
67 118 103
25 68 25
10 90 112
60 82 88
35 96 49
52 110 61
36 82 82
41 82 41
8 82 8
81 95 81
21 87 75
15 84 53
2 89 2
1 29 1
82 83 66
6 8 6
16 52 61
10 22 22
103 108 103
64 106 64
119 127 127
10 70 8
60 101 88
8 38 8
47 101 124
45 65 45
61 124 124
4 87 75
79 126 79
89 101 89
13 39 82
46 121 121
83 122 66
8 55 11
22 26 22
74 85 74
90 123 112
47 54 124
5 127 127
31 79 79
61 92 61
99 128 29
53 89 53
32 37 1
38 57 122
3 18 94
3 52 61
39 57 122
63 84 43
41 69 69
74 91 74
104 121 121
51 112 30
36 51 30
20 126 126
22 67 22
26 123 41
30 72 30
9 12 118
97 99 29
5 98 98
24 111 79
35 81 81
26 52 61
86 110 42
61 103 61
95 105 105
13 79 79
1 58 1
6 15 53
6 111 6
82 108 82
10 28 28
5 71 78
26 73 74
43 95 43
23 43 23
64 124 124
60 115 88
68 98 98
52 59 61
40 125 126
71 120 78
20 83 66
77 87 2
43 68 43
55 120 81
47 88 88
19 39 4
4 15 53
70 123 8
70 119 8
88 108 88
6 33 6
15 106 53
102 120 81
54 101 23
33 96 58
19 97 4
69 76 76
73 113 74
33 68 58
67 78 78
107 110 107
71 123 78
79 93 79
64 88 88
1 114 1
9 43 118
12 13 111
39 55 11
107 115 107
26 42 42
7 24 79
18 30 30
59 77 2
64 68 64
42 69 42
29 112 29
6 119 6
72 81 81
94 110 76
19 123 4
3 22 22
27 43 43
10 100 14
54 74 74
1 79 1
33 106 106
27 67 103
69 128 28
62 85 6
52 58 61
51 81 30
17 21 45
99 104 29
7 109 64
52 92 61
61 70 61
30 33 30
17 35 80
35 67 103
9 13 118
104 125 121
8 96 49
38 47 124
86 125 42
13 68 82
70 101 8
77 107 107
34 105 105
18 44 94
36 102 10
58 86 42
105 123 105
47 118 124
14 102 14
102 113 113
62 90 112
6 128 28
31 39 31
50 74 127
70 104 121
35 42 42
26 81 81
18 45 94
19 101 4
28 72 28
5 100 14
24 64 64
16 86 42
52 105 61
67 77 2
21 116 107
9 88 88
59 119 69
10 110 76
7 21 113
51 54 30
66 117 66
89 104 121
53 88 88
123 125 126
60 103 88
64 96 64
11 40 11
34 106 106
2 29 29
17 70 8
22 30 30
34 83 66
12 72 106
72 97 106
51 92 30
58 123 58
60 128 88
5 111 111
67 71 78
71 72 78
90 102 112
87 113 75
34 90 112
26 46 25
29 61 29
23 49 49
60 114 88
23 29 29
24 113 79
42 57 42
6 11 11
35 50 127
23 71 78
34 108 108
34 63 108
18 42 42
24 79 79
39 119 56
79 124 124
41 67 41
18 48 89
61 83 61
59 91 69
1 104 1
60 65 88
64 111 64
4 62 4
12 93 111
71 101 78
50 76 127
49 55 11
38 104 121
34 75 75
37 125 126
101 102 23
23 116 107
42 68 42
43 101 23
30 70 30
50 122 127
41 90 112
79 104 121
11 54 11
5 84 43
76 82 76
39 96 49
27 34 108
39 98 98
109 113 64
86 89 42
11 59 11
37 90 112
21 76 76
7 115 98
82 106 106
90 121 121
72 120 81
25 95 25
1 82 1
46 84 25
34 86 42
56 98 98
27 118 118
93 95 91
103 126 126
33 109 64
17 62 45
10 63 63
49 72 106
79 125 79
57 92 122
67 93 103
53 95 53
20 101 20
19 51 30
8 116 107
15 117 53
26 38 41
13 117 82
19 43 4
11 15 11
86 115 42
33 46 25
7 23 113
60 122 88
7 26 113
3 96 49
93 126 126
68 122 122
37 44 20
73 116 107
55 128 28
23 25 25
4 122 122
121 127 127
73 85 74
11 109 11
24 25 25
18 74 74
57 99 29
5 110 76
32 116 1
67 117 103
42 82 42
66 121 121
10 20 20
17 47 124
21 26 41
34 102 108
1 72 1
8 90 112
73 96 74
5 57 122
64 126 64
13 51 30
2 83 2
4 29 29
22 100 22
6 57 122
18 63 94
79 109 64
40 58 58
53 81 81
13 71 78
33 128 28
22 107 107
89 90 112
56 99 29
60 108 88
37 42 42
72 108 106
37 88 88
52 71 78
68 100 14
30 42 42
22 49 22
11 72 11
30 79 30
24 33 79
72 115 98
71 92 78
21 104 121
51 64 30
1 76 1
10 68 63
120 125 81
1 102 1
29 75 29
74 104 121
120 124 124
22 110 76
6 39 6
30 87 30
72 75 106
60 107 88
99 118 29
26 107 107
15 51 30
117 122 122
15 125 53
69 98 69
44 54 31
126 128 28
50 109 127
8 80 80
5 23 23
83 95 66
70 95 8
95 101 23
5 91 91
36 95 10
39 113 113
48 96 89
19 58 58
16 72 106
55 108 11
30 125 30
30 50 127
77 106 2
22 52 61
48 97 89
21 86 42
76 79 76
63 85 6
27 111 111
24 72 79
29 116 29
39 103 103
43 125 126
27 107 107
9 14 118
71 80 78
27 81 81
84 96 49
34 65 108
10 77 2
99 127 29
91 123 91
35 117 80
78 99 29
114 125 22
16 88 88
22 94 22
16 65 65
108 112 112
33 73 74
1 42 1
1 96 1
41 85 6
23 87 75
85 114 22
7 27 113
41 95 41
12 105 111
60 63 88
53 69 69
64 127 127
35 110 76
46 54 25
92 118 118
93 97 91
12 102 111
16 33 58
73 94 74
76 121 121
94 109 64
24 86 42
26 119 41
6 77 2
27 47 124
88 104 88
18 100 94
29 93 29
39 68 63
45 47 124
70 72 106
39 92 44
9 45 118
34 72 106
26 63 41
10 19 4
110 125 76
42 102 42
17 106 106
27 116 107
4 52 61
13 40 82
93 102 91
70 73 74
3 48 89
88 98 88
50 115 127
46 95 25
65 72 106
28 94 28
13 100 82
43 100 14
16 29 29
38 71 78
109 126 64
9 102 118
121 126 121
48 124 124
34 115 98
38 72 106
33 47 124
78 120 78
15 127 127
116 126 107
54 100 14
11 65 11
72 85 106
28 103 28
30 95 30
8 17 8
55 104 121
20 33 58
59 112 69
30 78 78
101 114 22
5 62 123
8 23 8
24 28 28
71 113 78
35 74 74
16 111 111
93 110 76
8 111 8
30 120 30
48 91 89
26 96 41
65 98 98
24 99 29
21 127 127
57 113 122
89 117 89
9 128 28
55 95 11
41 103 41
13 102 82
40 92 16
95 126 126
26 57 122
101 128 28
12 74 74
57 90 112
47 70 124
77 78 78
48 126 89
8 77 2
14 101 23
13 126 126
1 30 1
34 54 108
60 125 88
45 92 45
51 71 78
91 93 91
68 115 98
39 120 81
44 61 61
43 67 103
73 111 74
6 43 6
12 63 111
2 112 2
28 81 28
52 115 61
85 105 6
26 27 41
34 117 108
36 44 10
50 81 127
31 69 69
37 101 20
11 117 11
16 70 8
76 85 76
81 112 81
7 52 61
95 128 28
51 122 30
9 70 118
3 89 89
81 88 88
74 113 74
34 96 49
43 76 76
10 105 105
32 99 1
115 116 107
70 92 8
59 128 28
59 67 69
50 104 127
24 50 127
22 118 22
26 75 75
16 28 28
18 26 41
22 71 78
76 80 76
77 91 2
7 31 113
98 127 127
41 57 122
14 113 113
28 33 28
51 95 30
111 125 126
54 115 98
96 117 49
33 35 58
1 64 1
54 64 64
8 18 94
12 38 111
58 98 98
25 90 25
9 117 118
44 77 2
7 122 122
76 87 76
50 118 127
56 104 121
80 119 80
23 115 98
8 56 8
69 113 69
38 119 56
17 38 45
30 61 30
16 61 61
20 22 22
82 93 82
6 112 112
36 123 10
55 93 11
15 72 53
59 72 69
57 128 28
16 122 122
15 95 53
42 115 42
111 114 22
84 117 65
21 39 105
15 86 42
68 92 63
94 120 81
6 98 98
15 94 53
50 100 127
6 104 121
44 125 126
68 75 75
84 95 43
21 100 105
18 59 69
6 110 76
65 124 124
39 97 97
15 91 53
19 21 4
34 95 108
1 2 1
19 38 4
15 52 61
4 51 30
41 84 41
50 119 127
13 34 82
19 72 106
18 78 78
34 64 64
70 121 121
12 82 111
10 33 58
124 128 28
14 54 14
14 43 14
26 40 41
93 120 81
16 93 91
16 103 103
33 100 58
21 82 105
77 127 127
87 120 81
40 85 6
38 46 25
38 101 23
44 78 78
45 67 103
86 119 42
33 113 113
63 114 22
20 65 20
86 128 28
5 88 88
40 84 43
78 96 78
65 68 65
17 79 79
109 115 98
5 33 58
20 77 2
25 67 25
73 117 74
82 98 98
1 33 1
36 97 10
39 48 89
80 101 80
88 106 88
4 30 30
13 89 89
44 101 23
9 34 118
65 100 14
8 127 127
49 50 127
55 79 11
74 89 89
87 99 29
52 98 61
50 116 107
27 72 106
20 30 30
60 78 88
31 36 10
115 121 121
35 53 53
40 93 91
74 97 74
64 90 112
93 116 107
71 77 78
61 74 61
76 125 76
10 86 42
13 121 121
34 37 20
82 115 98
66 116 107
18 126 126
50 102 127
1 66 1
67 102 103
9 96 118
9 36 118
7 86 42
28 54 28
72 76 76
58 95 58
77 109 2
22 92 22
71 128 78
7 70 113
21 95 105
7 55 11
3 54 97
20 67 103
100 114 22
30 127 127
49 108 49
43 106 106
115 124 124
96 110 76
21 23 105
63 90 112
87 90 112
100 106 106
53 62 53
44 126 126
13 128 28
65 96 49
5 81 81
66 89 66
14 83 66
78 111 78
30 86 42
98 128 28
8 60 88
51 117 30
56 111 111
5 60 88
32 48 1
36 116 107
92 96 49
24 123 79
26 110 76
25 88 88
91 109 64
114 124 124
86 96 42
19 109 64
24 54 79
21 97 105
36 84 43
54 122 122
25 100 25
20 107 107
60 86 88
5 116 107
74 101 74
41 50 127
17 24 79
47 121 121
24 112 112
35 83 66
11 90 11
29 90 29
16 73 74
60 98 88
24 125 79
17 128 28
5 109 64
12 90 112
40 67 103
17 83 66
16 50 127
42 114 42
26 93 41
34 55 11
11 57 11
51 70 30
42 55 42
20 100 20
35 62 80
27 113 113
96 113 113
7 34 113
55 65 11
69 95 69
46 56 25
15 120 81
28 40 28
77 103 2
14 120 81
14 116 107
41 107 107
5 70 8
62 92 44
63 105 105
33 90 112
8 64 64
97 112 112
95 100 14
46 58 25
4 77 2
2 8 2
53 55 11
100 116 107
53 98 98
34 77 2
48 70 89
2 81 81
5 68 63
36 126 126
57 95 122
62 117 65
58 106 106
21 36 105
57 102 122
81 96 81
28 45 28
18 35 94
94 103 103
78 89 78
5 24 79
89 112 112
11 41 11
68 86 42
95 106 106
47 128 28
104 127 127
42 47 42
68 77 2
61 67 61
25 50 127
83 93 66
3 47 124
13 108 82
68 71 78
85 86 42
40 102 16
96 102 49
108 118 118
77 95 2
27 36 10
62 119 56
103 125 126
96 104 121
9 48 89
38 124 124
10 62 10
83 114 22
15 62 53
17 40 45
31 122 122
24 41 79
85 102 6
25 128 28
106 128 28
36 37 20
72 93 106
23 85 6
41 120 81
63 83 66
63 93 91
15 107 107
22 84 22
22 24 22
67 83 66
33 82 58
87 122 122
15 55 11
14 32 1
23 82 23
57 119 122
6 67 6
72 95 106
13 46 25
17 85 6
27 87 75
37 81 81
5 38 27
16 114 22
66 125 66
9 78 78
14 23 23
31 83 66
29 128 29
12 35 80
72 104 121
24 91 79
10 71 78
16 116 107
37 46 25
16 120 81
31 98 98
45 52 61
70 120 81
21 93 105
13 123 82
62 70 8
106 112 112
87 111 75
78 127 127
25 52 61
88 95 88
17 44 45
10 32 1
11 63 11
81 99 29
97 103 103
76 114 76
40 123 16
93 104 121
65 123 65
40 98 98
15 19 53
30 110 30
75 127 127
34 80 80
69 89 69
48 99 29
3 34 108
59 109 69
9 69 69
18 80 94
92 119 56
77 115 2
18 57 122
51 124 30
53 116 107
24 105 79
94 112 112
98 110 76
16 119 56
97 128 28
33 114 22
25 125 25
48 49 89
111 126 126
80 111 80
26 55 11
64 83 66
36 62 10
43 89 89
60 113 88
40 57 122
46 59 69
106 122 106
87 91 75
18 121 121
23 32 1
50 67 127
3 109 64
90 127 127
43 69 69
3 5 97
38 128 28
58 59 69
49 128 28
3 112 112
25 59 69
72 91 106
120 128 28
12 43 111
13 84 82
73 115 98
19 86 42
65 77 2
8 67 103
66 95 66
80 124 124
21 27 105
59 97 69
32 107 1
31 93 91
77 113 2
81 103 81
94 113 113
43 60 88
91 126 126
100 102 14
26 80 41
27 40 16
7 116 107
98 105 98
40 53 53
12 54 111
93 123 91
98 106 98
15 36 53
62 101 23
8 37 8
2 76 2
47 52 124
56 73 74
23 68 23
17 28 28
84 98 98
51 56 30
85 101 6
5 15 53
77 96 2
18 36 94
8 35 80
51 127 127
6 105 6
27 103 103
59 73 69
43 75 75
10 76 76
95 102 102
10 94 94
12 18 94
57 61 61
21 101 105
57 84 122
7 71 78
17 34 45
5 92 44
42 66 42
66 82 66
21 68 105
34 35 80
1 70 1
7 113 113
27 70 8
46 113 25
84 102 43
107 116 107
21 45 45
4 53 53
75 108 75
47 123 124
31 110 76
57 77 2
47 62 124
50 127 127
35 102 80
9 120 81
97 117 65
1 4 1
21 121 121
92 102 44
82 91 82
43 115 98
90 91 112
1 53 1
1 45 1
32 86 1
15 45 53
112 113 112
34 101 23
61 120 81
39 102 102
17 117 45
65 90 112
73 98 98
31 78 78
21 113 113
37 77 2
51 120 30
18 73 74
20 62 20
103 110 76
75 103 75
72 107 107
11 100 11
85 113 6
35 38 80
18 89 89
27 37 20
29 95 29
53 109 53
95 109 64
56 72 106
79 91 79
74 80 74
22 55 11
9 80 118
19 117 4
105 115 98
57 75 122
34 79 79
17 46 25
67 86 42
15 61 61
30 109 30
38 113 113
73 90 112
55 80 11
28 127 127
30 53 30
44 62 44
38 90 112
114 122 22
33 38 58
6 65 6
74 127 127
86 94 42
29 59 29
70 125 126
21 40 105
23 110 76
15 90 53
43 114 22
5 101 23
47 74 124
58 60 88
45 110 76
99 117 29
26 112 112
31 84 43
4 42 42
37 68 20
75 86 42
39 126 126
59 71 78
6 23 6
2 57 2
117 125 126
1 71 1
9 76 76
68 84 43
120 123 81
45 100 45
39 127 127
12 115 98
82 90 112
73 95 74
13 77 2
5 126 126
3 7 113
54 58 58
46 127 127
8 11 11
90 94 112
42 54 42
127 128 127
31 105 105
47 122 124
44 67 103
23 59 69
77 108 2
34 120 81
3 70 8
3 20 20
51 128 28
36 72 106
21 123 105
83 86 42
7 8 113
29 47 29
36 68 63
104 111 121
46 117 25
44 119 56
66 75 66
11 99 29
68 123 63
20 37 20
81 86 42
99 124 29
53 102 53
29 56 29
27 96 49
34 51 30
21 75 75
91 97 91
111 113 113
57 67 122
63 78 78
114 117 22
90 116 107
31 41 41
76 86 42
36 76 76
71 118 78
23 84 23
38 84 43
60 110 88
84 113 113
9 55 11
52 95 61
30 41 30
40 74 74
10 15 53
7 11 11
24 107 107
38 64 64
46 126 25
5 17 45
61 95 61
1 93 1
26 95 41
1 99 1
87 100 75
5 125 126
38 87 75
7 47 124
36 65 65
74 109 64
110 121 121
74 125 126
66 120 81
15 74 53
78 94 78
41 86 42
59 96 69
19 52 61
13 16 82
47 69 124
26 65 41
34 127 127
85 118 6
7 99 29
43 99 29
68 125 126
87 119 75
102 106 106
15 54 53
90 115 98
38 120 81
104 112 121
51 116 107
10 87 75
87 116 107
49 51 30
15 49 53
9 49 118
12 71 78
41 60 88
6 95 6
15 123 53
97 114 22
91 96 49
56 80 80
39 72 106
26 109 64
44 86 42
15 60 88
34 78 78
62 84 43
45 115 98
4 66 66
16 100 14
45 105 45
43 110 76
45 111 45
54 114 22
22 112 22
20 42 42
109 118 64
22 86 42
19 124 124
51 52 30
117 120 81
37 92 20
93 118 118
80 109 64
44 85 6
69 114 22
21 54 105
75 113 75
1 68 1
57 88 88
10 40 10
58 102 58
24 63 79
48 95 89
106 109 64
16 123 16
94 108 94
15 103 53
90 114 22
9 22 22
22 34 22
16 90 112
104 117 121
77 94 2
106 127 127
10 93 91
1 112 1
83 109 66
49 101 49
79 99 29
106 115 98
38 66 66
59 124 124
10 73 74
44 107 107
48 84 89
20 94 94
82 95 82
21 59 69
69 105 69
35 77 2
43 63 43
1 80 1
33 56 58
24 82 79
105 124 124
39 44 44
13 50 127
76 78 78
38 107 107
16 24 79
114 121 121
66 91 66
39 107 107
116 120 107
12 36 111
48 67 89
112 120 81
48 71 78
6 99 29
101 124 124
32 82 1
10 36 10
96 123 49
54 123 31
49 109 64
8 75 75
61 88 88
65 101 23
115 119 98
60 121 88
119 121 121
113 127 127
53 105 53
18 81 81
46 60 88
5 50 127
53 119 53
35 108 80
59 95 69
107 126 107
7 95 113
33 95 58
29 107 29
32 46 1
85 121 121
22 37 22
98 114 22
17 57 122
15 77 2
11 58 11
54 68 63
33 72 106
3 24 79
58 66 66
41 113 113
1 113 1
35 86 42
29 110 29
72 119 106
73 97 74
63 67 103
17 68 45
27 30 30
20 55 11
5 9 118
5 39 123
108 122 122
1 8 1
6 120 81
14 24 79
51 125 30
59 115 69
50 68 127
1 120 1
100 126 126
56 118 118
36 70 8
3 27 97
26 45 41
25 122 25
18 122 122
109 110 76
23 80 80
83 91 66
86 92 42
56 71 78
4 9 118
80 96 49
66 115 66
19 37 4
75 77 2
14 67 103
30 113 30
49 105 49
19 99 29
11 121 121
46 90 25
55 70 11
35 59 69
7 121 121
41 102 41
46 114 22
3 97 97
78 105 78
80 95 80
88 91 88
40 45 45
54 67 103
62 86 42
86 106 42
71 96 78
3 35 80
57 74 122
6 56 6
119 120 81
26 35 41
83 90 66
15 71 78
33 97 58
3 32 1
18 108 94
76 101 76
4 118 118
20 90 112
25 76 76
31 96 49
36 125 126
50 105 127
2 18 2
18 113 113
74 88 88
29 32 1
6 87 6
68 128 28
28 63 28
75 79 79
52 64 61
9 65 118
3 101 23
86 107 107
82 87 75
29 88 29
4 103 103
21 115 98
14 114 22
38 68 63
67 73 74
68 87 75
5 7 113
29 46 29
34 85 6
6 28 28
14 33 58
21 125 126
52 84 61
17 107 107
1 75 1
49 124 124
56 109 64
1 107 1
4 26 41
19 120 81
49 95 49
57 97 122
25 29 29
17 37 45
36 40 10
37 95 20
64 118 64
34 100 108
10 39 10
19 44 4
7 39 113
12 75 75
108 110 76
4 73 74
95 114 22
22 78 78
19 67 103
11 35 11
19 33 58
7 79 79
73 118 74
58 97 58
57 105 122
7 89 89
57 91 122
28 85 28
7 51 30
41 116 107
99 125 29
71 121 121
29 121 29
65 74 74
94 121 121
1 26 1
35 78 78
49 119 49
16 19 4
20 53 53
12 26 41
38 67 103
9 51 30
18 98 98
24 104 121
3 57 122
48 61 61
61 106 61
70 80 80
31 58 58
15 28 28
6 126 126
1 106 1
50 91 127
115 125 98
39 70 8
85 95 6
81 89 81
26 37 41
68 83 66
55 60 88
62 100 14
72 86 42
16 101 23
49 103 103
41 109 64
18 70 94
5 85 6
85 110 76
33 115 98
70 83 66
45 125 126
12 57 122
55 78 78
72 90 112
15 58 53
23 72 106
28 87 28
53 104 121
59 106 69
118 125 126
42 125 42
24 80 79
45 74 74
71 95 78
59 98 69
56 89 89
1 95 1
21 37 20
2 107 107
56 70 8
25 78 78
1 89 1
28 42 28
30 77 30
57 59 69
15 98 98
93 105 105
24 116 107
13 96 49
22 106 22
92 100 14
33 58 58
24 71 78
45 120 81
69 120 81
33 102 58
28 77 28
22 83 22
79 94 79
9 35 118
12 60 88
15 88 88
11 77 2
83 100 66
37 89 89
19 87 75
49 121 121
13 21 105
16 30 30
5 78 78
99 100 29
9 95 118
50 111 127
29 51 29
68 119 56
73 103 74
12 33 58
12 96 49
48 62 89
83 117 66
2 38 2
23 77 2
48 123 89
60 79 88
16 59 69
65 88 88
49 110 76
39 40 16
73 81 81
57 125 126
113 128 28
45 108 45
26 85 6
62 126 126
14 55 11
70 116 107
50 60 88
6 41 6
16 36 10
28 35 28
34 71 78
55 69 11
55 125 11
52 53 61
4 125 126
93 121 121
49 53 53
109 123 64
51 72 30
9 24 79
1 84 1
5 75 75
38 39 27
18 25 25
42 116 107
10 37 20
15 78 78
33 118 58
90 96 112
30 104 121
36 63 63
10 96 49
2 13 2
46 108 25
19 84 4
26 116 107
40 66 66
2 71 78
37 55 11
23 88 88
29 74 29
21 89 89
66 108 66
7 13 113
24 88 88
14 122 122
17 20 45
11 81 81
48 58 89
21 83 66
50 95 127
104 118 121
13 48 89
32 83 1
82 101 23
43 93 91
56 123 56
9 16 118
68 121 121
47 124 124
42 126 42
2 46 2
1 28 1
51 89 30
26 70 41
22 46 22
4 21 4
2 125 2
52 63 61
4 95 4
22 111 22
50 73 127
67 90 112
57 104 121
10 14 14
17 102 45
61 66 61
20 93 20
9 26 41
32 90 1
73 105 74
99 108 29
30 60 88
60 75 88
5 58 58
6 14 6
17 26 41
7 114 22
67 91 103
85 92 6
4 97 4
19 41 41
33 41 58
28 120 28
61 111 61
19 56 4
53 122 53
42 121 121
28 55 28
66 98 66
9 92 118
20 80 80
71 119 78
9 91 118
40 60 88
7 63 113
33 125 126
96 119 49
42 112 42
63 117 65
99 106 29
36 92 10
105 112 112
21 60 88
99 111 29
5 56 56
55 81 81
13 86 42
38 100 14
43 104 121
6 45 6
40 128 28
37 102 20
39 95 102
83 106 66
8 108 8
3 15 53
10 43 43
106 113 106
14 80 80
84 90 112
45 79 79
87 104 121
35 128 28
36 100 14
36 124 124
71 107 107
50 98 127
16 26 41
58 65 58
42 94 42
31 121 121
48 64 64
85 107 107
13 29 29
93 108 108
52 111 61
15 108 53
27 51 30
61 75 61
88 109 88
67 127 127
39 117 65
21 70 8
4 123 4
4 90 112
84 111 111
104 128 121
57 72 106
27 42 42
44 51 30
22 115 22
76 88 88
96 118 118
32 122 1
97 119 56
93 115 98
99 114 29
34 47 124
80 122 122
29 120 29
14 73 74
52 120 81
58 81 81
4 82 4
5 34 108
22 128 28
47 58 124
54 126 126
85 125 126
16 48 89
32 93 1
53 66 66
47 99 29
19 112 112
56 127 127
23 34 23
69 81 81
1 78 1
37 87 75
70 94 94
98 104 121
41 97 41
38 93 91
60 76 88
40 111 111
25 89 25
28 123 28
45 103 103
8 34 8
77 90 2
36 48 89
59 122 69
58 96 58
37 60 88
21 43 105
54 77 2
71 73 78
37 58 58
18 20 94
80 128 28
48 98 98
46 119 25
41 79 79
15 102 53
15 97 53
5 19 4
59 83 69
120 127 127
40 121 121
64 128 28
2 24 2
31 87 75
51 110 30
33 54 58
44 71 78
87 124 124
63 104 121
55 99 29
8 30 30
21 61 61
2 118 2
16 125 126
18 87 75
63 110 76
66 78 78
52 62 61
3 107 107
82 114 22
9 21 118
72 103 106
51 77 30
18 114 22
30 107 107
7 67 113
34 43 108
44 70 8
52 86 42
61 104 121
37 109 64
37 96 49
16 23 23
16 35 80
3 33 58
33 37 58
13 17 45
5 54 31
2 22 2
15 44 53
35 94 94
22 74 22
99 121 29
33 52 61
63 73 74
43 47 124
15 66 66
27 92 44
50 88 88
16 68 63
27 122 122
77 86 42
50 110 127
2 74 2
45 83 66
77 125 2
82 119 82
27 59 69
18 68 94
8 92 8
97 126 126
47 105 124
26 124 124
52 75 61
109 119 64
99 123 29
7 66 66
65 128 28
69 112 69
3 30 30
43 59 69
14 39 14
7 50 127
36 117 65
58 85 6
29 111 29
32 33 1
63 100 14
9 42 42
58 68 58
83 113 66
83 107 107
6 59 69
10 44 10
56 97 56
35 95 80
11 12 11
83 104 121
15 18 53
9 114 22
31 128 28
23 123 23
12 48 89
2 80 2
15 27 53
113 120 81
45 116 107
23 83 66
64 117 64
3 110 76
26 105 41
41 55 11
44 128 28
51 91 30
41 75 75
55 74 11
15 73 53
1 119 1
28 38 28
111 115 98
88 100 88
25 104 121
55 90 11
9 73 74
30 64 30
23 127 127
75 94 75
30 102 30
8 110 76
56 84 43
39 86 42
28 114 28
28 34 28
6 54 6
9 84 118
59 61 61
36 94 94
18 38 94
79 100 79
19 25 25
53 57 53
24 65 79
63 94 94
66 102 66
9 111 118
58 71 78
89 106 106
99 122 29
72 96 106
83 97 66
65 85 6
15 23 53
111 127 127
40 101 23
11 128 28
33 63 58
91 117 91
28 115 28
50 113 127
16 92 16
30 81 30
95 123 123
20 91 20
27 38 27
24 30 30
78 92 78
36 59 69
107 123 107
68 127 127
78 121 121
100 101 23
11 45 11
106 111 106
31 37 20
54 111 111
17 56 45
34 45 45
29 102 29
73 99 29
21 66 66
35 80 80
21 57 122
16 78 78
3 92 97
38 114 22
62 67 103
12 101 111
22 109 22
10 99 29
4 124 124
3 16 97
11 95 11
78 104 121
50 56 127
36 120 81
42 83 42
36 99 29
1 125 1
44 104 121
9 11 11
31 80 80
49 77 2
64 92 64
69 122 69
8 48 89
48 122 89
2 69 2
37 105 20
70 87 75
19 65 4
44 57 122
33 69 69
15 40 53
48 115 98
46 92 25
38 69 69
15 113 53
39 118 118
68 120 81
125 127 127
38 86 42
14 117 14
71 122 78
51 121 121
100 122 122
40 127 127
9 61 61
32 73 1
95 108 108
103 107 107
64 116 107
9 126 126
43 83 66
20 57 122
96 109 64
6 69 69
56 101 23
74 99 29
28 90 28
76 97 76
33 59 69
67 123 103
85 90 112
75 126 126
68 85 6
79 115 98
39 81 81
55 73 11
24 57 79
4 17 4
64 109 64
8 105 8
39 79 79
22 99 29
23 35 80
76 99 29
53 124 124
17 127 127
60 95 88
6 55 11
13 59 69
49 59 69
65 110 76
64 86 42
65 93 91
18 46 25
30 71 78
33 49 58
8 32 1
60 67 88
38 53 53
38 98 98
19 57 122
18 109 64
12 78 78
99 120 29
69 109 69
2 43 2
45 48 89
14 72 106
93 117 91
30 88 88
71 83 78
12 95 111
66 71 78
33 44 58
23 97 23
54 92 31
26 79 79
33 120 81
35 91 80
56 117 65
51 75 30
72 123 106
27 53 53
13 72 106
38 95 27
99 126 29
10 26 41
36 61 61
86 120 42
75 82 75
17 63 45
91 100 14
37 108 20
110 127 127
73 101 74
36 39 10
53 106 53
25 56 25
36 38 10
14 96 49
27 69 69
17 101 45
27 101 23
63 107 107
28 95 28
38 62 27
43 51 30
46 115 25
101 119 23
18 55 11
68 102 63
15 38 53
12 92 111
47 87 124
107 121 107
19 66 66
46 86 42
28 88 88
11 23 11
40 68 63
3 127 127
57 58 122
32 110 1
95 121 121
95 116 107
119 123 56
67 94 103
85 97 6
29 86 29
31 111 111
26 101 41
34 93 108
36 93 91
51 86 42
18 72 106
31 95 31
60 91 88
39 114 22
44 48 89
70 90 112
2 90 2
67 120 81
71 97 78
57 111 122
64 112 112
47 98 124
91 95 91
7 37 113
15 24 53
95 99 29
61 116 107
117 119 65
33 61 61
3 108 108
86 101 42
16 57 122
104 105 121
30 39 30
2 109 2
18 21 94
23 124 124
75 85 6
81 110 81
74 94 74
23 102 23
48 68 89
54 72 106
4 69 69
101 117 23
87 95 75
65 106 106
55 102 11
73 82 74
33 48 89
4 120 81
15 79 53
89 95 89
78 95 78
5 119 56
45 95 45
66 96 66
23 37 20
16 85 6
3 17 45
25 31 25
35 92 80
55 62 11
41 112 112
51 76 30
25 58 25
73 74 74
83 87 66
28 68 28
33 94 58
75 84 75
51 103 30
1 55 1
17 95 45
12 68 111
5 114 22
109 120 81
26 44 41
48 113 89
110 113 76
102 119 56
80 118 118
65 127 127
6 34 6
71 78 78
80 87 75
43 65 65
7 35 113
71 94 78
92 93 91
44 83 66
34 125 126
28 52 28
40 44 16
40 96 49
65 95 65
39 100 14
49 115 98
16 84 43
77 100 2
110 112 76
32 34 1
15 30 30
49 118 118
37 121 121
27 63 63
59 108 69
53 125 53
45 85 6
27 95 27
45 128 28
27 117 65
13 28 28
29 44 29
24 128 28
