128 2915
60 122 2
2 83 2
4 99 4
4 28 4
60 101 2
19 103 19
72 116 7
43 107 1
62 120 14
23 105 2
75 120 4
22 66 4
4 51 4
50 94 2
25 122 1
60 82 2
63 125 2
45 85 1
1 50 1
4 21 4
1 125 1
7 66 7
104 116 1
14 46 7
110 113 30
5 45 1
23 47 2
19 68 4
112 116 19
9 89 9
7 51 7
46 103 19
53 107 1
43 67 1
4 100 4
12 100 4
17 31 1
57 74 7
7 65 7
4 92 4
29 124 1
99 106 99
1 83 1
36 128 7
7 82 4
46 79 2
55 114 55
90 119 2
3 19 1
35 106 2
5 16 1
5 93 1
16 18 4
4 59 4
42 71 2
40 99 7
49 109 7
52 94 4
32 125 2
37 110 1
6 117 4
91 102 4
42 127 1
91 93 4
33 120 14
4 126 4
63 102 2
24 124 1
61 104 1
40 64 7
4 6 4
2 103 2
14 103 7
60 77 47
68 124 1
71 107 1
56 105 2
22 98 22
75 126 22
15 106 7
4 114 4
2 41 2
73 117 1
42 67 1
30 101 1
2 46 2
64 89 7
48 82 4
57 104 1
83 116 19
35 96 2
4 109 4
36 82 4
65 128 7
42 46 2
39 117 22
24 121 1
87 93 1
79 91 2
92 100 19
92 103 19
30 47 1
121 122 2
37 49 15
4 36 4
57 89 48
2 71 2
75 80 4
1 67 1
61 96 2
15 41 15
69 97 4
49 95 4
73 110 1
25 124 1
7 71 7
61 127 1
38 119 1
17 124 1
45 75 1
16 90 2
18 95 4
71 102 4
19 71 19
51 104 1
77 127 1
62 115 62
27 98 4
4 49 4
47 91 2
7 86 7
36 78 2
45 74 1
16 52 4
26 54 1
58 101 22
2 49 2
9 91 4
55 92 19
27 89 27
28 120 7
54 99 2
6 95 4
2 16 2
8 48 4
73 81 1
24 53 1
27 50 2
12 111 12
81 99 7
46 49 7
86 89 21
22 59 22
41 107 1
46 68 4
33 56 4
24 50 1
3 61 1
6 68 4
2 44 2
28 34 28
17 107 1
34 36 34
45 128 1
29 123 1
109 112 65
38 75 1
2 106 2
71 81 19
25 73 1
31 32 1
2 6 2
53 84 7
5 64 1
82 87 1
71 93 4
1 66 1
1 121 1
36 52 4
25 113 1
58 59 58
16 72 4
60 71 2
42 77 2
3 106 1
13 105 1
1 104 1
13 72 1
14 48 7
27 28 7
89 102 4
14 35 2
49 100 7
37 88 7
59 126 22
38 96 1
9 21 9
30 65 1
17 29 1
3 25 1
10 109 4
65 120 7
2 28 2
7 70 7
10 112 4
1 31 1
18 128 7
34 123 34
108 116 7
4 101 4
39 107 1
81 122 2
21 86 21
77 79 47
3 52 1
43 53 15
13 51 1
55 68 4
61 83 19
65 114 65
31 88 1
11 73 1
13 89 1
68 75 32
12 83 4
40 69 15
6 26 1
45 56 1
19 88 7
95 110 1
4 44 4
65 84 65
2 53 2
80 81 19
18 46 7
4 5 1
56 123 4
4 117 4
14 115 14
17 43 1
5 13 1
28 123 28
98 112 4
33 69 7
52 93 4
10 95 4
6 93 6
44 126 4
17 56 1
34 77 2
104 127 30
94 98 4
84 120 7
14 122 2
43 84 7
82 90 2
7 19 7
36 41 15
7 55 7
10 41 4
11 78 11
28 49 28
25 49 1
88 106 51
62 110 1
61 103 19
2 126 2
77 113 1
22 126 22
3 117 1
44 109 7
22 73 1
18 59 4
18 50 2
64 110 1
79 125 2
56 122 2
26 108 1
46 86 19
65 113 1
28 104 1
53 69 15
41 62 7
24 119 1
11 122 11
43 123 15
59 125 2
40 85 7
49 82 4
5 11 1
65 70 7
13 95 1
2 101 2
61 125 2
40 125 2
105 116 2
17 125 1
24 30 1
11 106 2
79 90 47
41 123 15
71 103 65
24 88 1
88 120 7
16 93 4
60 117 2
22 83 4
46 72 7
23 48 2
41 50 2
68 88 4
82 94 4
47 123 2
73 87 1
42 103 2
11 91 2
25 125 1
33 37 7
94 99 7
2 40 2
69 119 2
14 66 7
57 128 7
59 88 4
5 87 1
35 42 2
60 103 2
62 82 4
55 108 7
85 123 7
5 65 1
124 127 1
3 60 1
39 93 4
71 105 2
70 116 7
60 83 2
49 54 2
4 88 4
55 73 1
21 105 2
17 62 1
16 54 2
1 24 1
60 108 2
57 64 7
54 79 47
69 75 4
47 105 2
104 106 1
59 75 22
1 11 1
9 93 4
73 115 1
66 114 65
25 87 25
9 97 4
69 86 7
5 39 1
65 106 7
62 106 7
7 37 7
56 89 4
88 128 51
119 125 2
93 108 4
32 54 2
37 52 4
100 101 4
35 50 2
17 68 1
11 110 1
38 81 1
39 68 39
46 106 7
55 81 19
18 74 7
36 115 7
19 29 1
48 103 19
45 78 1
21 128 7
34 44 15
46 53 7
47 63 47
9 123 7
25 78 1
4 56 4
50 87 1
84 94 7
30 67 1
115 125 2
30 38 29
7 87 1
9 66 9
4 76 4
43 95 4
22 30 1
75 104 1
80 89 19
44 57 7
3 15 1
11 74 2
92 105 2
26 49 1
7 115 7
60 78 2
24 32 1
67 78 1
89 93 4
7 36 7
36 43 15
74 77 2
102 108 4
68 85 4
57 59 4
61 84 19
31 113 1
61 87 1
2 22 2
79 105 2
8 122 2
122 127 1
59 62 4
2 12 2
8 60 2
42 90 2
104 113 30
74 91 4
44 111 4
61 74 7
101 105 2
10 111 4
84 114 65
50 78 23
88 114 7
17 64 1
44 115 7
74 120 14
2 94 2
17 89 1
82 107 1
2 39 2
13 55 1
29 116 1
12 59 4
79 80 2
1 86 1
6 105 2
36 66 7
61 123 7
44 89 7
2 119 2
34 35 2
85 88 7
25 85 1
26 59 1
47 58 2
4 113 1
108 125 2
81 92 19
26 120 1
19 44 7
100 102 4
2 19 2
46 74 7
48 81 48
60 95 2
32 118 22
84 126 4
8 32 4
2 105 2
60 118 2
76 127 1
1 28 1
55 65 55
1 43 1
3 45 1
25 62 1
102 126 22
53 71 7
67 114 1
84 93 4
2 79 2
23 70 2
46 92 46
79 124 1
1 58 1
13 37 1
104 107 1
13 81 1
1 107 1
1 99 1
39 118 22
37 119 2
33 60 2
22 58 22
22 117 22
4 8 4
19 42 2
29 88 1
24 89 1
7 54 2
4 55 4
16 17 1
68 79 2
59 97 4
85 124 1
18 126 4
29 38 29
46 65 19
19 109 19
7 59 4
52 67 1
1 109 1
32 43 4
108 123 7
17 115 1
3 5 1
81 121 19
19 120 7
20 85 4
71 90 2
68 80 4
76 102 4
13 56 1
104 105 1
26 127 1
28 59 4
18 110 1
34 99 7
1 9 1
11 18 2
1 62 1
14 93 4
51 73 1
109 120 7
15 72 7
29 85 1
50 57 2
108 110 1
55 88 7
85 126 4
6 77 2
62 128 7
1 60 1
10 54 2
9 44 7
28 91 4
87 107 1
24 61 1
4 19 4
28 112 7
26 114 1
9 98 4
3 40 1
66 70 7
70 85 14
28 43 15
59 105 2
90 95 2
17 46 1
14 91 4
65 108 7
16 108 4
2 18 2
65 121 65
12 32 4
65 110 1
100 128 7
94 101 4
32 85 4
89 98 4
86 128 7
93 104 1
29 90 1
46 116 46
61 109 19
2 75 2
20 31 1
102 106 4
70 105 2
64 116 7
2 77 2
58 116 4
7 92 7
6 30 1
37 86 7
16 85 4
75 117 22
103 112 65
7 49 7
14 55 7
3 28 1
58 62 4
33 70 33
112 121 65
2 84 2
55 89 19
114 120 7
1 56 1
17 127 1
24 90 1
43 76 4
80 112 65
83 114 19
3 17 1
106 117 4
86 119 2
87 103 1
56 127 1
90 109 2
76 97 76
69 83 7
16 31 1
65 103 65
41 60 2
2 124 1
5 63 1
42 44 2
39 101 22
72 94 7
38 122 1
62 73 1
12 91 4
14 39 4
49 101 4
60 76 2
105 120 2
57 98 4
25 91 1
37 54 2
21 65 19
37 121 7
29 30 29
103 105 2
7 74 7
47 77 47
62 65 7
106 120 7
35 99 2
49 106 7
14 34 7
45 47 1
39 89 4
13 104 1
10 93 4
6 101 4
33 121 7
27 116 19
55 74 7
58 107 1
8 39 4
57 93 4
70 108 70
6 22 4
91 95 91
37 64 7
5 50 1
6 67 1
61 115 7
87 89 1
28 38 1
51 106 51
64 100 7
98 126 22
2 86 2
31 79 1
114 127 1
71 109 71
34 68 4
51 72 51
47 82 2
72 111 4
30 60 1
13 26 1
24 118 1
35 55 2
89 116 19
44 95 4
40 106 7
1 34 1
7 121 7
62 74 62
61 92 61
90 108 2
21 36 7
44 60 2
90 126 2
80 99 7
24 113 1
16 82 4
89 112 19
13 39 1
31 46 1
18 19 7
1 8 1
14 70 14
98 118 22
2 65 2
87 97 1
27 85 7
9 57 9
48 84 19
4 93 4
42 109 2
46 93 4
24 46 1
2 117 2
7 88 7
76 114 4
36 97 4
21 114 19
72 92 7
42 94 2
67 117 1
21 63 2
18 28 18
46 89 19
74 75 4
22 75 22
85 109 7
5 26 1
58 118 58
49 81 7
40 81 7
20 59 4
24 77 1
19 31 1
92 121 19
81 83 48
16 83 4
78 125 23
11 95 2
70 118 4
78 98 2
7 40 7
109 118 4
55 115 7
29 46 1
11 105 2
17 45 1
63 82 2
15 99 7
68 76 4
12 20 8
18 125 2
28 89 7
69 80 7
5 117 1
64 83 7
15 77 2
15 110 1
22 71 4
2 55 2
23 87 1
59 119 2
10 16 10
48 110 1
45 76 1
2 102 2
19 86 19
42 125 42
9 85 7
43 49 15
68 112 4
21 69 7
1 5 1
12 105 2
11 40 2
80 115 7
86 116 19
41 103 7
26 73 1
80 105 2
19 116 19
87 122 1
118 121 4
64 107 1
71 111 4
50 63 2
48 92 19
20 112 4
53 54 2
9 61 9
56 69 4
48 125 2
37 90 2
35 128 2
7 14 7
40 100 7
55 126 4
57 101 4
65 82 4
47 102 2
47 118 2
58 88 4
19 21 19
66 71 65
82 85 4
42 47 2
5 7 1
49 89 7
57 117 4
106 126 4
127 128 1
96 115 2
31 71 1
122 125 23
24 87 1
16 42 2
44 49 15
69 120 7
18 76 4
6 60 2
1 33 1
97 107 1
21 94 7
37 41 15
33 81 7
89 121 19
35 78 2
64 106 7
3 51 1
105 107 1
39 58 22
18 90 2
6 92 4
21 35 2
40 121 7
86 92 19
3 55 1
41 114 7
47 90 47
21 71 19
73 124 1
58 126 22
109 128 7
22 33 4
18 94 18
96 107 1
1 103 1
7 41 7
18 101 4
55 66 55
53 80 7
66 72 7
4 27 4
24 126 1
46 82 4
37 106 7
22 121 4
39 122 2
6 123 4
45 110 30
50 52 2
52 82 12
64 115 62
47 119 2
24 110 1
49 70 7
27 84 19
2 112 2
19 50 2
24 25 1
72 122 2
35 56 2
32 97 4
43 94 15
99 104 1
57 116 19
102 103 4
25 26 1
23 119 2
20 95 4
58 71 4
26 104 1
58 60 2
81 128 7
109 121 71
24 111 1
56 85 4
7 23 2
3 92 1
39 76 4
4 103 4
35 51 2
14 27 7
13 25 1
88 110 1
65 80 65
34 57 7
28 53 15
9 55 9
17 73 1
19 80 19
20 113 1
20 61 4
7 61 7
3 118 1
61 73 1
4 42 2
6 87 1
6 94 4
19 65 19
78 119 2
52 63 2
56 83 4
7 100 7
71 112 65
2 37 2
6 76 4
11 49 2
17 110 1
12 52 12
28 50 2
92 99 7
41 57 7
95 117 4
80 86 19
21 31 1
64 99 7
56 79 2
24 51 1
83 123 7
92 125 2
77 83 2
46 121 19
75 118 22
65 79 2
50 127 1
47 54 47
103 109 65
44 84 7
54 63 47
48 54 2
23 89 2
8 56 8
43 121 7
20 33 4
70 111 4
28 44 15
42 59 2
79 103 2
49 123 36
63 77 47
116 121 19
1 88 1
89 92 19
16 116 4
59 66 4
81 101 4
65 71 65
41 95 4
23 126 2
96 98 2
66 80 65
1 41 1
66 123 7
5 73 5
93 114 4
77 119 2
3 113 1
1 105 1
47 103 2
2 116 2
2 115 2
63 115 2
51 91 4
18 86 7
62 71 7
41 105 2
8 54 2
29 67 1
99 126 4
81 87 1
48 76 4
80 114 71
11 42 11
33 125 2
72 126 4
38 105 1
84 92 19
7 106 7
3 74 1
33 74 33
63 96 47
11 88 2
1 89 1
51 54 2
65 104 1
54 110 1
94 123 94
54 74 2
2 32 2
79 111 2
2 69 2
14 116 7
74 117 4
100 126 4
60 96 47
42 110 1
113 127 30
60 75 2
1 18 1
52 84 4
36 123 36
72 128 51
74 83 7
21 102 4
88 124 1
105 112 2
4 66 4
20 82 8
2 7 2
61 120 7
10 45 1
19 26 1
87 125 1
63 90 63
13 38 1
9 115 7
36 119 2
2 99 2
16 119 2
42 119 2
16 103 4
50 60 2
65 87 1
29 127 29
5 102 1
61 105 2
39 97 4
24 105 1
57 83 57
40 67 1
44 69 15
82 88 4
68 117 22
44 71 7
46 100 19
100 116 19
111 115 4
2 8 2
53 77 2
35 47 2
15 125 2
54 112 2
44 83 7
2 88 2
1 12 1
25 108 1
14 111 4
77 121 2
55 118 4
51 63 2
45 105 1
72 99 51
44 65 7
43 70 7
117 118 117
63 72 2
36 95 4
14 22 4
3 68 1
67 112 1
41 118 4
32 117 22
11 104 1
4 71 4
59 74 4
2 20 2
7 17 1
4 70 4
57 79 2
65 112 65
1 82 1
31 117 1
81 124 1
68 98 32
23 118 2
30 127 30
8 108 4
53 64 7
19 128 7
38 79 1
4 14 4
78 91 2
28 40 28
26 74 1
88 116 7
35 89 2
62 83 7
66 97 4
2 43 2
1 37 1
106 121 7
78 103 2
83 109 19
7 76 4
35 95 2
4 123 4
14 88 7
16 111 4
4 12 4
47 121 2
14 74 14
80 106 7
43 108 7
27 121 19
81 127 1
32 59 22
3 18 1
70 112 7
2 122 2
26 27 1
74 96 2
8 113 1
53 94 15
62 72 7
49 51 7
41 51 7
65 83 19
46 123 7
107 124 1
42 58 2
1 79 1
67 87 67
35 98 2
47 96 47
4 64 4
46 84 19
46 71 19
32 89 4
55 113 1
27 71 19
30 110 30
59 98 22
66 86 19
1 84 1
57 86 21
14 18 7
11 108 2
23 117 2
39 41 4
1 46 1
67 73 1
41 43 15
21 81 21
29 60 1
72 74 7
32 78 2
79 96 79
32 101 22
9 128 7
4 115 4
61 81 19
39 52 4
77 93 2
4 68 4
1 120 1
105 125 2
68 106 4
123 124 1
53 106 7
4 16 4
91 100 4
72 96 2
38 53 1
41 97 4
102 104 1
85 94 7
78 95 2
29 82 1
14 117 4
23 92 2
21 37 7
44 61 7
16 34 4
7 21 7
12 16 4
36 64 7
60 105 2
73 83 1
35 77 2
36 42 2
57 108 7
7 9 7
5 12 1
58 84 4
7 38 1
95 104 1
36 118 4
47 111 2
106 128 106
81 100 48
86 102 4
55 105 2
45 70 1
6 110 1
65 109 65
118 120 4
23 42 23
36 75 4
21 89 21
1 128 1
24 85 1
15 18 15
9 83 9
40 114 7
19 96 2
7 43 7
6 17 1
39 66 4
6 111 4
5 14 1
6 29 1
68 126 22
1 115 1
80 85 7
7 99 7
11 70 2
4 110 1
81 107 1
4 118 4
101 116 4
30 94 1
47 126 2
15 123 15
54 96 47
33 64 33
9 35 2
114 119 2
10 117 4
53 67 1
72 93 4
51 65 7
75 113 1
12 109 4
29 96 1
65 81 19
8 77 2
60 68 2
46 81 19
55 123 7
4 37 4
5 69 1
41 44 15
122 128 2
6 10 4
52 106 4
29 59 1
39 74 4
20 46 4
8 128 4
66 128 7
68 127 1
21 61 19
40 66 7
37 66 7
94 114 7
8 111 8
21 98 4
17 70 1
65 68 4
19 61 19
38 45 29
65 98 4
44 54 2
2 89 2
28 54 2
35 121 2
32 110 1
78 107 1
116 118 4
23 95 2
28 84 7
22 103 4
39 54 2
11 59 2
23 32 2
112 114 65
38 110 29
106 109 7
56 97 8
25 98 1
18 34 18
6 20 4
11 21 2
64 92 7
47 68 2
2 68 2
64 85 14
22 93 4
73 102 1
60 94 2
64 93 4
74 121 7
9 103 9
18 53 15
37 111 4
45 65 1
25 77 1
13 121 1
2 78 2
4 52 4
20 25 1
103 116 19
1 30 1
49 72 7
71 80 71
70 102 4
57 119 2
1 73 1
1 93 1
55 116 19
66 102 4
2 11 2
23 50 23
24 71 1
46 118 4
2 34 2
9 122 2
27 79 2
30 66 1
17 34 1
1 85 1
63 95 2
64 87 1
2 62 2
7 13 1
99 110 1
71 86 19
101 102 22
6 108 4
39 99 4
83 89 48
52 78 2
33 34 7
87 88 1
102 116 4
60 74 2
40 90 2
1 92 1
15 69 15
70 78 2
11 119 2
109 116 19
96 119 2
85 106 7
24 99 1
14 105 2
36 67 1
88 99 51
68 122 2
17 78 1
18 124 1
60 124 1
27 55 19
20 56 8
57 100 57
5 25 1
1 102 1
45 66 1
20 62 4
2 87 1
64 69 7
1 101 1
54 105 2
9 54 2
45 125 1
35 43 2
12 85 4
1 75 1
72 127 1
60 90 60
84 90 2
32 37 4
15 23 2
13 124 1
1 74 1
73 114 1
8 76 8
3 94 1
26 34 1
18 80 7
104 108 1
117 123 4
37 83 7
9 71 9
98 127 1
30 104 30
3 105 1
13 100 1
97 105 2
63 105 2
62 93 4
22 68 22
7 128 7
61 80 19
50 125 50
51 126 4
49 69 15
1 124 1
19 48 19
89 100 48
59 117 59
20 63 2
53 103 7
49 53 15
99 128 99
10 33 4
64 91 4
2 42 2
18 78 2
28 100 7
44 101 4
83 88 7
111 127 1
7 46 7
31 112 1
82 112 4
42 68 2
43 44 15
51 69 7
16 58 4
57 92 19
81 110 1
41 53 41
90 91 2
44 79 2
1 10 1
1 25 1
66 84 66
81 109 19
78 84 2
35 92 2
40 71 7
56 58 4
4 31 1
61 89 19
48 49 7
1 16 1
7 123 7
4 112 4
84 127 1
35 126 2
15 66 7
67 95 1
106 123 7
84 103 65
113 124 1
12 14 4
60 73 1
39 127 1
39 98 32
4 65 4
45 122 1
54 77 54
68 93 4
25 88 1
62 114 7
33 82 4
78 122 78
73 107 1
10 73 1
102 110 1
100 109 19
2 100 2
48 61 19
91 97 4
34 101 4
1 127 1
27 126 4
46 63 2
45 117 1
58 100 4
12 72 4
50 62 2
85 93 4
34 43 15
23 111 2
2 10 2
2 23 2
92 118 4
10 121 4
7 119 2
69 103 7
71 76 4
87 101 1
1 36 1
103 115 7
55 121 55
52 56 8
33 128 7
65 92 19
3 124 1
10 56 4
17 95 1
1 23 1
10 126 4
47 108 2
14 85 14
12 25 1
55 57 19
115 121 7
81 118 4
7 85 7
59 93 4
27 100 27
67 103 1
27 73 1
98 103 4
82 91 4
79 100 2
16 37 4
7 28 7
82 95 4
31 47 1
91 128 4
2 61 2
4 15 4
21 70 7
63 65 2
80 92 19
32 50 2
14 76 4
101 108 4
45 104 30
40 41 15
54 115 2
5 124 1
34 104 1
73 82 1
31 127 1
13 50 1
29 44 1
37 102 4
106 125 2
37 128 7
1 4 1
24 74 1
44 125 2
17 67 1
6 51 4
3 56 1
61 114 19
32 91 4
11 97 2
25 36 1
12 71 4
50 101 2
35 125 2
1 96 1
2 4 2
50 96 2
1 44 1
67 86 1
11 23 11
49 120 7
53 116 7
37 73 1
4 61 4
40 49 36
57 91 4
13 68 1
51 86 7
64 121 7
115 128 7
27 86 21
41 125 2
102 117 22
48 108 7
6 34 4
104 110 30
1 76 1
38 91 1
53 91 4
24 102 1
15 35 2
6 71 4
74 115 74
1 78 1
18 87 1
32 81 4
56 119 2
1 17 1
19 33 7
40 50 2
20 52 8
13 24 1
24 75 1
105 117 2
15 43 15
33 36 7
110 119 1
16 49 4
39 45 1
9 95 4
22 61 4
101 110 1
14 64 14
52 111 52
112 126 4
9 121 9
59 118 59
33 113 1
40 108 7
44 48 7
6 88 4
17 92 1
27 46 19
37 69 37
59 89 4
27 109 19
53 92 7
67 72 1
33 88 7
44 76 4
15 40 15
91 117 4
1 45 1
51 58 4
7 109 7
7 114 7
94 121 7
10 21 4
33 102 4
18 44 15
38 113 29
68 77 2
7 113 1
71 126 4
15 86 7
27 114 19
9 26 1
9 22 4
41 55 7
4 32 4
55 103 55
23 25 1
4 116 4
26 77 1
1 70 1
38 94 1
41 64 7
42 112 2
28 105 2
55 112 55
24 93 1
43 80 7
5 99 1
64 94 7
12 128 4
14 54 2
2 57 2
89 118 4
23 78 23
3 96 1
9 65 9
21 28 7
2 95 2
16 57 4
12 93 4
9 104 1
81 103 19
66 69 7
53 93 4
85 115 14
56 103 4
100 106 7
7 62 7
6 25 1
50 74 2
4 34 4
24 57 1
74 99 7
99 119 2
46 80 19
11 35 2
4 40 4
36 126 4
33 62 33
64 80 7
24 107 1
23 69 2
46 55 19
81 112 19
84 111 4
13 118 1
73 120 1
20 123 4
97 124 1
23 115 2
82 97 12
83 101 4
34 63 2
14 72 7
2 54 2
15 70 7
1 114 1
12 115 4
77 90 47
3 30 1
54 73 1
37 44 15
18 103 7
6 97 4
30 61 1
57 84 19
28 47 2
65 116 19
20 24 1
20 76 8
79 119 2
25 47 1
59 64 4
69 125 2
69 128 7
5 38 1
54 67 1
57 118 4
45 67 1
67 80 1
72 80 7
27 81 27
70 71 7
5 67 1
9 12 4
45 127 30
2 82 2
33 72 7
117 121 4
17 80 1
84 128 7
1 53 1
2 118 2
22 36 4
1 98 1
1 80 1
5 108 1
63 91 2
24 45 1
4 41 4
15 37 15
92 109 19
57 112 19
48 86 21
95 128 4
74 103 7
4 18 4
26 29 1
64 75 4
18 40 18
79 112 2
31 124 1
2 21 2
20 111 8
4 94 4
87 127 1
4 98 4
55 99 7
21 46 19
1 32 1
45 63 1
10 77 2
22 35 2
44 92 7
24 73 1
86 105 2
13 30 1
60 79 47
50 84 2
20 55 4
7 97 4
3 86 1
88 95 4
17 87 1
10 101 4
9 94 7
6 8 4
65 66 65
50 99 2
1 2 1
8 62 4
6 82 4
8 92 4
5 24 1
98 116 4
60 85 2
18 21 7
39 109 4
6 63 2
8 127 1
13 16 1
32 41 4
2 59 2
29 110 29
80 120 7
39 75 32
51 107 1
80 121 71
52 99 4
1 35 1
30 45 30
77 100 2
1 47 1
31 111 1
2 76 2
44 94 15
48 89 48
50 105 2
14 65 7
2 91 2
70 114 7
43 81 7
33 92 7
23 72 2
41 117 4
15 59 4
1 112 1
28 119 2
100 114 19
60 89 2
47 64 2
9 108 7
66 75 4
35 118 2
36 94 36
8 20 8
4 78 2
50 128 2
29 75 1
6 116 4
55 98 4
4 72 4
41 98 4
32 127 1
95 111 4
20 125 2
99 122 2
53 115 7
32 71 4
37 47 2
80 90 2
61 69 7
29 65 1
6 16 4
31 107 1
31 98 1
23 100 2
8 125 2
86 106 7
64 120 14
25 119 1
18 29 1
27 96 2
67 84 1
24 59 1
1 94 1
56 125 2
4 95 4
9 105 2
31 73 1
2 72 2
74 85 14
63 68 2
109 111 4
12 97 12
40 46 7
37 39 4
18 69 15
22 102 22
80 116 19
9 48 9
39 53 4
12 95 4
30 75 1
22 108 4
18 82 4
36 69 15
14 24 1
43 69 15
116 117 4
57 72 7
94 103 7
7 116 7
35 79 2
10 97 4
52 54 2
89 123 7
44 46 7
1 51 1
115 120 14
93 120 4
17 101 1
78 105 2
23 122 23
75 112 4
69 89 7
27 97 4
50 85 2
21 26 1
34 67 1
37 53 15
48 114 19
91 109 4
54 90 47
13 52 1
28 106 7
57 96 2
101 117 22
57 61 19
82 103 4
61 66 19
4 33 4
2 35 2
111 123 4
116 128 7
4 96 2
35 83 2
69 118 4
63 119 2
1 64 1
13 67 1
15 28 15
83 87 1
32 58 22
53 75 4
48 57 48
37 92 7
18 65 7
55 104 1
21 84 19
25 93 1
2 63 2
45 112 1
9 84 9
44 99 7
2 56 2
9 46 9
8 46 4
1 27 1
8 101 4
19 114 19
52 101 4
2 9 2
65 89 19
36 44 15
1 87 1
14 120 14
28 114 7
10 89 4
40 60 2
41 80 7
59 82 4
7 120 7
5 66 1
41 94 15
45 49 1
12 64 4
26 101 1
107 123 1
57 75 4
59 102 22
79 82 2
6 121 4
90 120 2
108 115 62
6 39 4
74 81 7
110 118 1
46 61 46
20 108 4
10 68 4
7 89 7
82 92 4
35 105 2
4 63 2
48 116 19
48 112 19
1 26 1
4 25 1
42 117 2
10 72 4
3 67 1
83 121 19
61 70 7
40 62 7
18 115 7
101 125 2
4 62 4
13 32 1
16 94 4
51 105 2
3 65 1
21 77 2
3 114 1
77 125 2
20 97 8
33 89 7
36 87 1
10 43 4
5 44 1
44 123 15
20 101 4
66 103 65
76 100 4
7 69 7
52 75 4
45 107 1
1 116 1
99 100 7
80 88 7
1 57 1
21 66 19
65 76 4
10 71 4
7 22 4
62 70 62
27 107 1
57 85 7
32 66 4
118 126 22
53 113 1
41 70 7
2 48 2
7 18 7
37 114 7
67 119 1
52 97 52
90 105 2
17 117 1
27 124 1
43 125 2
102 118 22
55 84 55
3 24 1
46 73 1
19 51 7
37 68 4
13 88 1
26 115 1
85 91 4
75 121 4
29 104 29
40 44 15
8 59 4
76 106 4
92 112 19
21 30 1
27 49 7
58 64 4
19 124 1
5 30 1
15 94 15
42 105 2
95 118 4
30 113 30
38 44 1
16 126 4
40 94 40
32 69 4
3 7 1
39 56 4
105 110 1
36 37 15
86 95 4
16 69 4
13 17 1
8 52 8
51 112 7
8 64 4
48 66 19
6 89 4
25 127 1
27 77 2
47 83 2
65 102 4
10 88 4
34 69 15
23 66 2
66 125 2
90 98 2
34 52 4
10 47 2
74 111 4
14 43 7
74 125 2
36 71 7
35 88 2
97 111 52
52 95 4
64 74 62
29 34 1
43 47 2
34 91 4
69 82 4
25 80 1
14 63 2
51 128 51
59 68 22
6 33 4
19 38 1
72 88 51
1 40 1
93 97 4
42 83 2
61 75 4
71 92 19
79 85 2
19 27 19
21 55 19
1 39 1
54 92 2
85 108 14
3 73 1
22 34 4
67 115 1
82 101 4
13 115 1
9 114 9
119 128 2
7 15 7
32 68 32
51 60 2
48 87 1
11 115 2
51 113 1
45 53 1
35 57 2
1 126 1
61 116 46
1 42 1
1 119 1
4 35 2
22 31 1
8 74 4
34 100 7
71 82 4
32 39 32
2 14 2
92 114 19
44 74 7
9 80 9
1 111 1
1 118 1
26 30 1
21 100 21
7 34 7
84 110 1
13 112 1
24 26 1
10 37 4
4 57 4
69 101 4
62 125 2
28 96 2
55 102 4
11 37 2
3 126 1
41 72 7
7 11 2
2 111 2
42 85 2
54 70 2
59 111 4
21 116 19
20 109 4
26 60 1
13 20 1
51 84 7
1 6 1
54 60 47
29 113 29
98 101 22
46 78 2
16 91 4
46 104 1
62 103 7
58 117 58
12 78 2
91 99 4
1 97 1
13 60 1
4 43 4
97 98 4
81 116 19
102 119 2
2 60 2
93 118 4
4 22 4
107 122 1
79 122 2
40 53 15
96 116 2
9 86 9
36 72 7
23 58 2
53 72 7
85 87 1
15 36 15
100 115 7
15 67 1
61 112 19
26 76 1
74 105 2
19 121 19
20 90 2
26 112 1
4 39 4
41 122 2
95 105 2
1 55 1
21 96 2
28 66 7
35 113 1
25 63 1
22 89 4
14 33 14
6 91 4
35 54 2
11 27 2
92 95 4
28 90 2
1 29 1
39 47 2
29 117 1
17 79 1
7 53 7
16 124 1
39 59 22
11 50 11
64 72 7
11 36 2
65 93 4
43 109 7
1 52 1
29 101 1
24 116 1
7 27 7
41 100 7
19 40 7
28 95 4
58 102 22
62 122 2
98 117 22
3 87 1
6 100 4
17 77 1
98 102 22
6 86 4
4 10 4
15 49 15
48 100 48
15 124 1
46 66 19
38 127 29
78 83 2
28 36 28
14 62 14
20 93 4
36 85 7
14 95 4
99 117 4
45 73 1
61 77 2
67 106 1
7 122 2
72 121 7
24 127 1
77 124 1
2 15 2
8 50 2
2 52 2
3 10 1
14 94 7
6 32 4
55 96 2
78 92 2
75 98 75
51 55 7
79 95 2
32 83 4
72 81 7
105 122 2
1 90 1
20 102 4
2 128 2
39 126 22
27 37 7
19 41 7
2 125 2
6 27 4
80 84 65
2 92 2
76 78 2
13 22 1
94 128 7
26 31 1
46 48 19
69 109 7
66 117 4
7 103 7
55 61 19
4 85 4
95 101 4
30 62 1
40 102 4
69 124 1
2 114 2
2 85 2
28 99 7
4 87 1
7 108 7
52 70 4
41 48 7
100 108 7
53 74 7
18 43 15
50 72 2
28 31 1
46 105 2
3 80 1
58 98 22
60 92 2
4 81 4
82 121 4
22 92 4
54 119 2
1 22 1
50 122 23
47 65 2
90 122 2
93 117 4
75 101 22
88 119 2
2 47 2
16 22 4
14 21 7
69 108 7
32 80 4
4 128 4
2 123 2
78 90 2
37 72 7
80 109 71
95 121 4
15 107 1
64 71 7
73 88 1
30 46 1
16 102 4
56 76 8
71 121 71
118 123 4
10 35 2
92 124 1
28 83 7
44 58 4
114 121 71
68 101 22
21 68 4
30 40 1
23 85 2
40 118 4
12 76 12
47 57 2
102 111 4
9 81 9
112 120 7
4 75 4
15 44 15
20 64 4
18 107 1
1 69 1
3 4 1
13 62 1
16 87 1
80 103 65
51 99 51
28 30 1
17 38 1
1 106 1
8 12 8
9 112 9
86 112 19
62 77 2
61 86 19
18 123 18
39 69 4
18 105 2
34 94 34
10 81 4
47 60 47
56 111 8
9 109 9
57 77 2
36 103 7
66 89 19
13 90 1
28 35 2
66 92 19
24 49 1
18 49 18
61 100 19
1 100 1
32 88 4
4 105 2
60 127 1
6 41 4
29 57 1
13 58 1
85 110 1
111 112 4
63 112 2
93 106 4
17 50 1
59 101 22
96 105 2
2 74 2
33 106 7
117 126 22
1 65 1
31 67 1
36 40 36
6 43 4
98 105 2
10 120 4
56 120 4
45 69 1
26 121 1
110 122 1
16 109 4
64 117 4
12 56 8
25 102 1
26 124 1
124 128 1
36 47 2
22 101 22
5 125 1
28 85 7
7 91 4
37 43 15
104 119 1
5 54 1
4 80 4
57 71 19
3 64 1
110 125 1
89 109 19
45 113 45
9 19 9
52 116 4
64 82 4
51 119 2
107 119 1
12 31 1
2 93 2
18 113 1
72 100 7
23 96 2
33 85 14
27 94 7
1 13 1
56 118 4
77 96 47
93 95 4
11 54 2
49 79 2
13 73 1
77 115 2
54 126 2
21 48 21
66 76 4
109 125 2
7 112 7
1 19 1
37 123 15
112 127 1
62 123 7
71 88 7
45 48 1
95 126 4
84 121 65
13 80 1
11 55 2
36 106 7
35 103 2
55 69 7
69 92 7
76 117 4
71 89 19
35 63 2
30 31 1
82 111 12
1 110 1
44 53 15
55 64 7
83 120 7
25 112 1
52 125 2
5 88 1
12 82 12
1 72 1
64 127 1
103 121 65
1 122 1
57 110 1
17 109 1
43 48 7
75 102 22
12 26 1
74 106 7
40 95 4
2 121 2
24 29 1
40 86 7
34 106 7
65 126 4
42 123 2
68 111 4
30 51 1
59 96 2
4 111 4
61 95 4
4 74 4
62 101 4
42 80 2
62 64 62
1 68 1
11 83 2
110 127 110
3 70 1
90 96 47
75 84 4
64 88 7
2 31 1
87 114 1
16 95 4
77 118 2
13 107 1
114 116 19
27 63 2
41 71 7
15 68 4
18 72 7
3 58 1
55 77 2
25 111 1
74 124 1
62 63 2
4 83 4
4 121 4
1 91 1
70 72 7
25 94 1
72 105 2
50 77 2
13 31 13
15 34 15
21 106 7
4 58 4
3 85 1
28 69 15
24 31 1
48 64 7
68 82 4
62 85 14
7 44 7
94 97 4
54 95 2
37 78 2
1 21 1
1 77 1
110 114 1
80 117 4
7 81 7
60 99 2
22 39 22
10 30 1
51 103 7
6 98 4
70 74 62
25 59 1
27 83 27
88 108 7
2 81 2
38 128 1
77 88 2
34 72 7
77 105 2
4 97 4
1 38 1
15 104 1
3 6 1
22 118 22
44 127 1
65 72 7
2 109 2
71 116 19
32 102 22
4 69 4
17 33 1
1 20 1
101 126 101
19 81 19
44 106 7
27 92 19
7 50 2
88 93 4
14 108 14
1 48 1
83 91 4
8 58 4
63 110 1
24 91 1
49 103 7
27 95 4
21 57 21
83 112 19
27 40 7
63 127 1
4 91 4
6 38 1
22 74 4
10 94 4
64 73 1
9 116 9
33 108 33
41 93 4
109 114 109
16 56 4
63 97 2
83 99 7
58 91 4
68 83 4
86 100 21
83 92 19
4 107 1
19 89 19
19 112 19
21 67 1
86 114 19
44 75 4
27 57 27
14 68 4
107 110 1
5 107 1
78 102 2
1 14 1
8 97 8
51 108 7
48 83 48
1 123 1
26 41 1
11 13 1
107 115 1
107 128 1
108 120 14
93 125 2
52 119 2
25 109 1
55 71 55
31 51 1
27 91 4
7 52 4
7 64 7
51 80 7
41 69 15
7 24 1
31 37 1
57 105 2
24 38 1
20 67 1
64 105 2
119 122 2
19 46 19
16 63 2
21 27 21
14 56 4
96 128 2
42 50 42
26 107 26
40 111 4
41 108 7
9 68 4
7 33 7
63 79 47
2 5 1
1 49 1
5 17 1
62 92 7
68 96 2
1 15 1
8 61 4
12 17 1
37 97 4
8 38 1
76 122 2
54 108 2
64 84 7
25 65 1
32 126 22
77 97 2
39 102 22
5 48 1
29 97 1
4 102 4
103 104 1
50 106 2
7 48 7
14 104 1
57 73 1
43 112 7
51 88 51
9 13 1
76 91 4
111 120 4
53 123 15
24 36 1
12 67 1
2 50 2
53 128 7
11 58 2
22 32 22
37 56 4
83 115 7
8 35 2
30 33 1
19 57 19
1 3 1
102 105 2
14 45 1
30 70 1
18 36 18
14 92 7
109 113 1
92 116 46
66 121 65
20 124 1
36 86 7
65 85 7
41 46 7
18 56 4
67 107 1
83 86 21
4 120 4
67 127 1
32 119 2
82 104 1
48 71 19
7 94 7
73 106 1
112 128 7
59 91 4
2 90 2
31 87 1
2 58 2
2 64 2
11 62 2
93 122 2
46 57 19
83 100 83
105 119 2
2 70 2
15 21 7
56 82 8
62 104 1
14 51 7
93 98 4
19 83 19
1 117 1
29 56 1
9 38 1
76 82 12
51 123 7
84 112 66
13 15 1
3 34 1
19 55 19
17 53 1
3 12 1
101 118 22
1 7 1
37 40 15
4 89 4
65 123 7
95 116 4
70 124 1
24 125 1
33 87 1
7 57 7
49 94 36
61 65 19
47 106 2
38 73 1
1 54 1
90 99 2
38 49 1
17 126 1
38 104 29
55 83 19
62 75 4
90 100 2
37 70 7
38 57 1
91 126 4
21 75 4
33 103 7
47 79 47
5 31 1
103 114 65
1 59 1
1 95 1
81 95 4
88 96 2
4 7 4
81 89 48
22 38 1
10 20 4
23 61 2
73 111 1
62 69 7
21 104 1
1 81 1
81 86 21
2 98 2
58 109 4
80 126 4
14 128 7
66 96 2
16 20 4
78 101 2
70 120 14
80 101 4
72 113 1
7 96 2
74 108 62
57 81 48
51 125 2
28 51 7
4 73 1
56 98 4
42 78 23
68 102 22
61 71 19
1 71 1
27 48 27
4 20 4
40 123 40
60 63 60
12 94 4
33 57 7
29 45 29
55 122 2
50 70 2
8 93 4
53 73 1
50 119 2
11 125 11
2 33 2
72 106 51
5 113 1
25 67 25
111 113 1
47 52 2
37 93 4
66 95 4
106 124 1
36 73 1
87 95 1
36 74 7
19 111 4
29 31 1
98 128 4
9 27 9
15 120 7
13 125 1
22 91 4
71 100 19
45 92 1
1 113 1
2 96 2
58 86 4
10 91 4
41 68 4
8 102 4
2 51 2
76 111 52
28 94 28
42 122 23
16 32 4
7 25 1
18 97 4
6 57 4
54 86 2
45 54 1
1 63 1
62 108 62
55 110 1
66 118 4
35 74 2
10 24 1
46 83 19
41 76 4
7 84 7
70 115 62
35 119 35
84 109 65
26 92 1
72 82 4
16 105 2
44 100 7
