128 4066
22 93 22
89 122 85
54 97 54
54 72 54
23 73 23
116 121 85
30 87 30
81 106 81
91 93 85
48 83 48
8 18 8
109 115 85
107 110 85
31 102 31
56 93 56
84 114 84
40 86 40
11 30 11
84 103 84
47 96 47
10 37 10
15 86 15
42 56 42
25 102 25
72 102 72
27 89 27
71 82 71
24 41 24
3 38 3
33 36 33
5 105 5
119 124 85
16 24 16
67 72 67
25 96 25
21 99 21
52 55 52
107 109 85
82 94 82
1 85 1
90 128 85
46 74 46
4 21 4
8 48 8
89 103 85
18 113 18
26 29 26
12 85 12
91 94 85
113 114 85
11 102 11
74 111 74
49 72 49
13 23 13
83 89 83
17 44 17
3 34 3
62 101 62
15 71 15
38 72 38
11 13 11
97 128 85
16 90 16
3 58 3
42 107 42
8 23 8
61 88 61
86 107 85
58 106 58
87 110 85
63 84 63
40 80 40
27 110 27
96 120 85
108 117 85
71 102 71
19 33 19
52 97 52
49 71 49
2 20 2
23 30 23
2 103 2
98 117 85
90 97 85
27 112 27
5 110 5
29 101 29
18 46 18
97 100 85
17 35 17
19 42 19
108 122 85
22 66 22
8 106 8
68 113 68
13 83 13
123 126 85
97 101 85
17 97 17
23 67 23
102 117 85
36 37 36
50 102 50
35 44 35
30 40 30
49 62 49
4 22 4
49 107 49
10 78 10
7 23 7
30 41 30
98 119 85
15 33 15
24 35 24
10 46 10
11 97 11
93 99 85
96 121 85
113 125 85
2 64 2
15 46 15
82 108 82
43 95 43
97 127 85
28 47 28
114 120 85
10 93 10
104 124 85
92 96 85
25 47 25
31 98 31
17 32 17
14 115 14
8 9 8
116 118 85
3 62 3
118 127 85
48 81 48
88 125 85
106 120 85
28 40 28
40 44 40
89 111 85
11 50 11
57 117 57
25 86 25
9 60 9
33 86 33
32 101 32
69 104 69
38 102 38
2 32 2
10 16 10
42 119 42
36 101 36
15 55 15
8 28 8
98 106 85
46 58 46
100 112 85
51 73 51
49 51 49
21 72 21
5 27 5
10 97 10
92 97 85
103 118 85
9 106 9
28 128 28
7 31 7
27 47 27
8 50 8
59 81 59
16 18 16
30 54 30
92 93 85
4 105 4
3 37 3
58 107 58
6 18 6
18 32 18
4 11 4
52 93 52
8 77 8
101 124 85
32 60 32
75 111 75
47 107 47
111 118 85
7 61 7
53 92 53
13 38 13
47 103 47
60 63 60
16 114 16
78 79 78
26 54 26
34 58 34
42 89 42
50 87 50
27 122 27
101 127 85
109 121 85
74 95 74
17 36 17
14 60 14
3 120 3
38 71 38
43 70 43
6 9 6
39 94 39
3 26 3
19 118 19
16 30 16
12 51 12
81 109 81
22 36 22
83 87 83
2 24 2
29 71 29
94 97 85
54 121 54
56 123 56
36 125 36
81 103 81
21 27 21
10 35 10
115 116 85
71 128 71
3 73 3
49 74 49
37 60 37
95 124 85
9 34 9
21 54 21
66 112 66
6 40 6
1 123 1
2 30 2
115 120 85
13 114 13
28 37 28
34 51 34
96 104 85
97 117 85
44 91 44
34 113 34
50 64 50
16 87 16
93 96 85
108 115 85
78 109 78
1 120 1
29 98 29
24 59 24
64 100 64
17 45 17
38 93 38
81 86 81
71 90 71
96 127 85
24 109 24
36 40 36
101 104 85
65 78 65
43 117 43
8 10 8
12 22 12
63 99 63
60 103 60
16 31 16
10 94 10
19 20 19
71 91 71
38 73 38
4 64 4
41 63 41
104 106 85
44 95 44
28 106 28
6 41 6
54 88 54
6 104 6
105 106 85
91 112 85
18 78 18
52 58 52
8 82 8
86 90 85
54 61 54
47 117 47
55 94 55
17 30 17
25 35 25
5 16 5
85 121 85
109 114 85
96 100 85
42 105 42
13 112 13
24 28 24
17 28 17
15 20 15
6 62 6
43 124 43
6 64 6
107 119 85
99 125 85
115 121 85
64 81 64
50 101 50
44 58 44
52 60 52
119 120 85
25 61 25
7 66 7
106 119 85
6 11 6
22 28 22
24 118 24
45 68 45
71 124 71
36 103 36
28 89 28
3 123 3
13 86 13
30 52 30
53 60 53
90 110 85
43 49 43
106 121 85
2 41 2
33 126 33
33 57 33
96 117 85
64 86 64
2 21 2
90 113 85
28 53 28
12 34 12
9 124 9
14 22 14
120 125 85
29 46 29
60 88 60
11 90 11
61 114 61
103 128 85
44 47 44
86 121 85
60 77 60
65 82 65
70 117 70
12 27 12
62 114 62
43 60 43
14 83 14
18 90 18
7 15 7
51 59 51
7 16 7
17 33 17
58 117 58
7 53 7
21 32 21
20 46 20
16 42 16
15 59 15
107 111 85
1 25 1
28 56 28
99 117 85
54 96 54
111 125 85
15 73 15
68 117 68
42 123 42
95 112 85
20 23 20
20 128 20
80 86 80
34 90 34
48 88 48
63 115 63
32 33 32
104 116 85
2 44 2
84 86 84
6 92 6
61 74 61
35 77 35
30 64 30
31 56 31
124 128 85
93 116 85
102 104 85
60 89 60
90 108 85
109 124 85
93 105 85
118 124 85
100 127 85
4 65 4
23 127 23
74 105 74
29 127 29
24 123 24
71 107 71
72 73 72
29 67 29
37 76 37
6 32 6
60 108 60
65 76 65
31 105 31
1 58 1
55 88 55
15 53 15
20 30 20
99 106 85
1 99 1
65 109 65
54 58 54
39 117 39
50 98 50
30 120 30
95 126 85
52 80 52
101 114 85
68 94 68
8 22 8
3 7 3
13 17 13
14 26 14
92 101 85
58 88 58
73 91 73
6 53 6
78 92 78
45 86 45
87 109 85
75 122 75
3 115 3
2 8 2
53 74 53
91 114 85
23 62 23
113 117 85
73 122 73
116 122 85
27 43 27
58 72 58
46 110 46
86 99 85
114 116 85
14 86 14
9 50 9
34 125 34
44 54 44
107 114 85
64 69 64
66 110 66
50 60 50
92 100 85
117 126 85
18 86 18
2 73 2
75 101 75
23 27 23
10 74 10
107 121 85
49 83 49
17 78 17
41 72 41
1 5 1
59 126 59
33 103 33
55 75 55
51 113 51
1 43 1
6 75 6
19 84 19
14 128 14
28 111 28
41 128 41
36 43 36
79 107 79
34 59 34
54 126 54
65 116 65
108 112 85
92 123 85
34 95 34
79 85 79
46 80 46
44 73 44
25 69 25
116 123 85
54 119 54
15 79 15
90 118 85
92 127 85
104 112 85
31 57 31
41 45 41
47 120 47
18 29 18
110 116 85
44 64 44
14 15 14
23 124 23
95 107 85
24 56 24
103 123 85
62 106 62
8 65 8
108 128 85
29 86 29
61 108 61
100 103 85
12 102 12
35 42 35
53 85 53
52 65 52
16 21 16
36 57 36
36 39 36
18 60 18
27 78 27
34 76 34
54 106 54
6 35 6
90 107 85
11 27 11
38 121 38
77 89 77
56 72 56
31 109 31
43 118 43
27 119 27
88 113 85
34 77 34
35 98 35
102 121 85
98 123 85
24 110 24
90 91 85
103 108 85
20 103 20
86 92 85
6 114 6
34 86 34
25 63 25
39 43 39
104 105 85
67 102 67
76 83 76
84 115 84
98 102 85
10 123 10
41 60 41
77 116 77
111 122 85
23 43 23
73 88 73
12 18 12
66 68 66
25 122 25
22 32 22
108 124 85
36 86 36
3 33 3
79 115 79
9 113 9
1 7 1
42 127 42
72 125 72
38 76 38
2 7 2
19 108 19
6 86 6
11 56 11
90 99 85
34 46 34
56 81 56
32 99 32
20 120 20
13 53 13
94 125 85
72 120 72
94 127 85
43 81 43
86 108 85
47 80 47
10 118 10
27 102 27
52 76 52
16 73 16
10 77 10
4 72 4
32 37 32
9 11 9
100 121 85
118 128 85
30 62 30
112 123 85
30 70 30
92 115 85
13 43 13
16 57 16
21 91 21
74 98 74
121 128 85
27 66 27
10 111 10
108 126 85
101 120 85
10 49 10
69 108 69
37 88 37
58 65 58
115 117 85
43 86 43
96 108 85
3 11 3
25 57 25
40 106 40
15 125 15
13 104 13
56 110 56
10 89 10
69 114 69
4 36 4
82 122 82
42 115 42
11 25 11
61 98 61
39 71 39
95 111 85
41 75 41
65 93 65
112 126 85
26 62 26
74 102 74
19 65 19
41 101 41
62 120 62
91 117 85
2 115 2
25 127 25
40 94 40
98 111 85
30 86 30
31 80 31
73 115 73
71 94 71
92 125 85
25 91 25
90 111 85
83 119 83
10 28 10
44 76 44
37 46 37
29 44 29
47 61 47
92 105 85
11 45 11
53 91 53
89 106 85
54 56 54
47 111 47
26 57 26
75 81 75
7 30 7
51 86 51
9 28 9
2 127 2
37 53 37
73 96 73
55 95 55
57 69 57
2 53 2
17 70 17
34 53 34
73 112 73
41 84 41
30 97 30
33 100 33
57 62 57
93 111 85
22 128 22
1 89 1
87 89 85
32 46 32
100 104 85
117 119 85
33 85 33
68 80 68
38 122 38
74 86 74
84 98 84
43 57 43
84 118 84
120 127 85
17 126 17
26 86 26
57 119 57
106 115 85
25 111 25
16 62 16
28 46 28
1 113 1
35 75 35
56 84 56
56 82 56
4 45 4
15 70 15
4 20 4
13 54 13
35 83 35
88 119 85
38 92 38
40 122 40
80 106 80
9 73 9
23 79 23
6 22 6
41 83 41
18 23 18
83 99 83
10 114 10
82 118 82
12 124 12
3 4 3
23 122 23
3 118 3
14 102 14
11 86 11
22 55 22
106 122 85
111 114 85
6 97 6
28 33 28
1 75 1
22 117 22
22 59 22
70 111 70
34 98 34
25 60 25
51 98 51
98 115 85
15 123 15
48 101 48
109 117 85
87 103 85
11 19 11
93 121 85
20 60 20
70 114 70
75 86 75
86 118 85
5 92 5
31 94 31
12 80 12
80 103 80
100 123 85
47 124 47
24 46 24
18 103 18
68 71 68
12 25 12
47 118 47
87 124 85
7 81 7
34 82 34
106 113 85
50 115 50
118 120 85
12 93 12
1 104 1
31 54 31
13 16 13
100 109 85
96 128 85
20 39 20
35 61 35
47 93 47
41 50 41
112 119 85
1 71 1
10 122 10
39 74 39
20 37 20
3 51 3
96 110 85
95 105 85
37 114 37
46 105 46
26 121 26
27 28 27
13 110 13
39 45 39
86 94 85
91 104 85
87 94 85
94 121 85
32 67 32
54 66 54
19 128 19
73 80 73
41 68 41
78 125 78
79 124 79
29 72 29
42 54 42
99 108 85
108 123 85
32 65 32
107 108 85
75 95 75
111 115 85
16 111 16
3 92 3
40 85 40
1 38 1
15 42 15
101 103 85
40 77 40
38 123 38
41 53 41
88 111 85
44 48 44
37 125 37
12 28 12
5 90 5
6 44 6
52 94 52
84 101 84
6 21 6
11 113 11
95 102 85
68 127 68
51 104 51
96 113 85
77 125 77
26 59 26
38 103 38
70 91 70
75 85 75
56 85 56
105 118 85
97 120 85
39 104 39
5 25 5
39 77 39
90 120 85
83 111 83
45 58 45
83 105 83
86 93 85
16 85 16
1 51 1
16 97 16
28 51 28
55 121 55
43 94 43
31 99 31
118 125 85
92 99 85
46 99 46
33 60 33
26 55 26
78 102 78
123 128 85
14 120 14
71 93 71
12 103 12
25 30 25
34 47 34
98 104 85
27 101 27
23 110 23
8 17 8
112 125 85
51 100 51
95 96 85
33 78 33
17 90 17
84 126 84
26 72 26
34 81 34
41 125 41
94 109 85
28 44 28
51 125 51
47 54 47
14 23 14
58 104 58
105 117 85
39 118 39
2 66 2
17 65 17
15 36 15
33 74 33
6 20 6
54 63 54
14 18 14
101 119 85
14 49 14
35 95 35
45 70 45
10 70 10
18 100 18
99 100 85
9 68 9
42 94 42
101 117 85
102 122 85
55 112 55
93 128 85
4 111 4
118 121 85
19 70 19
65 117 65
16 41 16
63 123 63
7 86 7
20 33 20
49 114 49
24 40 24
126 128 85
28 62 28
31 119 31
97 102 85
22 79 22
3 5 3
12 17 12
83 109 83
99 109 85
22 27 22
19 66 19
20 86 20
92 107 85
16 32 16
5 11 5
29 124 29
123 127 85
67 73 67
83 107 83
17 57 17
29 42 29
32 106 32
26 48 26
106 125 85
61 64 61
102 109 85
30 51 30
59 93 59
18 125 18
105 123 85
117 127 85
112 121 85
4 95 4
11 42 11
68 111 68
89 99 85
5 14 5
34 42 34
38 42 38
11 109 11
24 61 24
61 86 61
9 20 9
1 41 1
21 60 21
49 98 49
80 97 80
41 43 41
91 124 85
26 76 26
4 13 4
3 95 3
44 74 44
107 127 85
103 114 85
50 89 50
37 77 37
86 88 85
67 97 67
40 50 40
19 44 19
111 112 85
48 95 48
15 56 15
15 30 15
18 56 18
3 80 3
37 120 37
40 42 40
88 123 85
83 85 83
105 115 85
19 86 19
6 27 6
6 43 6
4 46 4
40 111 40
8 15 8
42 44 42
26 127 26
94 114 85
95 127 85
48 52 48
57 86 57
42 122 42
56 97 56
17 110 17
103 113 85
36 119 36
43 109 43
15 89 15
82 128 82
121 127 85
110 127 85
15 37 15
49 113 49
34 109 34
79 105 79
16 125 16
30 50 30
9 109 9
123 124 85
1 22 1
65 95 65
4 23 4
95 123 85
20 64 20
41 95 41
44 118 44
125 126 85
13 40 13
115 119 85
89 90 85
13 117 13
94 110 85
77 105 77
8 119 8
39 70 39
44 99 44
88 116 85
27 98 27
66 104 66
94 112 85
7 11 7
43 45 43
12 53 12
9 66 9
29 41 29
33 111 33
45 104 45
26 71 26
16 59 16
26 43 26
100 105 85
12 64 12
22 82 22
58 103 58
101 118 85
2 52 2
54 85 54
116 117 85
104 123 85
22 100 22
78 80 78
106 118 85
44 61 44
67 79 67
52 126 52
20 28 20
47 75 47
28 69 28
33 81 33
93 108 85
49 65 49
99 127 85
19 30 19
6 113 6
17 19 17
93 124 85
60 83 60
29 40 29
102 114 85
96 97 85
72 117 72
24 107 24
91 122 85
96 124 85
70 90 70
32 70 32
120 124 85
56 99 56
66 105 66
44 52 44
110 112 85
100 102 85
113 126 85
34 39 34
43 98 43
83 115 83
14 42 14
85 126 85
42 68 42
62 103 62
96 122 85
14 68 14
69 103 69
18 118 18
11 21 11
7 80 7
4 115 4
103 126 85
43 67 43
101 123 85
59 116 59
97 119 85
39 58 39
47 128 47
55 68 55
45 125 45
66 96 66
21 35 21
17 85 17
30 108 30
11 105 11
102 128 85
8 73 8
101 126 85
73 95 73
20 29 20
2 28 2
16 47 16
3 86 3
23 49 23
81 89 81
14 122 14
4 106 4
2 122 2
23 95 23
4 47 4
39 96 39
103 124 85
90 116 85
60 79 60
5 95 5
3 65 3
109 123 85
35 51 35
22 89 22
8 127 8
8 27 8
2 124 2
40 127 40
59 88 59
105 113 85
64 128 64
58 111 58
44 102 44
63 126 63
94 96 85
76 94 76
2 82 2
62 78 62
48 78 48
33 72 33
10 86 10
18 79 18
26 84 26
106 128 85
102 127 85
94 108 85
92 106 85
95 119 85
44 78 44
3 85 3
85 91 85
12 96 12
11 99 11
70 72 70
21 61 21
93 110 85
111 117 85
19 83 19
46 48 46
111 128 85
18 93 18
11 49 11
2 58 2
50 61 50
10 40 10
12 106 12
56 60 56
2 5 2
27 40 27
59 89 59
5 55 5
15 57 15
86 97 85
65 79 65
106 127 85
3 93 3
8 44 8
38 110 38
37 49 37
9 23 9
15 50 15
122 123 85
32 72 32
114 122 85
73 109 73
47 86 47
94 119 85
88 127 85
11 110 11
7 56 7
44 68 44
4 12 4
94 120 85
12 82 12
70 83 70
51 58 51
104 121 85
3 55 3
113 123 85
29 39 29
44 45 44
102 116 85
6 63 6
35 52 35
91 116 85
26 116 26
9 89 9
39 97 39
58 61 58
7 8 7
45 49 45
64 120 64
40 125 40
58 70 58
11 122 11
17 26 17
44 109 44
3 49 3
3 36 3
100 108 85
90 100 85
89 128 85
57 60 57
87 104 85
20 71 20
95 116 85
119 125 85
28 49 28
99 119 85
16 100 16
47 52 47
44 108 44
51 91 51
57 98 57
25 80 25
118 123 85
17 29 17
11 14 11
72 96 72
58 78 58
41 52 41
16 110 16
5 119 5
21 43 21
30 48 30
8 110 8
45 84 45
11 55 11
97 125 85
48 118 48
1 9 1
56 77 56
41 61 41
22 108 22
23 111 23
88 122 85
57 118 57
94 111 85
1 23 1
37 97 37
11 43 11
26 60 26
102 124 85
49 70 49
4 42 4
41 103 41
42 99 42
31 34 31
6 24 6
32 121 32
47 123 47
79 83 79
21 67 21
120 121 85
4 59 4
32 50 32
59 113 59
3 126 3
9 84 9
35 90 35
112 114 85
36 71 36
81 95 81
20 55 20
8 83 8
100 113 85
99 115 85
68 123 68
35 41 35
53 96 53
29 88 29
57 108 57
108 121 85
33 113 33
13 71 13
8 75 8
83 108 83
89 91 85
35 45 35
53 86 53
32 59 32
8 113 8
5 37 5
18 53 18
87 120 85
64 105 64
9 94 9
31 124 31
51 126 51
91 113 85
2 4 2
8 122 8
107 128 85
115 126 85
28 60 28
103 119 85
105 124 85
58 96 58
56 127 56
85 87 85
13 34 13
12 89 12
23 51 23
1 68 1
42 82 42
14 78 14
89 114 85
40 110 40
76 78 76
95 118 85
59 66 59
3 17 3
28 57 28
30 72 30
15 63 15
35 68 35
26 66 26
13 25 13
22 86 22
17 95 17
62 124 62
112 117 85
68 104 68
52 128 52
8 91 8
58 122 58
14 66 14
13 122 13
49 99 49
109 126 85
46 63 46
66 115 66
15 107 15
42 106 42
27 84 27
27 55 27
65 113 65
11 54 11
18 71 18
4 89 4
9 56 9
22 47 22
88 120 85
26 104 26
16 22 16
4 87 4
43 50 43
4 28 4
108 111 85
18 41 18
67 112 67
19 57 19
98 126 85
36 122 36
16 78 16
15 60 15
86 101 85
14 97 14
34 49 34
24 121 24
103 115 85
48 116 48
4 18 4
55 126 55
90 101 85
46 92 46
35 73 35
29 84 29
18 75 18
90 96 85
114 126 85
19 112 19
7 94 7
117 122 85
3 79 3
26 82 26
57 71 57
5 58 5
86 106 85
24 27 24
86 125 85
20 70 20
13 57 13
98 127 85
37 55 37
114 115 85
61 65 61
53 90 53
75 105 75
71 92 71
24 119 24
35 48 35
89 97 85
23 32 23
15 109 15
89 116 85
87 106 85
85 104 85
54 128 54
14 84 14
63 95 63
27 85 27
77 126 77
17 114 17
69 125 69
111 127 85
69 122 69
88 128 85
74 119 74
1 29 1
103 110 85
50 88 50
2 70 2
15 26 15
5 78 5
79 122 79
86 91 85
57 104 57
79 123 79
26 94 26
35 43 35
98 109 85
104 110 85
56 63 56
114 125 85
1 18 1
85 93 85
10 20 10
5 9 5
2 15 2
21 104 21
31 113 31
40 43 40
110 123 85
26 52 26
3 75 3
12 31 12
20 48 20
27 29 27
17 56 17
28 48 28
32 125 32
40 99 40
90 114 85
83 88 83
98 103 85
13 102 13
56 58 56
35 107 35
23 88 23
9 104 9
64 127 64
109 122 85
2 14 2
11 104 11
76 82 76
20 68 20
31 65 31
59 86 59
62 82 62
27 95 27
21 98 21
32 126 32
47 88 47
43 73 43
39 115 39
77 109 77
66 97 66
13 60 13
14 69 14
85 120 85
15 81 15
31 123 31
2 80 2
87 117 85
14 94 14
49 76 49
14 116 14
27 54 27
12 41 12
49 109 49
38 46 38
73 116 73
38 128 38
18 27 18
35 46 35
92 118 85
6 56 6
16 106 16
68 90 68
88 96 85
37 84 37
117 121 85
105 108 85
111 116 85
12 15 12
53 94 53
5 64 5
82 121 82
14 59 14
96 102 85
31 77 31
23 97 23
39 42 39
19 79 19
12 91 12
18 111 18
26 38 26
19 28 19
14 20 14
121 125 85
21 75 21
113 121 85
7 97 7
9 33 9
93 112 85
3 20 3
97 118 85
93 98 85
10 24 10
22 80 22
4 113 4
62 118 62
97 126 85
40 56 40
20 102 20
61 66 61
42 97 42
115 128 85
52 84 52
7 79 7
2 128 2
3 56 3
36 114 36
2 27 2
10 26 10
13 47 13
11 20 11
10 19 10
60 105 60
8 64 8
54 113 54
58 68 58
99 102 85
71 117 71
58 85 58
24 93 24
25 103 25
43 66 43
29 65 29
51 124 51
10 83 10
7 112 7
35 105 35
9 74 9
26 61 26
96 119 85
91 97 85
58 95 58
79 100 79
5 54 5
31 63 31
6 29 6
59 99 59
52 95 52
87 114 85
6 12 6
37 128 37
35 85 35
5 17 5
105 122 85
50 114 50
105 107 85
5 59 5
112 118 85
1 82 1
32 54 32
47 57 47
35 91 35
54 125 54
39 65 39
116 120 85
39 123 39
95 108 85
3 30 3
10 33 10
90 121 85
18 96 18
27 37 27
31 69 31
7 19 7
25 116 25
56 105 56
19 47 19
33 54 33
31 37 31
59 64 59
8 58 8
35 64 35
11 15 11
44 110 44
119 123 85
106 126 85
50 117 50
46 108 46
47 83 47
11 12 11
7 38 7
93 123 85
3 9 3
94 126 85
9 82 9
63 100 63
101 106 85
32 41 32
8 40 8
71 75 71
7 117 7
111 123 85
3 109 3
34 126 34
105 111 85
25 112 25
93 94 85
11 88 11
1 105 1
63 75 63
71 116 71
65 87 65
60 122 60
93 97 85
48 54 48
56 98 56
86 114 85
65 84 65
3 124 3
5 26 5
49 116 49
91 123 85
44 121 44
59 69 59
61 121 61
5 30 5
99 103 85
90 103 85
29 57 29
106 111 85
120 123 85
105 121 85
88 91 85
91 102 85
92 94 85
75 104 75
15 100 15
3 60 3
93 109 85
78 120 78
27 121 27
76 122 76
61 120 61
46 55 46
15 99 15
98 113 85
46 53 46
65 106 65
16 39 16
6 108 6
93 127 85
84 99 84
27 97 27
34 79 34
31 39 31
14 28 14
47 99 47
81 111 81
21 46 21
9 30 9
35 118 35
28 59 28
13 69 13
50 68 50
44 63 44
1 57 1
41 69 41
19 41 19
22 126 22
6 13 6
44 77 44
13 36 13
86 128 85
31 61 31
2 12 2
18 68 18
6 17 6
86 123 85
85 103 85
14 39 14
5 36 5
39 114 39
25 36 25
89 108 85
27 67 27
60 73 60
111 120 85
29 56 29
2 68 2
16 17 16
98 105 85
38 124 38
61 71 61
44 69 44
17 99 17
20 63 20
113 128 85
50 92 50
21 97 21
36 117 36
94 116 85
62 63 62
38 109 38
94 118 85
69 107 69
10 87 10
16 69 16
28 119 28
85 109 85
21 41 21
14 127 14
8 123 8
67 113 67
6 81 6
15 47 15
29 96 29
60 92 60
53 121 53
89 96 85
15 32 15
70 123 70
117 128 85
17 49 17
25 85 25
26 27 26
31 125 31
86 105 85
33 104 33
45 87 45
46 67 46
36 106 36
49 79 49
5 13 5
104 108 85
107 125 85
2 57 2
68 124 68
7 84 7
63 102 63
122 128 85
21 68 21
4 14 4
90 98 85
24 44 24
22 95 22
12 95 12
65 98 65
68 122 68
69 71 69
97 98 85
20 118 20
7 128 7
66 106 66
1 107 1
78 83 78
89 121 85
29 36 29
50 109 50
106 110 85
4 29 4
108 127 85
36 99 36
32 61 32
90 115 85
61 109 61
4 19 4
90 104 85
29 68 29
51 75 51
114 124 85
21 107 21
35 78 35
34 57 34
66 121 66
44 49 44
8 89 8
10 39 10
21 116 21
69 91 69
82 102 82
72 77 72
54 70 54
6 26 6
117 123 85
15 102 15
5 32 5
101 113 85
23 123 23
19 38 19
28 117 28
28 36 28
3 69 3
23 87 23
45 110 45
16 63 16
2 54 2
6 34 6
98 100 85
15 77 15
46 86 46
21 82 21
1 24 1
95 115 85
10 91 10
110 126 85
26 49 26
98 122 85
66 95 66
15 29 15
110 124 85
45 107 45
69 112 69
24 62 24
24 86 24
35 57 35
29 117 29
104 113 85
32 89 32
24 45 24
100 126 85
31 88 31
60 78 60
64 117 64
60 80 60
92 109 85
103 107 85
58 100 58
9 36 9
2 65 2
3 99 3
4 119 4
8 24 8
32 90 32
79 86 79
28 74 28
104 122 85
32 82 32
7 13 7
62 94 62
36 67 36
56 59 56
10 15 10
52 118 52
23 24 23
57 73 57
48 82 48
68 89 68
49 115 49
116 126 85
12 21 12
6 31 6
31 55 31
2 22 2
78 107 78
7 109 7
9 48 9
32 74 32
17 69 17
75 110 75
77 113 77
16 34 16
48 71 48
56 103 56
5 86 5
67 128 67
29 50 29
19 81 19
3 100 3
58 109 58
80 120 80
45 121 45
111 124 85
31 62 31
47 60 47
107 120 85
112 128 85
64 82 64
4 37 4
92 117 85
55 113 55
91 101 85
58 118 58
70 96 70
19 24 19
31 50 31
44 56 44
40 63 40
88 108 85
63 66 63
96 126 85
89 124 85
72 85 72
62 79 62
110 113 85
111 126 85
92 112 85
20 75 20
101 115 85
6 121 6
90 109 85
27 86 27
48 104 48
7 20 7
59 123 59
103 120 85
96 101 85
108 110 85
97 111 85
90 92 85
69 74 69
17 38 17
7 108 7
66 75 66
97 113 85
50 100 50
52 62 52
104 117 85
40 61 40
46 78 46
112 116 85
88 89 85
23 34 23
30 58 30
28 80 28
14 29 14
29 31 29
85 110 85
53 65 53
3 6 3
3 54 3
112 120 85
5 85 5
9 53 9
15 52 15
12 56 12
41 49 41
99 120 85
12 39 12
10 17 10
40 90 40
87 102 85
82 95 82
44 85 44
49 92 49
54 73 54
20 22 20
20 21 20
75 117 75
44 71 44
41 111 41
26 115 26
13 98 13
20 27 20
39 76 39
98 108 85
22 106 22
5 44 5
87 119 85
30 76 30
70 119 70
67 95 67
53 103 53
44 94 44
119 128 85
89 109 85
42 110 42
64 77 64
4 33 4
68 79 68
11 91 11
95 120 85
105 128 85
102 118 85
117 125 85
98 121 85
32 68 32
58 94 58
3 107 3
10 58 10
38 89 38
19 25 19
97 122 85
7 67 7
56 104 56
10 120 10
38 119 38
18 24 18
16 93 16
96 105 85
83 100 83
19 22 19
32 38 32
102 108 85
12 38 12
43 69 43
48 120 48
2 123 2
4 24 4
25 81 25
108 109 85
52 125 52
86 110 85
22 74 22
69 86 69
113 120 85
87 95 85
76 84 76
108 113 85
69 72 69
2 59 2
16 117 16
68 73 68
50 55 50
48 119 48
12 118 12
33 61 33
3 41 3
37 44 37
2 51 2
45 102 45
70 121 70
18 104 18
87 100 85
51 97 51
36 102 36
99 118 85
21 85 21
5 68 5
63 125 63
16 25 16
67 114 67
97 110 85
50 122 50
90 105 85
51 108 51
25 90 25
21 86 21
49 82 49
62 75 62
20 54 20
87 128 85
88 110 85
50 116 50
10 23 10
6 50 6
3 52 3
1 103 1
36 95 36
4 74 4
1 87 1
50 99 50
74 82 74
1 54 1
63 108 63
64 84 64
89 107 85
105 125 85
62 90 62
38 114 38
94 100 85
19 51 19
1 50 1
4 8 4
91 125 85
37 90 37
5 7 5
83 112 83
51 72 51
91 106 85
3 13 3
72 111 72
85 101 85
11 22 11
18 81 18
8 16 8
58 66 58
96 106 85
89 127 85
87 90 85
10 13 10
63 74 63
20 34 20
24 42 24
65 118 65
56 80 56
1 12 1
48 127 48
13 121 13
8 13 8
101 121 85
74 121 74
48 56 48
16 128 16
45 92 45
109 127 85
95 103 85
100 122 85
99 126 85
31 60 31
37 38 37
12 88 12
7 105 7
14 119 14
15 119 15
14 65 14
74 81 74
18 67 18
27 103 27
7 87 7
87 127 85
15 68 15
52 74 52
15 64 15
108 125 85
71 103 71
32 53 32
20 56 20
77 118 77
25 50 25
11 44 11
59 76 59
19 40 19
97 123 85
9 112 9
89 102 85
23 60 23
79 80 79
70 95 70
82 89 82
57 85 57
91 100 85
20 76 20
35 97 35
37 81 37
8 102 8
107 112 85
112 122 85
26 42 26
92 121 85
24 83 24
7 24 7
51 55 51
28 76 28
62 65 62
87 123 85
6 65 6
99 111 85
99 123 85
64 123 64
93 126 85
84 97 84
15 95 15
22 69 22
59 65 59
13 75 13
63 78 63
57 84 57
11 73 11
90 119 85
6 15 6
95 97 85
49 68 49
83 126 83
4 15 4
92 128 85
19 61 19
10 71 10
30 31 30
15 39 15
30 56 30
4 93 4
23 42 23
20 82 20
117 120 85
102 120 85
52 81 52
78 118 78
7 33 7
35 103 35
30 45 30
44 127 44
82 119 82
3 59 3
28 29 28
94 99 85
16 44 16
37 73 37
113 127 85
100 116 85
30 75 30
25 49 25
121 122 85
1 109 1
36 128 36
80 108 80
31 44 31
15 21 15
2 86 2
63 97 63
102 103 85
119 126 85
87 118 85
1 61 1
104 115 85
4 34 4
15 98 15
5 114 5
23 86 23
11 69 11
103 122 85
5 34 5
52 59 52
55 69 55
106 117 85
64 96 64
8 54 8
2 18 2
48 113 48
58 105 58
32 104 32
28 30 28
59 103 59
27 57 27
55 102 55
35 56 35
16 26 16
104 128 85
58 99 58
54 81 54
102 125 85
72 121 72
104 114 85
1 47 1
64 78 64
3 119 3
25 62 25
4 81 4
69 99 69
91 126 85
11 85 11
46 119 46
4 73 4
47 56 47
9 10 9
48 114 48
94 106 85
88 117 85
3 53 3
104 118 85
92 120 85
40 79 40
124 126 85
16 72 16
40 67 40
85 123 85
4 118 4
14 61 14
106 114 85
24 55 24
106 107 85
30 106 30
45 60 45
9 79 9
34 102 34
24 36 24
78 86 78
48 59 48
94 128 85
7 124 7
41 126 41
23 94 23
96 98 85
97 107 85
44 86 44
3 106 3
14 41 14
18 69 18
108 120 85
11 78 11
38 40 38
87 101 85
38 60 38
69 120 69
3 16 3
32 127 32
23 48 23
4 49 4
119 121 85
1 49 1
50 62 50
51 90 51
76 87 76
29 51 29
51 56 51
73 106 73
121 124 85
116 127 85
86 109 85
72 110 72
22 24 22
3 18 3
17 72 17
73 102 73
91 127 85
2 92 2
107 113 85
44 128 44
63 69 63
107 117 85
60 117 60
73 107 73
58 74 58
89 126 85
14 38 14
11 108 11
58 86 58
88 114 85
101 109 85
103 104 85
8 46 8
61 119 61
5 23 5
27 31 27
87 91 85
74 97 74
119 122 85
37 127 37
105 127 85
48 107 48
13 28 13
60 114 60
3 25 3
86 95 85
77 101 77
38 97 38
11 40 11
19 23 19
96 123 85
59 79 59
78 103 78
23 126 23
48 76 48
85 86 85
50 70 50
51 103 51
7 46 7
101 111 85
115 123 85
104 119 85
63 96 63
19 64 19
50 59 50
16 71 16
18 22 18
4 70 4
110 120 85
20 124 20
61 77 61
51 109 51
82 90 82
23 41 23
80 126 80
8 103 8
3 22 3
49 87 49
107 115 85
34 55 34
7 71 7
58 120 58
7 55 7
89 110 85
103 111 85
23 50 23
6 122 6
5 24 5
44 75 44
32 94 32
100 101 85
23 101 23
88 118 85
22 65 22
29 102 29
47 65 47
39 127 39
26 50 26
19 49 19
20 35 20
33 94 33
55 123 55
91 95 85
36 84 36
115 125 85
77 86 77
50 83 50
68 109 68
12 86 12
36 42 36
11 38 11
37 40 37
11 52 11
89 118 85
3 8 3
26 47 26
73 110 73
4 123 4
77 127 77
6 46 6
92 110 85
32 123 32
25 41 25
117 124 85
103 112 85
55 86 55
25 39 25
63 68 63
28 86 28
58 127 58
102 115 85
4 86 4
5 42 5
2 55 2
115 127 85
39 52 39
85 116 85
2 39 2
103 116 85
24 31 24
92 95 85
77 96 77
12 68 12
15 48 15
97 116 85
57 81 57
120 126 85
19 35 19
105 119 85
6 19 6
3 14 3
102 119 85
19 103 19
24 34 24
92 122 85
88 109 85
27 88 27
91 99 85
55 104 55
105 116 85
76 114 76
24 25 24
1 128 1
30 105 30
101 108 85
13 14 13
86 122 85
3 43 3
80 110 80
8 79 8
30 36 30
100 120 85
21 127 21
96 112 85
77 83 77
44 65 44
89 95 85
94 115 85
56 68 56
31 104 31
35 53 35
40 115 40
6 52 6
35 88 35
47 58 47
99 107 85
36 50 36
123 125 85
9 70 9
23 33 23
19 77 19
8 67 8
76 93 76
90 122 85
49 73 49
86 96 85
97 104 85
40 53 40
9 38 9
14 46 14
84 89 84
51 122 51
5 66 5
41 46 41
3 40 3
12 20 12
98 112 85
19 43 19
15 62 15
90 112 85
2 40 2
72 86 72
1 91 1
38 43 38
77 123 77
65 68 65
105 110 85
73 98 73
54 80 54
93 107 85
26 108 26
1 81 1
36 98 36
50 63 50
81 108 81
84 85 84
15 122 15
24 74 24
89 112 85
53 75 53
23 70 23
39 89 39
22 114 22
82 126 82
4 83 4
91 107 85
14 73 14
95 104 85
3 35 3
50 110 50
76 117 76
70 108 70
26 58 26
23 57 23
25 46 25
39 111 39
28 116 28
46 104 46
72 112 72
29 104 29
20 119 20
7 123 7
18 76 18
44 51 44
86 127 85
34 43 34
3 50 3
12 83 12
26 114 26
91 115 85
50 86 50
33 43 33
26 56 26
11 72 11
6 84 6
4 108 4
1 95 1
81 126 81
20 51 20
10 25 10
21 37 21
54 111 54
18 40 18
53 76 53
101 105 85
54 99 54
57 100 57
114 117 85
97 105 85
46 50 46
63 104 63
29 38 29
101 116 85
4 25 4
51 68 51
58 76 58
38 51 38
90 125 85
98 128 85
44 62 44
109 120 85
66 77 66
9 91 9
81 124 81
86 98 85
69 101 69
67 123 67
107 122 85
60 98 60
16 102 16
42 58 42
4 63 4
43 62 43
24 67 24
40 55 40
52 116 52
113 119 85
32 71 32
62 92 62
55 89 55
13 77 13
89 94 85
3 24 3
88 92 85
8 112 8
6 60 6
44 79 44
8 32 8
91 119 85
63 117 63
18 95 18
19 36 19
5 109 5
8 29 8
89 119 85
100 110 85
104 111 85
31 66 31
14 100 14
105 114 85
71 121 71
125 128 85
24 85 24
23 31 23
47 59 47
76 102 76
94 98 85
45 79 45
84 91 84
69 79 69
49 56 49
83 84 83
38 50 38
10 115 10
73 117 73
3 74 3
112 115 85
19 96 19
54 110 54
1 28 1
19 88 19
74 76 74
3 117 3
58 73 58
41 54 41
81 98 81
88 98 85
38 81 38
96 114 85
57 107 57
60 67 60
2 46 2
15 27 15
18 115 18
44 70 44
15 76 15
71 80 71
94 95 85
29 75 29
39 73 39
25 108 25
45 126 45
34 61 34
41 86 41
49 94 49
14 32 14
106 109 85
92 124 85
20 95 20
13 68 13
120 128 85
104 107 85
91 105 85
22 33 22
53 81 53
50 111 50
122 126 85
29 70 29
45 61 45
47 126 47
61 75 61
102 113 85
66 72 66
22 26 22
116 128 85
3 121 3
56 69 56
4 16 4
9 26 9
53 126 53
88 100 85
53 63 53
87 121 85
107 118 85
30 37 30
7 91 7
96 118 85
24 104 24
53 106 53
88 103 85
18 109 18
95 114 85
61 113 61
20 105 20
33 125 33
4 116 4
8 125 8
23 56 23
28 61 28
36 59 36
62 85 62
45 54 45
32 111 32
25 65 25
36 53 36
9 93 9
80 84 80
24 124 24
101 102 85
37 74 37
43 99 43
68 95 68
54 86 54
28 66 28
99 122 85
66 125 66
102 106 85
58 108 58
21 23 21
36 110 36
45 73 45
84 102 84
89 123 85
93 122 85
9 62 9
47 50 47
85 106 85
4 38 4
13 37 13
70 71 70
15 61 15
4 50 4
24 57 24
7 54 7
58 90 58
30 123 30
14 77 14
14 126 14
16 120 16
37 58 37
40 70 40
116 119 85
35 50 35
45 85 45
17 22 17
22 118 22
100 115 85
52 56 52
19 125 19
87 105 85
28 77 28
20 26 20
63 65 63
88 95 85
72 122 72
5 28 5
29 45 29
1 6 1
62 111 62
48 64 48
73 92 73
113 122 85
92 114 85
42 52 42
6 55 6
72 105 72
13 107 13
98 114 85
58 92 58
11 33 11
7 78 7
15 65 15
11 123 11
15 75 15
39 67 39
19 119 19
112 127 85
59 73 59
64 76 64
26 44 26
67 117 67
98 101 85
121 123 85
100 111 85
70 113 70
39 55 39
11 29 11
3 94 3
36 52 36
26 102 26
8 41 8
2 91 2
34 96 34
60 127 60
7 120 7
19 106 19
19 26 19
29 34 29
10 68 10
37 65 37
73 87 73
107 124 85
25 31 25
87 126 85
93 120 85
1 102 1
88 102 85
114 118 85
94 113 85
74 109 74
47 49 47
17 86 17
18 94 18
104 109 85
74 103 74
18 82 18
1 97 1
5 100 5
22 81 22
40 74 40
47 90 47
26 39 26
17 63 17
7 48 7
103 106 85
9 87 9
48 63 48
50 82 50
92 103 85
87 96 85
23 69 23
30 101 30
110 111 85
49 106 49
110 114 85
15 126 15
5 10 5
25 75 25
47 95 47
105 112 85
27 38 27
20 90 20
86 124 85
86 126 85
86 117 85
7 18 7
3 78 3
14 92 14
14 81 14
62 119 62
95 128 85
7 115 7
35 63 35
90 95 85
4 5 4
13 85 13
21 31 21
73 86 73
86 115 85
50 94 50
5 8 5
98 116 85
2 31 2
18 21 18
39 44 39
29 33 29
71 86 71
93 100 85
17 68 17
4 7 4
72 90 72
16 37 16
93 119 85
86 87 85
22 43 22
73 111 73
15 44 15
22 70 22
55 100 55
80 82 80
24 114 24
20 80 20
13 78 13
79 91 79
92 126 85
51 63 51
33 115 33
61 96 61
54 59 54
34 44 34
67 88 67
1 40 1
2 50 2
31 122 31
29 69 29
37 69 37
88 112 85
50 90 50
59 80 59
72 91 72
28 32 28
109 110 85
87 125 85
26 34 26
13 55 13
84 119 84
31 121 31
35 96 35
2 49 2
16 105 16
104 125 85
6 8 6
97 109 85
11 111 11
14 63 14
72 100 72
13 24 13
12 26 12
97 99 85
48 72 48
83 110 83
12 119 12
45 90 45
69 89 69
15 104 15
34 56 34
3 88 3
30 115 30
3 112 3
119 127 85
34 37 34
91 110 85
31 78 31
63 119 63
34 91 34
16 58 16
8 11 8
59 104 59
39 54 39
67 105 67
5 125 5
115 122 85
41 47 41
16 19 16
9 92 9
82 85 82
36 47 36
43 104 43
50 56 50
37 86 37
87 115 85
27 100 27
94 123 85
89 93 85
77 100 77
10 127 10
43 107 43
42 86 42
18 50 18
18 124 18
49 103 49
76 121 76
31 45 31
67 126 67
106 116 85
78 95 78
13 56 13
34 127 34
23 107 23
86 100 85
6 67 6
17 24 17
103 109 85
6 47 6
95 110 85
104 127 85
68 69 68
93 95 85
55 97 55
32 85 32
65 80 65
37 48 37
21 51 21
6 107 6
46 91 46
31 97 31
36 66 36
91 98 85
41 110 41
7 36 7
4 51 4
20 69 20
1 86 1
26 92 26
39 122 39
18 120 18
4 128 4
12 23 12
9 64 9
67 91 67
102 126 85
38 108 38
74 80 74
99 112 85
50 124 50
10 32 10
16 108 16
4 117 4
1 20 1
34 97 34
94 117 85
26 74 26
65 86 65
101 125 85
26 75 26
28 122 28
102 112 85
18 39 18
1 11 1
40 64 40
102 123 85
17 18 17
14 16 14
42 112 42
14 124 14
51 61 51
19 93 19
29 48 29
17 123 17
87 88 85
83 90 83
7 88 7
87 113 85
5 6 5
87 92 85
69 75 69
61 112 61
70 116 70
21 30 21
43 48 43
38 127 38
20 81 20
106 112 85
70 127 70
12 67 12
16 64 16
90 93 85
26 101 26
40 65 40
55 74 55
118 126 85
34 71 34
1 8 1
56 73 56
4 30 4
36 51 36
33 41 33
18 119 18
42 83 42
20 113 20
100 117 85
57 93 57
58 91 58
22 71 22
86 103 85
42 114 42
82 86 82
62 104 62
29 97 29
18 72 18
14 21 14
15 54 15
34 69 34
89 101 85
97 121 85
88 107 85
95 99 85
39 86 39
45 88 45
82 91 82
29 116 29
64 118 64
11 98 11
59 62 59
29 100 29
90 123 85
5 63 5
34 119 34
21 111 21
13 52 13
32 122 32
99 114 85
23 39 23
10 27 10
31 86 31
10 90 10
100 119 85
27 75 27
15 31 15
2 94 2
25 64 25
17 60 17
122 124 85
61 73 61
1 66 1
13 100 13
57 77 57
25 126 25
64 114 64
80 105 80
78 116 78
88 105 85
87 108 85
19 76 19
59 102 59
46 61 46
28 104 28
5 82 5
66 86 66
26 78 26
106 108 85
64 95 64
66 87 66
6 37 6
57 120 57
47 127 47
54 103 54
13 20 13
101 122 85
63 121 63
38 45 38
71 115 71
70 103 70
40 51 40
61 89 61
30 112 30
114 123 85
17 124 17
24 49 24
19 27 19
35 94 35
7 63 7
19 69 19
47 73 47
20 72 20
24 87 24
85 117 85
73 124 73
37 118 37
45 98 45
36 76 36
15 35 15
62 96 62
38 86 38
34 104 34
49 57 49
82 105 82
20 41 20
16 49 16
1 65 1
24 102 24
110 121 85
9 43 9
109 118 85
72 93 72
23 68 23
42 76 42
49 90 49
53 77 53
6 74 6
39 40 39
46 82 46
37 102 37
23 72 23
45 48 45
66 102 66
2 26 2
10 47 10
2 3 2
21 105 21
97 108 85
20 65 20
45 128 45
114 119 85
93 115 85
100 128 85
34 52 34
109 119 85
100 124 85
16 86 16
45 65 45
15 41 15
95 100 85
71 95 71
53 68 53
36 109 36
2 36 2
46 72 46
109 116 85
8 37 8
95 122 85
1 90 1
14 45 14
21 71 21
90 127 85
89 125 85
37 83 37
21 29 21
98 99 85
81 107 81
65 77 65
36 38 36
4 10 4
89 113 85
98 118 85
113 115 85
21 48 21
93 114 85
81 127 81
9 105 9
108 118 85
22 38 22
54 78 54
91 121 85
91 109 85
14 33 14
114 127 85
82 88 82
81 92 81
79 82 79
51 57 51
12 19 12
103 105 85
6 49 6
99 128 85
8 55 8
21 77 21
94 101 85
15 101 15
61 107 61
3 67 3
21 106 21
91 103 85
51 128 51
15 28 15
11 126 11
63 88 63
89 92 85
25 92 25
4 68 4
67 103 67
84 121 84
29 82 29
88 121 85
89 105 85
65 125 65
9 12 9
11 125 11
58 60 58
50 125 50
69 96 69
112 113 85
109 111 85
116 124 85
69 115 69
96 116 85
102 111 85
105 126 85
113 124 85
27 82 27
10 18 10
10 75 10
99 104 85
81 117 81
53 56 53
64 91 64
46 66 46
61 95 61
54 115 54
54 123 54
31 74 31
101 128 85
96 111 85
16 124 16
30 94 30
64 71 64
60 94 60
18 85 18
5 102 5
22 75 22
51 66 51
27 33 27
48 84 48
48 106 48
17 100 17
1 31 1
3 28 3
23 128 23
56 86 56
82 104 82
18 48 18
6 119 6
48 53 48
121 126 85
72 113 72
96 107 85
1 10 1
97 115 85
10 21 10
12 59 12
15 51 15
48 86 48
82 123 82
8 99 8
98 124 85
38 56 38
93 125 85
55 99 55
52 75 52
90 126 85
48 94 48
53 69 53
110 128 85
41 64 41
10 44 10
21 96 21
63 91 63
37 64 37
17 115 17
69 127 69
30 34 30
16 65 16
8 71 8
28 101 28
38 75 38
9 40 9
4 85 4
99 121 85
88 101 85
55 122 55
22 49 22
33 121 33
99 110 85
19 34 19
56 111 56
63 103 63
7 50 7
117 118 85
3 64 3
50 74 50
100 107 85
26 109 26
4 75 4
62 125 62
35 86 35
32 51 32
88 106 85
52 86 52
91 118 85
91 111 85
9 18 9
17 25 17
9 16 9
19 110 19
18 105 18
57 78 57
11 18 11
39 49 39
26 105 26
47 48 47
72 124 72
42 43 42
31 107 31
35 114 35
58 62 58
17 62 17
9 69 9
21 90 21
2 109 2
24 33 24
17 23 17
23 46 23
82 112 82
25 34 25
39 80 39
114 121 85
71 74 71
44 106 44
68 77 68
2 10 2
45 75 45
23 55 23
21 113 21
46 51 46
42 85 42
87 97 85
39 51 39
26 31 26
8 19 8
4 6 4
32 120 32
10 121 10
6 78 6
89 100 85
24 111 24
24 91 24
91 108 85
23 91 23
85 102 85
39 60 39
109 125 85
69 83 69
110 125 85
31 81 31
51 60 51
12 13 12
5 18 5
65 123 65
94 103 85
60 113 60
17 43 17
24 79 24
18 88 18
78 84 78
57 91 57
27 99 27
113 118 85
70 87 70
2 9 2
106 124 85
47 119 47
73 125 73
109 112 85
48 123 48
2 17 2
8 25 8
60 107 60
9 111 9
47 102 47
30 122 30
80 111 80
30 63 30
7 44 7
33 89 33
9 15 9
34 38 34
70 124 70
41 73 41
57 113 57
28 108 28
40 84 40
62 89 62
86 113 85
33 40 33
27 63 27
18 126 18
61 124 61
1 26 1
5 12 5
110 117 85
5 43 5
45 71 45
7 39 7
31 101 31
4 110 4
10 43 10
97 124 85
33 128 33
70 85 70
15 16 15
104 126 85
25 125 25
1 69 1
102 105 85
10 53 10
98 125 85
91 128 85
11 127 11
19 63 19
11 70 11
93 117 85
113 116 85
118 119 85
67 86 67
32 58 32
19 101 19
76 77 76
53 72 53
60 66 60
1 37 1
73 85 73
26 106 26
46 59 46
43 100 43
125 127 85
90 106 85
44 111 44
13 113 13
53 105 53
26 77 26
25 38 25
92 116 85
22 23 22
67 115 67
35 59 35
25 78 25
88 126 85
10 56 10
8 111 8
55 115 55
98 120 85
11 39 11
45 97 45
93 103 85
35 104 35
35 37 35
17 79 17
103 117 85
45 64 45
44 101 44
85 113 85
26 46 26
37 72 37
63 106 63
30 33 30
103 127 85
111 119 85
9 37 9
44 126 44
38 91 38
60 86 60
32 48 32
62 86 62
20 43 20
5 31 5
116 125 85
1 15 1
55 76 55
100 118 85
10 11 10
107 123 85
63 86 63
93 118 85
98 110 85
5 33 5
26 120 26
16 113 16
28 31 28
102 107 85
70 78 70
87 116 85
86 89 85
31 72 31
108 116 85
2 43 2
15 18 15
14 24 14
108 119 85
53 66 53
40 46 40
107 116 85
56 94 56
62 110 62
74 99 74
12 40 12
13 22 13
96 115 85
34 66 34
52 68 52
106 123 85
95 125 85
70 86 70
112 124 85
23 40 23
6 10 6
55 128 55
31 79 31
8 21 8
70 118 70
114 128 85
39 87 39
54 104 54
35 101 35
32 43 32
32 92 32
69 70 69
46 97 46
11 115 11
104 120 85
13 48 13
1 3 1
28 99 28
115 124 85
88 104 85
92 111 85
95 106 85
28 42 28
12 109 12
22 90 22
9 17 9
18 110 18
50 73 50
32 64 32
20 45 20
97 103 85
88 93 85
56 62 56
4 31 4
35 84 35
95 121 85
105 109 85
6 58 6
28 71 28
72 95 72
20 42 20
22 31 22
42 59 42
49 121 49
92 108 85
47 110 47
10 14 10
13 81 13
22 60 22
12 74 12
40 114 40
21 123 21
9 21 9
99 116 85
22 62 22
54 118 54
11 16 11
53 62 53
79 104 79
88 115 85
74 100 74
111 113 85
103 121 85
10 73 10
31 89 31
2 78 2
107 126 85
28 41 28
109 113 85
55 71 55
21 102 21
57 65 57
18 43 18
53 107 53
12 44 12
68 100 68
23 112 23
44 107 44
103 125 85
7 49 7
5 61 5
94 102 85
61 83 61
35 110 35
63 64 63
89 117 85
86 112 85
6 7 6
21 36 21
51 53 51
23 35 23
9 86 9
56 66 56
1 2 1
83 86 83
54 71 54
66 123 66
52 61 52
5 20 5
96 103 85
75 113 75
27 53 27
2 111 2
51 83 51
109 128 85
39 69 39
48 65 48
48 92 48
14 117 14
72 119 72
54 108 54
15 43 15
97 106 85
26 36 26
120 122 85
95 117 85
49 52 49
2 63 2
23 26 23
101 110 85
22 56 22
24 99 24
41 58 41
46 120 46
87 99 85
13 90 13
14 82 14
7 100 7
20 91 20
15 38 15
38 101 38
40 73 40
31 51 31
6 110 6
69 119 69
4 48 4
95 98 85
82 92 82
8 36 8
19 109 19
65 81 65
19 121 19
72 118 72
99 124 85
13 88 13
91 120 85
13 19 13
12 57 12
19 91 19
21 34 21
122 127 85
87 107 85
40 41 40
101 107 85
49 86 49
42 95 42
71 89 71
1 94 1
27 32 27
41 120 41
8 86 8
21 63 21
126 127 85
7 21 7
67 119 67
86 111 85
10 65 10
110 119 85
44 119 44
43 116 43
13 89 13
13 51 13
21 79 21
63 67 63
92 102 85
38 96 38
22 78 22
40 118 40
9 99 9
96 99 85
37 52 37
67 116 67
13 127 13
52 102 52
10 36 10
64 94 64
89 98 85
2 13 2
15 19 15
46 113 46
90 117 85
101 112 85
82 97 82
65 126 65
36 85 36
57 87 57
96 109 85
91 96 85
93 106 85
41 59 41
9 32 9
94 104 85
30 46 30
83 117 83
24 30 24
76 86 76
64 88 64
35 112 35
89 120 85
99 105 85
60 90 60
115 118 85
15 97 15
30 110 30
33 67 33
51 69 51
22 42 22
61 125 61
36 44 36
31 90 31
74 106 74
87 111 85
29 35 29
86 120 85
34 65 34
83 116 83
35 49 35
22 30 22
10 101 10
19 39 19
19 48 19
86 104 85
102 110 85
18 74 18
23 81 23
12 73 12
100 114 85
14 43 14
69 100 69
18 47 18
28 100 28
110 118 85
54 90 54
90 124 85
27 52 27
90 102 85
33 39 33
24 126 24
38 39 38
88 97 85
100 106 85
61 123 61
10 31 10
46 54 46
3 105 3
17 46 17
16 56 16
95 109 85
34 112 34
39 81 39
32 86 32
14 37 14
98 107 85
2 116 2
3 57 3
2 33 2
47 81 47
7 29 7
1 73 1
3 19 3
27 72 27
29 99 29
23 44 23
75 118 75
83 101 83
86 119 85
68 86 68
99 101 85
61 97 61
11 57 11
41 62 41
8 42 8
94 124 85
100 125 85
33 87 33
93 102 85
8 45 8
80 121 80
124 125 85
33 34 33
17 111 17
111 121 85
64 75 64
45 118 45
86 102 85
74 120 74
16 33 16
21 78 21
13 58 13
33 48 33
127 128 85
18 55 18
35 116 35
93 101 85
87 93 85
30 38 30
39 110 39
59 125 59
33 124 33
12 104 12
65 70 65
8 92 8
88 124 85
92 113 85
83 91 83
17 91 17
18 31 18
20 109 20
22 57 22
56 83 56
5 29 5
87 122 85
87 112 85
26 67 26
88 90 85
52 72 52
59 97 59
2 11 2
24 60 24
91 92 85
95 113 85
19 32 19
93 113 85
7 32 7
1 4 1
26 83 26
59 100 59
7 64 7
28 112 28
96 125 85
29 94 29
94 105 85
52 119 52
53 58 53
89 104 85
99 113 85
12 62 12
92 104 85
25 32 25
92 98 85
11 128 11
75 106 75
87 98 85
4 9 4
97 114 85
93 104 85
7 52 7
92 119 85
16 70 16
12 110 12
27 35 27
90 94 85
30 98 30
33 66 33
76 119 76
21 28 21
15 22 15
71 120 71
79 113 79
94 107 85
94 122 85
31 92 31
118 122 85
110 122 85
33 127 33
10 105 10
2 6 2
37 100 37
89 115 85
86 116 85
108 114 85
88 94 85
7 26 7
7 9 7
97 112 85
66 67 66
35 124 35
37 56 37
5 50 5
35 99 35
22 25 22
72 99 72
124 127 85
10 54 10
6 16 6
122 125 85
110 115 85
80 88 80
4 127 4
21 52 21
46 75 46
95 101 85
105 120 85
88 99 85
4 39 4
43 111 43
60 95 60
37 92 37
15 83 15
35 117 35
77 88 77
61 72 61
32 40 32
43 47 43
